 63 61 63 68 75 84 93101105105100 92 82 72 61 54 51 52 55 59 63 65 65 6527 1 1A0 825106999999999999999999999 1 6 611622 5199999999999999
 65 67 70 75 81 88 97105111113111104 94 82 69 57 47 42 42 45 49 53 57 6027 1 2A0 8561139999999999999999999991738 42999999999999999999999
 64 69 74 79 84 90 97105112117117113106 94 81 66 51 40 35 34 37 42 48 5427 1 3A0 9371189999999999999999999991835 34999999999999999999999
 61 68 75 81 85 90 95103110117120120116107 94 78 61 45 33 28 28 33 39 4727 1 4A010301219999999999999999999991924 27999999999999999999999
 56 65 73 80 85 89 92 98106113119123123118108 93 75 55 38 27 22 24 30 3927 1 5A0113212499999999999999999999920 8 22999999999999999999999
 49 60 69 77 83 86 89 93 99107115122126126120108 90 69 48 31 21 18 22 3127 1 6A012321279999999999999999999992050 18999999999999999999999
 42 54 65 73 79 83 86 89 93100108117124129128120105 85 62 41 25 16 16 2327 1 7A013251299999999999999999999992128 15999999999999999999999
 34 47 59 69 76 80 83 85 88 92100109119126130128118100 77 54 33 19 14 1827 1 8A0141113099999999999999999999922 2 14999999999999999999999
 27 40 53 65 73 77 80 81 83 86 92100110120127129124111 91 68 45 27 16 1627 1 9A014531299999999999999999999992233 15999999999999999999999
 23 35 48 61 70 76 78 79 80 81 85 91100110119124124117101 80 57 37 23 1827 110A0153112599999999999999999999923 0 18999999999999999999999
 22 33 46 59 69 76 78 78 78 78 79 83 90 99108115119116106 88 68 48 32 2327 111A0 625 7816 811999999999999999 839 782324 2399999999999999
 24 33 45 58 70 78 81 80 78 76 75 76 80 87 96104109110105 93 76 58 43 3227 112A0 614 811646111999999999999991010 752345 3099999999999999
 30 36 47 60 71 80 85 84 81 76 73 70 71 76 83 90 96100100 93 81 67 53 4327 113A0 622 851728101999999999999991115 70999999999999999999999
 39 42 51 63 74 84 90 90 86 80 73 68 65 66 70 76 82 87 90 89 82 72 62 5427 114A0 635 911816 9099999999999999 0 4 391220 6599999999999999
 49 50 57 68 79 88 95 97 94 86 78 70 63 60 59 62 66 71 76 79 78 73 67 6227 115A0 653 971916 7999999999999999 019 491334 5999999999999999
 59 60 65 73 83 93100104103 96 86 76 67 58 53 51 52 55 59 64 68 68 67 6627 116A0 7151042045 6899999999999999 022 5915 9 512318 669999999
 67 69 73 79 88 97105110111107 98 87 76 64 54 46 41 40 43 47 53 57 61 6527 117A0 7431129999999999999999999991645 40999999999999999999999
 69 73 78 84 91 99108115119118112103 90 77 63 50 38 31 28 30 35 42 49 5727 118A0 82111999999999999999999999918 4 28999999999999999999999
 64 72 79 86 92 99107116122125124119109 96 80 63 46 31 21 17 19 24 33 4327 119A0 9141269999999999999999999991911 17999999999999999999999
 55 65 75 83 89 95102111120127131131126116102 84 63 42 24 12  7 10 17 2827 120A0102713199999999999999999999920 9  7999999999999999999999
 41 55 67 77 84 89 95102111121129135137133123107 86 62 38 17  5  1  5 1427 121A011521379999999999999999999992059  1999999999999999999999
 28 44 58 69 77 82 86 90 97107119129137140138128110 86 60 34 13  1 -1  627 122A013 91409999999999999999999992141 -1999999999999999999999
 18 34 50 63 72 77 80 81 84 90101114126135140138127108 83 56 30 11  2  427 123A014161419999999999999999999992217  2999999999999999999999
 14 28 45 60 71 75 77 76 75 75 81 92106119130136133121101 77 51 28 13 1027 124A0 6 1 77151613699999999999999 821 742248 1099999999999999
 16 28 44 60 72 79 79 76 72 67 66 72 83 97110121126123110 91 70 48 30 2127 125A0 535 79161012699999999999999 943 662316 2199999999999999
 23 33 47 62 76 85 86 82 75 67 60 58 63 74 86 99109113108 96 80 63 46 3527 126A0 541 8617 1113999999999999991050 582339 3399999999999999
 34 41 53 67 81 91 95 91 84 74 63 54 52 56 66 76 87 95 97 92 82 70 58 4927 127A0 559 951748 97999999999999991152 512356 4699999999999999
 46 50 61 73 86 97103102 94 84 72 60 50 47 51 58 67 75 81 81 76 69 63 5827 128A0 6211031834 82999999999999991254 47999999999999999999999
 56 59 67 78 90100108110105 95 83 70 57 48 45 47 52 58 64 68 67 65 62 6127 129A0 6461101922 6899999999999999 0 2 5614 2 452257 619999999
 62 65 72 82 92102110114112105 94 82 69 57 48 44 44 47 51 55 57 58 58 6027 130A0 7151149999999999999999999991525 43999999999999999999999
 64 69 75 83 92101109114116112105 94 82 69 57 47 42 40 42 45 47 50 52 5627 131A0 7491169999999999999999999991658 40999999999999999999999
 62 69 76 83 90 98105111115116112105 95 83 70 57 46 39 36 37 39 42 46 5227 2 1A0 8351169999999999999999999991821 36999999999999999999999
 59 66 74 81 87 93 99106111115115113107 97 85 70 55 43 34 31 31 34 39 4627 2 2A0 9441159999999999999999999991923 31999999999999999999999
 54 63 71 78 84 88 93 98104110114116115109 99 85 68 51 37 28 25 27 32 4027 2 3A0111011699999999999999999999920 7 25999999999999999999999
 49 59 68 75 80 84 87 91 96102109115118118111 99 82 63 45 30 22 21 25 3327 2 4A012241199999999999999999999992043 21999999999999999999999
 44 55 65 72 77 80 82 84 87 93101109116120119111 96 77 56 37 24 18 20 2727 2 5A013211219999999999999999999992114 18999999999999999999999
 38 50 62 70 75 77 78 78 80 83 90100109117121118107 90 69 47 30 19 17 2327 2 6A014 91219999999999999999999992142 17999999999999999999999
 34 47 59 69 74 76 75 74 73 75 79 88 98109116119114100 80 59 39 25 19 2227 2 7A0 5 2 76145311999999999999999 8 2 7322 7 1999999999999999
 32 45 58 69 76 77 75 72 69 67 69 76 86 97107114114106 90 70 50 34 24 2427 2 8A0 446 77153311599999999999999 9 4 672229 2399999999999999
 33 45 59 71 79 81 78 72 67 62 61 64 72 83 94103108106 95 79 61 44 33 3027 2 9A0 450 81161310999999999999999 954 612250 3099999999999999
 36 47 61 74 83 86 83 76 68 60 55 54 59 68 79 90 98101 96 84 69 55 44 3827 210A0 5 0 861653101999999999999991041 5423 8 3899999999999999
 41 51 64 77 87 92 91 83 72 62 54 48 48 55 64 74 84 91 91 85 75 63 54 4827 211A0 515 931735 92999999999999991127 472324 4899999999999999
 49 57 69 81 92 98 98 92 80 68 56 47 42 44 50 59 68 77 82 81 75 68 62 5827 212A0 533 991821 82999999999999991216 422332 5799999999999999
 57 63 74 86 96103106101 90 77 64 52 43 39 40 46 53 61 67 71 70 67 65 6427 213A0 5521061917 71999999999999991312 3923 1 6499999999999999
 65 69 78 89 99107111110102 90 76 62 50 41 36 36 40 45 51 56 59 61 62 6427 214A0 6161129999999999999999999991425 36999999999999999999999
 68 73 81 90101109115117113103 91 77 63 51 41 34 32 33 36 40 45 49 54 5927 215A0 6471179999999999999999999991610 32999999999999999999999
 66 73 81 89 98108115119120115106 95 81 68 54 41 32 26 24 26 29 35 42 5027 216A0 73312099999999999999999999918 2 24999999999999999999999
 59 69 77 85 93101109116121121118111101 88 73 57 41 28 20 16 17 21 29 3927 217A0 8411219999999999999999999991919 16999999999999999999999
 51 62 71 79 85 91 98106114119122121117108 95 78 59 40 24 13  9 11 18 2927 218A010221229999999999999999999992010  9999999999999999999999
 42 55 65 73 78 82 85 91 99108116121124122114 99 80 58 37 20  9  7 12 2227 219A012 51249999999999999999999992048  7999999999999999999999
 35 50 61 69 73 74 75 76 81 89100110119125124116100 79 56 34 17 10 11 1927 220A013251259999999999999999999992120  9999999999999999999999
 32 47 61 70 73 72 69 65 64 68 78 90103115122122113 96 75 53 32 19 16 2227 221A0 414 73143012399999999999999 747 642148 1699999999999999
 33 48 63 74 78 76 70 62 55 52 56 67 81 95108116115105 89 70 49 33 25 2827 222A0 4 5 78152611799999999999999 858 522213 2599999999999999
 38 52 66 80 86 85 77 66 55 45 41 46 57 72 87100107105 94 80 64 48 38 3727 223A0 417 87161610799999999999999 958 412236 3699999999999999
 44 57 71 85 94 95 88 76 62 47 36 33 39 51 65 79 90 95 91 82 71 60 50 4627 224A0 437 9617 3 95999999999999991051 332256 4699999999999999
 51 63 76 89100104100 88 73 57 42 31 29 36 47 59 72 80 82 78 71 65 59 5527 225A0 5 01041746 83999999999999991141 2923 9 5599999999999999
 58 67 80 92103109109 99 85 69 53 38 30 29 36 45 56 65 70 70 67 64 62 6127 226A0 5241101827 71999999999999991231 282256 6199999999999999
 63 70 81 93103111113108 97 82 67 51 38 32 32 38 45 52 58 61 60 59 60 6227 227A0 5501131910 61999999999999991324 3121 7 5999999999999999
 66 72 81 92101109113112105 93 80 65 52 41 36 36 39 44 49 52 53 53 56 6027 228A0 6191139999999999999999999991427 35999999999999999999999
 65 72 79 88 97105110111108101 91 79 66 54 45 39 38 39 41 44 46 48 51 5627 3 1A0 6531119999999999999999999991557 38999999999999999999999
 63 70 77 84 92 98104107108105 99 91 80 69 57 47 40 37 36 37 39 41 46 5227 3 2A0 7421089999999999999999999991757 36999999999999999999999
 59 67 74 80 86 91 96100103104103 99 92 83 71 59 47 39 33 31 32 35 41 4827 3 3A0 9 51049999999999999999999991910 31999999999999999999999
 56 64 71 77 81 84 87 91 95 99102103101 95 84 71 57 44 34 28 27 30 35 4327 3 4A010531039999999999999999999991947 27999999999999999999999
 53 61 68 73 76 78 79 81 85 90 96101104102 96 84 69 53 39 29 24 25 31 4027 3 5A012141049999999999999999999992016 24999999999999999999999
 50 60 67 72 73 73 72 72 74 79 86 94101105103 95 81 65 48 33 25 23 28 3727 3 6A0 426 73131510599999999999999 643 722042 2399999999999999
 48 59 68 72 72 70 67 64 63 66 73 83 93101105102 91 76 58 42 30 25 28 3727 3 7A0 338 7314 610599999999999999 746 6321 6 2599999999999999
 48 60 69 75 74 70 64 59 54 54 59 69 80 92100103 98 86 69 52 38 30 30 3827 3 8A0 326 75145210399999999999999 834 542128 2999999999999999
 49 62 73 79 79 74 65 56 48 44 46 53 65 78 90 99 99 92 79 63 49 38 36 4127 3 9A0 330 80153610099999999999999 916 442149 3599999999999999
 52 65 76 84 86 80 70 58 47 38 35 39 49 62 76 88 95 93 84 72 59 48 43 4627 310A0 342 861618 9599999999999999 957 3522 9 4399999999999999
 56 68 81 90 93 89 78 64 49 37 29 28 34 46 60 74 85 89 85 77 67 58 52 5327 311A0 359 9317 0 89999999999999991038 272228 5199999999999999
 60 72 85 95100 98 88 73 57 42 29 22 24 32 44 58 70 79 81 77 71 65 60 6027 312A0 4181001744 81999999999999991120 222241 5999999999999999
 65 76 88 99105106 99 86 69 52 36 24 19 23 31 43 54 65 70 71 69 66 65 6527 313A0 4401071835 719999999999999912 5 192230 6599999999999999
 69 78 90101109112109 98 82 65 49 34 23 20 23 31 40 49 56 60 61 62 64 6727 314A0 5 31129999999999999999999991257 20999999999999999999999
 71 79 89101110115115109 96 81 65 49 35 26 23 24 29 35 41 46 50 54 58 6427 315A0 53211599999999999999999999914 4 23999999999999999999999
 70 77 86 97106113116114107 96 82 68 53 40 30 25 24 26 29 33 38 43 50 5727 316A0 6 91169999999999999999999991550 24999999999999999999999
 65 73 81 90 98106112114112106 97 86 72 59 45 34 27 23 21 23 27 33 41 5027 317A0 7 51149999999999999999999991759 21999999999999999999999
 59 67 75 81 88 94101105108109106100 90 78 65 50 37 27 20 18 19 25 34 4427 318A0 83610999999999999999999999919 5 18999999999999999999999
 54 63 69 74 77 80 85 90 96101105105102 95 84 69 53 38 26 19 17 21 30 4127 319A010431059999999999999999999991944 17999999999999999999999
 52 61 67 70 70 69 68 71 77 85 93100104104 98 86 71 54 38 26 21 22 30 4127 320A0 327 70122510599999999999999 536 682014 2099999999999999
 53 64 70 71 68 63 57 54 56 63 73 85 95102103 98 86 71 54 38 29 27 33 4327 321A0 246 71134110499999999999999 7 9 542040 2799999999999999
 56 68 76 78 73 64 54 44 39 41 50 63 77 90 99100 94 83 69 53 40 35 39 4827 322A0 242 78144310199999999999999 812 3921 5 3599999999999999
 60 73 83 87 83 72 58 43 31 26 29 40 55 70 85 94 95 89 78 66 53 45 45 5327 323A0 256 871536 9599999999999999 9 5 262129 4499999999999999
 65 78 90 96 94 84 68 51 34 20 16 22 34 50 66 80 87 87 81 73 64 55 53 5827 324A0 318 971625 8899999999999999 954 162151 5399999999999999
 69 82 94102104 97 81 63 44 26 14 12 20 33 48 63 75 80 78 74 68 63 60 6227 325A0 34310517 9 80999999999999991040 1122 9 5999999999999999
 71 84 95105110107 95 77 58 38 21 12 13 22 35 48 61 69 71 69 67 66 64 6527 326A0 4 91101752 71999999999999991124 112215 6499999999999999
 72 83 95105112112105 90 72 53 35 21 14 18 27 38 49 58 63 63 63 63 65 6727 327A0 43611399999999999999999999912 7 14999999999999999999999
 72 81 92102109113110 99 85 68 50 34 23 20 24 32 41 49 54 56 57 59 62 6627 328A0 5 41139999999999999999999991253 20999999999999999999999
 71 78 88 97105109109104 94 80 65 50 37 29 27 30 36 42 46 49 51 54 58 6327 329A0 5331109999999999999999999991344 27999999999999999999999
 69 75 83 91 98103105104 98 89 77 64 51 40 34 32 34 37 40 43 46 49 53 5927 330A0 6 71059999999999999999999991455 32999999999999999999999
 66 72 79 85 91 95 98 99 97 93 86 76 65 53 44 38 35 35 36 38 41 45 50 5627 331A0 653 999999999999999999999991644 34999999999999999999999
 63 69 75 80 83 86 89 91 92 92 89 84 76 66 56 47 39 35 33 34 37 41 48 5427 4 1A0 824 929999999999999999999991812 33999999999999999999999
 61 67 72 75 77 78 79 81 83 86 88 88 84 77 68 57 47 39 33 32 34 39 46 5427 4 2A01023 889999999999999999999991854 32999999999999999999999
 61 66 70 72 71 70 69 69 72 76 81 86 87 84 78 68 57 46 37 33 33 38 46 5427 4 3A0 319 721154 8799999999999999 622 681924 3299999999999999
 62 68 71 70 67 63 59 57 58 63 70 78 85 87 85 78 68 55 44 37 35 39 47 5627 4 4A0 221 7113 6 8799999999999999 711 571949 3599999999999999
 65 72 74 72 67 59 52 46 44 48 56 66 76 85 88 86 77 66 54 44 40 42 49 5927 4 5A0 2 3 7414 5 8899999999999999 751 442013 4099999999999999
 69 77 80 78 70 60 48 39 33 33 39 50 63 76 85 88 85 76 65 54 47 46 52 6227 4 6A0 2 6 801456 8899999999999999 828 322036 4699999999999999
 73 82 87 86 78 65 50 36 25 20 23 33 47 62 76 85 87 82 74 64 56 53 57 6627 4 7A0 219 881543 8799999999999999 9 6 202059 5399999999999999
 77 87 94 95 89 75 57 40 24 14 11 17 30 45 62 76 83 83 78 72 65 61 62 7027 4 8A0 239 961630 8499999999999999 946 112120 6099999999999999
 81 92100104100 88 70 50 31 15  6  6 15 29 45 61 73 78 78 74 70 67 67 7227 4 9A0 3 31041719 79999999999999991027  52136 6699999999999999
 83 94104110110101 85 65 44 25  9  2  5 15 29 44 58 68 71 71 71 70 70 7427 410A0 3291111829 71999999999999991111  22133 7099999999999999
 83 95106113116112 99 81 61 41 22  8  4  8 17 30 42 53 60 63 65 68 70 7327 411A0 3581169999999999999999999991158  4999999999999999999999
 80 92103112118118111 97 78 59 40 22 11  8 12 20 29 39 47 52 57 61 66 7127 412A0 4301189999999999999999999991251  8999999999999999999999
 77 86 97107114117115107 94 77 60 42 26 17 14 17 22 28 35 41 47 53 60 6627 413A0 5 81179999999999999999999991355 14999999999999999999999
 72 79 88 98106111112110102 91 77 62 46 33 24 21 21 23 27 33 39 46 54 6127 414A0 5561129999999999999999999991527 20999999999999999999999
 67 73 79 85 92 98102104102 97 89 78 65 52 40 31 26 24 25 28 35 42 51 5827 415A0 7 81049999999999999999999991715 24999999999999999999999
 64 69 72 74 77 81 86 90 93 94 93 87 79 69 57 46 37 31 28 29 34 42 51 5927 416A0 9 1 949999999999999999999991813 28999999999999999999999
 65 68 69 68 66 65 66 70 76 81 86 88 86 81 72 62 51 41 35 34 37 44 53 6327 417A0 149 6911 0 8899999999999999 454 651849 3399999999999999
 70 72 71 67 60 53 49 50 54 62 71 79 84 85 82 75 66 55 46 41 42 48 58 6827 418A0 114 731244 8599999999999999 625 491917 4199999999999999
 76 80 79 72 62 50 39 33 34 40 51 62 73 81 84 82 76 68 58 50 49 54 63 7327 419A0 114 8114 5 8499999999999999 723 321943 4999999999999999
 83 89 90 83 70 55 38 25 19 21 30 43 57 70 79 83 81 76 68 61 56 59 67 7727 420A0 131 9015 8 8399999999999999 812 1820 9 5699999999999999
 88 97100 95 83 65 46 27 13  8 13 24 39 54 68 77 80 79 75 69 64 63 69 8027 421A0 15710016 2 8099999999999999 858  82035 6399999999999999
 91100107106 96 79 59 38 18  5  3 10 23 39 55 68 75 76 75 73 69 67 71 8027 422A0 2261081655 7699999999999999 942  32057 6799999999999999
 91101110113108 94 74 53 31 12  2  3 12 26 41 56 66 71 72 72 71 70 72 7827 423A0 2571131816 72999999999999991025  121 9 7099999999999999
 89100109115114105 89 68 47 26 10  4  7 18 31 45 56 63 66 67 69 70 72 7627 424A0 32811599999999999999999999911 6  4999999999999999999999
 85 95105112115112100 83 63 43 24 12  9 15 25 37 47 56 60 62 64 67 70 7427 425A0 4 01159999999999999999999991148  9999999999999999999999
 80 90100108112112106 93 77 58 40 24 16 16 22 31 41 48 53 57 59 63 67 7127 426A0 4311139999999999999999999991229 15999999999999999999999
 77 84 93101106108106 99 87 71 54 39 27 22 23 29 36 43 48 52 55 59 63 6827 427A0 5 31089999999999999999999991313 22999999999999999999999
 74 80 87 93 98101102 98 91 80 66 52 39 31 28 30 34 39 44 48 52 56 61 6627 428A0 53510299999999999999999999914 3 28999999999999999999999
 71 76 81 86 90 92 94 93 90 84 75 63 51 41 35 33 34 37 41 46 50 55 60 6427 429A0 618 9499999999999999999999915 6 33999999999999999999999
 69 73 76 79 80 82 83 84 85 83 78 71 62 52 45 40 38 38 40 45 50 56 61 6527 430A0 746 859999999999999999999991623 37999999999999999999999
 69 71 72 72 72 71 71 72 75 77 77 75 69 63 55 49 44 41 42 45 51 58 64 6827 5 1A0 243 72 939 7799999999999999 529 711722 4199999999999999
 71 72 70 68 64 60 58 58 62 67 71 74 74 71 65 59 53 48 46 48 53 60 68 7327 5 2A0 048 721127 7499999999999999 622 5818 2 4699999999999999
 76 76 72 66 59 52 46 44 46 52 60 68 73 75 74 69 63 57 52 52 56 64 72 7927 5 3A0 020 7613 3 7599999999999999 657 441834 5299999999999999
 83 83 78 69 58 47 36 30 30 36 45 56 67 74 78 77 73 66 61 59 61 68 77 8527 5 4A0 026 831415 7899999999999999 732 2919 2 5999999999999999
 91 92 87 77 63 48 33 21 16 19 28 40 54 67 76 80 79 75 70 66 66 72 81 9027 5 5A0 044 921514 8099999999999999 8 9 161928 6599999999999999
 98101 99 90 74 56 37 20  8  5 11 22 37 54 68 77 80 79 76 73 71 75 83 9427 5 6A0 1101011611 8099999999999999 850  51951 7199999999999999
103109110104 90 70 49 27  9 -1 -2  6 20 36 53 67 75 78 78 77 75 77 84 9427 5 7A0 1411101723 7899999999999999 934 -320 6 7599999999999999
105114118116106 88 66 43 21  3 -6 -4  5 19 36 53 65 71 74 76 76 78 82 9227 5 8A0 2171189999999999999999999991020 -7999999999999999999999
103114121124119106 86 63 39 17  0 -6 -3  7 21 36 50 60 66 70 73 76 79 8627 5 9A0 25512499999999999999999999911 7 -7999999999999999999999
 97110119125126119104 84 61 38 16  2 -3  2 11 23 36 48 56 62 67 71 75 8027 510A0 3361279999999999999999999991156 -3999999999999999999999
 89100112120124123115100 81 60 38 19  7  4  9 17 27 37 47 54 60 65 70 7427 511A0 4201259999999999999999999991247  4999999999999999999999
 80 88 99109115118116108 95 78 59 39 24 15 14 18 24 31 40 48 55 61 66 7027 512A0 5111189999999999999999999991340 14999999999999999999999
 73 78 85 93100105107106100 89 74 58 43 31 25 24 27 31 38 46 54 60 65 6827 513A0 6131089999999999999999999991440 24999999999999999999999
 70 71 73 77 82 87 91 94 94 90 82 71 60 49 40 35 35 37 41 48 56 64 69 7127 514A0 735 952337 72999999999999991545 35999999999999999999999
 71 70 67 65 65 67 71 75 80 82 81 77 70 63 55 49 45 45 47 53 60 69 75 7827 515A0 912 822319 7899999999999999 330 651642 4599999999999999
 77 74 68 60 54 50 51 54 60 67 72 74 73 71 67 62 57 54 55 59 66 74 82 8727 516A01112 742331 8799999999999999 526 501724 5499999999999999
 87 82 74 63 51 41 35 35 40 48 57 64 70 72 73 71 68 64 62 64 71 79 88 9427 517A01343 732356 9799999999999999 628 341758 6299999999999999
 97 94 85 72 56 40 27 21 23 30 40 51 61 69 73 75 75 72 69 69 74 82 9210027 518A01515 75999999999999999999999 718 211829 6999999999999999
105105 98 85 67 48 29 16 11 15 24 35 48 61 69 75 77 77 75 73 76 83 9210227 519A0 0291051623 7799999999999999 8 3 111858 7399999999999999
109112109 99 82 61 40 21  8  5 11 22 35 50 62 71 75 77 77 76 77 82 9010127 520A0 1 51121736 7799999999999999 846  51921 7699999999999999
109116117111 97 77 55 33 14  4  4 12 24 38 53 64 71 74 76 77 77 80 87 9627 521A0 144117999999999999999999999 930  3999999999999999999999
107115120119110 93 72 49 27 11  3  6 16 29 43 56 64 69 72 75 76 78 83 9127 522A0 2241209999999999999999999991012  3999999999999999999999
101111118121118106 88 66 44 24 10  6 11 22 35 47 57 64 67 70 73 76 79 8527 523A0 3 31219999999999999999999991053  6999999999999999999999
 94104113118119113100 81 60 39 21 11 11 18 29 40 51 58 63 66 69 73 76 8127 524A0 3401209999999999999999999991132 10999999999999999999999
 88 97106112116114106 92 74 54 35 21 15 18 26 36 46 54 59 63 66 70 73 7727 525A0 41511699999999999999999999912 9 15999999999999999999999
 82 89 97104109110106 97 83 66 48 33 23 21 26 34 43 50 57 61 65 68 71 7427 526A0 4491109999999999999999999991244 21999999999999999999999
 78 83 89 95 99102101 97 88 74 59 44 33 28 29 35 42 49 56 61 65 68 70 7227 527A0 5251029999999999999999999991317 28999999999999999999999
 75 78 81 85 89 91 92 91 87 78 67 54 43 37 35 38 43 50 57 63 67 70 72 7227 528A0 612 929999999999999999999991351 35999999999999999999999
 73 73 74 76 77 79 80 82 81 78 71 62 53 47 43 44 47 52 58 65 71 75 76 7527 529A0 726 822159 76999999999999991426 43999999999999999999999
 73 71 69 67 66 65 66 69 72 73 72 68 62 57 53 52 53 56 62 68 75 80 82 8127 530A0 9 0 7322 4 8299999999999999 449 6515 9 5299999999999999
 77 72 67 61 56 52 51 54 58 64 67 69 68 66 63 61 61 62 66 72 80 86 90 8927 531A011 3 692224 9099999999999999 544 511558 6199999999999999
 85 78 69 59 50 41 37 37 42 50 58 64 69 71 72 71 69 69 71 76 84 92 97 9927 6 1A01345 722252 9999999999999999 625 371644 6999999999999999
 96 88 77 64 50 36 27 23 25 32 43 54 63 71 75 77 77 76 76 80 87 9610310727 6 2A01519 77232710899999999999999 7 6 231719 7699999999999999
107102 91 76 58 40 24 13 11 15 25 38 51 64 73 78 81 81 81 83 89 9810711427 6 3A09999999999999999999999999999 750 11999999999999999999999
117115107 92 73 52 30 13  3  2  8 20 35 50 64 73 79 81 83 84 88 9710711727 6 4A0 010117999999999999999999999 838  1999999999999999999999
123126122111 93 71 47 24  5 -4 -4  4 17 33 50 63 72 77 80 83 86 9210211427 6 5A0 058126999999999999999999999 927 -5999999999999999999999
124131133127114 94 69 43 19  1 -7 -5  4 18 34 50 62 69 74 78 81 86 9410527 6 6A0 1491339999999999999999999991017 -8999999999999999999999
118128134136129114 92 67 41 17  0 -6 -2  7 21 37 50 61 67 72 76 79 84 9327 6 7A0 24213699999999999999999999911 5 -6999999999999999999999
105118128134134127111 90 65 39 17  3  0  5 15 28 41 53 61 67 71 74 76 8127 6 8A0 3351359999999999999999999991150  0999999999999999999999
 90102113122128128120105 85 62 39 20 10 10 16 26 37 49 59 65 69 71 72 7327 6 9A0 4301289999999999999999999991231  9999999999999999999999
 77 85 95104112117116109 96 78 59 40 27 21 24 30 39 49 59 67 71 73 73 7127 610A0 5291172120 739999999999999913 9 21999999999999999999999
 69 71 77 84 91 98102102 96 85 72 57 45 37 35 39 45 53 63 72 77 79 77 7427 611A0 6321032059 7999999999999999 0 5 691344 3599999999999999
 69 65 64 66 71 76 82 86 87 83 76 67 59 52 48 49 54 60 69 77 84 87 86 8227 612A0 742 872110 8799999999999999 150 641414 4899999999999999
 75 67 60 55 54 56 60 66 71 74 72 69 66 63 61 60 63 68 75 83 91 95 96 9227 613A0 9 6 742135 9699999999999999 349 541438 6099999999999999
 85 75 64 53 45 41 42 47 53 59 64 66 67 68 69 69 70 74 79 87 9510210510327 614A022 8105999999999999999999999 516 41999999999999999999999
 97 87 74 59 45 35 30 32 37 44 52 58 64 68 72 75 76 78 82 89 9710511011127 615A02249112999999999999999999999 615 30999999999999999999999
108100 87 71 53 37 26 22 24 31 39 48 57 65 71 76 79 81 83 88 9610411111627 616A02337117999999999999999999999 7 5 22999999999999999999999
117112101 86 67 47 30 19 16 20 28 38 49 59 68 75 79 82 83 86 9210010911627 617A09999999999999999999999999999 752 16999999999999999999999
120120114101 83 62 41 24 14 13 19 28 40 52 63 71 76 80 82 84 88 9510411327 618A0 029121999999999999999999999 837 12999999999999999999999
120124123114 99 79 56 35 19 11 12 20 31 44 56 66 72 76 79 81 84 88 9610627 619A0 120124999999999999999999999 921 11999999999999999999999
115122126123113 95 73 51 30 16 10 14 24 36 49 60 68 73 76 78 81 84 89 9827 620A0 2 812699999999999999999999910 2 10999999999999999999999
108117124126121108 89 67 44 25 14 12 19 30 42 54 63 69 73 75 77 80 83 9027 621A0 2521269999999999999999999991040 12999999999999999999999
 99109117123123115101 81 59 38 22 15 17 26 38 49 60 67 71 73 75 77 79 8327 622A0 3321239999999999999999999991114 15999999999999999999999
 91100108115118116107 91 71 50 33 22 20 26 36 47 58 66 71 73 74 75 76 7827 623A0 4101189999999999999999999991144 19999999999999999999999
 83 90 98105110111107 96 79 61 44 31 26 28 37 47 57 66 72 75 75 74 74 7527 624A0 4471111933 75999999999999991210 252153 7499999999999999
 77 81 87 94 99102101 95 84 69 54 41 34 34 40 49 59 68 75 78 78 76 74 7327 625A0 5261021930 79999999999999991232 332348 7299999999999999
 72 74 77 82 86 90 92 91 84 74 62 51 44 42 45 53 62 71 78 83 84 81 77 7327 626A0 614 921942 84999999999999991252 42999999999999999999999
 70 68 68 70 73 76 79 82 81 76 68 60 54 51 53 58 66 74 82 88 91 89 83 7727 627A0 714 8220 1 9199999999999999 128 6813 9 5199999999999999
 71 65 61 59 59 61 65 69 72 73 70 66 63 61 62 65 71 79 86 93 97 97 92 8527 628A0 834 732026 9899999999999999 328 591316 6199999999999999
 76 67 59 53 48 47 49 54 59 64 67 68 68 69 70 73 77 83 90 98103106103 9627 629A02057106999999999999999999999 451 47999999999999999999999
 86 75 63 52 42 36 34 37 43 51 58 64 69 73 76 79 82 86 9310110811311310927 630A02137114999999999999999999999 550 34999999999999999999999
101 89 75 59 44 32 24 22 26 34 43 53 63 71 77 82 85 88 9410111011712112127 7 1A02228122999999999999999999999 645 22999999999999999999999
116106 92 75 56 37 22 13 12 17 26 38 51 63 72 79 84 88 92 9810711712512927 7 2A02331130999999999999999999999 740 12999999999999999999999
129124112 96 75 52 31 14  5  4 10 21 35 50 63 73 79 84 88 9310011112113027 7 3A09999999999999999999999999999 835  3999999999999999999999
135136130118 98 75 49 26  8 -1  0  7 20 35 51 63 72 78 82 86 91 9911112327 7 4A0 038136999999999999999999999 926 -2999999999999999999999
133139141135120 99 74 47 22  5 -2  0  9 23 39 54 65 72 76 79 82 86 9510827 7 5A0 1441419999999999999999999991013 -3999999999999999999999
121131139141134119 97 71 44 20  5  1  6 17 32 47 60 69 73 75 76 76 80 8927 7 6A0 2461419999999999999999999991054  1999999999999999999999
102115126134136129113 92 67 42 22 11 11 18 30 44 58 69 74 75 74 72 70 7327 7 7A0 34513619 0 75999999999999991129 1022 2 7099999999999999
 81 93106116124126118103 84 62 42 27 22 26 35 47 60 72 79 80 78 74 68 6427 7 8A0 4421261846 809999999999999912 1 222320 6499999999999999
 66 73 83 94103110111104 91 76 59 45 36 37 44 54 65 77 85 88 86 80 73 6527 7 9A0 5381121859 88999999999999991227 35999999999999999999999
 59 59 64 72 80 89 95 95 89 80 69 59 51 49 54 62 72 82 92 97 96 90 82 7227 710A0 634 961921 9799999999999999 034 581247 4999999999999999
 62 54 52 55 60 67 74 79 80 76 71 66 62 61 63 70 79 88 97104106102 94 8327 711A0 734 80194910699999999999999 154 521255 6199999999999999
 71 60 51 46 47 50 56 62 66 67 67 67 67 68 71 76 83 92100107112111105 9627 712A0 858 67202211299999999999999 326 461049 6799999999999999
 84 71 58 47 41 39 42 47 52 57 60 63 67 71 76 80 85 9210010811411611410727 713A021 3116999999999999999999999 450 39999999999999999999999
 98 85 71 56 43 36 34 36 40 46 51 57 63 70 76 81 86 91 9710511211711911627 714A02158119999999999999999999999 558 34999999999999999999999
110 99 86 69 53 39 31 29 31 36 43 50 59 67 74 80 85 88 93 9910711411912127 715A023 5121999999999999999999999 656 29999999999999999999999
119112101 85 67 49 35 27 25 28 35 43 53 62 71 78 82 86 89 93 9910711412027 716A09999999999999999999999999999 747 25999999999999999999999
123122115101 84 63 44 30 22 22 27 35 46 57 67 74 79 83 85 87 92 9910711527 717A0 014123999999999999999999999 832 21999999999999999999999
122126124115 99 79 58 38 25 19 21 28 39 51 62 71 76 79 81 83 85 90 9810727 718A0 113126999999999999999999999 912 19999999999999999999999
116124127124112 94 73 51 32 21 18 23 33 45 58 68 74 77 78 79 80 83 89 9727 719A0 2 3127999999999999999999999 948 18999999999999999999999
108117124126120106 86 64 43 27 19 21 29 41 54 65 73 76 77 77 77 78 81 8727 720A0 2481269999999999999999999991019 19999999999999999999999
 97107116121121113 97 76 55 37 25 22 28 40 52 64 73 78 78 77 75 74 74 7827 721A0 3291221736 78999999999999991046 222123 7499999999999999
 86 95105112116113102 85 66 48 34 28 31 40 53 65 75 81 81 79 75 72 70 7127 722A0 4 71161741 82999999999999991110 282222 7099999999999999
 75 83 92101107108103 90 74 58 44 36 36 43 55 67 77 84 86 84 78 73 68 6627 723A0 4461081752 87999999999999991130 352316 6599999999999999
 67 72 79 87 94 99 99 92 79 66 54 45 43 48 58 70 81 89 92 90 84 76 69 6327 724A0 52610018 7 92999999999999991148 43999999999999999999999
 61 62 67 74 81 87 90 88 81 72 62 55 52 55 63 74 84 93 98 97 91 82 73 6527 725A0 611 901826 9899999999999999 010 6112 2 5299999999999999
 58 56 57 61 67 73 78 81 79 74 68 64 62 63 69 79 88 97103104100 92 81 7027 726A0 7 5 81184810599999999999999 111 5612 6 6299999999999999
 61 54 50 50 53 58 64 69 71 71 69 68 69 71 76 83 92100107111109103 92 8127 727A0 821 72191511199999999999999 227 501117 6899999999999999
 69 58 50 44 43 44 48 54 59 63 66 68 72 76 81 87 94102110115117114106 9527 728A01952117999999999999999999999 4 0 43999999999999999999999
 82 70 57 46 38 34 34 38 43 50 56 63 69 76 82 88 9410111011712212211911127 729A02042123999999999999999999999 526 34999999999999999999999
100 87 72 56 42 31 25 24 27 34 42 52 62 71 79 86 92 9810511312112612812527 730A02153128999999999999999999999 640 24999999999999999999999
118107 92 74 55 37 24 16 15 19 27 38 50 62 73 80 86 91 9710511412312913227 731A02319133999999999999999999999 743 15999999999999999999999
131125114 97 76 54 33 17  9  8 14 25 38 52 65 74 80 84 88 9310111112113027 8 1A09999999999999999999999999999 835  8999999999999999999999
135136131118 99 76 51 29 13  6  7 15 28 43 58 68 75 78 80 81 85 9310511727 8 2A0 042137999999999999999999999 918  5999999999999999999999
128135138133119 99 74 49 26 12  8 13 23 38 53 66 74 76 76 74 73 75 84 9627 8 3A0 1531381716 7699999999999999 955  81956 7399999999999999
110122132135130115 94 70 46 26 16 16 25 38 53 67 76 79 77 73 68 64 65 7327 8 4A0 2561351659 79999999999999991027 152120 6399999999999999
 86100114124127121107 87 66 45 31 26 31 42 56 70 82 87 84 78 70 61 55 5527 8 5A0 35412717 8 87999999999999991055 262227 5499999999999999
 63 76 90103113115109 96 79 63 48 39 41 50 63 76 88 95 95 88 78 66 55 4727 8 6A0 4471151727 96999999999999991120 392329 4699999999999999
 48 55 67 79 91 99101 94 84 73 62 53 52 59 70 82 94103105100 90 77 64 5127 8 7A0 5381011751105999999999999991139 52999999999999999999999
 43 43 50 59 69 79 85 85 81 74 69 64 62 67 76 87 98107113111102 90 76 6227 8 8A0 628 86181711399999999999999 029 421150 6299999999999999
 49 42 41 46 53 61 69 73 72 70 69 69 69 73 80 90100109115117112103 90 7627 8 9A0 723 73184711799999999999999 133 401055 6999999999999999
 62 50 42 41 43 48 54 59 62 63 65 68 71 76 82 90 99108114118118112102 9027 810A01923119999999999999999999999 247 41999999999999999999999
 77 63 51 44 41 41 44 48 52 55 59 63 70 76 82 89 9610311011611811711110327 811A02011118999999999999999999999 416 41999999999999999999999
 92 79 65 53 44 39 39 40 44 48 53 59 66 74 81 87 92 9810410911411611611227 812A02122117999999999999999999999 545 39999999999999999999999
105 94 81 67 53 42 37 35 37 41 46 54 62 70 78 84 88 92 9610110711211511727 813A02253117999999999999999999999 656 35999999999999999999999
114108 96 82 65 50 39 32 31 34 40 48 58 67 75 81 84 87 89 92 9710411011627 814A09999999999999999999999999999 744 31999999999999999999999
118117109 96 80 62 45 33 28 29 34 43 53 64 72 78 81 83 83 84 88 9410211027 815A0 011118999999999999999999999 821 28999999999999999999999
117120118109 94 75 55 39 28 26 30 38 49 61 70 77 80 80 79 78 79 83 9110027 816A0 1101201642 8099999999999999 853 261911 7899999999999999
110117120117105 87 67 48 33 26 27 35 46 58 70 77 80 79 77 74 72 73 79 8827 817A0 2 01201612 8099999999999999 921 262014 7299999999999999
 99109116118112 97 79 59 42 31 28 34 45 58 70 79 82 81 77 72 68 66 68 7527 818A0 2441181610 8299999999999999 946 2821 4 6699999999999999
 86 97107114113104 88 70 52 39 33 36 46 59 71 81 86 85 80 72 66 61 59 6327 819A0 3251141618 879999999999999910 9 332149 5999999999999999
 72 83 95104109105 94 78 62 49 41 41 49 61 74 85 91 91 85 76 67 59 54 5427 820A0 4 51091631 92999999999999991029 402232 5399999999999999
 60 70 81 92100101 96 84 71 59 50 48 53 64 77 88 96 98 93 83 71 61 52 4827 821A0 4441021647 98999999999999991048 472314 4799999999999999
 49 57 67 78 87 93 93 86 76 67 59 56 59 69 81 92100104101 91 79 66 55 4627 822A0 525 9417 51049999999999999911 3 562358 4399999999999999
 43 47 54 64 73 82 85 83 78 72 67 64 66 73 84 95104109109101 89 75 62 5027 823A0 6 9 851725110999999999999991110 64999999999999999999999
 43 41 44 51 59 67 74 76 75 72 70 70 72 78 87 98107113115110100 86 72 5927 824A0 7 2 76174811599999999999999 049 411037 7099999999999999
 48 41 39 42 47 53 59 64 67 68 69 72 76 81 89 99108115119118111100 87 7327 825A01818119999999999999999999999 152 39999999999999999999999
 60 49 41 38 38 40 45 50 54 58 63 69 75 82 89 97106114120122119113102 9027 826A019 0122999999999999999999999 324 37999999999999999999999
 77 63 51 41 35 32 32 35 40 46 53 61 70 78 86 9310110811512112312111610727 827A020 6123999999999999999999999 522 32999999999999999999999
 96 83 68 53 40 31 25 24 27 33 41 52 62 72 80 87 93 9910611311812212312027 828A02145123999999999999999999999 647 24999999999999999999999
113103 89 72 54 38 26 19 18 22 31 42 54 66 74 81 85 88 92 9810611412012427 829A02332125999999999999999999999 741 18999999999999999999999
124119109 93 74 53 35 22 16 17 24 35 49 61 71 76 79 79 79 81 87 9710711627 830A09999999999999999999999999999 820 16999999999999999999999
123126122111 94 74 52 33 21 18 23 33 46 60 71 77 77 75 70 67 68 74 85 9827 831A0 0571261538 7899999999999999 853 181922 6799999999999999
111120125122110 92 72 51 34 25 26 35 47 62 75 82 82 77 69 61 54 54 61 7427 9 1A0 2 61251532 8399999999999999 922 252033 5399999999999999
 89103115120116104 88 69 51 38 35 41 52 66 80 89 92 86 75 63 51 42 42 5027 9 2A0 3 61201545 9299999999999999 948 352133 4199999999999999
 64 80 95107112107 96 82 66 53 46 49 59 72 85 97102 98 87 72 57 42 33 3327 9 3A0 4 011216 5102999999999999991012 462228 3299999999999999
 43 56 72 87 98101 96 87 76 66 58 58 66 78 91102110110101 86 69 52 36 2827 9 4A0 4501011630111999999999999991033 572320 2799999999999999
 29 39 52 66 79 87 88 84 78 73 68 66 71 82 94106114118113100 84 66 48 3427 9 5A0 537 891657118999999999999991048 66999999999999999999999
 27 30 39 50 61 71 77 76 74 73 72 72 75 84 95106115120120111 97 81 64 4827 9 6A0 626 77172512199999999999999 011 271038 7199999999999999
 36 31 34 41 49 58 64 67 67 68 70 73 77 84 94104113119121117108 95 80 6527 9 7A01756121999999999999999999999 1 4 31999999999999999999999
 50 40 37 38 43 49 54 58 60 62 66 71 77 83 91 99107114117117113104 93 8027 9 8A01832118999999999999999999999 2 6 36999999999999999999999
 67 54 45 41 41 43 46 50 52 56 60 67 74 81 87 94100106111113113109103 9327 9 9A01924113999999999999999999999 330 41999999999999999999999
 82 70 58 49 44 42 42 43 46 50 56 63 70 78 84 89 94 9810210510810810710327 910A02056108999999999999999999999 526 42999999999999999999999
 95 85 73 61 50 43 39 39 41 45 52 59 67 75 81 85 88 90 92 95 9910310610727 911A02244107999999999999999999999 642 39999999999999999999999
104 97 86 73 60 48 40 36 37 41 48 56 65 73 79 82 84 83 83 85 88 9410010527 912A09999999999999999999999999999 722 36999999999999999999999
107105 97 86 71 56 44 36 34 38 45 54 64 73 78 81 81 79 76 75 77 82 90 9827 913A0 0 31071523 8199999999999999 751 341856 7599999999999999
105108105 96 83 67 52 40 35 36 43 53 64 74 80 82 80 76 71 67 66 69 77 8727 914A0 1 41081456 8299999999999999 817 341945 6599999999999999
 97105107103 92 78 62 48 39 37 43 53 65 76 83 85 82 75 68 61 56 57 63 7327 915A0 1551081452 8599999999999999 841 372027 5699999999999999
 85 96104105 99 87 72 57 46 42 45 55 67 78 87 90 87 79 68 58 50 46 49 5827 916A0 24110615 0 9099999999999999 9 3 4221 5 4699999999999999
 70 84 95102102 93 81 67 55 49 49 57 69 82 91 96 94 85 73 60 48 40 38 4427 917A0 3241031513 9799999999999999 924 482143 3899999999999999
 55 69 83 94 99 96 87 75 65 57 55 61 72 85 95102102 94 81 65 51 39 32 3327 918A0 4 5 99153110399999999999999 944 552222 3299999999999999
 42 54 68 82 91 93 89 81 72 66 62 66 76 88 99107109104 91 74 58 43 32 2727 919A0 446 9315511099999999999999910 1 6223 1 2799999999999999
 31 41 54 68 79 86 86 82 76 72 69 71 79 90102110115112102 86 69 52 38 2827 920A0 529 871612115999999999999991012 692344 2699999999999999
 26 32 42 53 65 74 78 78 76 74 74 75 81 92103113118119112 99 82 65 49 3627 921A0 619 78163511999999999999999 950 74999999999999999999999
 28 27 33 42 51 60 66 69 70 72 74 78 83 91102112119122119110 96 80 64 4927 922A017 2122999999999999999999999 032 27999999999999999999999
 37 30 30 34 40 46 52 57 61 65 70 76 82 89 99109117122122118108 95 81 6627 923A01736122999999999999999999999 133 29999999999999999999999
 52 41 34 32 33 36 40 44 50 55 62 70 78 85 93102110116119119115108 97 8427 924A01827120999999999999999999999 3 4 32999999999999999999999
 71 57 46 37 32 31 31 34 39 46 54 64 72 80 87 9310010611111411511310810027 925A01954115999999999999999999999 519 30999999999999999999999
 89 77 63 50 39 32 28 28 31 39 48 58 68 75 81 85 88 91 9510010510911110927 926A022 4111999999999999999999999 632 27999999999999999999999
103 94 82 68 53 40 31 27 29 35 44 56 66 73 78 79 78 77 78 81 88 9510210827 927A01458 79235210999999999999999 714 271715 7799999999999999
109106 98 86 70 54 41 33 31 36 45 56 68 76 80 79 74 68 63 61 65 74 85 9527 928A01415 80999999999999999999999 745 311846 6199999999999999
104109107 99 87 71 56 43 38 40 48 60 72 82 86 84 77 67 55 47 45 50 61 7527 929A0 1151091410 8799999999999999 811 381947 4499999999999999
 88100106105 98 86 71 58 49 48 54 65 78 89 96 95 86 73 57 42 32 30 38 5127 930A0 2221071424 9699999999999999 836 472041 3099999999999999
 67 82 95102101 94 83 71 61 57 61 71 83 95104107100 85 67 48 31 21 21 302710 1A0 319102144610799999999999999 9 1 572130 1999999999999999
 45 61 78 90 96 94 88 80 72 66 67 75 87100110116113101 82 62 41 24 14 172710 2A0 411 96151311699999999999999 923 652218 1499999999999999
 27 42 59 74 85 88 86 82 78 74 72 78 89102112120122114 98 78 57 36 20 142710 3A0 5 0 88154212299999999999999 942 7223 4 1499999999999999
 18 29 43 58 71 78 79 79 78 77 76 80 88100112120125122111 93 74 53 34 212710 4A0 552 79161212599999999999999 946 762350 1899999999999999
 18 24 34 46 58 67 71 72 73 75 77 80 87 97108117123124118105 89 71 52 362710 5A016421249999999999999999999999999999999999999999999999999
 26 25 31 40 49 57 62 65 67 70 74 79 84 92102111117120119112100 85 69 532710 6A01714121999999999999999999999 036 25999999999999999999999
 40 33 33 38 44 50 55 58 61 65 70 76 82 88 96103110113114112105 95 82 692710 7A01749114999999999999999999999 129 32999999999999999999999
 55 45 40 40 42 45 49 52 56 60 66 72 79 85 91 96101104106107105100 92 812710 8A01839107999999999999999999999 235 39999999999999999999999
 70 59 50 45 43 44 45 48 52 57 63 70 76 82 86 90 92 94 96 98 99 99 96 902710 9A02021 99999999999999999999999 415 43999999999999999999999
 81 71 61 53 47 44 43 45 49 55 62 69 75 80 83 85 85 85 85 87 89 92 94 93271010A02215 94999999999999999999999 543 43999999999999999999999
 89 82 73 63 54 47 44 44 48 54 62 69 76 80 82 82 80 76 74 74 77 82 88 92271011A01423 822344 9399999999999999 626 441829 7499999999999999
 93 89 83 74 63 54 47 45 48 54 63 71 78 82 83 81 76 70 64 62 63 69 77 85271012A01342 83999999999999999999999 656 4519 9 6299999999999999
 91 93 90 83 73 63 54 49 50 56 65 74 82 87 87 83 75 66 57 51 50 54 63 73271013A0 057 931331 8799999999999999 722 481943 4999999999999999
 84 91 94 90 82 72 62 55 54 58 67 77 87 93 93 88 78 66 53 43 38 39 47 59271014A0 155 941337 9499999999999999 746 532017 3799999999999999
 72 84 92 94 89 81 72 63 59 62 70 81 91 99101 96 85 71 55 40 30 27 32 43271015A0 245 94135210199999999999999 8 8 592052 2799999999999999
 57 72 85 92 93 87 80 72 67 67 73 84 95104108106 96 80 61 44 29 20 20 28271016A0 331 93141310999999999999999 830 662129 1999999999999999
 42 58 73 85 91 89 85 79 74 72 76 86 98108114115108 92 73 53 34 20 14 17271017A0 416 91143711699999999999999 849 7222 9 1499999999999999
 28 42 58 73 83 86 85 82 79 77 79 87 99110118122118106 87 66 46 28 15 12271018A0 5 3 8615 312299999999999999 9 2 772250 1299999999999999
 17 29 44 58 71 78 80 80 80 80 81 87 98110119125125118102 82 62 42 25 14271019A0 612 80153112699999999999999 837 802335 1399999999999999
 13 20 31 44 57 66 71 74 76 79 81 86 95107118125128125115 98 79 59 41 25271020A016 21289999999999999999999999999999999999999999999999999
 17 18 24 33 43 53 60 65 69 74 79 84 91101112121126127121110 95 77 59 42271021A01636127999999999999999999999 025 17999999999999999999999
 29 23 23 28 34 41 48 55 60 67 73 80 86 94103113119122121116106 92 77 61271022A01719122999999999999999999999 122 22999999999999999999999
 46 35 30 29 31 35 40 46 53 60 68 75 81 86 93100107111113113109102 91 78271023A01822113999999999999999999999 238 29999999999999999999999
 65 52 42 36 34 34 37 42 49 57 65 72 77 81 84 87 91 95 98101103102 98 90271024A02016103999999999999999999999 426 34999999999999999999999
 81 70 59 49 43 39 39 42 48 57 65 72 77 80 79 78 77 77 79 83 88 92 95 95271025A01328 802220 9599999999999999 537 381629 7699999999999999
 90 84 75 65 56 48 45 46 51 59 69 77 82 83 80 75 67 61 59 61 67 75 83 89271026A01246 83999999999999999999999 617 4518 4 5999999999999999
 92 91 87 80 70 61 55 53 57 65 74 84 90 91 87 78 66 54 44 41 44 52 63 75271027A0 015 921243 9199999999999999 646 5319 1 4199999999999999
 85 90 92 89 83 74 66 62 64 71 80 90 99102 98 88 73 56 40 28 25 31 42 55271028A0 146 9213 010299999999999999 713 621950 2599999999999999
 70 82 89 91 89 84 77 71 70 76 85 96106112111102 86 67 46 27 16 15 23 36271029A0 256 91132611299999999999999 739 702036 1499999999999999
 51 67 80 88 90 88 84 79 76 79 88 99109118121116102 82 59 37 18  8 10 20271030A0 356 90135712199999999999999 8 4 762121  899999999999999
 34 51 67 79 85 86 86 83 81 81 88 98110120126126116 99 77 53 30 13  6 10271031A0 5 0 86143012799999999999999 825 8022 6  699999999999999
 22 37 53 67 77 81 82 83 83 83 86 95107118126130126113 94 71 48 27 12  92711 1A015 51309999999999999999999992249  9999999999999999999999
 15 27 41 56 67 74 76 78 81 82 85 91101112122128129122108 88 66 45 26 152711 2A015401299999999999999999999992331 14999999999999999999999
 15 23 34 46 58 66 70 73 76 80 83 87 95105115122126124115101 82 62 43 282711 3A016141269999999999999999999999999999999999999999999999999
 21 23 31 41 51 59 64 67 71 75 80 84 90 98107114119120116107 93 76 59 432711 4A01647120999999999999999999999 014 21999999999999999999999
 32 29 32 39 46 53 59 63 67 72 76 81 86 92 99105110112111107 98 86 71 572711 5A01720112999999999999999999999 056 29999999999999999999999
 45 37 36 40 45 51 56 61 65 70 74 79 83 88 92 96 99102102101 98 90 80 682711 6A018 1102999999999999999999999 142 36999999999999999999999
 57 48 43 43 46 50 54 59 65 70 74 78 82 85 87 88 89 90 91 91 91 89 84 762711 7A01930 92999999999999999999999 234 43999999999999999999999
 67 59 53 49 49 51 55 60 66 71 76 79 82 83 83 82 80 78 78 79 81 83 83 802711 8A01333 832124 8399999999999999 339 491746 7899999999999999
 74 68 62 58 55 54 56 61 68 74 80 83 85 84 81 77 72 67 65 65 68 73 77 792711 9A012 6 852317 7999999999999999 442 541824 6499999999999999
 79 76 72 67 63 60 60 64 70 78 85 89 90 88 83 76 67 59 52 51 53 59 67 74271110A01149 90999999999999999999999 527 591854 5199999999999999
 79 81 79 76 71 67 65 67 73 81 89 95 97 95 88 78 66 54 43 37 38 44 54 64271111A0 1 3 811159 9799999999999999 6 2 651925 3799999999999999
 74 81 84 83 80 75 72 72 77 85 94101105104 98 86 71 54 39 28 25 28 38 50271112A0 216 84121910699999999999999 631 711959 2599999999999999
 64 76 84 87 86 83 79 77 80 87 97106112114109 97 81 61 42 26 16 15 22 34271113A0 312 87124611499999999999999 656 772037 1499999999999999
 49 65 78 85 88 87 84 82 83 89 99109117122120111 95 74 52 31 15  8  9 19271114A0 4 6 88131812299999999999999 717 822117  799999999999999
 33 50 66 78 85 87 86 85 86 90 98109120127129124111 91 68 45 23  8  3  7271115A0 516 87135312999999999999999 727 8522 1  399999999999999
 19 34 51 66 76 81 84 85 86 89 96106118128134134125109 87 63 40 19  5  3271116A014311349999999999999999999992246  2999999999999999999999
  9 21 36 51 64 73 77 81 84 87 92101113124133137134124106 84 60 36 17  6271117A015101379999999999999999999992332  5999999999999999999999
  6 13 25 38 51 62 69 74 78 83 87 93104116126133135131119101 80 57 36 19271118A015521359999999999999999999999999999999999999999999999999
 11 13 20 30 41 52 60 67 72 78 82 86 94104115123128129124112 96 76 56 37271119A01638129999999999999999999999 019 11999999999999999999999
 24 19 22 28 36 45 54 62 68 74 78 81 85 92100108114118118114104 89 73 56271120A01734118999999999999999999999 1 6 19999999999999999999999
 42 33 30 32 37 44 52 60 68 73 77 79 81 82 86 91 96101104105102 95 84 72271121A01850105999999999999999999999 156 30999999999999999999999
 59 49 43 42 44 48 54 62 70 76 80 81 80 78 76 76 77 80 84 88 90 90 86 80271122A01110 812027 9199999999999999 250 421443 7699999999999999
 72 65 58 55 54 56 60 67 75 82 87 87 85 81 74 67 63 61 62 66 72 77 80 80271123A01045 882228 8099999999999999 347 5417 3 6199999999999999
 78 75 72 68 65 65 68 73 81 89 95 97 95 88 79 67 56 47 43 45 51 59 67 73271124A01056 97999999999999999999999 436 6418 9 4399999999999999
 77 79 79 78 76 74 75 79 87 95103107106100 89 75 58 43 32 28 32 40 50 61271125A0 147 79112210799999999999999 516 741859 2899999999999999
 70 77 81 84 83 82 81 84 90 99108114117113103 88 69 49 31 20 18 23 33 45271126A0 324 84115711799999999999999 549 811945 1799999999999999
 58 70 78 84 86 86 85 86 91100109118124124118104 85 62 40 21 12 11 19 31271127A0 434 87123712599999999999999 618 852029 1099999999999999
 45 59 71 80 85 87 88 88 90 97107117125130129119102 80 56 33 15  7 10 19271128A013201309999999999999999999992113  7999999999999999999999
 33 48 62 73 80 84 86 87 89 93102113122130133130117 98 74 50 27 12  7 12271129A014 31339999999999999999999992157  7999999999999999999999
 23 37 52 65 74 79 82 85 87 90 96105116126132134128113 92 68 44 24 12 10271130A014451349999999999999999999992238 10999999999999999999999
 17 29 43 57 67 74 78 81 84 86 90 98108118126131131122106 85 62 40 22 142712 1A015251329999999999999999999992316 14999999999999999999999
 16 25 37 50 61 69 73 77 80 83 86 91 99109118124127124114 97 77 55 36 232712 2A016 21279999999999999999999992352 19999999999999999999999
 19 24 34 46 56 65 71 74 77 80 83 87 92100108115119119114103 87 68 49 352712 3A016371209999999999999999999999999999999999999999999999999
 27 27 34 44 54 62 69 73 76 79 81 84 87 92 98104108110109103 91 76 60 462712 4A01711110999999999999999999999 025 26999999999999999999999
 37 34 37 45 54 62 69 74 77 79 80 82 84 86 90 93 96 98 99 97 91 81 68 562712 5A01751 99999999999999999999999 054 34999999999999999999999
 47 42 43 48 56 63 71 77 81 82 82 82 82 82 82 83 84 85 87 87 86 81 73 642712 6A0 931 821856 8799999999999999 120 421229 8299999999999999
 56 52 51 53 59 66 73 80 85 87 87 85 82 80 77 74 73 72 73 75 76 76 74 692712 7A0 916 872028 7799999999999999 143 501658 7299999999999999
 64 61 59 61 64 70 76 84 90 93 93 91 86 81 74 68 63 59 58 60 64 68 70 712712 8A0 931 942242 7199999999999999 2 4 591747 5899999999999999
 70 69 68 69 70 74 80 87 94100101 99 93 86 76 66 56 49 45 45 49 56 62 682712 9A0 955101999999999999999999999 212 681824 4499999999999999
 72 74 76 76 77 79 83 90 98105109108104 95 84 70 56 43 34 31 33 40 50 59271210A0102610999999999999999999999919 2 31999999999999999999999
 68 75 80 82 83 84 87 92100109115117115108 96 80 62 45 30 21 19 24 34 46271211A011 41179999999999999999999991943 19999999999999999999999
 59 70 79 84 87 88 89 94101110118124125121111 96 76 55 34 18 10 11 18 30271212A011481269999999999999999999992027  9999999999999999999999
 44 59 72 80 86 88 90 93 99108118127132133127114 95 72 47 25  9  3  5 14271213A012371339999999999999999999992113  2999999999999999999999
 28 44 60 72 80 85 88 91 95103114125134139139131115 93 68 42 19  4 -1  3271214A0132714099999999999999999999922 0 -1999999999999999999999
 14 29 46 61 72 79 83 87 90 96105117129138143141132114 90 63 37 15  1 -1271215A014181439999999999999999999992244 -1999999999999999999999
  5 17 33 49 62 71 77 81 85 88 95105118130138143140129109 85 59 34 14  4271216A015101439999999999999999999992326  3999999999999999999999
  4 12 25 39 54 65 72 76 80 82 85 92102115126134137133121103 80 55 33 17271217A016 21379999999999999999999999999999999999999999999999999
 11 14 24 36 49 61 70 75 78 79 79 81 87 97108117123126122111 93 73 53 35271218A01658126999999999999999999999 0 4 11999999999999999999999
 24 23 29 38 49 61 71 77 79 80 78 76 76 80 88 96103109111108 98 84 68 53271219A0 835 80175711199999999999999 038 231135 7699999999999999
 41 37 39 46 55 65 75 82 86 85 82 78 73 70 71 76 82 87 92 95 92 85 75 65271220A0 818 8619 2 9599999999999999 1 8 361311 7099999999999999
 57 51 51 56 63 71 80 89 94 94 90 84 77 69 63 61 62 66 70 76 79 78 75 70271221A0 832 942020 7999999999999999 133 5115 5 6199999999999999
 67 64 63 66 71 79 87 95101104101 95 86 75 64 55 50 48 51 55 61 66 68 68271222A0 858104999999999999999999999 144 631650 4899999999999999
 69 71 73 75 78 84 92100107112112107 99 87 73 59 46 38 36 38 44 50 57 62271223A0 9311129999999999999999999991758 36999999999999999999999
 67 72 77 81 84 88 94101109116119118112101 87 70 53 38 29 26 29 36 44 52271224A010151199999999999999999999991853 26999999999999999999999
 61 69 76 82 86 89 93100108116122125123116103 86 66 46 30 21 20 24 32 42271225A011 71259999999999999999999991942 19999999999999999999999
 53 63 73 80 85 89 92 96103112120126129127118103 83 61 40 24 16 16 22 32271226A012 61299999999999999999999992028 15999999999999999999999
 44 56 67 76 82 87 89 92 97105114123129132129118101 79 55 34 19 12 15 23271227A013 21329999999999999999999992111 12999999999999999999999
 35 48 61 71 78 83 86 88 91 97106116125132134129116 97 73 49 28 15 12 17271228A013541349999999999999999999992150 11999999999999999999999
 27 40 54 66 74 79 82 85 87 90 97106117126132133126111 89 65 42 23 13 14271229A014401349999999999999999999992226 12999999999999999999999
 22 34 48 61 70 76 79 82 84 85 89 96106117125130129119102 80 56 35 20 15271230A015221309999999999999999999992259 15999999999999999999999
 20 31 44 57 68 75 78 80 81 81 83 87 95105114121124120109 90 69 48 31 22271231A016 11249999999999999999999992326 21999999999999999999999
