 85 75 70 75 82 91106124136136129120107 88 71 61 57 55 57 67 79 87 90 9327 1 1A8 828137999999999999999999999 157 7017 6 5599999999999999
 95 93 88 86 90 97106118132140138130119105 87 68 55 48 45 47 56 69 80 8827 1 2A8 0 0 95 91714099999999999999 246 8618 8 4599999999999999
 96102104101 99101107114123133139138130119104 85 64 48 39 36 39 49 64 8127 1 3A8 148104101714099999999999999 4 3 9919 1 3699999999999999
 93104112115111107107111117124133140139131119103 81 57 38 29 28 33 45 6527 1 4A8 254115112714099999999999999 5301061943 2899999999999999
 86102114122123117109108112117124133142142132118 99 74 47 28 21 22 29 4627 1 5A8 342124123114399999999999999 6411082016 2199999999999999
 72 96112122128127117107106111116123136146145132114 93 64 35 18 15 19 3027 1 6A8 422129132414799999999999999 7371052048 1499999999999999
 52 82107120127131125112102102108115125141151146129108 83 51 23 10 12 2027 1 7A8 45913114 915199999999999999 8251012121 1099999999999999
 36 64 95116125129129118103 95 99106115130148154142122 99 70 37 14  7 1327 1 8A8 528130145015499999999999999 9 7 952154  799999999999999
 25 47 79107123127128123108 93 89 96105117136152151135113 87 56 25  9 1027 1 9A8 548128152815499999999999999 947 892226  899999999999999
 20 36 63 95117126127124113 96 84 85 93104121141151143124101 73 42 19 1227 110A8 55312716 3151999999999999991023 832256 1299999999999999
 18 31 53 83110124127125117101 84 78 83 92105125142144131112 89 60 33 1927 111A8 6 01271638145999999999999991058 782322 1899999999999999
 21 31 47 73101121128126121107 88 75 74 81 91106126137133119100 77 51 3227 112A8 6141281713138999999999999991132 732345 2799999999999999
 27 35 47 67 93117128128124113 95 77 69 72 78 89106123128120107 91 70 4927 113A8 62712917511289999999999999912 8 69999999999999999999999
 39 42 53 67 87112128131127118104 84 69 65 69 75 85102116117109 99 86 6927 114A8 645132183611899999999999999 010 381250 6599999999999999
 55 53 61 72 86106125134132123112 95 75 63 61 64 68 79 94105106101 95 8627 115A8 711135193310799999999999999 038 521345 6199999999999999
 75 68 71 81 91104121134137130119106 88 70 59 55 56 59 69 83 94 97 96 9527 116A8 74313721 7 9799999999999999 111 681519 5599999999999999
 92 87 85 90 99108118130138137128116102 85 67 54 47 45 47 56 70 83 90 9627 117A8 823139999999999999999999999 148 8517 4 4599999999999999
101103103102106113120127135140137129117103 85 64 47 36 32 33 42 58 74 8827 118A8 110103 91214099999999999999 2351021819 3199999999999999
 99109116117116117121126130136140140132121106 86 61 39 24 18 19 28 47 7027 119A8 243117102414199999999999999 4 81161922 1799999999999999
 90106119127127123121123126129135142145139128111 87 57 29 11  5  6 18 4227 120A8 332128115314599999999999999 5561212018  499999999999999
 72 96114127134132123117119122124133145153147133115 87 51 18  1 -4 -1 1427 121A8 41513513 415399999999999999 71111721 5 -499999999999999
 44 80105121132137129114108110114118131151160152136116 84 43  9 -5 -6 -127 122A8 45513714 016099999999999999 8 51082140 -699999999999999
 18 55 93115126135135120100 94100104111131156164152135114 78 34  4 -3 -127 123A8 534137144916499999999999999 851 9422 0 -399999999999999
  7 32 74109123129134128104 83 81 88 93105132158161146130108 70 27  6  627 124A8 6 9134153516399999999999999 935 802225  599999999999999
 12 23 55 98124129130131115 86 67 70 78 84101132154150135122 99 60 26 1627 125A8 6381321619156999999999999991018 662253 1699999999999999
 23 30 46 82120136133130123100 69 55 62 69 76 98129144136122112 89 54 3127 126A8 51113617 31449999999999999911 3 552325 2999999999999999
 32 43 53 74109137142134127113 84 56 49 57 63 72 96121129119110101 81 5527 127A8 5411431749129999999999999991149 492358 4499999999999999
 44 53 65 77100130147144132121101 73 51 48 54 59 70 91110113105100 93 7827 128A8 6161481837114999999999999991238 47999999999999999999999
 63 62 74 86 99120142150141127113 92 67 51 50 53 57 67 84 97 98 95 93 9027 129A8 6531501934 9999999999999999 032 601336 4999999999999999
 82 76 81 92103115132146147136122107 87 67 55 52 52 55 63 76 85 88 89 9227 130A8 7321482353 9499999999999999 1 6 7615 8 5299999999999999
 94 92 91 97106115125136143141130118104 87 70 58 52 50 50 56 67 76 83 8927 131A8 816144999999999999999999999 138 911722 4999999999999999
 96102104105108114120127134137135127117105 90 74 59 49 44 44 49 59 71 8327 2 1A8 9 91389999999999999999999991834 43999999999999999999999
 94105112114114113115119124128132132128119107 92 74 56 43 36 37 43 55 7227 2 2A8 310115103713399999999999999 4461131928 3699999999999999
 89103114121121117112112114118123129134132123109 92 70 48 33 28 30 39 5527 2 3A8 338122121613499999999999999 63911120 7 2899999999999999
 78 99113122126123114106105108113120131140137125109 88 61 36 23 21 27 3927 2 4A8 4 9126131714099999999999999 7391042039 2199999999999999
 62 89110121127127119105 96 97102109122138146140124104 79 49 25 16 19 2827 2 5A8 43512814 414699999999999999 823 9521 9 1699999999999999
 47 75104120126128123108 92 85 90 97109127145149137119 96 66 35 16 14 2227 2 6A8 450128144315099999999999999 9 1 852138 1399999999999999
 36 61 93117127128125113 93 78 77 84 95112135150147131110 84 51 25 15 1927 2 7A8 445128152015199999999999999 936 7622 5 1599999999999999
 31 51 82112127130127117 97 76 67 71 80 95119142149140122100 70 39 21 2127 2 8A8 44613015541509999999999999910 7 672229 1999999999999999
 31 46 73105127133129121104 79 61 59 67 79 99125144143129112 88 58 33 2727 2 9A8 4571331627146999999999999991037 592250 2799999999999999
 35 47 67 97125136133125111 87 62 52 56 65 79103129140132119102 78 51 3727 210A8 51013617 11409999999999999911 6 512311 3799999999999999
 41 53 68 91120138138129117 97 70 49 47 54 64 81107128130121109 94 71 5227 211A8 5281401738132999999999999991138 462336 4899999999999999
 50 61 74 90113137144135122106 82 56 43 46 54 64 82106121119110102 89 7127 212A8 5521441820121999999999999991215 42999999999999999999999
 62 68 82 95110131146143129114 95 71 49 41 46 52 62 80100109107102 98 8927 213A8 621147191010999999999999999 0 4 6213 0 4199999999999999
 79 78 89102113126141147139122106 88 65 48 43 45 49 57 72 89 96 96 97 9827 214A8 6541482254 9899999999999999 035 7714 0 4399999999999999
 95 92 96107117125135144144133118103 86 67 51 44 42 42 48 61 75 84 89 9627 215A8 731146999999999999999999999 1 4 921625 4299999999999999
102105106111119126131136141139130118106 91 72 55 43 36 33 36 47 62 75 8727 216A8 81814299999999999999999999918 5 33999999999999999999999
 99110116118120124127129132135135131123113 99 79 57 39 27 22 24 35 53 7327 217A8 9341369999999999999999999991915 21999999999999999999999
 91107119125125121120120121123128134136132123107 84 57 32 17 12 15 28 5227 218A8 323126115013699999999999999 6191202010 1299999999999999
 78100116126130124114108107108112123137145141130113 86 52 24 10  7 12 3027 219A8 352130131014599999999999999 7321072052  799999999999999
 60 92112124131129115 98 90 92 95102120143153147134116 84 45 17  9 10 1727 220A8 42513214 315399999999999999 8 9 902114  899999999999999
 41 78110124129131123 99 77 72 77 81 94122149156146133114 77 37 16 15 2027 221A8 455132144715699999999999999 846 722129 1499999999999999
 31 61102128132131128109 77 56 57 64 70 90125151152140129107 68 32 22 2927 222A8 347132152915599999999999999 925 542153 2299999999999999
 36 52 89127141135129119 91 55 40 46 55 64 91129148142131121 97 59 35 3727 223A8 4 214116101489999999999999910 4 402222 3399999999999999
 48 57 79117146147134124106 70 38 32 41 49 63 95128138129121112 87 56 4527 224A8 4301501652138999999999999991044 312254 4599999999999999
 55 68 80106140156146130115 90 54 30 31 41 49 67 98123125116111102 80 6027 225A8 5 21561734127999999999999991125 282327 5799999999999999
 61 75 88103128153156140122104 76 45 30 35 44 53 71 98113111105103 94 7927 226A8 53715818191149999999999999912 9 302359 7099999999999999
 70 79 93105120142155149131113 93 67 44 37 42 48 57 74 93102100 97 97 9227 227A8 6121561910102999999999999991257 37999999999999999999999
 84 84 95107118131145149139122105 86 66 50 46 48 52 60 73 85 91 92 93 9627 228A8 6481502322 9699999999999999 030 831357 4699999999999999
 95 94 98107116124133140139129115100 85 70 58 53 52 53 58 67 76 83 88 9427 3 1A8 725141999999999999999999999 052 941557 5299999999999999
 99103105108113118123128131129122112101 89 76 65 56 51 50 53 60 69 79 8927 3 2A8 8 81319999999999999999999991746 50999999999999999999999
 99106111113113113114117120122122120114106 95 82 67 54 45 43 46 54 66 8127 3 3A8 9361229999999999999999999991852 43999999999999999999999
 96107114118117112107106108111115120123120111 99 83 65 47 37 36 41 51 6827 3 4A8 31711812 512399999999999999 6421061936 3699999999999999
 89106116120121114103 95 95 99104112124130126115100 80 57 37 30 32 40 5527 3 5A8 33412113 813099999999999999 733 942010 2999999999999999
 78102117122123118105 89 82 84 90100115131137130115 96 72 46 29 26 33 4527 3 6A8 340123135413799999999999999 811 822041 2699999999999999
 66 94116125125121108 88 72 69 75 85101123140141129112 89 61 36 26 30 4027 3 7A8 330126143314299999999999999 845 6921 8 2699999999999999
 58 85113127129124112 91 68 57 59 68 83107133145140125106 79 50 32 31 3927 3 8A8 33612915 814599999999999999 916 562132 2999999999999999
 53 77108129133128117 97 70 49 45 52 65 87117140144135120 98 68 43 36 4327 3 9A8 347134154214599999999999999 944 442153 3699999999999999
 54 72101129139133122105 77 48 35 38 49 65 94126142139128114 89 60 45 4827 310A8 4 11391614143999999999999991011 342214 4499999999999999
 59 72 95125143140128113 89 55 31 27 36 48 69103131138130121106 81 58 5527 311A8 4191451648138999999999999991039 262238 5499999999999999
 66 78 93118144149136119100 70 38 22 27 37 50 76109129128121114 99 77 6427 312A8 4431501725130999999999999991111 2223 6 6499999999999999
 72 86 97113137153146127109 86 55 28 21 30 39 54 80109120116112108 95 7927 313A8 51115318 6120999999999999991147 212336 7699999999999999
 77 90104114129148153138118 99 75 46 27 26 34 42 56 80101107105105103 9527 314A8 5431541856107999999999999991231 25999999999999999999999
 87 93107117126139150147129110 93 71 47 33 33 37 42 54 74 90 94 9610010227 315A8 618151225210299999999999999 0 7 871327 3299999999999999
 99 98106118125131140144137122106 92 73 54 42 39 38 40 49 64 77 84 9110027 316A8 658144999999999999999999999 038 981612 3899999999999999
106107109115122125128133134129118108 97 82 64 51 42 36 35 41 54 68 80 9227 317A8 7481359999999999999999999991745 34999999999999999999999
104112115115116117117118121123123120115107 93 75 56 41 32 29 34 48 66 8327 318A8 9241249999999999999999999991851 29999999999999999999999
 99112119120115109104102103106114122126124117103 82 57 37 27 26 32 48 7227 319A8 235120121212699999999999999 7231021941 2599999999999999
 95110120124119107 93 85 84 86 93108125134132125110 84 54 33 27 28 37 5727 320A8 3 4124131813499999999999999 745 842012 2699999999999999
 87111122126125113 90 71 64 66 70 83107132141137129113 82 49 32 32 37 4827 321A8 32412614 414199999999999999 8 3 642029 3199999999999999
 75108128131128121100 68 48 46 51 58 78112138143137130111 76 46 38 44 5027 322A8 239131144314499999999999999 833 452052 3799999999999999
 66 98131141134125112 81 45 29 33 41 51 80119141140133127105 69 47 49 5927 323A8 255141152214399999999999999 9 8 292120 4599999999999999
 67 88124149147132119 97 59 25 18 27 35 51 87125138133128121 96 65 54 6527 324A8 32315116 013899999999999999 945 172152 5499999999999999
 76 86112145158144125109 79 39 14 16 27 36 58 97126131124122113 87 66 6727 325A8 3541581640132999999999999991022 122225 6399999999999999
 82 92106133158157136116 96 62 27 12 20 31 43 69103122121116115104 83 7227 326A8 42816117211239999999999999911 1 122259 7299999999999999
 82 96106122146159149126106 82 50 24 19 28 38 52 78104114111109107 97 8427 327A8 5 215918 5114999999999999991142 182333 8199999999999999
 83 95107118133150152137115 95 71 45 29 30 38 47 62 83100105103103102 9527 328A8 53715419 0105999999999999991226 28999999999999999999999
 90 94104114124137145140124106 87 66 48 39 40 46 54 67 82 93 97 9810010027 329A8 611145222910099999999999999 0 6 901319 3899999999999999
 98 98103110117125132134128114 99 84 68 56 49 48 51 57 66 77 86 92 9610027 330A8 645135999999999999999999999 032 971442 4899999999999999
102103105107111115120123122117108 97 85 74 64 57 52 52 56 63 72 81 91 9927 331A8 7241239999999999999999999991637 51999999999999999999999
104108109109107106107110112112111107100 91 81 70 60 52 49 52 59 69 82 9527 4 1A8 215109 84511299999999999999 4591061754 4999999999999999
105111113112107100 95 95 98102106110111106 97 86 73 58 48 45 50 59 71 8827 4 2A8 215113114211299999999999999 626 951847 4599999999999999
104113116115110 99 87 81 82 87 94105115119113102 89 72 54 43 44 51 63 7927 4 3A8 210117125111999999999999999 714 811926 4299999999999999
100115121119113100 83 69 66 70 79 92110124126118105 88 67 49 42 47 57 7227 4 4A8 210121134012699999999999999 750 6620 0 4299999999999999
 94115126125117104 84 62 51 52 61 75 96119132131121106 85 61 47 47 55 6827 4 5A8 223126142113399999999999999 822 502028 4699999999999999
 88113129131123110 89 61 41 36 42 55 76106130137132122104 79 58 52 58 6827 4 6A8 237132145913799999999999999 850 362052 5299999999999999
 84109132138131117 98 68 38 23 26 36 53 83117137138132121100 73 59 63 7227 4 7A8 252139153313999999999999999 917 232114 5999999999999999
 83103130145140125107 80 44 18 13 21 33 57 94126137134130118 94 71 68 7827 4 8A8 31214616 613799999999999999 944 122139 6799999999999999
 87 99124148151135116 95 61 24  6 10 20 35 64104129132129126112 88 74 8127 4 9A8 3371531640133999999999999991014  622 8 7499999999999999
 93102117142157148126106 81 44 12  4 12 22 40 73109124123122121106 86 8327 410A8 4 71571718125999999999999991049  42239 8299999999999999
 96107115132153157139117 97 68 33  9  9 18 27 46 79107115114116114101 8927 411A8 4401592024117999999999999991128  72313 8999999999999999
 94108117125141155150129108 89 61 30 16 18 25 33 52 80 9910410611110910027 412A8 5161562125111999999999999991214 152350 9599999999999999
 95104116122129142149139119103 85 60 36 27 28 31 37 54 76 91 9610110710827 413A8 5561492232109999999999999991312 27999999999999999999999
102102110117121126134137127113100 86 66 48 39 37 36 40 54 72 84 9210010727 414A8 642137234210999999999999999 0321011554 3699999999999999
109106106109112112115121123118110103 92 76 60 50 43 39 42 53 69 83 9410427 415A8 745123999999999999999999999 1341051712 3999999999999999
111113109105102 99 98100105110112111108101 88 72 57 46 42 44 55 71 8810227 416A8 04211310 711299999999999999 6 5 981810 4299999999999999
112117116108 97 87 81 79 82 89101111116116111 98 80 60 49 46 50 61 8010027 417A8 120117122911799999999999999 659 791852 4699999999999999
115121122116102 83 67 61 61 65 77 97115123123119106 83 62 52 53 59 71 9327 418A8 134122133212499999999999999 729 601919 5199999999999999
117129128123112 90 63 45 42 45 52 71 99121128128124110 83 62 58 63 70 8527 419A8 125130141812999999999999999 748 411945 5799999999999999
111134140131121104 73 40 26 28 33 44 71106128131131127109 81 64 68 76 8327 420A8 145140145113199999999999999 816 252016 6499999999999999
101131149144129114 90 52 21 13 20 27 44 79115131131131127105 78 70 80 8927 421A8 215150161513199999999999999 850 132049 7099999999999999
 97119148156142122104 73 33  8  9 18 27 51 90122130128130122 98 78 79 9227 422A8 248157155713099999999999999 925  62125 7699999999999999
100111136158156134113 91 56 19  4 11 21 34 63101124126125126115 93 81 8927 423A8 32316116351261846126999999910 3  4174112422 1 819999999
101109124148161148124103 77 41 13  8 17 28 45 76108121120121119106 90 8727 424A8 3591611718121999999999999991042  72238 8699999999999999
 98108117134153154136113 92 64 33 15 16 26 38 58 86109115115116112100 9127 425A8 43415719 6116999999999999991123 142316 9099999999999999
 94104113124139149143124103 81 55 32 23 27 36 49 68 91106110111111106 9827 426A8 51015020401119999999999999912 7 232354 9499999999999999
 94 99107116126137140130113 94 74 53 38 33 37 45 58 75 9110110610810710327 427A8 5451402125108999999999999991256 33999999999999999999999
 99 99102108115123129128118104 88 71 55 46 43 45 52 64 77 90 9810410710627 428A8 621129222310799999999999999 036 9814 0 4399999999999999
104102101102105109115118116109 99 86 73 62 54 51 51 57 67 78 89 9810510927 429A8 7 5118232110999999999999999 1581011526 5099999999999999
108106103100 97 97100104106106104 98 89 78 69 62 56 55 60 69 80 9110211027 430A8 836106999999999999999999999 433 961643 5499999999999999
113111107101 93 86 84 87 92 97101104102 95 86 77 67 59 57 63 73 85 9710927 5 1A8 0 211311 610499999999999999 551 841744 5799999999999999
117117112104 93 80 71 69 74 82 91102109109103 94 82 70 61 61 68 79 9310727 5 2A8 032118122811099999999999999 641 691832 6099999999999999
119123119110 96 78 61 53 54 62 75 92108117117111100 86 72 65 68 77 8910527 5 3A8 057123132711899999999999999 720 531910 6599999999999999
120129127118102 81 58 41 36 42 54 74 98118126125118105 87 74 71 78 8710127 5 4A8 118130141812699999999999999 752 361941 7199999999999999
119134136127112 90 62 35 22 23 32 50 78108127132130123107 87 78 81 89 9927 5 5A8 13913715 713299999999999999 822 2120 9 7899999999999999
116136145138123103 74 40 15  9 15 27 50 86118132135134125105 88 85 9310127 5 6A8 2 2146161713599999999999999 851  82037 8499999999999999
111131151151135115 92 57 20  1  2 10 25 56 96124132134135124102 90 9510527 5 7A8 231154174013599999999999999 923 -121 8 9099999999999999
111124147160150129108 80 40  6 -5  1 10 28 65104124128132132118 99 9410527 5 8A8 3 4160183813399999999999999 958 -52142 9399999999999999
113119135157162144121100 68 28  1 -2  5 13 35 74107119122128127112 9710027 5 9A8 3401631930129999999999999991037 -32219 9699999999999999
112118125144161156135114 93 59 23  4  6 11 20 44 80105112117124121106 9727 510A8 4191622020124999999999999991120  323 0 9799999999999999
105115119128145156146125108 87 55 25 14 16 20 29 54 8410210711311911510227 511A8 5 115621101209999999999999912 8 142346 9899999999999999
 98106113116125140145133117103 84 57 34 27 28 31 40 62 8710010611211711127 512A8 54814521591179999999999999913 7 27999999999999999999999
100 98103107108116127130122111101 85 64 47 40 40 41 50 70 9010210811411627 513A8 643131224511699999999999999 043 981448 4099999999999999
109 99 95 96 95 96102111115112107101 90 74 60 53 51 52 61 78 9610711411827 514A8 757115232311899999999999999 320 951615 5199999999999999
117109 97 88 83 80 79 85 95103106106105 98 85 72 64 61 63 72 8710411612227 515A81055106234012399999999999999 535 7917 7 6099999999999999
123118107 92 77 67 62 62 69 81 95104110111107 96 82 72 70 74 83 9711412727 516A81251111235413199999999999999 629 611748 6999999999999999
131127119104 82 61 49 45 47 55 72 93108115118116105 89 78 79 85 9310812627 517A81415118999999999999999999999 7 7 451827 7799999999999999
138138129117 97 69 44 32 31 35 46 70 97114121125124111 92 84 88 9510311827 518A8 026140152412599999999999999 733 3019 5 8499999999999999
138148141127111 87 53 27 19 22 28 44 74105121126130128112 93 89 9710411127 519A8 1 3148162113199999999999999 8 2 191944 8899999999999999
129149154140122103 73 37 14 12 18 27 49 84114125129134128109 93 9410411027 520A8 141155171013499999999999999 835 112024 9299999999999999
119140158154135115 93 58 23  8 11 19 31 59 96120127130134125105 9410010927 521A8 220159175513499999999999999 912  721 5 9499999999999999
115128149161149127106 80 44 15  7 14 23 40 72106123126130130117100 9510427 522A8 259161183613199999999999999 950  72145 9599999999999999
112119136155158140118 96 67 33 12 12 20 32 53 86112123125127124109 96 9727 523A8 3371591911127999999999999991030 102227 9599999999999999
106114124141155150130108 85 56 28 15 19 29 43 67 96115121122123116103 9527 524A8 4151551940123999999999999991112 1523 9 9599999999999999
 99107115128142148138119 98 75 48 28 22 28 39 55 79102115119120117109 9927 525A8 4531491959120999999999999991154 222353 9599999999999999
 95 99107116128138138126109 89 67 46 33 32 38 50 67 8810511511811811310427 526A8 5301402026118999999999999991237 31999999999999999999999
 97 95 99104113123129126115100 82 63 48 41 42 49 61 78 9510811511811610927 527A8 61112921 311899999999999999 046 951323 4199999999999999
101 96 94 95100107115118115107 94 79 65 55 51 52 59 71 8710111211811911527 528A8 7 0118214311999999999999999 2 7 941414 5199999999999999
107 99 93 89 88 91 98104107107102 93 82 71 65 62 63 69 81 9510811612112027 529A8 816108222312199999999999999 349 881516 6199999999999999
114105 95 87 80 77 79 86 94100103102 97 89 81 75 72 73 79 9110311512212527 530A8101910323 012599999999999999 5 3 771622 7199999999999999
122113101 88 75 66 62 66 75 86 96104107105 99 92 85 81 82 8910011212312927 531A812 5107233313099999999999999 559 621720 8199999999999999
129123111 95 76 59 49 47 53 65 81 97110115115111103 94 89 92 9910912113227 6 1A81329116999999999999999999999 643 4618 9 8999999999999999
137133122106 84 60 41 31 32 41 58 81103118124126121111100 9710210911813127 6 2A8 0 6137144412699999999999999 722 311850 9799999999999999
142144135120 99 72 42 22 16 20 32 55 8411112513213412811510410511111712627 6 3A8 041145155213499999999999999 759 16192810399999999999999
141152150135116 91 57 25  7  6 12 27 55 9111713013613913111510711111812327 6 4A8 119153165113999999999999999 836  520 510799999999999999
134152161152132111 82 43 11 -2  0  7 26 61 9912113113814112911210811612227 6 5A8 2 0161174414199999999999999 914 -2204510899999999999999
127141161166150129106 73 32  2 -4 -1  7 30 6910512212913813812310810811827 6 6A8 242167183314099999999999999 954 -4212610699999999999999
122129148166164145124102 65 24  1 -1  3 12 39 7910912012713613211410210727 6 7A8 3251691919136999999999999991035 -1221010299999999999999
116119129150165158138120 96 59 23  7  8 12 23 53 90112119126132124105 9727 6 8A8 41016620 2132999999999999991118  62257 9799999999999999
104110114126147157147129114 91 56 27 18 21 25 38 68100115120126127115 9727 6 9A8 45715720411289999999999999912 2 182349 9199999999999999
 92 98102106120138144134121109 87 58 37 33 36 41 56 8411012012312612310727 610A8 5481452114126999999999999991246 33999999999999999999999
 91 86 90 92 96109125129121113104 87 64 50 49 53 59 75 9911912612712611827 611A8 645129211912799999999999999 050 861334 4999999999999999
102 86 80 80 80 83 95109114111107102 90 74 65 66 69 76 9211212813213112627 612A8 75711421 313299999999999999 3 9 791427 6599999999999999
115 98 81 72 68 66 70 81 94102104105104 97 87 80 80 84 9210612313513813427 613A81120105214813899999999999999 5 1 661529 8099999999999999
126113 95 76 63 56 53 57 68 83 95102107110107100 93 92 9710511713114114327 614A813 4110224014399999999999999 558 531635 9299999999999999
137126112 91 69 52 44 42 46 59 77 9410511311911811010210110611412313614627 615A81424119233414899999999999999 647 42173610099999999999999
147138126109 85 59 40 33 33 39 54 77 9811212112712611610710611311912714027 616A81525128999999999999999999999 725 33183110599999999999999
151150139123104 77 48 30 25 28 35 54 8210612012813413111810810911612112927 617A8 027152161513499999999999999 757 25192210799999999999999
144155152137119 98 67 37 21 21 25 36 60 9211512613313813111610711011712227 618A8 11615617 113899999999999999 831 2020 910799999999999999
132150159151133114 89 55 27 17 20 26 41 7110312313013613712711010411011627 619A8 2 2159174113899999999999999 9 8 17205410499999999999999
123137155160147127106 77 44 20 16 21 31 51 8411312713213513311810410110927 620A8 244161181713699999999999999 946 15213810199999999999999
116125143159157140119 96 65 34 17 18 27 40 65 97120129132133125109 98 9927 621A8 3251611845133999999999999991024 162221 9799999999999999
107115129147157150130109 84 54 28 20 25 36 53 81109125130130127115100 9327 622A8 4 515718541309999999999999911 1 2023 3 9399999999999999
 97106116132147151139120 98 72 45 28 26 35 48 69 96118128130128120106 9327 623A8 4431521854130999999999999991137 262345 9099999999999999
 91 96104116132143141127109 88 63 43 34 37 47 64 86109124130129123111 9727 624A8 5211441919130999999999999991210 34999999999999999999999
 89 88 93102115128134129116100 80 60 46 44 51 62 8010212012913112711810427 625A8 6 1134194513199999999999999 031 881241 4499999999999999
 91 85 85 89 98110121124118108 94 77 62 56 58 66 79 9611512813213112411227 626A8 646124201013399999999999999 125 851311 5699999999999999
 97 86 81 80 83 91103112114110103 92 80 71 70 74 82 9411012513413413012027 627A8 747114203513599999999999999 243 801344 6999999999999999
106 91 80 74 71 74 82 94103107107103 97 90 85 85 89 9710812213313813612827 628A8 92410721 713899999999999999 4 4 711428 8499999999999999
117102 85 72 64 60 62 71 84 95103107109107103 99 9910311011913013914113727 629A81157109215014199999999999999 510 601530 9999999999999999
128115 98 79 62 51 46 49 59 74 9010311211711911611211111412012813614314527 630A81349119224514699999999999999 6 8 46164711199999999999999
140129114 94 70 49 36 32 36 48 67 8910611912713012712111912212713314014827 7 1A815 1130234815199999999999999 7 0 32175611999999999999999
151145131114 90 61 36 22 19 24 38 63 9011212613513913412512212513013514427 7 2A81557139999999999999999999999 750 19185512299999999999999
155158150134113 85 51 23 10  9 15 32 63 9511813114014413512412112613013427 7 3A8 048159164714499999999999999 837  8194612099999999999999
147162165153135113 80 41 13  3  3 11 32 6910312313414314413111711612212627 7 4A8 142166173414599999999999999 921  2203411599999999999999
132150168169154134111 74 33  7  1  3 12 39 8011212613514313912110710911627 7 5A8 232171181614499999999999999 959  1212010699999999999999
119130153171168150132107 67 27  8  7 10 22 54 95121129136141130107 9510027 7 6A8 3191731856141999999999999991032  622 6 9599999999999999
107111127154169160143127101 61 26 15 18 23 39 74111129132136135117 93 8527 7 7A8 4 616919301389999999999999911 4 152254 8499999999999999
 91 97103123149159149134121 95 57 32 29 35 42 62 97127136135135128104 8127 7 8A8 4541591859136999999999999991137 292343 7699999999999999
 76 83 87 95117140145135125113 89 59 44 48 55 64 86118139141137133118 9327 7 9A8 5431461835142999999999999991212 44999999999999999999999
 73 70 75 78 87108127129121116107 87 67 61 68 76 8710913514714413712811027 710A8 636130191314899999999999999 038 701249 6199999999999999
 85 69 66 68 70 79 98112114111109104 91 79 79 87 9510712614515114513612427 711A8 738115195415199999999999999 145 661329 7899999999999999
105 82 67 63 61 63 71 87 99103104107106 99 94 9610311112213715015214513427 712A81123107204115399999999999999 419 611415 9499999999999999
121102 82 67 59 55 56 63 77 89 9710310911311110810911412113014115015114427 713A813 5113213615199999999999999 527 55151710899999999999999
133120102 82 64 54 49 49 56 69 84 9710711612212211811712012613214014814927 714A81425123224615099999999999999 628 48164611799999999999999
144134120103 80 60 47 42 43 50 65 8510211512513113012311912112613113814627 715A81520131999999999999999999999 720 42181011999999999999999
151146135120101 76 53 39 35 38 47 66 9011012313213713312311711812312813627 716A8 0 115116 513799999999999999 8 1 35191511799999999999999
148154149135119 96 68 43 31 31 35 48 7210012013113813913111811111411912527 717A8 1 3154164414099999999999999 833 3020 611199999999999999
137152158150133114 88 57 33 26 28 36 54 8311212813513913712410910410911627 718A8 153159171814099999999999999 9 5 26205110499999999999999
125141158160147128106 77 45 26 24 30 42 65 98123134137138130113 99 9810527 719A8 237162174413899999999999999 938 232131 9799999999999999
114127147162158140120 95 64 35 23 27 37 54 82113132137137133119100 90 9327 720A8 3171631727137999999999999991010 232210 9099999999999999
102113132152160150131110 82 52 30 27 35 49 71101127137137134124105 88 8427 721A8 3551601726138999999999999991041 262247 8499999999999999
 90100115136153153139120 98 70 44 33 37 49 66 92120136139136128111 91 7927 722A8 43115617461409999999999999911 9 332323 7899999999999999
 80 88100118138148143128110 87 61 44 43 52 66 86113134142139132118 98 8027 723A8 5 714818 6142999999999999991135 422359 7499999999999999
 74 78 86100119136140131118101 79 59 52 58 70 85107130143143136125107 8627 724A8 5441401827144999999999999991158 52999999999999999999999
 73 71 76 84 99117130129121110 95 77 66 67 77 89105125142147141131116 9627 725A8 626131185014799999999999999 037 711223 6599999999999999
 77 68 69 73 81 96112121119113106 95 83 79 85 9510712213914914713712510827 726A8 716121191914999999999999999 123 681252 7999999999999999
 89 72 65 65 68 75 89104111111110107101 95 9610311212213414615114513412027 727A8 831112195415199999999999999 231 641325 9499999999999999
104 85 69 61 58 59 66 79 9310210611011211110911211812513314214915014313227 728A81211112203815199999999999999 417 5814 310999999999999999
119103 84 67 55 49 48 54 67 82 9510511412112312312412813313814414915014527 729A82138151999999999999999999999 542 48999999999999999999999
135122106 85 63 47 38 36 41 55 74 9210712113013413313113213513814214815227 730A815 7134231015299999999999999 651 3617 913199999999999999
149141128110 85 58 37 26 23 29 45 69 9411312813814113613012913113413814727 731A81550141999999999999999999999 749 23184712999999999999999
156157149134113 84 52 27 16 14 22 41 7210112113414314313312211912312613327 8 1A8 037158163014499999999999999 839 14194611999999999999999
148163165155138115 81 43 18 10 11 21 46 8211312913914513912210810711211627 8 2A8 13916617 914599999999999999 919 10203210699999999999999
127150169170156139114 75 36 15 12 15 28 60100126136141143129105 91 9310027 8 3A8 230172174414399999999999999 944 122115 9099999999999999
106123153172167152137110 68 31 19 22 27 44 82120138139141137114 85 75 8227 8 4A8 31617318131419999999999999910 6 192157 7599999999999999
 88 96121154168159145131102 61 34 31 38 46 68108140146141139126 96 68 6327 8 5A8 4 11681647146999999999999991034 302241 6299999999999999
 72 78 90120150157146136123 94 59 43 50 59 69 96133154150141133113 79 5627 8 6A8 44515817161549999999999999911 5 432325 5499999999999999
 57 66 71 87117141142132126114 88 63 60 71 81 94122152160150138125 99 6827 8 7A8 5301441750161999999999999991137 58999999999999999999999
 52 56 62 68 85112129126120117107 87 74 79 92102117142161161147133116 9027 8 8A8 618129182716499999999999999 013 521211 7499999999999999
 64 54 57 61 67 83104115113111111104 93 89 9810911913315216215614212711027 8 9A8 71311519 616299999999999999 1 6 541246 8899999999999999
 86 66 59 59 60 66 79 9510310410610910710310411212113014115315715013712327 810A81113109194915899999999999999 218 58132210299999999999999
107 88 72 63 60 59 63 73 86 94 9910611311511511612212713414114915014413427 811A82041151999999999999999999999 450 59999999999999999999999
123109 92 76 65 59 56 58 67 79 9010011112012412412412512713113614214414127 812A822 0144999999999999999999999 6 5 56999999999999999999999
135125113 96 78 63 53 50 53 61 75 9110711912813213012512212212613013514127 813A815 9132235114399999999999999 7 4 50181812299999999999999
143139129115 97 75 56 46 44 48 58 77 9811612813413613012011411511912413227 814A81544136999999999999999999999 748 43192011499999999999999
143149143131115 93 67 47 38 39 46 60 8511012613413813512411010410711212027 815A8 1 0149161313899999999999999 819 3720 410499999999999999
134150154145130111 85 56 37 33 38 48 69 98123134138137129112 96 9410010827 816A8 148155163013899999999999999 848 332042 9399999999999999
120140157157143125103 73 44 31 34 42 58 84115134139138132117 96 83 86 9427 817A8 22915916 313999999999999999 916 312117 8399999999999999
106125148160154137117 91 60 37 33 40 53 74105131141140134122100 79 73 8027 818A8 3 7161161314299999999999999 944 322151 7399999999999999
 91108132154159146129107 78 50 37 41 52 69 96126143144137126106 81 66 6727 819A8 3421591630145999999999999991011 372223 6599999999999999
 77 91113139155151137119 96 67 47 46 55 69 90119143148141131114 88 65 5927 820A8 4171561649148999999999999991034 442253 5899999999999999
 65 76 93119143150141127110 85 62 54 61 73 89114140152147136121 98 71 5527 821A8 45015017 8152999999999999991056 532323 5499999999999999
 56 65 77 97124141140130119102 80 65 68 80 93110134153154142127109 82 5927 822A8 5251431731156999999999999991119 642357 5199999999999999
 51 57 65 78101124134129121113 97 81 76 86 99111129149158149134118 97 7127 823A8 6 41341758158999999999999991145 76999999999999999999999
 53 51 58 65 79100118123119115109 98 89 93105117128143156156143126109 8827 824A8 650123183015899999999999999 037 511214 8999999999999999
 66 54 53 58 63 76 9410811111111111010410211012113013914915615113612110527 825A8 9 311119 615699999999999999 129 52124410299999999999999
 86 67 57 54 55 58 68 84 9610110611111511411612313213714314915214513312127 826A81949152999999999999999999999 3 5 54999999999999999999999
107 90 72 60 52 48 49 57 71 84 9510511612312512713113513714014414614213527 827A82053146999999999999999999999 528 48999999999999999999999
126114 98 78 60 47 39 38 45 60 77 9410912313113313213013013013213614114327 828A8145513323 614399999999999999 641 3718 713099999999999999
142135124106 82 58 39 29 28 37 54 7710011813113713612912111811812112713827 829A81522138999999999999999999999 738 28191811799999999999999
148151145132111 83 52 31 23 24 34 57 8611212813714013311710410110310811927 830A8 046151155314099999999999999 821 22195110199999999999999
139156159151137114 80 45 26 23 27 40 69104128136139138122 98 83 83 88 9527 831A8 142160162014099999999999999 849 232026 8199999999999999
113142163163152138113 74 40 28 31 37 55 90126141141139130105 75 62 68 7527 9 1A8 228165152214299999999999999 9 8 2821 3 6299999999999999
 85112147165159148136107 67 40 39 46 54 77117146150142135118 83 53 48 5727 9 2A8 310165153715199999999999999 932 372142 4799999999999999
 65 80114150160151142130 99 62 48 56 65 76104142160152139128102 62 38 4027 9 3A8 35116016 51619999999999999910 0 482221 3699999999999999
 51 59 80118147149139134121 91 64 62 76 86100131161166149133117 84 47 3227 9 4A8 4331511638167999999999999991032 6023 2 3299999999999999
 40 49 59 84119138135128126112 87 72 81 95105122151170162142126104 71 4127 9 5A8 51513917121709999999999999911 5 722345 3499999999999999
 35 44 51 63 88116126122119118106 88 86 98111121139161168154134117 94 6427 9 6A8 5591261748168999999999999991139 84999999999999999999999
 44 43 50 56 68 90109114111112112104 96100112123132147160159144126109 8827 9 7A8 650114 93311318261629999999 032 42 8181111213 969999999
 66 53 53 57 61 71 8810010410510911110810611212112913614615214813412010627 9 8A8105311119 615299999999999999 129 52124510699999999999999
 89 73 63 60 60 63 70 82 92 9710310911411511612012412813313914113712811827 9 9A81954141999999999999999999999 328 60999999999999999999999
107 94 81 71 64 60 61 66 75 86 9510511412012212212112112312512913113112727 910A81417123212313199999999999999 526 60163512199999999999999
121112101 87 73 62 56 56 61 71 84 9911212112712712311711311311511912413027 911A81438128234613199999999999999 631 55182911299999999999999
131127117105 89 70 55 49 51 58 70 8910812112913112811810610110210611212327 912A815 1131999999999999999999999 715 49191610099999999999999
134138132121106 85 63 47 44 49 59 76100120130133131122106 91 87 91 9811027 913A8 05213815 613399999999999999 748 441952 8799999999999999
127142144135121102 77 53 42 44 52 66 89115132136133126109 88 75 76 83 9427 914A8 139145145413699999999999999 817 412026 7499999999999999
113135149146134117 95 67 46 42 49 61 80108131140137129114 91 69 61 67 7827 915A8 21815015 514099999999999999 845 422057 6199999999999999
 95120145153144130111 84 58 45 49 60 75100128144142133119 96 69 51 52 6227 916A8 255153152214599999999999999 911 452127 5099999999999999
 77101131150151139124102 74 54 53 62 75 95123145149139125104 75 49 40 4727 917A8 329153154015099999999999999 935 512155 4099999999999999
 60 80110140151144133118 93 68 59 67 78 93117144155146131113 86 54 35 3627 918A8 4 215116 015599999999999999 957 592223 3499999999999999
 47 61 87120143145136127110 85 69 72 84 96113138157155138121 98 66 38 3027 919A8 4341461622159999999999999991020 682253 3099999999999999
 38 49 66 95126139135128121103 83 77 88101113131154161148128109 83 52 3127 920A8 5 81391649162999999999999991046 772326 2999999999999999
 32 42 52 71101125130125121115 99 87 91106117128145161157138118 99 72 4527 921A8 5461301720162999999999999991114 86999999999999999999999
 33 37 46 55 75101117118115116111100 97107120129138152159148128110 91 6727 922A8 632119175415999999999999999 0 6 331146 9699999999999999
 46 39 44 49 56 74 94105107109113111106109119129135142151151138121107 9027 923A81018113183215299999999999999 056 39121810699999999999999
 70 53 48 48 48 54 68 84 94 9910611311511511812613113413814314113111910927 924A81919143999999999999999999999 219 47999999999999999999999
 96 79 63 54 49 45 48 59 74 86 9610811712112212312512512512713113112812327 925A82039132999999999999999999999 511 45999999999999999999999
116106 89 72 57 46 40 42 53 69 8510111412412712412011511211011311812513027 926A81359127234213199999999999999 619 40185411099999999999999
130126116 99 78 57 42 37 39 51 71 93111124130129121108 97 92 93 9710712327 927A81427131999999999999999999999 710 361925 9299999999999999
136140136125106 79 54 40 37 43 57 81108126132133127110 88 74 72 75 8210027 928A8 057140144013399999999999999 746 371944 7199999999999999
125143147142131109 78 51 42 45 52 69 99127139137132119 92 64 51 54 60 7127 929A8 146147141513999999999999999 8 7 422013 5199999999999999
 98131150149143133108 73 52 51 58 67 89123147148138127106 70 40 33 41 4927 930A8 226151143015099999999999999 829 492046 3399999999999999
 66102138151147142131103 70 58 66 75 85112146160149133118 88 47 22 24 342710 1A8 3 5151145816099999999999999 858 582123 2099999999999999
 44 68109141146141138126 96 70 70 83 91105135164164144126105 69 29 14 222710 2A8 343147153016899999999999999 929 6722 0 1499999999999999
 33 45 75116139137133132118 90 75 85 99107124154171159136116 91 52 20 162710 3A8 42114016 41719999999999999910 3 752240 1499999999999999
 27 37 52 85119131127126125109 88 85 99111120140163168149125106 78 43 222710 4A8 5 21311640170999999999999991038 842320 2199999999999999
 24 35 44 63 93117122118120117104 92 97110120130148163157136115 95 69 422710 5A8 546122 81812017161639999999 7121181114 9199999999999999
 31 36 44 54 72 96111112112114112103 99106117125135148153144125107 88 662710 6A8 912114175315499999999999999 0 5 311150 9999999999999999
 48 43 47 53 61 77 93103106108111110106106113120125133140140131116101 862710 7A81018111183214299999999999999 056 43122810599999999999999
 70 58 54 55 58 65 77 89 971021071111121111121141171211251281271211111002710 8A81148112191812999999999999999 212 54131911199999999999999
 89 77 68 61 59 60 65 74 84 941031101151171161131111101111131161171151112710 9A813 5117205911799999999999999 415 59165511099999999999999
104 95 85 74 65 59 58 63 72 83 96108116120120116109101 97 98101106111116271010A81333121232611699999999999999 533 581816 9799999999999999
115110101 91 77 63 56 56 63 73 87104117123124120111 98 86 83 85 91100112271011A81339124999999999999999999999 625 551859 8399999999999999
121122116106 93 75 60 54 57 66 79 97116127129124115 99 81 69 68 74 84100271012A8 037123134112999999999999999 7 4 541933 6799999999999999
118129129121109 92 71 57 55 62 74 90111129134130119103 80 60 52 56 66 83271013A8 127130135613499999999999999 738 5420 4 5299999999999999
106127137133123108 87 67 58 62 72 86106129140137125109 85 58 41 39 48 63271014A8 2 9137141414099999999999999 8 7 572034 3899999999999999
 87116137141135123105 82 65 64 73 84102126144145133117 93 62 36 26 31 44271015A8 247141143314699999999999999 834 6321 2 2699999999999999
 65 97128142141134121100 78 69 76 86 99121144152143125104 73 39 19 19 29271016A8 322143145415399999999999999 857 692129 1799999999999999
 44 72109135142138132117 93 77 79 90100116140157153135114 88 53 21 11 18271017A8 355142151815899999999999999 921 762158 1199999999999999
 29 49 83119136137134128111 89 83 93104114132155161146124102 72 35 12 11271018A8 427138154616299999999999999 948 832230  999999999999999
 21 33 56 92122131129128122105 90 93107116126145162157135113 91 59 26 12271019A8 5 11311618163999999999999991018 8923 6 1199999999999999
 17 26 38 64 98119121121123116101 95105118125135152160147124105 82 51 25271020A8 7581231653160999999999999991051 942349 1899999999999999
 19 25 32 44 69 97110112114118112102102114124129139151151135115 99 78 51271021A8 8591181731154999999999999991128100999999999999999999999
 32 29 34 38 49 71 92101105110115111105109119124127135142139124110 97 79271022A810 1115181514399999999999999 040 2912 910599999999999999
 58 43 40 41 42 51 69 86 95102110115112109112116118119124129126117108100271023A811 7115191212999999999999999 2 1 4013 610999999999999999
 86 69 56 49 46 45 53 68 84 95104113118115110108107104104108113115114111271024A812 6118205911599999999999999 438 45174110399999999999999
107 96 81 67 56 49 48 55 70 87101112120121116107 97 90 85 85 90 99109115271025A81246122999999999999999999999 540 481836 8499999999999999
118116107 92 74 60 53 53 61 76 96113123126124114 97 79 68 64 66 73 89107271026A8 0 611813 512699999999999999 626 521911 6499999999999999
121126125117101 79 63 58 62 71 88110128134131123106 81 57 45 45 49 61 85271027A8 11912613 213499999999999999 657 581933 4499999999999999
111128132131124105 80 66 67 74 83103128143141131118 94 60 34 26 30 37 55271028A8 220132132114499999999999999 723 651958 2699999999999999
 87119133136136128105 80 72 79 87 97120146155143127109 77 39 15 14 21 31271029A8 339136135115599999999999999 754 722030 1399999999999999
 56 95126135136137127102 81 81 92 99111138160158139120 97 59 20  5 10 19271030A8 449137142516399999999999999 827 7821 6  499999999999999
 32 64105130134135136122 97 84 91103110126153167155131110 82 42  9  3 13271031A8 54413615 116799999999999999 9 3 842143  299999999999999
 22 40 76114129129131131115 93 89101111119138162165145121 99 68 30  7  92711 1A8 632133153816799999999999999 940 882222  599999999999999
 19 30 52 88117125124127124107 92 96108117127146162156133110 87 56 25 122711 2A8 7171271615163999999999999991019 9123 3 1299999999999999
 18 29 41 66 97116119119122116102 94101112120132148155143121100 77 49 272711 3A8 8 01221652155999999999999991058 942346 2299999999999999
 22 29 39 53 76100112114115116110100 98105114121132143143129110 91 70 492711 4A8 8411171730145999999999999991140 97999999999999999999999
 35 34 40 49 63 83100108111113112107101101106112118126132128116101 85 682711 5A8 924113181013299999999999999 034 33122910099999999999999
 53 45 44 49 58 70 85 98106110112111107103102103106111116119115107 96 842711 6A81010112185911999999999999999 132 44135110299999999999999
 71 61 55 53 56 64 75 87 98107112113112108103 99 96 97100103106106102 952711 7A81057113203010699999999999999 249 531618 9699999999999999
 87 78 70 63 60 61 68 78 90101111116116113107 99 90 84 84 86 91 971011032711 8A81134117224810399999999999999 412 591739 8399999999999999
 99 93 86 78 69 64 65 73 83 95108118121119113103 89 76 69 69 74 82 921022711 9A812 4121999999999999999999999 518 641829 6899999999999999
108107101 94 83 73 68 70 79 91104117126126119108 92 73 58 52 55 64 77 94271110A8 018108123212799999999999999 6 9 6719 7 5299999999999999
109116115110100 87 76 72 78 88100115128133128116 98 76 53 38 36 44 57 78271111A8 121117125713399999999999999 650 721940 3699999999999999
101118125123116104 88 79 79 87 98112129139137126108 84 55 31 22 25 36 56271112A8 212125132114099999999999999 725 782011 2199999999999999
 85112128132129120104 89 84 89 98109126143147137119 96 65 33 13 10 18 33271113A8 3 2132134614799999999999999 754 842041 1099999999999999
 61 95122133135132121102 90 91 99108121141154149131110 82 45 14  1  4 15271114A8 359135141315499999999999999 822 892111  199999999999999
 35 69106127134136133118 99 93101109117134154160145123100 67 28  1 -3  4271115A8 510136144516099999999999999 851 932143 -499999999999999
 16 41 80113127131134130112 97 99109116125145162158137115 90 53 15 -3 -1271116A8 610134152016499999999999999 923 962219 -499999999999999
  7 20 49 89115123126131124106 97105116121132152163151127106 80 43 11  1271117A8 7 4131155816399999999999999 959 972259  199999999999999
  6 13 28 59 94113117122126117101 99109118123135153156139118 99 73 39 14271118A8 7541261638158999999999999991039 982343 1099999999999999
 10 15 21 38 68 96108112118121110 99100110116120133146144127110 94 70 41271119A8 8431211723148999999999999991123 97999999999999999999999
 24 23 27 32 48 75 97106110117116106 97100106109113124133129116104 92 71271120A8 931118181413399999999999999 032 221216 9799999999999999
 49 37 36 38 43 59 82 99107112117114104 96 95 97 97100109117115108102 93271121A81015117191911799999999999999 133 361329 9599999999999999
 78 61 52 50 50 55 70 89104112116118113102 91 86 83 81 83 91100104103102271122A81053118211510499999999999999 3 8 501711 8199999999999999
 98 88 75 66 62 62 67 80 98112120122121113 99 84 73 65 62 65 74 87 97103271123A81111122999999999999999999999 429 6218 8 6299999999999999
107106100 88 77 72 73 79 92108122129129123112 93 72 55 46 44 48 60 79 96271124A8 029107112413099999999999999 519 721854 4499999999999999
107113116111 98 86 81 84 91102118133139134124108 84 57 37 29 29 35 52 77271125A8 155116115813999999999999999 6 2 811926 2899999999999999
100113121125120105 91 88 94101111129145147136122102 72 40 20 16 19 28 50271126A8 3 4125123714899999999999999 642 881951 1699999999999999
 82108120127131125107 94 95102109120139154150134117 93 58 24  8  9 14 26271127A8 4 1131131815599999999999999 723 922022  799999999999999
 55 91116125131135125105 95100109114128149160149129109 81 42 11  2  7 14271128A8 452135135916099999999999999 8 4 952057  299999999999999
 31 66102121127133134120101 96105112119136157161144122100 68 29  4  2 10271129A8 538135144016299999999999999 845 952134  199999999999999
 20 42 79111124127132130113 97 97107114123143160156135112 88 55 20  4  7271130A8 621133152016299999999999999 927 952213  399999999999999
 16 29 56 92116123126129122104 93 98108115127147157146124102 76 44 16  82712 1A8 7 012915591579999999999999910 9 932253  899999999999999
 15 26 43 71102118121123123113 98 92 99108116130146149134112 91 65 37 182712 2A8 7331241639150999999999999991052 922334 1699999999999999
 17 26 38 57 84107118120120116105 93 92 98106116129139136121101 81 57 362712 3A8 7511201718140999999999999991138 91999999999999999999999
 25 28 38 51 71 94111117118116110 99 91 91 96103113123128122108 91 73 542712 4A8 747118175912899999999999999 015 251229 9099999999999999
 40 36 40 50 65 83101113118117113105 96 90 89 92 98106113115110 99 85 702712 5A8 822118184611599999999999999 056 361338 8999999999999999
 57 49 48 53 63 77 93107116119117111102 93 87 84 85 89 95101103100 93 832712 6A8 9 3119195310399999999999999 139 471519 8499999999999999
 73 65 60 61 65 75 88102113119121117109 99 89 80 75 73 77 84 90 94 95 932712 7A8 9441212148 9699999999999999 229 601644 7399999999999999
 88 81 76 73 72 77 85 98109118123123117107 94 81 69 61 60 64 72 82 91 962712 8A810251242356 9899999999999999 336 721746 5999999999999999
 98 96 92 88 84 83 87 95106117125128125117103 87 70 54 45 45 52 64 78 922712 9A811 5128999999999999999999999 447 831834 4499999999999999
103107108104 98 93 92 96104114124131133127115 98 76 54 37 29 31 41 59 79271210A8 132108114413399999999999999 545 911916 2999999999999999
 99111118119114106 99 99104112121132139138128112 89 62 36 19 15 20 34 58271211A8 240119122214099999999999999 633 981954 1599999999999999
 85107120127128121110103105111118129141148142127106 79 46 18  4  4 12 31271212A8 33612813 214899999999999999 7141032032  399999999999999
 61 93115127133133123110106110116123136151155143124100 67 30  3 -5 -3  8271213A8 429134134215599999999999999 75110621 8 -599999999999999
 32 68101120130136134120107107114119127144160158140119 93 55 16 -6 -9 -5271214A8 520137142416199999999999999 8291052144-1099999999999999
  8 38 78108122130136130113103107115119131151164156135114 85 44  8 -8 -7271215A8 6 813615 616499999999999999 9 91032221 -999999999999999
 -2 14 49 88112121129133123104 98105112117133155163149128108 77 36  5 -3271216A8 653133154916399999999999999 951 982258 -399999999999999
  0  7 26 63 98114120127128113 95 93102107114132152154138120101 70 33 10271217A8 7351291635156999999999999991036 912336  799999999999999
  8 13 21 43 78107116120125120102 87 88 96100108127143141125111 95 66 36271218A8 8141251722144999999999999991125 85999999999999999999999
 22 24 29 38 62 94114119121122113 93 80 82 87 90 98116128125113104 90 66271219A8 845122181512999999999999999 015 211220 7999999999999999
 45 38 42 48 59 81108122123122119106 86 75 75 76 78 86101111109103 98 89271220A8 739124191711299999999999999 056 381328 7499999999999999
 72 58 56 61 67 78 99119129128124116101 82 70 66 64 64 72 85 95 97 97 97271221A8 8181292147 9799999999999999 141 561633 6499999999999999
 93 83 74 74 78 84 95112128134131125115 98 79 64 55 51 50 57 70 82 90 95271222A8 9 4134999999999999999999999 234 731738 5099999999999999
100101 96 90 89 92 98108121134138134126114 97 75 56 44 38 38 45 59 75 88271223A8 040101 95913899999999999999 342 891835 3799999999999999
 98107111109102 99102108116127138142138128114 95 70 46 32 27 27 35 53 75271224A8 2 7111105914299999999999999 458 991925 2699999999999999
 93105116122118110105108113119129141146141128113 91 62 35 21 18 20 31 53271225A8 31012212 014699999999999999 6 510520 4 1899999999999999
 80101114124129124112106110115120130144150143128110 84 51 24 13 12 17 31271226A8 4 0129125515199999999999999 7 11062032 1299999999999999
 59 90110122131133123109104109114119133150154142124104 75 39 14  8 10 18271227A8 444134134415599999999999999 75210421 1  899999999999999
 37 70102118127133132118102100106112120138155154138118 96 63 28  8  6 12271228A8 525134142915799999999999999 838 992133  599999999999999
 23 49 85112123129133126108 95 96104110122143157151131110 84 50 18  6 10271229A8 6 3133151115799999999999999 922 9422 8  699999999999999
 18 35 65 99120126128128116 97 88 93101110126147155142121 99 71 37 13  9271230A8 63312915511559999999999999910 5 882243  899999999999999
 18 30 51 83112124126126120104 87 82 90 99111129146146130109 87 58 30 15271231A8 6351261631149999999999999991046 822317 1599999999999999
