 30 26 23 21 22 27 35 42 47 49 47 41 35 28 23 19 16 18 22 28 34 39 41 4027 1 1AO 858 492215 4199999999999999 311 2116 9 1699999999999999
 37 35 31 28 26 26 31 37 43 47 48 46 42 36 30 25 19 16 17 21 27 33 38 4127 1 2AO 951 48999999999999999999999 421 261721 1699999999999999
 43 42 39 36 32 29 29 32 38 43 47 48 47 44 38 32 25 19 15 16 20 26 33 3927 1 3AO 0 5 4311 6 4899999999999999 534 281826 1599999999999999
 44 47 47 44 39 34 30 30 33 38 43 47 50 50 46 40 32 24 17 13 14 18 26 3427 1 4AO 125 471230 5099999999999999 640 291922 1399999999999999
 42 48 51 50 46 40 34 30 29 33 38 45 50 53 53 48 40 30 21 13 10 12 18 2727 1 5AO 214 511330 5499999999999999 739 292012 1099999999999999
 37 46 53 55 52 45 38 32 28 28 33 40 47 53 57 55 48 37 26 16  9  7 10 1927 1 6AO 253 551414 5799999999999999 831 282056  799999999999999
 29 41 50 56 56 50 42 35 29 26 27 33 42 50 57 59 55 44 32 20 11  6  5 1127 1 7AO 326 571450 5999999999999999 916 252135  599999999999999
 21 34 46 54 57 54 46 38 30 25 22 26 34 45 54 59 59 51 38 25 14  6  3  527 1 8AO 357 571524 6099999999999999 956 222210  399999999999999
 13 26 39 50 57 56 50 41 32 25 20 20 26 36 48 56 60 55 45 31 18  9  3  227 1 9AO 426 571556 60999999999999991031 192240  199999999999999
  7 18 32 45 54 56 52 44 34 25 19 16 19 27 39 50 57 57 49 37 24 13  5  127 110AO 452 561629 589999999999999911 3 1623 8  199999999999999
  3 12 25 38 49 55 54 47 37 27 19 14 14 19 30 42 51 55 52 42 30 18  9  327 111AO 519 5517 4 55999999999999991134 132335  299999999999999
  3  8 19 32 44 52 54 49 40 30 21 14 11 14 22 33 44 51 52 46 36 24 14  727 112AO 547 541741 529999999999999912 5 11999999999999999999999
  4  7 15 26 38 48 52 51 44 34 25 17 12 11 16 25 35 44 49 48 41 31 21 1327 113AO 617 531822 4999999999999999 0 3  41237 1199999999999999
  9  9 13 22 33 42 49 51 47 39 29 21 15 12 13 19 27 36 43 46 44 37 28 2127 114AO 649 5119 8 4699999999999999 033  81313 1299999999999999
 15 13 15 20 29 38 45 50 49 43 35 26 19 15 13 15 21 28 36 41 44 42 36 2927 115AO 724 5020 1 4499999999999999 1 6 131358 1399999999999999
 23 20 19 21 27 34 41 46 49 47 41 33 25 20 17 15 16 21 27 34 39 42 40 3627 116AO 8 3 4921 8 4299999999999999 147 1915 4 1599999999999999
 32 28 26 26 27 31 37 43 47 48 46 40 33 27 22 18 16 16 19 25 31 37 40 4127 117AO 850 482242 4199999999999999 249 261630 1599999999999999
 39 37 34 32 31 31 34 38 43 47 48 46 42 37 31 24 18 14 13 15 21 28 35 4127 118AO 956 48999999999999999999999 423 301750 1299999999999999
 44 44 42 39 36 33 32 34 38 42 46 49 49 46 41 33 25 17 10  8 10 17 26 3527 119AO 038 441138 4999999999999999 554 321858  899999999999999
 43 48 50 47 43 37 33 31 32 36 41 46 51 53 51 45 34 23 13  5  2  6 14 2427 120AO 149 5013 6 5399999999999999 711 311957  299999999999999
 36 47 54 54 50 43 36 30 27 28 33 40 48 55 58 55 46 33 20  8  0 -3  2 1227 121AO 236 5514 6 5899999999999999 818 272050 -399999999999999
 26 40 52 59 57 50 41 32 25 21 23 30 39 50 58 62 57 44 29 15  3 -5 -6  127 122AO 316 591456 6299999999999999 913 212138 -799999999999999
 14 30 46 58 61 56 46 36 26 18 15 18 28 40 52 61 63 55 40 25 11 -1 -8 -727 123AO 354 621541 639999999999999910 1 152221 -999999999999999
  4 19 36 52 62 62 53 41 29 19 11  9 15 27 41 54 61 60 50 35 20  7 -4 -827 124AO 430 631624 62999999999999991044  923 1 -899999999999999
 -3 10 27 43 57 63 59 47 34 22 12  5  6 15 29 43 54 59 55 44 29 16  5 -327 125AO 5 5 6317 7 59999999999999991125  42339 -599999999999999
 -5  3 18 35 49 59 61 53 40 27 16  7  2  6 17 31 43 52 55 49 37 25 14  527 126AO 540 611750 559999999999999912 4  2999999999999999999999
  0  2 12 27 41 53 59 56 46 33 21 11  5  3  9 20 33 43 49 49 43 32 22 1427 127AO 614 591833 5099999999999999 015  01242  399999999999999
  8  6 11 22 34 46 54 56 51 40 28 18 10  6  7 13 24 34 41 45 44 38 30 2227 128AO 648 561918 4699999999999999 051  61322  699999999999999
 17 14 14 20 29 39 48 52 51 45 35 25 17 12 10 11 17 26 33 39 41 40 35 3027 129AO 721 522010 4199999999999999 128 1414 8 1099999999999999
 25 22 21 22 27 34 42 47 49 47 40 32 25 20 16 14 15 20 26 32 36 38 38 3527 130AO 758 492118 3899999999999999 213 211510 1499999999999999
 32 30 29 27 28 31 36 41 45 45 43 38 33 28 24 20 17 17 20 24 29 33 36 3827 131AO 842 462336 3899999999999999 322 271635 1799999999999999
 38 37 36 34 32 31 32 36 40 42 43 42 39 36 31 27 22 18 16 18 22 27 32 3627 2 1AO 950 43999999999999999999999 455 3118 0 1699999999999999
 40 42 42 40 37 34 31 32 34 38 41 43 43 42 39 34 28 21 16 13 15 19 25 3227 2 2AO 134 4212 1 4399999999999999 624 3119 9 1399999999999999
 39 44 47 46 42 37 32 29 29 31 36 40 44 47 46 42 34 26 18 12  9 11 17 2527 2 3AO 216 471321 4799999999999999 736 2920 3  999999999999999
 34 43 49 50 47 41 35 29 25 25 29 35 42 48 50 48 41 31 21 12  6  5  9 1727 2 4AO 249 5014 7 5099999999999999 829 252047  599999999999999
 28 39 48 52 51 45 37 29 23 20 22 28 37 46 52 53 48 38 25 14  6  1  2  927 2 5AO 317 531443 5399999999999999 911 202123  199999999999999
 20 33 44 52 54 49 40 31 22 16 15 20 29 40 50 55 53 44 31 19  8  0 -2  227 2 6AO 343 541515 5599999999999999 946 152155 -299999999999999
 12 26 40 50 54 52 43 33 23 15 10 12 20 32 44 53 55 50 38 24 12  2 -3 -227 2 7AO 4 7 541547 56999999999999991017 102223 -499999999999999
  6 19 34 46 54 54 47 36 25 15  8  6 11 22 36 48 55 53 44 31 17  6 -1 -327 2 8AO 430 551620 55999999999999991046  62250 -499999999999999
  1 13 27 42 52 55 50 40 28 16  7  3  5 14 27 41 51 54 49 38 24 12  3 -227 2 9AO 454 551654 54999999999999991114  32316 -299999999999999
  0  9 22 36 48 54 53 44 32 20 10  3  1  7 19 32 44 52 51 44 31 19  9  327 210AO 519 551729 53999999999999991142  12343  199999999999999
  2  7 18 31 43 52 54 48 37 24 14  6  2  4 12 24 36 46 50 47 38 26 16  927 211AO 546 5418 6 50999999999999991211  2999999999999999999999
  6  8 16 27 39 48 53 51 42 30 19 10  5  4  8 17 28 39 46 47 43 34 24 1727 212AO 614 531847 4799999999999999 010  61243  499999999999999
 13 12 16 25 35 44 50 51 46 37 26 16 10  7  8 13 21 30 38 43 43 39 31 2527 213AO 644 511934 4499999999999999 037 121321  799999999999999
 20 19 20 24 32 40 46 49 48 42 33 24 17 13 11 12 16 22 29 35 39 40 36 3227 214AO 717 492035 4099999999999999 1 6 191417 1199999999999999
 28 26 26 27 30 36 41 45 47 45 39 32 26 21 17 14 13 15 20 26 31 35 37 3727 215AO 757 472212 3799999999999999 146 261549 1399999999999999
 35 33 32 32 31 33 36 40 43 44 43 39 35 30 25 20 15 12 12 15 21 27 33 3727 216AO 9 2 44999999999999999999999 339 311731 1299999999999999
 39 40 39 37 35 32 32 33 36 39 41 42 42 40 35 29 21 14  8  7 10 16 24 3227 217AO 050 401125 4399999999999999 549 321850  799999999999999
 40 45 46 44 40 35 30 27 28 31 35 40 45 47 45 39 30 20 10  3  1  4 12 2327 218AO 150 4613 8 4799999999999999 720 271951  099999999999999
 35 45 51 50 46 38 31 24 20 21 26 33 41 49 53 50 41 28 16  4 -3 -5  1 1227 219AO 227 5114 6 5399999999999999 821 202040 -599999999999999
 26 40 51 56 52 44 34 24 16 12 14 22 33 44 53 57 51 39 25 11 -1 -8 -7  227 220AO 3 1 561452 5799999999999999 9 8 122123 -999999999999999
 16 32 47 57 58 50 39 27 15  7  4 10 21 35 48 57 58 49 35 20  6 -5-10 -627 221AO 334 591535 5999999999999999 949  422 3-1099999999999999
  7 23 40 54 61 57 45 31 18  7 -1 -1  9 23 38 51 58 56 44 29 15  2 -7 -827 222AO 4 7 611615 59999999999999991027 -22241 -999999999999999
  0 15 33 48 59 61 52 37 23 10 -1 -5 -1 11 27 42 53 57 51 38 24 11  1 -527 223AO 439 611655 579999999999999911 4 -52316 -599999999999999
 -2  9 25 41 54 60 57 45 29 15  4 -4 -5  2 16 32 44 53 53 45 32 20 10  327 224AO 510 601733 54999999999999991139 -62350  099999999999999
  0  6 19 35 48 56 58 50 36 22 10  1 -4 -1  9 22 35 45 50 48 39 28 18 1127 225AO 540 581812 50999999999999991213 -4999999999999999999999
  7  8 16 29 41 51 55 53 43 29 17  8  2  1  6 16 27 37 44 46 42 34 25 1927 226AO 6 9 551850 4699999999999999 022  71247  199999999999999
 15 14 17 25 35 45 50 51 46 36 25 16 10  7  7 13 21 30 37 41 41 37 31 2627 227AO 638 511933 4199999999999999 053 141322  799999999999999
 23 21 21 24 31 39 45 47 46 40 31 23 17 14 13 14 18 24 30 34 37 37 34 3127 228AO 7 8 472029 3799999999999999 127 211410 1399999999999999
 29 28 27 27 29 34 39 42 43 41 36 30 25 22 19 18 17 19 23 27 31 33 34 3427 3 1AO 745 432232 3499999999999999 222 271539 1799999999999999
 34 33 33 32 31 31 33 36 38 38 37 35 32 29 26 23 20 17 17 20 23 27 31 3427 3 2AO 846 38999999999999999999999 418 301731 1799999999999999
 36 38 38 36 33 31 29 30 32 34 36 36 36 35 33 29 23 18 14 13 15 19 25 3127 3 3AO 129 381131 3799999999999999 614 291852 1399999999999999
 36 40 42 41 37 32 27 25 25 27 31 35 39 40 39 35 28 21 14  9  8 11 17 2527 3 4AO 2 3 421311 4099999999999999 728 241945  899999999999999
 33 40 45 45 41 34 27 22 19 20 24 31 38 43 44 41 34 25 15  8  4  4  9 1827 3 5AO 229 451354 4499999999999999 815 192026  399999999999999
 29 38 45 48 44 37 28 20 14 13 16 24 33 42 47 47 41 31 19  9  2 -1  2 1127 3 6AO 253 481429 4899999999999999 850 132059 -199999999999999
 23 35 45 49 48 40 30 20 12  7  8 15 26 38 47 51 47 38 25 13  3 -2 -2  427 3 7AO 315 5015 1 5199999999999999 922  72129 -399999999999999
 16 30 42 50 51 44 34 22 11  4  1  6 17 31 44 52 52 45 32 19  7 -1 -4  027 3 8AO 336 511533 5399999999999999 950  12157 -499999999999999
 10 24 39 49 53 49 38 25 13  3 -3 -1  8 22 37 49 54 51 40 26 13  3 -3 -227 3 9AO 358 5316 5 54999999999999991018 -32225 -399999999999999
  6 19 34 47 54 52 43 30 16  5 -3 -5  1 13 29 43 53 54 47 34 20  9  2 -127 310AO 422 541638 55999999999999991046 -52253 -199999999999999
  4 15 29 43 52 55 48 36 21  9 -1 -6 -4  6 20 35 48 54 51 41 28 17  8  327 311AO 447 551713 54999999999999991115 -62321  399999999999999
  4 12 25 38 49 54 52 42 28 14  4 -3 -4  1 13 27 40 49 52 46 35 24 15 1027 312AO 514 551749 52999999999999991145 -52349  899999999999999
  8 12 22 34 45 52 53 47 35 21 10  3 -1  0  8 19 32 42 48 48 41 31 22 1627 313AO 542 531829 48999999999999991217 -1999999999999999999999
 14 15 20 30 40 48 51 49 41 29 18 10  5  3  6 13 23 33 40 44 42 36 29 2327 314AO 611 511915 4499999999999999 018 141255  399999999999999
 20 20 22 27 35 42 47 48 44 36 26 18 12  9  8 11 16 24 31 36 39 38 34 2927 315AO 644 482016 3999999999999999 048 191349  899999999999999
 27 25 25 27 31 36 41 43 43 40 33 27 21 17 14 12 13 16 21 26 31 34 35 3427 316AO 726 432153 3599999999999999 132 251524 1299999999999999
 33 31 30 29 29 31 33 36 38 38 37 34 30 26 22 18 13 11 12 15 21 27 32 3627 317AO 849 38999999999999999999999 340 291714 1199999999999999
 37 37 36 34 30 27 26 27 30 33 35 37 37 36 32 26 19 11  7  7 10 17 25 3327 318AO 027 381137 3899999999999999 557 261836  699999999999999
 39 42 42 39 34 27 22 19 20 24 29 35 40 43 41 35 27 17  7  2  1  7 15 2627 319AO 124 4313 8 4399999999999999 716 191933  199999999999999
 37 45 48 45 38 30 21 14 11 13 19 28 37 45 48 45 36 25 13  3 -3 -2  6 1827 320AO 2 0 4814 0 4899999999999999 8 5 112019 -399999999999999
 31 43 51 51 45 34 23 13  5  3  8 18 30 42 51 52 46 34 21  8 -1 -5 -1  927 321AO 233 521443 5399999999999999 847  321 1 -599999999999999
 24 38 50 55 52 41 28 15  4 -3 -2  6 19 34 47 55 54 44 30 17  5 -4 -5  327 322AO 3 5 551523 5699999999999999 925 -42140 -599999999999999
 16 32 46 56 57 48 34 19  7 -4 -8 -4  8 24 39 52 57 52 40 26 13  3 -3 -127 323AO 337 5816 2 579999999999999910 2 -82216 -399999999999999
 10 25 41 53 59 55 42 26 12  0 -8 -9 -1 14 30 44 54 55 47 34 22 11  3  027 324AO 4 8 591638 56999999999999991037-102252  099999999999999
  6 19 35 48 57 58 49 34 19  6 -4 -9 -6  6 21 36 48 54 51 42 29 19 11  627 325AO 438 591714 54999999999999991110 -92325  599999999999999
  6 15 29 42 52 57 53 42 26 13  3 -3 -5  1 14 28 40 49 51 46 36 26 18 1327 326AO 5 6 571749 51999999999999991142 -52357 1099999999999999
 10 14 24 36 47 53 53 47 34 21 10  3  0  2 10 21 33 42 47 46 40 32 24 1927 327AO 533 541824 47999999999999991212  0999999999999999999999
 16 16 21 31 40 48 50 47 39 28 18 10  7  6  9 17 26 35 41 43 41 35 29 2527 328AO 6 0 5019 2 4399999999999999 028 161242  699999999999999
 22 21 22 27 34 41 45 45 41 33 24 17 13 12 12 15 21 28 34 37 38 36 33 2927 329AO 630 461950 3899999999999999 059 211317 1299999999999999
 27 26 25 27 30 35 39 41 39 35 30 24 20 17 16 17 18 22 26 30 33 34 34 3227 330AO 7 8 412112 3499999999999999 146 251426 1699999999999999
 31 30 29 28 28 29 32 34 35 35 32 29 26 24 21 19 18 18 19 22 26 29 32 3327 331AO 8 9 35999999999999999999999 337 281636 1899999999999999
 34 34 33 31 28 26 26 27 29 31 32 32 31 30 27 23 19 16 14 15 18 23 28 3227 4 1AO 023 341028 3299999999999999 543 261810 1499999999999999
 36 37 37 34 29 25 21 20 22 25 29 33 35 35 33 29 23 17 12 10 11 16 23 2927 4 2AO 116 371240 3699999999999999 655 2019 6 1099999999999999
 35 39 40 37 32 25 19 15 14 17 24 31 36 40 40 35 28 20 12  7  6  9 16 2527 4 3AO 146 401329 4099999999999999 738 141947  699999999999999
 33 40 43 41 35 27 18 11  8  9 16 25 34 42 45 42 35 25 15  7  3  4 10 2027 4 4AO 210 4314 5 4599999999999999 813  82022  399999999999999
 30 40 45 45 40 30 19 10  3  2  7 17 29 40 48 49 43 33 21 11  4  2  5 1427 4 5AO 232 461439 4999999999999999 844  22053  299999999999999
 26 38 46 49 45 35 23 11  2 -3 -1  8 21 35 47 53 50 41 29 17  7  2  3 1027 4 6AO 255 491512 5399999999999999 914 -32124  299999999999999
 21 34 46 52 50 41 28 15  3 -5 -6  0 12 28 43 53 55 49 37 24 13  6  3  727 4 7AO 320 521546 5699999999999999 944 -72156  399999999999999
 17 30 43 52 55 48 35 20  7 -3 -8 -6  4 19 35 49 56 55 45 32 20 11  6  627 4 8AO 346 551620 57999999999999991016 -82228  599999999999999
 14 26 39 50 56 54 43 28 13  2 -6 -8 -2 10 26 41 52 56 51 40 28 18 12  927 4 9AO 415 561656 56999999999999991048 -823 0  999999999999999
 12 22 34 46 54 56 50 36 21  9  0 -6 -5  4 17 32 45 53 53 46 35 25 18 1327 410AO 445 561735 54999999999999991123 -62334 1399999999999999
 13 19 29 41 50 54 53 44 30 17  7  0 -2  1 10 23 35 45 50 48 41 31 24 1927 411AO 517 551816 509999999999999912 0 -2999999999999999999999
 17 18 25 35 44 50 51 47 38 25 15  8  4  3  7 16 26 35 42 45 43 37 30 2527 412AO 551 5119 5 4699999999999999 011 171244  399999999999999
 22 21 23 29 36 42 46 46 42 33 24 16 12  8  8 11 18 25 33 38 41 39 35 3027 413AO 632 4620 7 4199999999999999 055 211341  899999999999999
 27 25 24 25 29 34 38 40 40 37 31 25 20 16 13 11 13 17 23 29 34 37 37 3527 414AO 730 412131 3899999999999999 2 1 2415 7 1199999999999999
 33 30 28 25 25 26 29 32 35 36 35 33 29 25 21 16 13 12 14 19 25 32 36 3827 415AO 912 362314 3899999999999999 348 251646 1299999999999999
 38 36 32 28 24 21 20 22 26 30 34 36 36 34 30 24 17 11  9 11 16 24 32 3827 416AO1130 37999999999999999999999 537 2018 4  999999999999999
 41 41 38 33 26 19 14 13 16 21 28 35 40 41 39 33 25 16  9  6  9 16 25 3427 417AO 028 421253 4299999999999999 645 1319 1  699999999999999
 42 46 45 39 30 21 12  7  6 11 19 29 38 45 47 42 34 23 13  6  4  9 18 2927 418AO 116 461345 4799999999999999 734  61948  499999999999999
 39 47 50 46 37 25 14  5  0  2  9 21 33 44 51 50 43 32 21 11  5  5 11 2327 419AO 155 501428 5299999999999999 816  02031  499999999999999
 35 46 53 53 45 32 19  7 -2 -5  0 11 25 38 50 55 52 42 30 19 10  5  7 1727 420AO 230 5415 8 5599999999999999 855 -52112  599999999999999
 29 42 52 57 52 41 26 12  1 -6 -6  2 16 31 44 54 56 50 38 27 17  9  7 1227 421AO 3 4 571545 5799999999999999 932 -72151  799999999999999
 24 37 49 57 57 49 34 19  7 -2 -7 -4  7 22 37 49 56 55 46 34 24 16 11 1127 422AO 336 581621 579999999999999910 9 -72228 1099999999999999
 19 32 44 54 58 55 43 28 14  4 -3 -5  2 15 30 43 52 56 51 41 31 22 16 1327 423AO 4 6 581656 56999999999999991043 -523 3 1399999999999999
 16 26 38 49 56 57 49 36 22 10  3 -1  0  9 22 36 46 52 52 46 36 28 21 1727 424AO 435 571730 53999999999999991115 -12337 1699999999999999
 17 22 32 43 51 55 52 42 29 17  9  4  3  7 17 29 39 47 50 47 41 33 26 2227 425AO 5 4 5518 3 50999999999999991145  3999999999999999999999
 19 21 27 37 45 50 51 45 36 24 15 10  7  8 14 23 32 40 45 46 42 36 30 2627 426AO 533 511840 4699999999999999 010 191215  799999999999999
 23 22 25 31 38 44 47 45 39 30 22 16 12 11 13 19 26 33 39 42 41 38 34 2927 427AO 6 7 471923 4299999999999999 046 221247 1199999999999999
 26 24 24 27 31 36 40 41 39 34 27 21 17 15 15 17 21 26 32 36 38 38 36 3327 428AO 650 412023 3899999999999999 132 241336 1599999999999999
 30 27 26 25 26 29 33 36 37 35 31 27 23 20 18 18 18 20 24 29 33 36 36 3527 429AO 753 372146 3699999999999999 251 2515 8 1799999999999999
 33 31 28 26 24 24 25 28 32 34 34 32 29 26 23 20 18 17 19 22 27 32 35 3727 430AO 930 342320 3799999999999999 438 231652 1799999999999999
 36 35 32 27 23 20 19 21 25 29 33 35 35 33 30 25 20 16 15 16 21 27 33 3727 5 1AO1126 35999999999999999999999 554 1918 0 1599999999999999
 39 39 36 31 25 19 14 14 17 23 30 35 39 40 37 32 25 19 14 13 16 22 29 3627 5 2AO 022 391242 4099999999999999 643 131849 1399999999999999
 41 43 41 36 28 19 12  8  9 14 23 32 40 45 45 40 32 24 17 13 13 17 25 3327 5 3AO 1 2 431330 4599999999999999 722  81930 1299999999999999
 41 46 46 42 33 23 13  6  3  6 15 26 37 46 50 48 41 31 22 15 12 14 20 3027 5 4AO 135 471410 5199999999999999 758  320 8 1299999999999999
 40 47 51 49 40 28 16  6  0  0  6 17 31 44 53 55 50 40 29 20 14 13 17 2627 5 5AO 2 7 511448 5599999999999999 834 -12046 1399999999999999
 37 47 54 55 49 36 23 10  1 -4 -1  8 22 37 50 58 57 49 38 27 19 15 15 2227 5 6AO 240 551526 5899999999999999 911 -42124 1499999999999999
 32 44 53 59 56 46 31 17  5 -3 -5  0 12 28 43 55 60 56 46 34 25 19 16 1927 5 7AO 313 5916 4 6099999999999999 949 -522 4 1699999999999999
 27 39 50 58 61 54 41 25 12  2 -4 -4  4 18 33 47 57 59 53 42 32 24 19 1827 5 8AO 348 611643 59999999999999991029 -52244 1799999999999999
 22 33 44 54 60 59 50 35 21  9  1 -3 -1  9 23 37 50 57 56 48 38 30 23 1927 5 9AO 425 611725 57999999999999991111 -32327 1999999999999999
 20 26 37 47 55 58 55 44 30 18  9  2  0  4 14 27 40 49 54 52 44 35 29 2327 510AO 5 3 581810 54999999999999991154  0999999999999999999999
 20 22 29 39 47 53 54 49 39 27 18 10  5  4  9 19 30 40 47 51 48 41 34 2827 511AO 546 5419 0 5199999999999999 013 201242  499999999999999
 24 22 24 30 37 44 48 48 44 36 26 19 13  9  9 13 21 30 38 45 47 44 39 3327 512AO 638 491957 4799999999999999 1 5 221338  899999999999999
 28 24 22 23 28 34 39 42 43 40 34 28 22 17 13 12 15 22 29 37 43 45 43 3927 513AO 744 4321 1 4599999999999999 210 221446 1299999999999999
 34 29 24 21 21 24 29 33 38 40 39 35 31 26 21 17 15 16 21 29 36 42 45 4327 514AO 912 402210 4599999999999999 332 2116 5 1599999999999999
 40 35 29 24 19 17 19 24 29 35 39 40 38 35 30 24 19 16 16 21 29 36 43 4627 515AO1056 402319 4699999999999999 457 171718 1599999999999999
 45 41 35 28 21 15 13 14 20 27 34 40 43 43 39 33 26 19 16 17 22 30 39 4527 516AO1223 44999999999999999999999 6 4 131818 1599999999999999
 48 48 43 35 26 17 10  8 11 18 27 36 44 48 47 42 35 27 20 16 18 25 34 4227 517AO 020 491323 4899999999999999 656  81910 1699999999999999
 49 52 50 43 33 22 13  6  5 10 19 30 40 49 53 51 44 35 26 20 17 20 28 3827 518AO 110 521410 5399999999999999 742  51958 1799999999999999
 47 53 56 52 42 29 18  8  3  4 11 22 34 45 54 57 52 43 34 26 20 19 24 3327 519AO 153 561452 5799999999999999 825  22043 1899999999999999
 43 52 58 58 51 38 25 14  5  1  4 14 26 39 51 58 58 51 41 32 25 21 21 2827 520AO 232 591530 5999999999999999 9 6  12126 2099999999999999
 38 49 57 61 58 47 33 20 10  4  2  7 19 32 45 55 60 57 48 38 31 25 22 2427 521AO 3 8 6116 7 6099999999999999 946  222 7 2299999999999999
 32 44 54 60 61 55 42 28 16  8  4  4 12 25 38 50 57 59 53 44 36 29 24 2327 522AO 341 621642 59999999999999991023  32246 2399999999999999
 27 37 48 57 61 59 50 36 23 14  7  5  8 18 31 43 52 57 55 49 40 33 27 2427 523AO 412 611716 57999999999999991058  52323 2399999999999999
 24 31 41 51 57 59 54 43 30 20 12  8  8 14 24 36 46 53 55 51 44 36 30 2627 524AO 444 591749 55999999999999991131  72359 2499999999999999
 24 26 34 43 51 55 54 47 37 26 17 12 10 12 19 29 39 47 51 51 46 40 33 2827 525AO 517 561824 529999999999999912 2 10999999999999999999999
 25 24 28 35 43 49 51 48 41 32 23 16 13 13 16 23 32 41 47 49 47 42 36 3127 526AO 554 5119 4 4999999999999999 035 241234 1299999999999999
 27 25 25 29 35 42 46 47 43 37 29 22 17 15 16 20 26 34 41 45 47 44 40 3427 527AO 640 471949 4799999999999999 117 241313 1599999999999999
 30 26 25 25 29 34 39 43 43 40 34 28 23 19 18 19 22 28 34 41 44 45 42 3827 528AO 737 432040 4599999999999999 212 2414 6 1899999999999999
 34 29 26 24 24 27 31 36 40 41 39 35 30 26 22 21 21 24 29 35 41 44 45 4227 529AO 847 412136 4599999999999999 325 241520 2199999999999999
 38 34 29 25 22 22 24 29 34 39 41 40 37 33 29 25 23 22 25 30 36 42 45 4627 530AO10 9 412235 4699999999999999 441 211637 2299999999999999
 43 39 34 28 22 19 18 21 27 34 40 44 44 41 37 32 27 24 23 26 32 39 45 4827 531AO1135 442335 4999999999999999 541 181739 2399999999999999
 48 46 40 33 26 19 15 15 19 27 35 43 48 49 46 41 34 28 25 25 29 35 42 4927 6 1AO1246 49999999999999999999999 630 141831 2499999999999999
 52 52 48 41 31 22 14 10 12 18 28 38 47 53 54 50 43 35 29 26 26 31 39 4727 6 2AO 031 531341 5499999999999999 715 101919 2599999999999999
 53 57 56 50 40 28 17  9  6 10 18 29 42 52 58 58 52 43 35 29 27 28 34 4327 6 3AO 120 571428 5999999999999999 8 0  620 8 2699999999999999
 52 59 62 59 50 37 24 13  5  4  9 19 32 46 57 62 60 52 42 34 29 27 30 3727 6 4AO 2 5 621511 6299999999999999 846  32057 2799999999999999
 47 57 64 66 60 48 33 19  9  2  2  9 22 36 50 61 64 59 50 41 33 28 27 3127 6 5AO 248 661553 6499999999999999 933  12147 2799999999999999
 40 51 60 67 67 58 44 29 16  6  1  2 11 25 40 54 63 64 57 47 38 32 27 2627 6 6AO 331 681636 64999999999999991020  02236 2699999999999999
 32 42 53 62 67 65 54 39 25 14  5  1  4 15 29 44 56 63 61 53 44 36 29 2527 6 7AO 414 671719 639999999999999911 6  12325 2499999999999999
 25 32 43 54 62 65 61 49 35 23 13  5  3  8 19 33 47 57 62 58 50 41 33 2727 6 8AO 459 6518 3 62999999999999991152  3999999999999999999999
 23 25 33 43 52 59 61 55 45 33 22 14  8  7 13 24 37 48 57 59 55 46 38 3127 6 9AO 547 611850 5999999999999999 013 231238  699999999999999
 25 22 24 32 41 49 54 55 50 41 31 23 16 11 12 18 28 39 49 56 57 52 44 3627 610AO 641 561938 5799999999999999 1 3 221326 1199999999999999
 29 23 21 24 30 38 45 50 51 47 39 32 25 19 16 17 23 32 41 50 55 55 49 4227 611AO 741 512027 5699999999999999 159 211419 1699999999999999
 35 28 23 21 23 28 35 41 46 48 45 40 34 29 24 21 21 27 35 43 50 54 53 4827 612AO 851 482119 5499999999999999 3 3 211521 2099999999999999
 42 35 28 23 20 21 26 32 39 44 46 45 42 38 33 28 25 25 30 37 45 51 54 5327 613AO1011 462215 5499999999999999 414 201628 2499999999999999
 49 42 35 28 22 19 19 24 31 38 44 47 48 46 42 37 32 28 28 32 39 47 52 5527 614AO1142 482319 5599999999999999 521 181732 2799999999999999
 54 50 44 36 28 21 17 18 23 30 38 45 50 52 50 46 40 34 30 30 35 42 49 5427 615AO13 0 52999999999999999999999 621 171831 3099999999999999
 57 57 52 45 35 26 19 15 17 23 31 40 48 54 57 54 48 41 35 32 32 37 44 5127 616AO 025 581356 5799999999999999 713 151926 3199999999999999
 57 61 60 54 44 33 24 17 14 16 24 33 43 53 59 60 56 49 42 36 32 33 39 4727 617AO 122 611441 6099999999999999 8 3 142018 3299999999999999
 55 61 64 62 53 42 30 21 14 12 17 25 36 47 57 62 61 55 47 41 35 32 34 4127 618AO 2 8 641521 6399999999999999 850 1221 8 3299999999999999
 50 58 65 66 61 50 38 26 18 12 12 18 29 41 52 61 64 60 53 45 39 34 32 3527 619AO 248 661558 6499999999999999 933 112153 3299999999999999
 44 53 62 67 66 58 46 33 22 15 11 13 21 33 46 56 63 63 57 49 42 36 31 3127 620AO 324 671632 64999999999999991013 112234 3199999999999999
 36 46 56 64 67 63 53 40 28 19 13 11 15 26 38 50 59 63 60 53 45 38 32 2927 621AO 358 6717 5 63999999999999991049 112312 2999999999999999
 31 38 49 58 64 64 58 46 34 23 16 12 13 20 31 44 54 60 61 56 48 40 33 2927 622AO 431 651736 61999999999999991121 112347 2799999999999999
 27 31 40 50 59 62 60 51 40 29 20 14 13 16 25 37 48 56 60 58 51 43 36 3027 623AO 5 6 6218 7 60999999999999991150 13999999999999999999999
 26 27 33 42 51 57 59 54 45 35 25 18 15 16 21 31 42 51 57 58 54 47 39 3227 624AO 544 591840 5899999999999999 021 261219 1499999999999999
 27 25 28 34 43 50 55 55 49 41 31 24 19 17 20 27 36 45 53 57 56 50 43 3627 625AO 627 561916 5799999999999999 056 251251 1799999999999999
 30 26 26 29 35 43 49 53 52 46 38 30 25 21 21 25 32 40 48 54 56 54 48 4027 626AO 716 531954 5699999999999999 137 251329 2199999999999999
 34 29 26 26 30 35 42 48 51 50 45 38 32 28 26 26 30 36 44 51 55 56 52 4627 627AO 812 512037 5699999999999999 228 261417 2599999999999999
 39 34 29 26 26 29 35 41 47 50 49 45 40 36 32 30 31 34 40 47 53 56 56 5227 628AO 916 502124 5799999999999999 332 261520 3099999999999999
 46 40 34 29 26 25 28 33 40 47 50 51 48 44 40 37 35 35 38 43 50 55 58 5727 629AO1034 512220 5899999999999999 442 251631 3499999999999999
 54 48 41 35 28 24 23 26 32 40 47 52 54 52 49 45 41 38 37 40 46 52 57 6027 630AO12 5 542329 6099999999999999 546 221737 3799999999999999
 60 57 50 42 34 26 20 19 23 30 39 48 54 58 57 53 48 43 39 39 42 48 54 6027 7 1AO1321 58999999999999999999999 644 191840 3999999999999999
 63 64 60 53 42 31 22 16 15 20 29 39 49 58 62 61 56 49 44 40 39 42 48 5627 7 2AO 042 641417 6399999999999999 739 151942 3999999999999999
 62 67 68 64 53 40 28 18 12 12 18 28 40 53 62 67 64 57 49 43 38 37 41 4827 7 3AO 143 6915 4 6799999999999999 833 112044 3799999999999999
 57 65 71 72 65 52 37 24 14  8  9 16 29 43 57 67 69 64 55 47 40 35 34 3927 7 4AO 235 721547 6999999999999999 925  72141 3499999999999999
 48 58 68 74 73 63 48 34 21 11  5  8 18 32 47 61 70 70 62 52 44 36 31 3027 7 5AO 323 741628 71999999999999991013  52232 3099999999999999
 37 48 59 69 74 71 59 44 30 18  8  5  9 21 37 52 65 71 68 59 49 39 31 2627 7 6AO 4 9 7417 8 71999999999999991058  52319 2599999999999999
 27 36 48 59 68 72 67 54 40 27 16  8  7 14 27 43 57 68 71 65 54 44 35 2627 7 7AO 456 721748 71999999999999991141  6999999999999999999999
 22 26 35 47 58 66 68 61 49 37 26 16 10 11 21 34 48 61 69 68 61 50 40 3027 7 8AO 543 681829 7099999999999999 0 4 221222 1099999999999999
 23 21 26 36 47 56 63 63 56 46 35 26 19 15 18 28 41 53 63 68 65 56 46 3627 7 9AO 633 6419 9 6899999999999999 049 2113 4 1599999999999999
 28 22 22 27 36 46 54 59 58 52 43 35 28 23 22 26 35 46 56 64 66 61 53 4327 710AO 725 591950 6699999999999999 136 211348 2299999999999999
 35 28 23 24 29 36 45 51 55 55 50 43 38 33 29 29 33 41 50 58 63 63 58 5027 711AO 822 562033 6499999999999999 229 231438 2899999999999999
 42 35 29 26 26 30 36 43 49 53 53 50 46 42 38 35 35 38 45 52 59 62 61 5727 712AO 930 532121 6299999999999999 332 251540 3499999999999999
 50 44 37 32 28 27 30 36 42 48 52 53 52 50 47 43 40 39 42 47 54 59 61 6127 713AO11 2 532222 6299999999999999 442 271650 3999999999999999
 58 52 46 40 33 28 27 29 35 41 47 52 56 56 55 51 47 43 42 44 48 54 59 6227 714AO1248 562345 6299999999999999 552 2718 0 4299999999999999
 62 60 55 48 40 33 27 25 28 34 41 48 55 59 61 59 54 49 45 43 44 49 54 6027 715AO1353 61999999999999999999999 655 2519 6 4399999999999999
 63 65 63 57 48 39 31 25 23 26 33 41 50 58 64 64 61 55 49 44 42 43 49 5527 716AO 1 1 651438 6599999999999999 751 2320 7 4299999999999999
 61 66 68 65 57 46 36 27 22 21 25 34 44 54 63 67 66 60 53 47 42 40 42 4927 717AO 155 681515 6799999999999999 841 212059 4099999999999999
 57 64 69 70 64 54 42 31 23 18 19 25 36 48 59 66 68 64 57 50 43 38 37 4127 718AO 237 701549 6999999999999999 924 182144 3799999999999999
 50 59 67 72 70 61 48 36 26 19 16 19 28 40 53 63 69 67 61 52 44 38 34 3427 719AO 313 721619 699999999999999910 2 162223 3399999999999999
 41 52 62 70 71 66 55 42 30 21 16 15 21 33 46 59 67 69 64 56 47 38 32 3027 720AO 347 721647 69999999999999991035 152258 3099999999999999
 33 43 54 64 70 69 61 48 35 25 18 14 17 27 40 53 63 68 66 59 50 40 33 2827 721AO 421 701714 689999999999999911 4 142329 2799999999999999
 28 34 45 57 66 68 64 54 42 30 21 16 16 22 34 47 59 66 68 62 53 43 34 2827 722AO 455 681740 68999999999999991131 152359 2599999999999999
 25 28 37 48 59 65 65 59 48 36 27 20 18 21 30 42 54 63 67 65 57 47 38 3027 723AO 531 6618 8 67999999999999991157 18999999999999999999999
 25 25 31 40 51 60 64 62 54 43 33 26 22 22 28 37 49 59 65 66 61 52 42 3427 724AO 610 641839 6799999999999999 030 251225 2199999999999999
 28 26 28 34 43 53 59 62 58 50 41 33 28 26 29 35 45 54 62 66 64 57 48 3927 725AO 653 621911 6699999999999999 1 4 251255 2699999999999999
 32 28 27 31 37 45 53 58 59 55 48 41 35 32 32 36 42 51 58 64 65 62 54 4627 726AO 741 601947 6599999999999999 143 271331 3299999999999999
 38 33 30 30 33 38 45 52 57 57 54 48 43 40 38 39 42 48 55 61 64 64 60 5327 727AO 838 582028 6599999999999999 238 291417 3899999999999999
 46 40 35 32 31 33 37 44 50 55 56 54 51 48 46 44 44 47 51 57 62 64 64 6027 728AO 954 562121 6599999999999999 353 311530 4499999999999999
 54 48 42 37 32 29 30 35 41 48 53 56 57 55 53 51 48 47 49 52 57 62 64 6527 729AO1143 572240 6599999999999999 514 2917 0 4799999999999999
 62 58 52 44 37 30 26 26 31 38 45 53 58 61 61 58 54 50 48 48 51 56 61 6527 730AO1320 61999999999999999999999 625 261825 4899999999999999
 67 66 62 54 45 35 26 21 21 26 35 45 55 63 66 65 61 55 50 46 45 48 54 6027 731AO 022 671414 6699999999999999 729 211941 4599999999999999
 66 71 71 65 55 43 31 21 16 16 23 33 46 59 68 71 68 61 53 46 41 40 44 5127 8 1AO 135 711456 7199999999999999 825 152044 4099999999999999
 60 68 74 74 66 54 39 27 16 11 13 22 35 50 64 73 74 67 58 49 41 35 34 3927 8 2AO 230 751534 7599999999999999 915 112137 3399999999999999
 49 61 71 77 75 65 50 35 22 12  8 13 24 40 56 70 77 74 64 53 43 33 27 2827 8 3AO 318 781611 779999999999999910 0  82223 2799999999999999
 37 49 62 73 78 73 61 46 31 19 10  8 16 30 47 63 75 78 71 59 47 36 26 2227 8 4AO 4 3 781647 78999999999999991042  823 6 2299999999999999
 25 36 50 63 73 76 69 56 41 29 18 11 12 23 39 55 69 78 76 66 53 41 30 2127 8 5AO 448 761723 78999999999999991121 102346 1999999999999999
 19 25 38 52 64 72 72 64 51 38 27 19 15 20 32 48 62 73 77 72 60 47 35 2527 8 6AO 532 731758 77999999999999991159 15999999999999999999999
 19 20 28 41 53 63 69 67 58 47 37 28 22 22 29 41 55 67 74 74 67 54 42 3227 8 7AO 617 691833 7599999999999999 026 181236 2199999999999999
 24 21 23 32 43 54 62 65 62 54 45 38 32 29 30 38 49 60 68 72 70 61 50 4027 8 8AO 7 3 6519 9 7299999999999999 1 8 211315 2899999999999999
 32 27 25 28 36 45 53 59 61 58 52 46 41 37 36 38 45 54 62 68 69 65 57 4827 8 9AO 754 611946 6999999999999999 153 251358 3699999999999999
 41 35 31 29 32 38 45 52 56 58 56 52 49 46 44 43 45 50 56 62 66 66 62 5627 810AO 856 582029 6699999999999999 250 291457 4399999999999999
 49 43 39 35 33 34 39 44 50 54 56 56 55 53 52 49 48 48 52 56 61 63 63 6127 811AO1034 562129 6399999999999999 4 5 331618 4799999999999999
 57 52 47 42 37 34 34 37 42 47 52 56 58 59 58 56 53 50 49 51 55 58 61 6227 812AO1257 592313 6299999999999999 528 341746 4999999999999999
 62 59 55 49 43 36 32 32 34 40 46 52 58 62 64 62 58 53 49 47 49 52 57 6127 813AO1354 64999999999999999999999 641 3119 4 4799999999999999
 64 65 62 57 49 41 33 29 28 32 38 46 55 62 67 67 63 57 51 46 44 46 50 5627 814AO 051 651431 6799999999999999 739 2820 4 4499999999999999
 62 67 68 64 56 46 36 29 24 25 30 39 49 59 67 70 67 61 53 46 41 39 43 4927 815AO 146 6815 2 7099999999999999 826 242052 3999999999999999
 58 65 70 69 63 52 41 31 24 20 23 31 42 54 64 70 70 65 56 47 40 35 35 4127 816AO 226 701529 7199999999999999 9 6 202130 3499999999999999
 50 61 69 72 69 59 46 35 25 19 18 24 35 48 60 69 72 68 59 49 40 33 30 3227 817AO 3 1 721555 7299999999999999 940 1822 4 3099999999999999
 41 53 64 71 72 65 53 40 29 21 17 19 28 41 55 67 72 71 63 52 42 32 27 2627 818AO 334 731618 73999999999999991010 172235 2599999999999999
 32 44 57 68 72 69 59 46 34 24 18 17 24 35 50 63 71 73 67 56 44 34 26 2227 819AO 4 7 721641 73999999999999991037 1723 4 2299999999999999
 26 35 49 61 70 71 65 53 40 29 22 19 22 31 45 58 69 73 70 61 49 37 28 2227 820AO 440 7217 5 739999999999999911 3 192332 2199999999999999
 22 29 40 54 65 70 68 59 47 36 27 22 23 29 40 54 65 72 72 65 54 42 32 2427 821AO 515 701731 73999999999999991129 22999999999999999999999
 21 25 34 46 58 66 69 64 54 43 34 28 26 29 38 50 61 69 73 69 59 47 37 2927 822AO 551 691759 7399999999999999 0 0 211155 2699999999999999
 24 24 29 39 50 60 66 66 60 50 41 35 32 32 38 47 57 66 71 70 64 54 43 3427 823AO 631 661828 7199999999999999 031 231223 3299999999999999
 29 26 28 34 43 52 60 63 62 56 48 42 39 38 40 46 54 62 68 70 67 60 50 4127 824AO 716 6419 0 7099999999999999 1 7 261251 3899999999999999
 35 31 29 32 37 44 51 57 60 59 54 49 46 44 44 47 51 58 63 67 67 64 57 4927 825AO 812 601938 6899999999999999 156 291326 4499999999999999
 42 37 34 32 33 37 42 48 54 57 57 55 52 51 50 50 51 54 58 62 64 64 62 5727 826AO 932 572032 6599999999999999 314 321445 5099999999999999
 51 46 41 36 33 31 34 38 44 50 55 57 58 57 56 54 53 52 53 56 59 61 62 6227 827AO1149 582215 6299999999999999 451 311656 5299999999999999
 59 55 50 43 36 30 27 28 33 40 48 55 60 63 62 60 56 52 49 49 51 54 58 6227 828AO1321 63999999999999999999999 613 271838 4899999999999999
 64 64 60 52 43 34 26 22 23 29 38 48 58 66 68 66 61 54 48 43 42 45 50 5727 829AO 021 6514 2 6899999999999999 717 221948 4299999999999999
 64 68 69 63 53 41 30 21 16 19 27 38 52 64 72 72 67 59 49 41 35 34 39 4727 830AO 133 691437 7399999999999999 8 9 162039 3499999999999999
 57 67 73 72 64 51 37 25 16 13 17 28 43 58 71 77 74 65 53 42 32 26 27 3527 831AO 225 731511 7799999999999999 855 132124 2699999999999999
 46 59 70 76 73 62 47 33 21 13 12 20 34 50 66 77 79 72 59 46 34 24 19 2327 9 1AO 310 761544 8099999999999999 937 1122 5 1999999999999999
 34 48 62 73 77 71 58 43 30 19 13 15 26 42 59 73 81 78 67 52 38 26 17 1527 9 2AO 353 771617 81999999999999991017 122244 1599999999999999
 22 36 51 65 75 75 67 53 39 28 19 16 21 35 52 67 78 81 74 60 45 31 21 1427 9 3AO 435 761650 81999999999999991054 162321 1399999999999999
 15 25 40 55 67 74 71 61 48 37 28 22 22 31 45 60 72 79 78 68 53 38 27 1827 9 4AO 516 741722 80999999999999991131 212358 1599999999999999
 15 19 31 45 58 67 70 66 56 45 37 31 27 30 40 54 66 75 77 72 60 46 35 2627 9 5AO 557 701753 779999999999999912 6 27999999999999999999999
 20 19 26 37 49 59 65 66 61 53 45 39 35 34 39 48 60 68 73 73 66 54 43 3427 9 6AO 639 671825 7499999999999999 036 191242 3499999999999999
 28 25 26 32 42 51 58 62 62 57 51 46 43 41 41 46 54 62 67 69 67 60 50 4227 9 7AO 726 621858 6999999999999999 116 241322 4199999999999999
 36 32 30 32 37 44 50 55 58 58 55 52 50 48 47 47 50 56 61 64 64 61 56 4927 9 8AO 826 581936 6599999999999999 2 7 301420 4799999999999999
 44 40 37 35 35 38 43 48 52 55 56 56 55 54 53 51 50 51 54 58 60 60 58 5527 9 9AO1011 562036 6099999999999999 323 351557 5099999999999999
 51 47 43 40 36 35 37 40 45 49 53 56 58 59 58 55 52 50 49 51 53 56 57 5727 910AO1253 592240 5799999999999999 5 0 351744 4999999999999999
 56 54 50 45 40 35 32 33 37 42 48 54 59 62 62 60 55 50 46 45 46 49 53 5627 911AO1337 63999999999999999999999 619 3219 2 4599999999999999
 59 59 57 51 44 37 31 28 29 34 41 49 57 63 66 64 59 52 45 40 39 41 47 5327 912AO 039 5914 7 6699999999999999 716 281952 3999999999999999
 58 62 62 58 50 41 32 26 24 26 34 43 53 62 67 67 62 54 46 38 34 34 38 4627 913AO 132 631433 6899999999999999 759 242031 3399999999999999
 55 62 66 64 56 46 35 27 22 21 26 36 48 59 67 70 66 58 47 38 30 27 30 3827 914AO 211 661457 7099999999999999 835 2121 5 2799999999999999
 49 59 67 68 63 53 40 30 22 19 21 30 42 55 66 71 70 62 51 39 29 23 23 2927 915AO 245 681519 7199999999999999 9 6 192135 2299999999999999
 40 53 64 70 68 60 47 35 25 19 19 25 36 50 63 71 73 66 55 42 30 22 18 2127 916AO 317 701540 7399999999999999 936 1822 4 1899999999999999
 31 45 59 69 71 66 54 42 30 23 19 22 32 45 59 70 74 71 60 46 34 23 17 1627 917AO 349 7116 3 749999999999999910 3 192232 1699999999999999
 24 37 52 64 71 70 61 49 37 28 23 23 29 41 55 67 74 74 65 52 38 27 18 1527 918AO 422 721627 75999999999999991031 2223 0 1599999999999999
 19 29 43 57 68 71 67 56 44 34 28 25 29 38 51 63 72 75 70 58 44 32 22 1727 919AO 456 711653 75999999999999991058 252330 1699999999999999
 17 24 36 50 61 69 69 62 51 41 34 30 31 37 47 59 69 74 73 64 51 38 28 2127 920AO 532 701721 74999999999999991126 30999999999999999999999
 18 21 30 42 53 62 67 65 57 48 40 36 35 37 45 55 64 70 72 68 58 45 34 2727 921AO 611 671749 7299999999999999 0 2 181155 3599999999999999
 23 22 27 35 45 54 61 63 60 53 47 42 40 40 44 51 59 65 69 68 62 52 42 3427 922AO 657 631820 6999999999999999 039 221224 4099999999999999
 29 26 26 30 37 45 52 57 59 56 52 48 46 45 46 49 54 59 63 64 63 57 50 4227 923AO 756 591859 6499999999999999 128 2613 4 4599999999999999
 37 33 30 29 31 36 42 48 53 55 55 53 51 50 49 49 50 53 56 58 59 58 55 5027 924AO 922 5620 5 5999999999999999 248 291451 4999999999999999
 45 41 36 32 29 29 32 37 44 50 54 56 56 56 54 51 49 47 48 50 52 54 56 5627 925AO1135 572220 5699999999999999 430 291713 4799999999999999
 53 50 45 38 32 27 25 27 33 41 49 56 60 61 59 56 50 45 41 41 43 47 51 5627 926AO1251 61999999999999999999999 554 251842 4099999999999999
 59 58 54 47 38 29 23 20 24 31 41 51 60 65 65 61 54 46 38 33 32 36 43 5127 927AO 022 591331 6699999999999999 655 201936 3299999999999999
 59 63 63 57 47 36 26 18 17 22 32 44 57 66 71 68 60 49 38 29 24 25 32 4227 928AO 127 6414 5 7199999999999999 744 172020 2399999999999999
 53 63 68 66 57 45 33 22 16 16 24 36 51 64 73 74 67 55 42 29 20 16 20 3027 929AO 215 681439 7599999999999999 828 1521 0 1699999999999999
 43 57 68 72 67 55 42 30 20 15 18 29 44 59 71 78 74 63 48 33 21 13 12 1927 930AO 259 721512 7899999999999999 9 9 152139 1199999999999999
 32 47 61 71 73 65 52 39 28 20 17 24 37 52 67 77 79 71 56 40 26 15  9 112710 1AO 339 731544 7999999999999999 948 172217  999999999999999
 22 37 52 65 73 71 61 48 36 27 21 22 31 46 61 73 79 77 65 48 33 21 12  92710 2AO 419 731616 80999999999999991026 212253  999999999999999
 15 28 43 57 68 72 67 56 44 35 29 25 29 40 54 67 76 78 71 57 41 28 18 132710 3AO 458 721646 789999999999999911 3 252329 1299999999999999
 13 21 34 48 60 67 68 62 52 43 36 32 31 37 48 61 70 75 73 64 50 36 26 192710 4AO 536 691716 75999999999999991138 31999999999999999999999
 16 19 28 41 52 60 65 63 57 49 42 38 36 37 44 54 63 69 71 66 56 44 34 272710 5AO 616 651745 7199999999999999 0 4 161214 3699999999999999
 23 22 26 35 44 53 58 61 58 53 48 44 41 41 43 49 56 63 66 64 59 50 41 342710 6AO 7 0 611815 6699999999999999 040 221252 4199999999999999
 29 27 28 31 38 45 51 55 56 55 51 48 46 45 45 46 50 55 59 60 58 53 47 402710 7AO 755 561853 6099999999999999 123 271348 4599999999999999
 36 33 31 31 34 38 43 48 51 53 53 52 50 49 48 46 47 48 51 53 54 53 50 462710 8AO 924 531952 5499999999999999 230 311529 4699999999999999
 42 39 36 34 32 33 36 40 45 49 52 53 54 53 51 48 45 44 44 46 48 50 50 492710 9AO1149 542149 5099999999999999 410 321724 4399999999999999
 47 45 41 37 33 31 30 33 38 43 49 53 56 56 55 51 46 41 38 38 40 44 48 50271010AO1249 56999999999999999999999 537 301836 3899999999999999
 51 50 47 42 36 31 27 27 30 37 44 51 56 59 58 54 48 41 35 32 32 36 43 49271011AO 0 4 511322 5999999999999999 634 261921 3199999999999999
 53 55 54 48 41 33 27 23 24 30 38 47 55 60 62 58 51 42 34 27 25 28 35 44271012AO 1 5 551349 6299999999999999 717 231956 2599999999999999
 52 58 59 55 47 38 29 23 21 24 32 43 53 61 64 63 56 45 34 25 20 20 27 37271013AO 146 591412 6499999999999999 753 212028 2099999999999999
 48 58 63 62 55 44 34 25 21 21 27 37 49 60 66 67 61 50 37 26 18 15 18 28271014AO 221 631435 6799999999999999 826 202058 1599999999999999
 41 54 63 66 62 52 40 30 23 21 24 33 45 57 67 70 66 56 42 29 18 12 12 20271015AO 255 661459 7099999999999999 857 212128 1199999999999999
 33 47 60 68 67 60 48 37 28 23 23 29 41 54 65 72 71 62 48 34 21 13  9 13271016AO 328 691525 7299999999999999 928 222159  999999999999999
 24 39 54 65 70 66 56 44 34 27 24 28 37 49 62 71 74 68 56 40 27 16 10 10271017AO 4 2 701553 7499999999999999 959 242231  999999999999999
 17 31 46 59 68 69 62 51 40 33 28 28 34 45 57 68 74 72 63 48 33 22 14 10271018AO 437 701622 74999999999999991032 2723 5 1099999999999999
 13 23 37 51 62 67 65 57 47 38 33 31 33 41 52 63 70 72 68 56 41 29 20 14271019AO 515 681652 729999999999999911 5 312342 1399999999999999
 13 18 29 41 53 61 64 61 52 44 38 35 34 38 46 56 64 69 68 61 49 36 27 20271020AO 556 641725 69999999999999991141 34999999999999999999999
 16 17 23 33 43 52 59 60 56 49 43 39 38 38 42 50 57 62 64 62 55 44 35 27271021AO 644 6018 2 6499999999999999 024 161223 3799999999999999
 23 20 21 26 34 43 50 55 56 53 48 44 42 40 41 44 49 54 57 58 56 50 42 35271022AO 744 561852 5899999999999999 116 201323 4099999999999999
 30 26 24 24 27 33 40 46 51 53 52 49 46 44 42 41 42 45 48 51 52 51 48 43271023AO 9 2 532016 5299999999999999 229 2315 3 4199999999999999
 39 34 30 26 24 26 30 37 44 50 53 53 52 49 46 42 38 37 38 41 44 48 50 49271024AO1035 542221 5099999999999999 4 1 2417 0 3799999999999999
 47 43 38 32 26 23 23 28 35 43 51 55 57 55 51 45 38 33 30 31 34 40 46 51271025AO1152 57999999999999999999999 522 221816 3099999999999999
 53 51 47 40 32 25 20 21 27 35 45 54 59 61 57 50 41 32 25 22 24 30 38 47271026AO 0 8 531244 6199999999999999 623 2019 7 2299999999999999
 54 58 56 50 41 31 23 19 21 28 39 50 59 65 64 57 47 36 25 17 15 19 28 39271027AO 113 581326 6599999999999999 713 191951 1599999999999999
 50 59 62 59 50 40 29 21 18 22 32 44 56 65 69 66 55 42 29 18 11 11 18 29271028AO 2 1 6214 3 6999999999999999 758 182032 1099999999999999
 43 55 64 66 60 49 38 28 21 20 26 38 51 63 71 72 64 50 35 22 12  7  9 20271029AO 244 661439 7299999999999999 840 202111  799999999999999
 33 48 60 68 67 58 46 36 27 22 23 32 45 58 69 74 72 60 44 29 17  8  6 11271030AO 324 681513 7499999999999999 921 222150  699999999999999
 24 39 53 64 69 65 55 43 34 28 25 28 39 52 64 73 75 68 53 37 24 14  8  8271031AO 4 3 691546 759999999999999910 1 252228  799999999999999
 16 30 45 57 66 67 61 50 41 34 29 28 34 45 58 68 73 71 61 46 31 20 13  92711 1AO 440 681617 74999999999999991040 2823 4  999999999999999
 13 23 37 50 60 65 63 56 47 39 34 31 32 40 51 62 69 70 65 54 39 27 19 142711 2AO 517 651647 71999999999999991118 312339 1399999999999999
 13 19 30 42 52 59 62 58 51 44 38 35 33 36 44 54 62 66 65 58 46 34 25 202711 3AO 555 621717 66999999999999991155 33999999999999999999999
 17 19 25 35 45 53 57 57 54 47 42 38 36 36 39 46 54 59 61 58 50 40 31 252711 4AO 635 581750 6199999999999999 012 171234 3599999999999999
 22 21 23 29 37 45 51 54 53 50 45 41 39 37 38 41 46 51 54 54 51 45 37 312711 5AO 721 541831 5599999999999999 048 211323 3799999999999999
 27 25 24 27 32 38 44 48 50 50 48 45 42 40 38 38 39 43 46 49 49 46 42 362711 6AO 821 511929 4999999999999999 135 241439 3899999999999999
 32 29 27 27 28 31 36 42 46 48 49 47 45 42 40 37 36 36 38 41 44 45 44 412711 7AO 939 492058 4599999999999999 250 271622 3599999999999999
 38 35 31 29 27 27 30 35 40 45 48 49 48 46 43 38 34 31 31 33 37 41 44 452711 8AO11 2 492251 4599999999999999 424 271740 3199999999999999
 44 41 37 33 29 26 26 29 34 41 46 50 51 50 47 41 35 29 26 26 29 35 41 462711 9AO12 3 51999999999999999999999 534 251831 2599999999999999
 48 47 44 39 33 27 24 25 29 36 43 49 53 54 51 46 38 29 23 20 21 27 36 44271110AO 018 481244 5499999999999999 624 241910 2099999999999999
 50 53 51 46 39 31 26 23 25 31 39 48 54 58 57 51 42 32 23 16 15 19 28 39271111AO 112 531318 5899999999999999 7 5 231945 1599999999999999
 49 55 58 54 47 38 30 24 23 27 35 45 54 60 62 58 49 37 25 16 11 12 19 31271112AO 154 581349 6299999999999999 743 232019 1199999999999999
 43 54 61 61 55 45 36 28 24 25 31 41 51 60 65 64 56 44 30 18 10  7 11 22271113AO 232 621420 6699999999999999 819 242055  799999999999999
 35 49 60 65 62 53 43 34 27 25 28 36 47 58 66 69 64 52 37 23 13  6  6 13271114AO 3 8 651453 6999999999999999 857 252132  599999999999999
 26 40 54 64 66 60 50 40 32 27 27 32 42 54 64 70 70 61 46 31 18  9  4  7271115AO 345 661527 7199999999999999 935 262210  499999999999999
 17 31 46 58 66 65 57 46 37 31 28 29 36 47 59 67 71 67 55 39 25 14  7  5271116AO 424 6616 2 71999999999999991016 272251  599999999999999
 10 21 35 49 60 65 61 52 42 35 30 28 31 40 51 61 68 68 62 48 34 22 13  7271117AO 5 4 651639 69999999999999991058 282333  699999999999999
  7 14 26 39 51 59 62 57 48 40 34 30 29 34 43 52 60 64 63 55 43 30 20 13271118AO 547 621719 65999999999999991143 29999999999999999999999
  9 11 18 29 41 51 57 58 52 45 38 34 30 30 35 43 51 56 59 57 49 38 29 21271119AO 635 5818 6 5999999999999999 018  91232 3099999999999999
 16 13 15 22 31 41 49 54 54 49 43 38 33 30 30 34 40 46 51 53 51 45 37 29271120AO 729 5519 4 5399999999999999 1 8 131332 3099999999999999
 24 19 17 18 24 32 40 47 52 52 48 43 38 34 30 29 31 36 41 45 47 47 43 38271121AO 829 522022 4899999999999999 2 9 171448 2999999999999999
 32 27 23 20 20 25 32 39 46 51 51 48 43 38 33 29 26 27 30 35 40 44 46 44271122AO 934 522159 4699999999999999 323 201618 2699999999999999
 41 36 31 26 22 22 25 32 40 47 52 52 50 45 39 32 26 22 21 25 31 37 43 47271123AO1042 522340 4799999999999999 439 211734 2199999999999999
 47 45 40 34 28 23 22 26 33 41 49 54 55 52 46 38 29 21 16 16 21 29 37 45271124AO1146 55999999999999999999999 544 221831 1699999999999999
 50 52 49 44 36 29 23 23 27 35 44 52 57 58 54 46 36 25 17 12 13 19 29 39271125AO 054 521242 5999999999999999 639 221920 1199999999999999
 48 55 57 53 45 37 29 24 24 30 39 48 57 62 62 55 44 32 21 12  8 11 20 31271126AO 147 571330 6299999999999999 729 2320 5  899999999999999
 42 53 60 60 54 45 36 29 25 26 33 43 53 61 66 63 54 40 27 16  8  6 11 22271127AO 232 611412 6699999999999999 817 242048  699999999999999
 35 47 58 63 61 53 43 35 28 25 28 37 48 58 66 68 63 50 35 22 12  6  6 14271128AO 313 631450 6899999999999999 9 2 252130  599999999999999
 26 40 52 62 64 59 50 41 33 28 27 31 41 53 62 68 68 59 44 30 18 10  6  8271129AO 351 641526 6999999999999999 946 262210  699999999999999
 18 31 45 56 63 63 56 46 38 32 27 28 35 46 57 65 68 64 52 38 25 15  9  7271130AO 428 641559 68999999999999991027 272247  799999999999999
 12 23 37 49 58 62 59 51 42 35 30 27 29 38 49 59 65 65 58 45 31 21 13  92712 1AO 5 3 621631 659999999999999911 7 272322  999999999999999
 10 17 29 41 52 58 59 54 46 38 32 28 27 31 40 51 58 61 59 50 38 26 18 132712 2AO 538 5917 4 61999999999999991144 272354 1199999999999999
 11 14 23 34 45 52 56 54 48 41 35 30 27 28 33 42 50 55 56 52 43 32 23 172712 3AO 612 561739 57999999999999991221 27999999999999999999999
 14 14 19 27 37 46 51 53 50 44 37 32 28 27 28 34 41 48 51 50 45 37 29 222712 4AO 649 531821 5199999999999999 024 1313 0 2799999999999999
 18 16 18 23 31 39 46 49 49 46 41 35 30 27 27 29 33 39 44 47 45 41 34 282712 5AO 730 501912 4799999999999999 057 161349 2799999999999999
 23 20 19 22 26 33 40 45 48 47 43 39 34 30 27 26 27 31 36 40 43 42 39 342712 6AO 816 482018 4399999999999999 141 191457 2699999999999999
 29 25 23 23 24 28 34 40 45 47 46 42 38 34 30 26 25 25 28 33 38 41 42 392712 7AO 9 9 472138 4299999999999999 246 221619 2499999999999999
 36 32 29 26 25 26 29 35 41 45 47 46 43 39 34 29 24 21 22 25 31 37 42 432712 8AO10 7 4723 9 4399999999999999 4 8 251726 2199999999999999
 43 40 36 32 28 26 27 30 36 42 47 49 48 45 40 33 26 21 17 18 23 30 38 442712 9AO1110 49999999999999999999999 518 261818 1799999999999999
 47 47 44 40 34 29 27 28 32 39 45 50 52 51 47 40 31 22 16 13 15 22 31 40271210AO 031 471211 5299999999999999 614 2719 3 1399999999999999
 48 52 52 48 41 35 30 28 29 35 42 49 54 57 54 48 38 27 17 11  9 13 22 33271211AO 129 5213 3 5799999999999999 7 2 281947  999999999999999
 44 53 57 55 49 42 34 29 28 31 37 46 54 59 61 57 47 34 22 12  6  6 12 23271212AO 215 571348 6199999999999999 749 282031  599999999999999
 36 48 57 60 57 49 40 33 28 28 32 40 50 58 64 64 57 44 29 17  7  2  4 12271213AO 256 601431 6599999999999999 837 282115  299999999999999
 25 39 53 61 62 56 46 38 31 27 27 33 43 53 62 67 65 54 39 24 12  3  0  4271214AO 336 631512 6799999999999999 925 2622 0  099999999999999
 14 29 44 56 63 61 53 43 34 28 25 26 34 45 56 64 67 62 49 33 20  8  1 -1271215AO 416 631554 67999999999999991012 242244 -199999999999999
  5 18 33 47 59 62 58 48 39 31 25 22 26 35 46 57 64 65 57 43 29 16  6  0271216AO 456 621637 65999999999999991059 222327 -199999999999999
  1  9 22 37 50 59 60 54 44 35 27 21 20 25 35 46 55 61 60 51 38 25 15  6271217AO 538 611722 61999999999999991145 20999999999999999999999
  2  5 14 27 41 52 58 57 49 40 31 24 19 19 25 35 44 52 56 54 45 34 23 15271218AO 621 581811 5699999999999999 010  21232 1899999999999999
  8  6 10 20 32 43 52 56 53 45 36 28 22 18 18 24 33 41 48 51 48 41 32 24271219AO 7 5 5619 6 5199999999999999 055  61323 1799999999999999
 17 12 11 16 25 35 44 51 54 50 42 34 27 21 17 18 23 30 37 43 46 44 39 32271220AO 752 542010 4699999999999999 143 111421 1799999999999999
 26 21 18 17 21 28 37 45 50 51 47 40 33 27 21 18 18 21 27 34 40 43 43 39271221AO 841 522126 4399999999999999 240 171531 1799999999999999
 35 31 26 23 22 25 31 38 45 50 50 47 41 34 28 22 17 16 19 25 31 37 42 43271222AO 936 5123 2 4399999999999999 349 221647 1699999999999999
 42 39 36 31 27 25 27 33 40 46 50 50 48 42 36 29 22 16 14 17 23 30 37 43271223AO1042 51999999999999999999999 5 1 251756 1499999999999999
 46 47 44 40 35 30 27 29 34 41 47 51 52 50 45 37 29 20 14 12 15 21 30 38271224AO 038 471157 5299999999999999 6 8 271854 1299999999999999
 46 51 51 48 43 36 31 28 30 35 42 48 53 56 54 47 37 27 18 11  9 13 21 31271225AO 142 5213 4 5699999999999999 7 9 281947  999999999999999
 41 50 55 55 50 43 36 30 28 30 36 44 51 57 59 56 46 35 23 14  8  8 13 23271226AO 229 561356 5999999999999999 8 4 282036  799999999999999
 34 45 55 59 57 50 42 34 29 27 30 37 46 55 61 61 55 43 30 19 10  5  7 14271227AO 3 8 591438 6299999999999999 855 272120  599999999999999
 25 38 50 58 60 55 47 39 31 26 25 30 39 50 58 63 61 52 38 25 14  7  4  7271228AO 345 601516 6399999999999999 941 2522 0  499999999999999
 17 30 43 54 60 59 51 42 34 27 23 24 31 42 53 60 63 57 45 31 19 10  4  4271229AO 419 601550 63999999999999991022 232237  399999999999999
 10 22 36 48 57 59 55 46 37 29 23 20 24 33 45 55 60 59 51 38 25 14  7  3271230AO 451 591623 61999999999999991059 2023 8  399999999999999
  6 15 28 41 52 57 56 49 39 30 23 18 18 24 35 47 55 58 54 44 31 19 10  5271231AO 520 571656 58999999999999991133 182337  499999999999999
