112111104 94 84 78 77 83 95109123134138135124108 90 73 59 52 52 59 71 8527 1 1AW 02011212 413899999999999999 537 761928 5199999999999999
 98107111110105 98 93 92 95104115126134137133122105 86 66 51 42 41 48 6127 1 2AW 214112125813799999999999999 646 912037 4099999999999999
 78 96110118120116109103 99100105114125133137133121103 81 59 41 31 30 4027 1 3AW 34612014 113799999999999999 821 982133 2999999999999999
 57 79100118128130125115106 99 98103114126135139134120 98 73 48 29 19 2227 1 4AW 444130145813999999999999999 939 982218 1999999999999999
 36 58 85110129138137128115102 94 94102115130140143136117 91 61 34 16 1027 1 5AW 5241391548144999999999999991032 932257 1099999999999999
 18 38 66 96123140145139125108 94 88 91103120136147147134110 79 47 20  527 1 6AW 5571451630148999999999999991112 882332  399999999999999
  5 19 46 78110135148148135117 98 85 82 91108128145153148129 99 64 32  827 1 7AW 62715017 9153999999999999991145 82999999999999999999999
 -2  5 27 59 94125145152144126104 86 77 80 95116137152156144119 85 48 1827 1 8AW 656152174415699999999999999 0 5 -21215 7799999999999999
 -1 -2 13 41 76111138151149135113 91 76 72 82101125146157154136105 68 3327 1 9AW 723152181915799999999999999 036 -41245 7299999999999999
  8 -3  4 27 60 96127147152142122 98 78 68 71 87109133150156146123 89 5327 110AW 749152185315699999999999999 1 6 -31316 6899999999999999
 23  5  3 18 46 81114139151147131107 84 68 64 73 92116138150150135107 7427 111AW 815152192915299999999999999 136  11349 6499999999999999
 42 18  9 16 37 68101129147150139118 93 73 62 63 76 97120138146140121 9327 112AW 84215020 614699999999999999 2 5  91424 6199999999999999
 63 37 21 20 34 59 89118140149144127104 82 65 58 63 78 9911913313712810927 113AW 9 9149204813799999999999999 235 1915 4 5899999999999999
 83 58 40 32 37 54 80107130144145135116 93 72 59 55 62 77 9611412512611827 114AW 937146213912799999999999999 3 6 321550 5599999999999999
101 80 62 50 48 57 75 97119135143139126106 84 66 54 52 58 72 8910411411727 115AW1010143224611799999999999999 341 471646 5199999999999999
111 99 85 72 65 66 75 91109125136139133119100 79 61 49 45 50 62 77 9310527 116AW1050139999999999999999999999 424 651756 4599999999999999
111110104 96 88 83 83 89100113125133135129116 98 77 57 43 35 37 47 63 8027 117AW 026111114513599999999999999 525 821918 3599999999999999
 97109116116111104 98 95 97103113123131135131119100 77 53 33 22 20 30 4827 118AW 22911613 113599999999999999 7 8 952037 2099999999999999
 71 94114126130127118109101 98101109121132139137126104 76 47 21  5  2 1327 119AW 4 0130142113999999999999999 9 1 982143  299999999999999
 36 65 96122139145140127112 98 92 94105121137147147134109 75 38  7-12-1427 120AW 4591451531149999999999999991015 922239-1599999999999999
  0 29 66104134153156147128107 90 82 87102124145158158142111 70 28 -6-2527 121AW 54415716311609999999999999911 7 822329-2899999999999999
-25 -5 31 74115147164162146121 95 77 72 81103129154168166145109 63 18-1627 122AW 6241651724169999999999999991152 72999999999999999999999
-33-27  0 41 88130159169160137107 80 64 63 78105135161174168143102 55 1127 123AW 7 1169181317499999999999999 014-331233 6199999999999999
-20-30-18 15 59105144166168151122 91 65 53 58 78108139164173163134 92 4727 124AW 73616919 017399999999999999 057-301313 5299999999999999
  8-15-18  2 38 82123154167160136105 74 52 46 56 80110140160165151121 8227 125AW 8 8167194616699999999999999 136-191353 4599999999999999
 43 12 -2  4 28 65105139159161146119 87 60 44 43 57 8111013615115113510727 126AW 837163203115399999999999999 212 -21434 4199999999999999
 74 44 24 19 32 58 91124148157150130102 73 51 41 44 59 8210612613713411927 127AW 9 5157211813799999999999999 246 191517 4099999999999999
 96 71 51 42 45 61 85113136149149137115 89 65 48 42 47 61 80 9911412011727 128AW 931151221112099999999999999 316 4116 3 4299999999999999
106 91 75 65 62 70 85105125139144138124103 81 62 49 45 49 60 74 8910010627 129AW 958144232710699999999999999 345 6217 0 4599999999999999
105100 92 85 81 82 90102116128135135128114 97 79 63 52 47 48 55 66 77 8827 130AW1031136999999999999999999999 414 811816 4799999999999999
 96100101100 97 96 98102109117124127127121111 97 81 66 54 46 44 47 56 6727 131AW 147101112212899999999999999 5 0 961952 4499999999999999
 81 93103109111110108106106108112116121122120112100 84 67 52 40 35 37 4727 2 1AW 4 7111125712299999999999999 7361062112 3599999999999999
 62 80 97111120122119112106101100104111118123124117104 85 64 44 30 24 2827 2 2AW 451122143412499999999999999 94110022 6 2499999999999999
 42 63 86108124131130121109 98 92 91 98110122130131123105 81 55 32 17 1427 2 3AW 5191321538132999999999999991031 912246 1499999999999999
 23 44 70 98122136139131116100 86 81 85 98115130139138125102 72 42 18  627 2 4AW 54513916251409999999999999911 4 812320  599999999999999
  8 25 53 85114136145140125104 85 73 73 84103124141149142122 92 57 26  527 2 5AW 6 914517 4149999999999999991133 722351 -199999999999999
 -1 10 35 69103131147148135112 88 70 63 70 88113136152154141113 77 41 1227 2 6AW 63215017391559999999999999912 1 63999999999999999999999
 -2  1 21 53 90123146153144122 95 70 56 57 72 96124147158154132 99 60 2627 2 7AW 655153181315999999999999999 019 -31228 5599999999999999
  3 -2 11 40 76113141155151132104 75 54 47 56 78107135155159147119 82 4527 2 8AW 717156184716099999999999999 047 -21257 4799999999999999
 16  3  8 30 64101133153156142115 84 57 42 43 59 86117142156154135103 6727 2 9AW 739157192215899999999999999 114  21327 4099999999999999
 35 15 12 26 55 90123148157149126 95 65 43 35 43 65 94123145152143120 8927 210AW 8 2157195815299999999999999 141 111359 3599999999999999
 57 33 23 29 50 80113140154153136108 77 50 35 33 47 7110012514114313010727 211AW 825156203814499999999999999 2 8 231434 3299999999999999
 79 55 40 38 51 74103130147152142120 91 63 41 31 35 51 7510012113213111827 212AW 849152212413399999999999999 236 371514 3199999999999999
 98 77 61 54 59 74 96119138147143129106 79 55 38 32 37 52 73 9411112011927 213AW 915147222512099999999999999 3 7 5416 2 3299999999999999
110 96 83 74 73 79 93110126137140133118 97 74 54 39 33 37 48 65 82 9710727 214AW 948140999999999999999999999 341 7217 8 3399999999999999
110108102 95 91 91 96105115125131132126114 97 77 58 43 33 32 38 51 67 8327 215AW 0 2110103713299999999999999 431 901840 3299999999999999
 98108113114111108105105107112118123126125117104 86 65 45 30 22 23 34 5127 216AW 238114121512699999999999999 6401042021 2199999999999999
 73 95113124129126120111104100101108117126131128117 97 71 44 21  8  7 1827 217AW 4 8129141313199999999999999 9141002136  599999999999999
 41 70 99123139143137123107 94 86 89 99115131142143130106 73 39 10 -7 -727 218AW 4521431533144999999999999991017 862232 -999999999999999
  9 38 75111138153153139118 94 77 70 77 95119142156157141110 70 30 -2-1827 219AW 52815516331599999999999999911 0 702318-1999999999999999
-14 10 46 89127154164155132103 75 58 55 69 95126153169167145108 63 21-1027 220AW 6 11641724170999999999999991139 542359-2199999999999999
-21 -9 22 64108145166166148117 82 54 40 45 67 99134162176169141100 54 1427 221AW 6311691810176999999999999991215 40999999999999999999999
-10-13  7 44 88130160171160132 96 60 36 29 41 69106141167175162131 89 4727 222AW 7 0171185417599999999999999 037-141252 2999999999999999
 14 -1  6 32 71113148168166145111 73 41 23 24 43 75112144164166148116 7827 223AW 726170193616799999999999999 111 -11327 2199999999999999
 44 21 17 32 62100135160166154126 89 54 29 19 27 50 8211514215515113110227 224AW 751167201615599999999999999 143 1614 3 1999999999999999
 71 47 36 41 61 91123149161156136105 71 42 24 22 34 58 8711513414013311527 225AW 814162205814099999999999999 211 361439 2199999999999999
 92 71 57 56 67 88114138152154141117 87 59 38 27 30 44 66 8911012212411727 226AW 836155214412599999999999999 237 551518 2799999999999999
103 88 76 71 76 89108127141146141125102 77 55 41 35 40 52 69 8610010911027 227AW 858146224411099999999999999 3 1 7116 2 3599999999999999
106 98 91 87 87 94105118130136135126112 93 75 59 48 45 47 56 67 79 89 9727 228AW 923136999999999999999999999 323 8617 4 4599999999999999
101102101 99 99101105112118123125123116106 93 79 66 57 51 50 53 60 69 8027 3 1AW 051102 95712599999999999999 343 991845 5099999999999999
 90 99105109110110109109109111112114114112107 98 87 74 62 52 46 45 50 6127 3 2AW 410110114111599999999999999 6581092037 4599999999999999
 75 90104115120120116110104100 99102107113116114107 95 78 61 46 37 35 4227 3 3AW 430121141311699999999999999 939 992141 3599999999999999
 57 77 98116127130125115102 92 86 88 96107119125125115 98 76 53 35 25 2727 3 4AW 4511301526126999999999999991016 862222 2499999999999999
 40 61 87112130138135123105 88 76 74 82 97114130137134119 95 67 41 22 1627 3 5AW 5131381614138999999999999991044 742255 1699999999999999
 24 45 74104129143144132112 89 70 61 66 81104126143148139117 86 54 27 1227 3 6AW 5341461652148999999999999991111 612325 1199999999999999
 14 31 60 93124145152143121 93 68 52 50 63 87116141155155138108 72 39 1627 3 7AW 5551521728157999999999999991137 492353 1099999999999999
 10 21 47 81116144157153132102 71 47 37 45 67 98130154163155130 95 58 2827 3 8AW 61515718 21639999999999999912 4 37999999999999999999999
 13 16 37 69106138158160144114 79 48 30 29 46 76111143162165148118 80 4627 3 9AW 636162183716699999999999999 020 121232 2799999999999999
 24 18 31 60 95130155164154127 91 55 29 19 27 53 87123151165159137104 6927 310AW 658164191316599999999999999 047 1813 2 1999999999999999
 41 28 33 54 85120148163160139105 67 35 16 15 32 62 98132154160149123 9227 311AW 720164195116099999999999999 115 281334 1399999999999999
 63 44 41 53 78109138158161148119 84 49 23 12 18 40 7110513314915013611227 312AW 743162203115299999999999999 143 4014 9 1199999999999999
 85 65 55 59 76101128148157151131101 67 38 19 14 25 47 7710612813913712327 313AW 8 7157211914099999999999999 213 551448 1499999999999999
104 86 74 71 79 96118137148149138116 88 59 36 22 21 32 52 7610011712512427 314AW 834150222212699999999999999 244 711536 2099999999999999
116104 93 87 89 97110125136141138126106 83 60 42 30 28 36 50 69 8810311327 315AW 9 7141999999999999999999999 320 871643 2899999999999999
116114110105102103107114122128130127119106 88 70 53 40 33 34 43 57 74 9127 316AW 0 611610 013099999999999999 4191021820 3399999999999999
105115120121118114110108108111115119122120113101 84 64 46 33 27 31 43 6227 317AW 238121121212299999999999999 72410820 6 2799999999999999
 84105122132134129119108 99 94 95102113123129128117 97 73 48 28 17 20 3427 318AW 345134142013099999999999999 917 942120 1799999999999999
 58 87114135145144132114 95 81 75 79 93112131143144131107 76 44 20  8 1327 319AW 42214615351459999999999999910 4 752213  899999999999999
 33 64 98129150156147127100 75 59 56 67 90117142158158141111 74 38 13  527 320AW 4541561631160999999999999991042 552257  599999999999999
 15 42 79116147163161142112 79 52 38 42 62 93126155170166144108 68 33 1127 321AW 5231641719170999999999999991118 372335  899999999999999
  9 28 61100137162169156127 90 54 30 22 34 63100137164175166139100 61 3027 322AW 55117018 3175999999999999991152 22999999999999999999999
 17 24 49 85124156171167143106 66 32 14 15 35 70109145169174158128 91 5727 323AW 617172184417499999999999999 010 161226 1299999999999999
 34 30 45 75111145167171155122 82 44 16  6 16 43 80118150167165146115 8327 324AW 642172192416899999999999999 043 2913 0  699999999999999
 57 44 49 70101133159169161136100 61 28  9  8 25 55 9112514915815113010427 325AW 7 516920 315899999999999999 113 441333  699999999999999
 78 62 60 71 95123148163162145115 79 45 21 11 17 38 67 9912614314513511727 326AW 728164204214699999999999999 141 5914 7 1199999999999999
 96 79 72 77 92114137153157148126 96 65 39 23 20 31 51 7710312213213112227 327AW 751157212513399999999999999 2 7 721442 2099999999999999
107 94 85 85 93108126141148145132110 84 59 40 31 33 44 62 8210111412011927 328AW 814148221812199999999999999 233 841522 3199999999999999
113104 97 94 97105117128136137131117 99 79 61 48 43 45 54 67 82 9510511127 329AW 841138234811299999999999999 3 2 941614 4399999999999999
112110107104103106111117123126124119109 96 82 69 59 53 53 57 66 76 88 9827 330AW 916126999999999999999999999 3451031734 5299999999999999
106111114114112110109109110112113114112107100 90 78 68 59 55 55 60 70 8227 331AW 229114104911499999999999999 6331091927 5499999999999999
 96108117122122118111104 99 97 99103109113113109100 87 72 59 51 49 54 6627 4 1AW 328123133711399999999999999 9 3 972049 4999999999999999
 83101117128132128118105 93 85 83 89 99111120124120108 90 71 54 43 42 5127 4 2AW 35813215 012499999999999999 942 832138 4199999999999999
 68 91113131140138127109 90 75 68 72 84102119132136129112 89 65 46 36 3927 4 3AW 4221401552136999999999999991011 682216 3699999999999999
 55 78105130145148138118 93 70 56 54 65 86111133146147134110 82 55 38 3327 4 4AW 4441491633148999999999999991038 532248 3399999999999999
 43 66 96125147156150129100 70 47 38 44 65 94124148159154134104 73 47 3427 4 5AW 5 515617111599999999999999911 6 382319 3399999999999999
 37 55 84117145161160142111 76 45 26 25 41 71107139161167155128 95 64 4227 4 6AW 5281621749167999999999999991134 232349 3799999999999999
 37 48 74107138161167154126 88 50 22 11 19 45 82120152170169150120 86 5927 4 7AW 55116718261729999999999999912 5 11999999999999999999999
 44 47 66 96129156169164141104 63 28  6  3 21 54 94132160172164141110 8027 4 8AW 61517019 617299999999999999 020 431237  299999999999999
 59 53 63 87118146166169153122 82 42 12 -2  4 28 6410413916216715513110327 4 9AW 641170194716799999999999999 052 531312 -299999999999999
 79 66 67 82107135157167160138103 64 29  5 -1 11 38 7411014015615714312227 410AW 7 8167203215899999999999999 124 641351 -199999999999999
 99 83 77 83100123144158160148122 88 53 24  8  7 21 47 7911013314514413327 411AW 738161212514699999999999999 159 771435  599999999999999
117101 91 90 98113131145152149134110 80 52 29 17 17 30 53 7910412313413427 412AW 811153223413599999999999999 238 891528 1699999999999999
127117107101102108118130138141137124105 82 59 40 29 28 37 54 74 9511312427 413AW 856141999999999999999999999 3291011637 2799999999999999
129127122115110108109114120126129127120107 90 72 54 41 36 39 51 68 8710627 414AW 011129101412999999999999999 5 610818 7 3699999999999999
121130133129122114106102101105111119123124117104 86 67 50 40 38 46 63 8427 415AW 154133123112499999999999999 7351011939 3899999999999999
106125137141136125110 96 86 83 88 99113126133131119 99 76 55 40 36 44 6327 416AW 254141141813399999999999999 852 832050 3699999999999999
 88114136148149139120 98 78 65 64 73 92114133145145131108 81 56 39 36 4727 417AW 334150152914699999999999999 938 632144 3599999999999999
 70 99128149158153134107 78 55 44 47 64 91120144157156139112 81 55 40 4027 418AW 4 71581623159999999999999991017 432228 3899999999999999
 57 84116144162164149121 87 55 33 26 37 62 95129155167161140110 79 55 4427 419AW 4371651711167999999999999991053 2623 7 4499999999999999
 51 72103135159170162138102 64 33 15 16 35 67105140164171161136105 76 5727 420AW 5 61701755172999999999999991128 132343 5299999999999999
 53 66 92123152169170153120 80 42 15  5 14 40 77116149168170155128 99 7527 421AW 53317218361719999999999999912 2  5999999999999999999999
 62 66 85112141163172162136 99 59 25  5  4 20 52 90127154167163145119 9327 422AW 559172191516899999999999999 016 621235  299999999999999
 76 72 82103130154168167148117 78 42 15  4 10 33 6610213415516115213311027 423AW 625169195316199999999999999 048 7113 8  499999999999999
 90 80 83 97120143160165155131 98 62 32 14 10 23 48 8011213715015113912227 424AW 652165203115299999999999999 118 801342 1099999999999999
103 91 87 95111131148158155140114 82 52 30 19 22 38 62 9111613514213912827 425AW 719158211214399999999999999 148 871417 1899999999999999
114101 94 95105120136147150142125100 73 50 34 29 35 52 74 9711712913413027 426AW 74815022 013499999999999999 221 941457 2999999999999999
121111102 99102111123134140139129113 92 71 54 43 41 48 62 80 9811412412727 427AW 82214023 312799999999999999 3 0 991543 4199999999999999
125119112106104106112120126129127119106 91 75 62 53 52 57 68 82 9711012027 428AW 9 8129999999999999999999999 4 01041644 5199999999999999
124124121115110106105107111115118118114106 95 82 71 62 59 62 70 82 9611027 429AW 029125103211999999999999999 54810518 3 5999999999999999
121127129126119110102 97 96 99104110115116112103 91 79 68 62 62 69 82 9727 430AW 148129124011699999999999999 747 961927 6199999999999999
113127134135129118104 91 83 81 86 96108118123121113 99 84 70 62 62 70 8527 5 1AW 238136141712399999999999999 846 812033 6199999999999999
104123137144141129110 91 74 66 67 77 93112127135133122104 85 69 60 62 7327 5 2AW 312144152013599999999999999 924 652122 5999999999999999
 93115136149151141121 95 71 53 47 54 72 97121140148144128106 83 66 59 6527 5 3AW 34115216 914899999999999999 958 4722 4 5999999999999999
 82105130150159154135106 74 47 32 32 47 74106135154160151130105 80 65 6227 5 4AW 4 91591653160999999999999991030 302242 6199999999999999
 73 95122147163164150121 85 50 24 14 22 46 81118149167168154129101 78 6627 5 5AW 43716617351709999999999999911 4 142320 6599999999999999
 68 85111138161170163139103 62 27  5  2 19 51 91130160174171152125 97 7727 5 6AW 5 61711818175999999999999991139  12357 7199999999999999
 71 79100127153170172156124 83 42 10 -6 -2 22 59101140166176168147120 9527 5 7AW 53717419 2176999999999999991217 -7999999999999999999999
 80 79 92115141163174168145108 66 27  0-10  1 29 6810914416717216114011627 5 8AW 610174194917299999999999999 035 781259-1099999999999999
 95 86 89104127150167171159132 95 54 20 -2 -6  8 38 7511414416216415313327 5 9AW 646171203816599999999999999 115 851344 -699999999999999
113 98 93 99114134153164163148121 86 50 21  5  4 19 47 8111414015415514527 510AW 727165213315699999999999999 158 931433  299999999999999
129113102 99105119135149156153138113 83 53 29 16 17 31 55 8411313514714827 511AW 814156223614999999999999999 249 991528 1599999999999999
140127115105102107116128139144142131111 87 62 42 30 30 41 62 8611113014227 512AW 915145234514499999999999999 3551021632 2999999999999999
144139128116106101101107116126133134128114 95 75 56 45 42 50 67 8811113027 513AW1041134999999999999999999999 5241001743 4299999999999999
141145140129115102 93 90 93101112123130130122107 88 70 57 53 58 72 9211427 514AW 053145122913199999999999999 7 1 901858 5399999999999999
133145148142128111 93 79 73 76 86102118130136132119101 82 67 61 65 79 9927 515AW 15014814 413699999999999999 812 7320 7 6199999999999999
121140152153143124101 78 62 55 60 74 96118135144142129110 90 74 67 72 8727 516AW 235154151814599999999999999 9 5 5521 6 6799999999999999
109132150159155139114 86 60 43 38 48 68 95123144154151136115 94 78 73 8027 517AW 314159161615499999999999999 949 382156 7399999999999999
 98121143159164154131100 68 41 26 26 42 69101131153162156139117 95 81 7927 518AW 34916417 6162999999999999991029 242240 7899999999999999
 90110134155166164147118 83 49 24 14 21 43 76111142161167157137114 94 8427 519AW 42216717501679999999999999911 6 142320 8399999999999999
 86100123146163169160136101 64 33 13  9 23 51 87122151167167153132109 9327 520AW 4541691830169999999999999991141  92356 8799999999999999
 87 94112135156168167150121 84 48 21  8 12 32 6410013415716716214512410427 521AW 52617019 8167999999999999991216  7999999999999999999999
 92 92103123145162168160137105 68 36 15  9 20 45 7811314216016315413511527 522AW 557168194516499999999999999 031 901251  999999999999999
 99 93 98113133152164164149123 89 56 29 15 16 32 59 9212314615815614312527 523AW 629165202115999999999999999 1 4 931326 1399999999999999
108 97 96104121140155161155137109 77 48 28 20 27 47 7410413014715314713327 524AW 7 2161205815399999999999999 138 9514 1 2099999999999999
117104 97 99110126142153154144124 97 69 46 32 30 41 61 8711313414514713927 525AW 738155213714799999999999999 214 971439 2999999999999999
126112102 98103114127140146144133113 90 66 49 40 42 54 74 9711913514314127 526AW 818147222114399999999999999 256 981519 3999999999999999
133121110101 99104113124133137134123107 87 69 55 50 54 66 8410512313514127 527AW 9 6137231114199999999999999 350 9916 5 5099999999999999
139131120109100 98100107116124128126118105 89 75 64 61 65 76 9211012613727 528AW1013128999999999999999999999 5 1 981658 6199999999999999
141138130118106 96 91 92 98107115122123118109 96 83 74 70 74 84 9811513027 529AW 0 6141114412399999999999999 622 9118 2 7099999999999999
140144140130116100 87 80 80 86 97109120125124117106 93 83 78 80 8910412027 530AW 1 1144132212699999999999999 733 791912 7899999999999999
135146148142128109 89 73 64 65 74 90107123133135128116101 89 83 84 9411027 531AW 148148144213599999999999999 827 632019 8299999999999999
127143153153142123 98 73 54 46 49 64 86111132145147140125108 93 86 88 9927 6 1AW 230154154414899999999999999 912 462117 8699999999999999
117137153160156139113 82 54 34 28 37 58 87118143158159149131111 95 88 9227 6 2AW 310160163716099999999999999 955 2822 9 8899999999999999
106126147162167157133100 64 33 15 13 28 57 92127155169168155133112 95 9027 6 3AW 3491671726170999999999999991037 122257 9099999999999999
 97114137158171170154124 85 46 16  0  3 24 59 99137164177173156133110 9527 6 4AW 4291731814177999999999999991121 -12342 9299999999999999
 93103123147167177171149114 72 32  3 -9 -1 25 6410714517118017315312910727 6 5AW 51117719 21809999999999999912 6 -9999999999999999999999
 95 96109131155173179169143104 61 22 -4-11  1 31 7211415017317816814812427 6 6AW 555179195017999999999999999 027 941253-1299999999999999
105 95 99114137159174177164135 96 55 19 -3 -7  9 40 8012115317117416114027 6 7AW 641178203717599999999999999 113 951341 -899999999999999
118102 95101117139159171172157128 91 53 22  5  4 22 53 9012615416816715327 6 8AW 731173212516999999999999999 2 2 951431  299999999999999
133113 99 95101116136153164163149122 90 57 31 18 20 38 6710013115416316027 6 9AW 826165221216499999999999999 254 951521 1799999999999999
146127109 96 92 98111128144153153141119 92 65 45 35 39 56 8111013615315927 610AW 92715523 015999999999999999 353 921613 3599999999999999
154140121104 91 87 91102117132141143135119 98 77 61 54 58 73 9511914015327 611AW1041144234915699999999999999 5 1 8717 7 5499999999999999
156149135117 99 85 79 81 90104119131136133123107 91 78 72 76 8810612614327 612AW12 9136999999999999999999999 615 7818 6 7299999999999999
153155147131112 92 76 68 68 77 92109124133135130118104 93 87 9010011513227 613AW 038155134513699999999999999 727 671913 8799999999999999
147155155145127105 83 65 55 55 65 82102122136141138129116104 98 9910712127 614AW 12815615 814199999999999999 830 542023 9799999999999999
137151158156143122 97 72 53 43 44 57 7710212514215014713712311010310311227 615AW 217158161415099999999999999 923 42212710299999999999999
126142155161156140115 87 60 40 32 36 53 7910713315115815414112611210410527 616AW 3 416117 61589999999999999910 9 32222210399999999999999
115131148160163155134106 74 47 29 24 34 56 8611714316016415614112310910327 617AW 3471641749164999999999999991050 2423 710399999999999999
107120137154165164151126 94 61 35 20 21 36 63 9712915416616615413511710427 618AW 4281661826168999999999999991128 18234510199999999999999
101109125145161168163144115 80 48 25 16 23 44 7611014116216916214612610927 619AW 5 616819 11699999999999999912 5 16999999999999999999999
 99101114133153166169158134102 67 38 20 17 30 57 9012415116616715513611627 620AW 543170193316899999999999999 020 991240 1699999999999999
101 96104120141159169166150122 88 55 30 19 23 43 7310613715816616014412427 621AW 61917020 416699999999999999 053 961313 1999999999999999
106 96 96108127147162168160139109 76 47 28 24 35 59 9012114716116215113327 622AW 655168203516499999999999999 126 941346 2499999999999999
113 98 93 98113132150162162150126 96 66 43 32 34 50 7610713415416115614227 623AW 73216421 516199999999999999 2 1 931419 3199999999999999
122105 93 92100116134150157154138114 87 62 45 40 48 68 9412114415715814927 624AW 812157213715999999999999999 239 911453 4099999999999999
132114 98 90 91101117133145150144128106 83 63 53 53 65 8511013315015715427 625AW 856150221115799999999999999 323 901528 5199999999999999
142125107 94 87 90 99114128138141135121103 84 70 64 68 8110112214115315627 626AW 949141224815699999999999999 414 8716 7 6499999999999999
149136118101 89 83 85 94107121131134130119105 91 81 78 83 9611313114515327 627AW1058134233115599999999999999 514 821653 7899999999999999
154146131113 95 82 75 76 85 98113124131131124114103 94 92 9610612113514827 628AW1227132999999999999999999999 620 741754 9299999999999999
154153144128108 88 72 64 64 73 8810512113213713412611510710310511312513827 629AW 02115514 413799999999999999 727 63191210299999999999999
150156154144125102 78 59 49 49 60 7810112213914714613912711711010911512727 630AW 118156152614899999999999999 829 48203610899999999999999
141154160158145123 95 67 44 32 33 47 71 9912714815915915013612211210911527 7 1AW 216161163016199999999999999 926 31214710999999999999999
129145159167163147120 87 54 29 16 18 37 6610113415917117015814012211010727 7 2AW 3131671724172999999999999991020 15224510799999999999999
115131151167175170150117 79 42 14  2  8 31 6710714316918117616013811710427 7 3AW 4 81751812181999999999999991110  1233510299999999999999
103114134157175183175150113 70 31  3 -7  3 32 7211515317818617715613111027 7 4AW 5 018318571869999999999999912 0 -7999999999999999999999
 98100115138163182188177148108 63 23 -3 -9  6 39 8212616218318617214812127 7 5AW 552188193918799999999999999 022 971247 -999999999999999
100 91 97116142167185189175144102 58 21 -1 -2 18 53 9613817018518116313627 7 6AW 643190201818699999999999999 1 7 911333 -499999999999999
110 91 85 95116142167183185168137 96 56 25  9 13 36 7211314917418217215127 7 7AW 734186205618299999999999999 152 851417  899999999999999
123 99 83 81 93114140163176175158129 93 59 35 27 35 60 9412915817517516127 7 8AW 826178213217799999999999999 239 8015 0 2799999999999999
138112 90 78 78 90111134154165163147122 94 68 52 49 61 8511414216317216727 7 9AW 92116522 717299999999999999 329 761541 4899999999999999
150127103 84 74 75 86105125142151149138120 99 81 72 73 8610613015116416627 710AW1023152224316799999999999999 423 731622 7199999999999999
158140118 97 80 71 72 81 96113128138139133121108 97 92 9510612213915316127 711AW1141140232416299999999999999 526 7017 8 9299999999999999
160150134114 93 77 68 67 74 8610211712813413412812011311011211913014215227 712AW1324135999999999999999999999 637 6618 910999999999999999
157155146131111 92 75 64 60 65 77 9311012513513913813212612112012413214127 713AW 015157151014099999999999999 753 60194012099999999999999
150155154145130110 89 70 57 52 57 70 8810912814214814814113312512112312927 714AW 121155162214999999999999999 9 1 52211412199999999999999
139149155155147130108 84 63 48 44 50 66 8911413615215815514513312211711927 715AW 22915617 915899999999999999 956 44221711799999999999999
127139151159159148129103 76 53 39 36 47 68 9612414816216515714312711511027 716AW 3281601744165999999999999991041 3623 111099999999999999
115127143157165163148124 94 65 42 30 33 49 7610813816016916715313511710627 717AW 4171661815170999999999999991119 29233610499999999999999
105114131150165171164145115 82 52 31 25 35 58 9012315216917216214412210527 718AW 4591711844173999999999999991154 25999999999999999999999
 98102118139159173174162136102 68 40 25 26 43 7210714016417417015313010827 719AW 537175191117599999999999999 0 7 981226 2399999999999999
 95 93104125148168178173154123 88 55 32 25 34 58 9212615517217416113911527 720AW 613178193617599999999999999 037 921256 2599999999999999
 95 87 92109133157173178167142108 74 45 30 32 49 7911314516717516814912327 721AW 64817820 117599999999999999 1 7 871325 2999999999999999
100 86 84 95116141162174172156127 94 64 43 36 46 7010113416017417215713427 722AW 723175202517599999999999999 139 831353 3699999999999999
109 89 79 83 99122146163170163142114 84 60 47 49 66 9212315116917416414427 723AW 759170205017499999999999999 212 791422 4699999999999999
119 96 80 76 85103126147160162151130104 80 63 59 67 8711414116117116815327 724AW 839163211617299999999999999 249 761451 5999999999999999
131107 87 75 75 86105126143153152141122101 83 74 75 8710813115216616816027 725AW 925154214416999999999999999 330 741522 7399999999999999
142120 97 80 72 74 85103121137144143134120104 93 89 9310612414215716416227 726AW1023145221816599999999999999 419 7216 0 8999999999999999
151133112 92 77 69 71 81 9611312713613813312411410710511012013314615616027 727AW114513823 416099999999999999 519 69164910599999999999999
157146129109 89 73 64 64 71 8510211813013713813512912312012112713614515327 728AW1340139999999999999999999999 634 63181312099999999999999
157155146131110 88 69 56 52 57 71 9011112914314914914313612912612713314227 729AW 013158152615099999999999999 756 52201512599999999999999
151158159152136114 88 63 45 37 41 56 8010713315216216315514313112312112627 730AW 139160163216499999999999999 910 37214412199999999999999
138152164168162144117 85 54 31 21 26 45 7611014216517617416114312511311127 731AW 2581681719177999999999999991011 20224111199999999999999
120137157173180173152119 80 44 17  7 15 41 7811915417818717916013511310127 8 1AW 4 318018 01879999999999999911 3  72327 9999999999999999
101115138164184191182156117 73 33  7 -1 14 46 88132168189192176150121 9827 8 2AW 5 01911837193999999999999991150 -1999999999999999999999
 88 93113142171193199186155112 66 26  3  2 22 6010514918119518916713510427 8 3AW 551199191119699999999999999 0 9 871234 -199999999999999
 83 77 88114146177197201184149105 60 25  9 15 41 8112616519019518015111727 8 4AW 641202194419599999999999999 050 761315  899999999999999
 87 70 70 86115149178195195175140 98 59 32 24 37 6710714617719218716513327 8 5AW 728198201519399999999999999 131 671353 2499999999999999
100 74 62 67 87117148174187182161129 94 64 47 47 65 9613116318318717414827 8 6AW 815187204318899999999999999 213 621429 4599999999999999
116 86 66 60 68 89116144165173167148121 95 75 68 74 9412115017218217715927 8 7AW 9 4173211118299999999999999 256 5915 2 6899999999999999
132103 79 64 61 71 90114136151157151137119102 91 9110011814016017217416427 8 8AW 959157213917599999999999999 342 611534 9099999999999999
145121 97 78 67 66 74 9010812513714214013212211310911212113514916116616327 8 9AW1110142221116699999999999999 436 6516 810999999999999999
153136116 96 81 71 69 75 86 9911312513213513313012612512713314114915515727 810AW13 7135225715799999999999999 544 69165712599999999999999
154146133117100 85 75 70 72 79 9010411812913714114113813513413513814214727 811AW1527141999999999999999999999 715 70191013499999999999999
150150145135121104 88 75 66 65 70 83 9911713314515115014613913312913013427 812AW 026150162615199999999999999 843 64212212999999999999999
141148151149141126106 86 69 58 56 63 7910112414315616015614613412411912127 813AW 211151165916099999999999999 944 55221511999999999999999
129140151158157146127103 79 59 48 48 61 8311013615616716615614012311210927 814AW 3221581726168999999999999991028 46225010899999999999999
115129146160167164148124 95 67 47 39 45 65 93124151169173165148127109 9927 815AW 41216717501749999999999999911 4 392319 9999999999999999
102115135156171175167145114 81 53 37 35 50 77110142167178174157133110 9427 816AW 4521761814178999999999999991135 342347 9099999999999999
 90100120145167180180164135100 67 42 32 40 63 96131161179180167142115 9227 817AW 52818218361829999999999999912 4 32999999999999999999999
 81 86103130157178186178155121 84 54 36 36 53 83119152176184175152123 9527 818AW 6 2186185818499999999999999 014 811231 3499999999999999
 77 74 87111141168184186170141105 71 47 39 49 7410814317118518216313410327 819AW 635187191918699999999999999 042 731257 3999999999999999
 78 67 72 92121151175185179158126 91 63 48 50 69 9913316318218517114511327 820AW 7 9185194118699999999999999 111 671323 4799999999999999
 84 66 63 75100130158176180168143112 83 63 58 69 9312415417618517715612627 821AW 74418120 318599999999999999 142 621349 5899999999999999
 95 71 60 64 81108137160172171155130104 82 72 75 9111614416818017916413827 822AW 822173202518299999999999999 215 591416 7199999999999999
108 82 64 59 67 87113138156164159143122102 89 86 9511313615817317716914927 823AW 9 5164205017799999999999999 252 591445 8699999999999999
124 97 75 62 61 71 9011313314815314813612110910210411413014816217016815727 824AW10 0153212017199999999999999 336 60151810299999999999999
138115 92 74 64 63 72 8710612313614214113512812111812112914015115916316027 825AW112314222 216399999999999999 434 6216 111899999999999999
150134115 95 78 67 63 67 78 9311012413514114213913613313313514014615215527 826AW1343142232515699999999999999 558 63174113399999999999999
155149138121102 83 67 58 57 64 78 9711713414715415414914313613213213614327 827AW1533154999999999999999999999 739 56203213299999999999999
151156156149133111 87 64 48 42 48 64 8911614115916816715814413012111912527 828AW 130157162216999999999999999 9 1 42214611999999999999999
137152164169164146118 87 57 35 27 35 57 8912315417418117415713611610410327 829AW 3 016916591819999999999999910 1 27223210299999999999999
115135158177185178156121 82 47 23 17 30 59 98138170188189174148119 96 8527 830AW 4 41851732191999999999999991049 162312 8599999999999999
 90110138168190198188159119 75 38 16 15 36 72115156186198189164130 98 7527 831AW 45719818 4198999999999999991132 132349 6999999999999999
 69 81109144177200206190156112 68 34 18 25 53 93138175197199180146108 7627 9 1AW 5462061833201999999999999991212 18999999999999999999999
 57 58 78112150184204205185148104 64 37 30 45 78119160190201191163124 8627 9 2AW 63220719 220199999999999999 027 551248 3099999999999999
 58 46 55 81117155186201196173137 98 66 49 51 7310714517719619617614210327 9 3AW 717202192819899999999999999 1 5 461323 4799999999999999
 69 47 43 58 86122156181190182158126 96 74 67 7710213316418619318215612127 9 4AW 8 1190195419399999999999999 142 431354 6799999999999999
 86 59 45 48 65 93125153171175165144120 99 88 8910412715317518618316513827 9 5AW 846175201818699999999999999 221 441423 8799999999999999
106 77 58 50 57 74 9912414515715814913511910810511112514416317517716814927 9 6AW 935159204217799999999999999 3 2 50145110599999999999999
124 98 77 63 60 67 8210112013414314413913112412012112813915216216616415327 9 7AW104014421 816699999999999999 348 60151811999999999999999
137117 98 83 73 70 75 85 9811112313113613613513313213313714314915315415127 9 8AW1242136214615599999999999999 451 70155813299999999999999
144132118104 91 82 77 77 82 9110211412613414014314214013913813813914214427 9 9AW1522143233614499999999999999 627 76191513899999999999999
144141135125113 99 87 78 74 75 83 9611112714014915215014413613012712713227 910AW16 2152999999999999999999999 814 73212112699999999999999
138143146143134120103 86 72 65 67 77 9511513615116015915113912611711311727 911AW 2 0146162716199999999999999 919 65215911399999999999999
127139150155153141122 99 78 62 56 62 7810112714916416816114612711110110227 912AW 31215516501689999999999999910 3 56222710099999999999999
112129147161166160143118 90 67 52 50 63 86115144165175171155132109 93 8827 913AW 4 01661712175999999999999991037 492254 8799999999999999
 95114137159173175163139108 78 55 46 52 73103135162178179165140112 88 7627 914AW 43817617331819999999999999911 6 452320 7599999999999999
 79 96122150173184179159128 94 65 48 46 62 90125157179186175151119 89 6927 915AW 5131841753186999999999999991134 452346 6499999999999999
 65 77102134164184189176149115 81 57 48 56 81114148176189184162129 95 6827 916AW 54718918141899999999999999912 0 48999999999999999999999
 55 60 81113147176190188168136101 72 55 56 74104139169188190173142105 7227 917AW 621191183519199999999999999 014 541227 5399999999999999
 51 47 61 90126159183190180155122 91 69 62 73 97129161184191181155119 8327 918AW 655191185619199999999999999 042 461253 6299999999999999
 55 42 47 69101137167184184168141111 87 74 76 94121151176188185165134 9727 919AW 731186191818999999999999999 113 411320 7399999999999999
 65 45 40 52 78111144167178173155130106 90 86 9511614116518118417214711527 920AW 810178194218599999999999999 146 401348 8699999999999999
 82 56 43 45 61 8711714416216716014412410810010211413415517117817415713127 921AW 85516720 817899999999999999 223 421418 9999999999999999
102 75 56 47 52 68 9111613715115514913812511611411813014515916816916114527 922AW 953155203917099999999999999 3 9 47145211499999999999999
123 98 77 62 55 58 70 8810812613814414313913312912813113814615415815815227 923AW1124144212515999999999999999 410 55154512799999999999999
139123104 86 71 62 61 67 80 9611312813914514614414113713513613814214614927 924AW1350146232014999999999999999 540 60182013599999999999999
148143132116 98 80 65 58 58 67 8310412414215315815614913913012412312813627 925AW1511158999999999999999999999 725 57204112399999999999999
145152153146131109 85 64 50 47 56 7610212915216617016414913111510510511427 926AW 139154155117099999999999999 845 47213410499999999999999
130148162169163144117 86 59 41 38 51 76109141167180178164140114 93 83 8727 927AW 3 2169162418199999999999999 942 382213 8399999999999999
104129156176184176153119 83 52 35 36 55 87124159183190179154122 91 69 6327 928AW 4 11841654190999999999999991027 332250 6399999999999999
 75101134166189196184155116 78 48 35 43 68106145177195192171136 98 66 4827 929AW 45219617231969999999999999911 8 352326 4699999999999999
 49 69103142176198201184151110 73 49 44 59 90129166192199185154113 73 4427 930AW 5382031751199999999999999991145 43999999999999999999999
 33 43 70109150183201198177142104 73 57 60 82116152183198194170132 89 532710 1AW 622203181819999999999999999 0 2 331220 5699999999999999
 30 28 45 78118157185197189165132100 78 71 82107140171192196181149109 702710 2AW 7 5197184319799999999999999 038 261253 7199999999999999
 40 26 31 54 88126159181186174151123100 87 89105130158181191185162128 912710 3AW 74718619 819199999999999999 114 251323 8699999999999999
 58 36 31 42 66 981311571711711591391191041001071251471681811821681431112710 4AW 830173193318399999999999999 150 30135210099999999999999
 79 55 41 42 55 791061321501591561461321191121131231391551681731671511272710 5AW 916159195817399999999999999 228 40142111199999999999999
101 76 59 52 56 69 881091281411461451381301231211251331441551611601521372710 6AW1014146202616199999999999999 310 52145312199999999999999
118 98 81 69 65 68 77 921071211311371381361331301291311361411461481461402710 7AW114913821 514899999999999999 4 5 65154912999999999999999
130116102 90 80 75 75 81 901021141251331381401391361331311311321341361362710 8AW14 6140225213699999999999999 526 74185013199999999999999
134130122111 99 88 80 77 78 85 961101241371451481451391311241191181211262710 9AW15 3148999999999999999999999 712 77204711899999999999999
132136136131120107 92 80 73 73 81 95113131146154155148136122110103104111271010AW 129136153515699999999999999 830 72212510399999999999999
123135144146140127109 90 75 67 69 80 99122143158164158144124105 92 87 93271011AW 24814616 016499999999999999 920 662155 8799999999999999
108127144155157147129106 83 67 62 69 86111137159170168154131105 84 73 75271012AW 339158162217199999999999999 957 622222 7299999999999999
 89112136157168165150126 98 75 61 61 76100129156173177165141111 82 62 57271013AW 4191681644177999999999999991029 602249 5799999999999999
 68 92121150171178169147118 89 68 60 68 90119150173183176153120 85 58 44271014AW 45617817 6183999999999999991059 602317 4399999999999999
 48 69100135165182183167139108 81 65 66 82109141169185184166133 95 60 37271015AW 5321841728187999999999999991129 632346 3299999999999999
 32 46 76113149177188182160129 99 77 69 78101131161182189177148109 70 39271016AW 6 81881751189999999999999991158 69999999999999999999999
 24 28 51 87126161183188175149119 93 78 79 95121151176188184162127 86 50271017AW 645188181618999999999999999 016 231228 7799999999999999
 25 19 32 61 99137167182181164138112 93 86 93113140165182186172144106 68271018AW 724184184218699999999999999 050 191259 8699999999999999
 37 21 22 40 71108142166176170153130110 98 98109130153172181176157127 91271019AW 8 7176191118199999999999999 126 191331 9699999999999999
 58 34 24 30 50 80112141159165159144127113107111123141158170173163143115271020AW 857165194317399999999999999 2 8 2414 810799999999999999
 84 57 39 33 40 58 84111134149154150140128120117121131143155161161151134271021AW10 0154202416299999999999999 258 33145511799999999999999
110 86 64 49 44 48 63 83105125139146146141134128125126130137144149149143271022AW1128147213114999999999999999 4 2 44161812599999999999999
131114 95 76 61 53 54 63 78 98117134144149147141134127122121124129135140271023AW1312149234114199999999999999 527 52184512199999999999999
141136125109 90 72 60 55 60 73 93115135149156155146134120109104105113125271024AW1420156999999999999999999999 659 55201810399999999999999
137145147139123102 80 63 54 57 71 93119142159165160146126105 89 82 86100271025AW 14014715 316699999999999999 815 5421 9 8299999999999999
119140155160153135110 84 63 53 57 75101130156171173161138110 83 65 60 70271026AW 257160153817499999999999999 912 532150 6099999999999999
 92120147167173164143113 84 63 55 63 85115146170181175154122 88 59 42 43271027AW 35617316101819999999999999910 0 552228 4099999999999999
 60 90125157178183170144113 83 64 61 75101133163182185170140101 64 36 25271028AW 4461831640187999999999999991042 6023 4 2599999999999999
 33 59 95134167186186170141109 83 69 72 91120152177189182157120 78 42 19271029AW 53318817 9189999999999999991120 682340 1599999999999999
 16 32 64104143174188184164135105 84 77 87109139167185188171139 98 57 26271030AW 6161891738189999999999999991156 77999999999999999999999
 11 16 39 74115151176184176154127102 88 88103127155177186179155119 79 43271031AW 65818418 618699999999999999 016 111229 8699999999999999
 19 12 24 51 87125156174176164142119102 95101118142164179179165137100 642711 1AW 738177183418199999999999999 051 1213 2 9599999999999999
 35 20 21 37 66 99131155166164151132114104103113131151167174167148119 872711 2AW 81916719 317499999999999999 127 18133410299999999999999
 57 36 28 34 52 791081341511571521401251131081111221381531631631531331062711 3AW 9 1157193316499999999999999 2 4 2814 810899999999999999
 79 56 42 39 48 66 901131321441471421321221151131171271381481531501391212711 4AW 95014720 815399999999999999 244 39144811399999999999999
 99 78 61 52 52 61 77 951141291381401371301231181161191251331391411371282711 5AW1051140205414199999999999999 330 51155011699999999999999
114 98 82 70 63 63 70 82 981131261341381361321251201161161181221261291282711 6AW1211138221712999999999999999 429 62173811599999999999999
123114102 90 79 72 71 75 85 981121251351401401351271181101061061091151212711 7AW1327141999999999999999999999 545 71193410599999999999999
124124119110 99 87 78 74 77 85 99114129141146145136124110 98 91 91 961072711 8AW 027125141714699999999999999 7 7 742034 9099999999999999
118127131128119106 92 80 75 77 87103121138150153147133114 95 80 73 76 882711 9AW 2 7131145315399999999999999 814 752112 7399999999999999
104122135141138127110 93 80 74 78 92111132150159158145123 97 74 60 56 66271110AW 310141152216099999999999999 9 5 742145 5699999999999999
 85109131148153147131111 91 78 74 83101124146162166157135106 75 51 40 43271111AW 358153154916799999999999999 947 742216 3999999999999999
 61 88119145161163152132108 87 76 77 91114139161172168149119 83 51 29 24271112AW 4401641617172999999999999991024 752248 2499999999999999
 36 63 97132158172169153128103 84 77 85104129155173176164136 98 59 28 12271113AW 52017316451779999999999999911 0 772321 1199999999999999
 15 36 70109145169178170149123 98 84 82 95118145168179175153118 76 38 11271114AW 6 01781715180999999999999991135 812357  299999999999999
  2 13 41 79120155175178166143117 96 86 90108133158176180168139100 58 22271115AW 6411791747181999999999999991211 86999999999999999999999
  1 -1 16 49 89129159175174158135112 96 91101120144166178175157124 84 45271116AW 725177182217999999999999999 036 -31249 9199999999999999
 15  0  3 24 58 98134159170166150129110 98 99110129151167174166145112 74271117AW 81217019 017499999999999999 119 -11329 9799999999999999
 40 15  5 12 35 67103134155162157142125110103105116133150162165155134104271118AW 9 3162194416599999999999999 2 5  5141610299999999999999
 71 42 22 16 24 45 74105131149155150138123112106108117130143152153144126271119AW10 0155203815499999999999999 257 16151510699999999999999
102 75 51 34 29 36 54 79106129144149146136124113106105111120130138141137271120AW11 4149215514199999999999999 356 29163610599999999999999
124105 84 63 48 42 47 62 83106127142148146137124111101 96 98105115125132271121AW1212148233913499999999999999 5 3 421815 9699999999999999
133127114 96 77 62 55 57 69 87109129144150148137122105 90 81 80 87 99114271122AW1313151999999999999999999999 617 551938 8099999999999999
127135134125109 91 75 65 65 75 93114135150155151136115 93 74 62 61 70 87271123AW 12613514 315599999999999999 730 642037 6099999999999999
108127140144136121102 84 73 72 82100123143157160151131104 77 54 42 43 57271124AW 249144144616199999999999999 835 712125 4199999999999999
 80107132149154147130109 90 78 78 90110133153165163148121 89 57 34 24 30271125AW 353154152416699999999999999 931 7722 8 2499999999999999
 50 80112141159163153134111 92 82 84 99121144163170162140107 71 38 17 12271126AW 44616316 0170999999999999991019 812248 1299999999999999
 24 51 85121150166167154133110 92 85 91109132155170171156127 90 52 22  6271127AW 53316916351729999999999999911 2 852325  499999999999999
  7 26 58 95131158170167150128105 91 89 99120143163173167146112 73 37 11271128AW 61617117 9173999999999999991141 88999999999999999999999
  1  9 34 69107141163170161142120100 91 94108130152168171158132 95 57 25271129AW 655170174317199999999999999 0 2  11217 9099999999999999
  6  3 18 47 83119148164164152132111 96 92100117139158168164146116 80 45271130AW 732166181616899999999999999 038  21251 9299999999999999
 19  7 12 32 62 97129151160155140121103 94 95106125144159163154132101 672712 1AW 8 8160185016399999999999999 114  71325 9399999999999999
 38 19 14 24 47 78109135150153145129112 99 94 99112129146155154141117 882712 2AW 844154192515699999999999999 149 1414 0 9499999999999999
 59 36 24 25 39 63 91118138147146135120106 96 951021151301421471421271052712 3AW 92114820 314799999999999999 225 231440 9499999999999999
 80 56 40 34 39 55 78102123138143139128114103 96 961021131251341361301162712 4AW10 1143204813699999999999999 3 2 341530 9599999999999999
 97 76 59 48 46 53 69 89110127137139134123111101 94 94 991071161231251202712 5AW1046139214712599999999999999 343 451636 9399999999999999
109 94 79 66 58 58 66 80 98115129137137132121109 98 90 87 90 971051131162712 6AW1137138231411699999999999999 430 571758 8799999999999999
115108 98 86 75 69 70 76 88104119131138138132120106 92 81 76 78 84 941052712 7AW1232139999999999999999999999 528 691916 7699999999999999
112115113105 95 86 79 78 84 94108123134141140132117 99 81 67 61 63 72 872712 8AW 1 2115132414199999999999999 640 782015 6199999999999999
102115122122116106 95 86 84 88 98113128140146142130110 87 65 50 44 49 632712 9AW 232123141014699999999999999 754 8421 2 4499999999999999
 84105123133134127114100 90 86 91103119135148151144125 99 71 46 30 27 37271210AW 337135145115199999999999999 858 862143 2699999999999999
 58 86113134146145135119103 91 87 94108127145156156142117 85 52 25 11 12271211AW 428147153015799999999999999 952 872224  999999999999999
 30 58 92124147157154140120101 89 88 97115136155163158138106 68 32  6 -5271212AW 5141571610163999999999999991039 8723 5 -599999999999999
  3 27 62101135158165158140117 98 87 89103124147164169158132 94 52 15 -9271213AW 5591651651169999999999999991122 872347-1599999999999999
-15 -1 30 70111145165169157136112 94 86 92109132155170171154123 81 38  3271214AW 64316917331729999999999999912 5 86999999999999999999999
-18-18  1 36 79120152168167152129106 89 85 95115139160172169148113 70 29271215AW 726170181817399999999999999 032-211248 8599999999999999
 -3-19-15  9 46 89128155167162144120 99 86 85 98119142161169163140104 63271216AW 81016719 516999999999999999 117-201333 8499999999999999
 25 -2-13 -4 22 59 99133156163154135112 93 83 85 98119140156162153130 97271217AW 854163195516299999999999999 2 3-131421 8299999999999999
 60 28  6  0 12 38 73108137154156145126105 88 80 83 96114133146151142122271218AW 938157205115199999999999999 250  01515 8099999999999999
 93 63 36 20 18 31 56 87117140151150137118 99 84 76 78 89104121133138132271219AW1023152215713899999999999999 338 171617 7699999999999999
116 94 70 50 39 39 52 73 99123140148144131113 94 78 70 70 78 91106119125271220AW11 9148232012699999999999999 428 371729 6999999999999999
124114 99 82 67 58 59 70 88108127140145140127108 89 72 61 59 64 76 91106271221AW1158145999999999999999999999 524 581848 5899999999999999
117121118108 95 84 76 76 84 98114130141144138124105 83 64 50 45 50 62 79271222AW 1 3121125214499999999999999 630 7520 2 4599999999999999
 98113123125119109 98 90 88 93104118132142145138122100 75 53 37 31 36 51271223AW 243125134814599999999999999 749 8821 3 3199999999999999
 72 95116130134130120108 98 93 96106121135145147138120 94 66 41 24 18 26271224AW 4 0134144214799999999999999 9 6 932154 1899999999999999
 45 71 99123139144138126111 99 93 97108124139149149138115 85 54 27 11  9271225AW 45614415311519999999999999910 8 932239  899999999999999
 21 46 77108134149151142125108 95 91 97111129145154151134107 73 40 14  2271226AW 5401511616154999999999999991056 912319  199999999999999
  5 23 53 87120144155153139119101 89 88 98116136152157149128 95 59 27  4271227AW 6171561657157999999999999991136 872356 -399999999999999
 -3  6 31 65101132152157149130109 91 83 87102123144157158144117 81 45 15271228AW 6511581735159999999999999991210 83999999999999999999999
 -2 -2 15 45 81116143156154139118 97 82 80 90109131150159154134103 66 32271229AW 722157181115999999999999999 030 -41243 7999999999999999
  7 -2  6 29 62 98129150155146127104 85 76 80 95116138153157146121 87 52271230AW 751155184515799999999999999 1 3 -21314 7699999999999999
 23  6  5 20 48 82115140152149134112 91 76 73 82100122142152150134106 73271231AW 818152192015399999999999999 134  31346 7399999999999999
