 14 11  8  6  5  4  4  5  7  9 10 11 11 11 11 11 11 13 14 15 16 18 18 1727 1 1B62155 18999999999999999999999 522  4999999999999999999999
 16 13 10  6  4  3  2  2  3  5  8 10 12 13 14 14 15 16 16 17 17 18 19 1927 1 2B62221 19999999999999999999999 632  2999999999999999999999
 17 15 12  9  5  3  1  1  1  3  6  9 12 14 15 16 17 17 18 18 18 18 18 1927 1 3B623 0 19999999999999999999999 720  1999999999999999999999
 18 17 14 11  8  5  3  1  0  1  3  6 10 13 15 17 18 18 19 19 19 18 18 1827 1 4B61852 19999999999999999999999 8 6  0999999999999999999999
 19 18 17 15 12  8  5  2  1  0  1  4  7 11 14 16 17 18 18 18 18 18 18 1827 1 5B618 7 18999999999999999999999 851  022 1 1899999999999999
 19 19 19 17 15 12  8  5  2  0  0  2  5  9 12 15 17 17 18 17 17 17 17 1727 1 6B6 111 191752 1899999999999999 935  02056 1799999999999999
 18 19 20 19 17 15 11  7  4  1  0  0  2  6 10 13 15 16 17 16 16 16 16 1727 1 7B6 2 1 201746 17999999999999991015  02044 1699999999999999
 18 19 20 20 19 17 13  9  5  2  0 -1  0  3  8 11 14 15 16 15 14 14 14 1527 1 8B6 234 201754 16999999999999991050 -12057 1499999999999999
 16 18 20 21 20 18 15 11  6  3  0 -2 -1  1  5  9 12 14 15 15 14 13 13 1327 1 9B6 257 211815 15999999999999991121 -22124 1399999999999999
 15 16 19 20 20 18 16 12  8  3  0 -2 -2 -1  3  7 11 13 14 15 14 12 11 1227 110B6 318 201840 15999999999999991148 -222 4 1199999999999999
 12 14 16 18 19 17 15 12  9  4  1 -1 -2 -1  2  6 10 12 14 15 14 12 10 1027 111B6 345 1919 5 15999999999999991210 -22257 1099999999999999
 10 11 12 15 16 16 14 12  9  6  2  0 -1 -1  1  5  9 12 13 14 14 12 10  827 112B6 420 161925 14999999999999991219 -1999999999999999999999
  8  8  8 10 12 14 13 11 10  7  4  2  1  1  2  4  8 11 13 14 14 13 10  727 113B6 5 6 141925 1499999999999999 031  81210  199999999999999
  6  5  5  5  7 10 11 10  9  8  6  4  3  3  4  5  8 11 13 14 14 13 11  827 114B6 6 8 111911 1499999999999999 145  51222  399999999999999
  5  3  2  2  3  5  7  9  9  8  8  7  6  5  6  7  9 11 13 14 14 13 11  827 115B6 749  91925 1499999999999999 234  11249  599999999999999
  5  2  0 -1 -1  1  3  5  7  8  8  8  8  8  8  9 10 11 12 14 14 13 12  927 116B61042  81952 1499999999999999 319 -11324  899999999999999
  6  3  0 -2 -3 -2 -1  1  4  6  8  9 10 10 10 10 11 12 12 13 14 14 12 1027 117B62028 14999999999999999999999 412 -3999999999999999999999
  8  6  2 -1 -3 -4 -4 -3  0  3  5  7  9 10 11 11 11 12 12 12 13 13 13 1227 118B62120 13999999999999999999999 534 -4999999999999999999999
 10  9  6  2 -1 -3 -4 -5 -4 -2  1  4  7  9 11 11 11 12 12 12 12 12 13 1327 119B62243 13999999999999999999999 7 2 -5999999999999999999999
 13 12 10  7  3  0 -3 -5 -7 -6 -3  0  3  7  9 11 11 11 11 11 11 11 12 1327 120B61557 11999999999999999999999 813 -72023 1199999999999999
 14 14 14 12  9  4  0 -4 -7 -9 -8 -5 -1  3  7  9 11 11 11 10 10 10 10 1227 121B6 057 141639 1199999999999999 913 -92041 1099999999999999
 14 15 16 16 13  9  4 -1 -6 -9-11-10 -6 -2  3  7 10 11 10 10  9  8  9 1027 122B6 2 7 161714 119999999999999910 5-1121 4  899999999999999
 12 15 17 17 16 13  9  3 -3 -8-11-12-10 -6  0  5  8 10 11 10  8  7  7  827 123B6 255 171746 11999999999999991049-122144  799999999999999
  9 12 15 17 17 15 12  7  1 -5 -9-11-11 -8 -3  2  7 10 11 10  9  7  5  527 124B6 339 171814 11999999999999991126-112241  599999999999999
  6  8 11 14 15 15 13 10  4 -1 -6 -9-10 -8 -5  0  5  9 11 11 10  7  5  427 125B6 425 151839 12999999999999991158-102351  399999999999999
  3  4  6  9 11 13 12 11  7  2 -2 -5 -6 -6 -4  0  5  8 11 12 11  9  5  327 126B6 523 1319 4 12999999999999991225 -7999999999999999999999
  2  1  2  4  6  8  9 10  8  5  2 -1 -2 -3 -1  1  5  8 11 13 13 10  7  427 127B6 640 101928 1399999999999999 056  11248 -399999999999999
  1 -1 -1  0  2  4  5  7  8  7  5  3  2  1  2  4  6  9 11 13 13 12  9  527 128B6 758  81954 1399999999999999 152 -113 6  199999999999999
  2 -1 -3 -3 -2  0  1  3  5  7  6  6  5  5  5  6  8 10 11 12 13 13 11  827 129B6 916  72020 1399999999999999 244 -313 3  599999999999999
  4  1 -2 -3 -3 -3 -2  0  2  5  6  7  7  7  8  9 10 11 12 13 13 13 12 1027 130B62046 13999999999999999999999 337 -4999999999999999999999
  7  4  1 -1 -3 -3 -3 -2  0  2  5  7  8  9  9 10 11 12 13 13 13 13 13 1227 131B61949 13999999999999999999999 441 -3999999999999999999999
 10  7  5  2  0 -2 -2 -2 -2  0  3  5  7  9 10 11 12 12 13 13 13 13 13 1227 2 1B61848 13999999999999999999999 639 -2999999999999999999999
 12 10  8  6  3  1 -1 -2 -2 -2  0  3  6  8  9 11 12 12 13 13 13 13 12 1327 2 2B61914 13999999999999999999999 758 -2999999999999999999999
 13 13 11  9  7  4  2 -1 -2 -3 -2  0  3  6  9 10 11 12 12 12 13 12 12 1327 2 3B69999999999999999999999999999 854 -3999999999999999999999
 13 14 14 12 10  8  4  1 -2 -3 -3 -2  1  4  8 10 11 11 12 12 12 12 12 1227 2 4B6 116 14999999999999999999999 936 -3999999999999999999999
 13 15 15 14 13 10  7  3 -1 -3 -4 -4 -1  2  6  9 11 11 11 11 10 10 11 1127 2 5B6 2 1 151732 119999999999999910 6 -42045 1099999999999999
 13 14 15 15 14 11  8  4  0 -3 -5 -5 -3  0  5  8 10 11 11 10  9  9  9  927 2 6B6 232 151720 11999999999999991030 -52123  999999999999999
 11 13 14 15 14 12  9  5  1 -3 -5 -6 -4 -1  3  7 10 11 11 10  8  7  6  727 2 7B6 257 151728 12999999999999991051 -622 3  699999999999999
  8 10 12 14 14 12 10  6  2 -2 -4 -5 -5 -2  2  7 10 11 11 10  8  5  4  427 2 8B6 323 141740 129999999999999911 9 -52244  499999999999999
  4  6  9 11 12 11 10  7  3 -1 -3 -4 -4 -2  2  6  9 11 11 10  7  4  1  127 2 9B6 356 121743 11999999999999991119 -42326  099999999999999
  1  2  4  7 10 10  9  7  5  1 -2 -3 -2 -1  1  5  9 11 11 10  7  4  0 -227 210B6 439 101732 11999999999999991115 -3999999999999999999999
 -3 -2 -1  2  6  8  8  7  6  4  1 -1 -1  0  2  5  8 10 11  9  7  4  0 -327 211B6 535  81738 1199999999999999 0 7 -31124 -199999999999999
 -5 -5 -5 -2  1  5  6  7  6  5  3  2  1  2  3  5  7  9 10  9  7  5  1 -327 212B6 653  71758 1099999999999999 048 -51149  199999999999999
 -6 -7 -7 -6 -3  0  3  5  6  6  5  4  3  3  4  5  7  8 10 10  8  6  3 -127 213B6 827  61825 1099999999999999 132 -71222  399999999999999
 -4 -7 -8 -8 -6 -4 -1  2  4  5  5  5  5  4  5  6  7  8  9  9  9  7  4  227 214B610 3  519 2  999999999999999 220 -81258  499999999999999
 -1 -4 -7 -8 -7 -7 -5 -2  1  3  4  5  5  5  5  6  7  8  8  9  9  8  7  527 215B61956  9999999999999999999999 323 -8999999999999999999999
  3  0 -3 -5 -7 -7 -7 -6 -3 -1  1  3  4  5  5  6  6  7  8  8  9  9  9  827 216B62113  9999999999999999999999 522 -7999999999999999999999
  6  5  2 -1 -4 -6 -7 -8 -8 -6 -3 -1  2  4  5  6  6  7  8  8  8  8  9 1027 217B62254 10999999999999999999999 711 -8999999999999999999999
  9  9  7  4  1 -3 -6 -8-10-10 -7 -4 -1  2  4  6  6  7  7  7  7  7  8 1027 218B69999999999999999999999999999 819-10999999999999999999999
 11 11 11  9  6  1 -3 -7-10-12-11 -8 -5 -1  3  6  7  7  7  6  6  6  6  827 219B6 1 8 111634  799999999999999 912-122043  699999999999999
 10 12 13 12 10  6  1 -4 -9-12-13-11 -8 -3  2  5  7  8  7  6  4  4  4  527 220B6 210 131647  899999999999999 953-132128  499999999999999
  7 10 12 13 12 10  5 -1 -6-10-12-12 -9 -5  1  5  8  9  8  6  4  2  1  127 221B6 3 0 1317 3  9999999999999991028-122215  199999999999999
  3  6 10 12 12 11  8  3 -2 -7 -9-10 -9 -5  0  5  8 10  9  7  4  1 -1 -227 222B6 350 121720 10999999999999991056-1023 1 -299999999999999
 -1  1  5  8 10 11  9  6  2 -3 -6 -7 -7 -4  0  5  8 10 11  9  5  1 -3 -427 223B6 446 111736 11999999999999991119 -72347 -599999999999999
 -5 -4  0  3  6  8  9  8  5  1 -2 -3 -4 -2  1  5  8 10 11 10  7  2 -2 -527 224B6 551  91753 11999999999999991139 -4999999999999999999999
 -7 -7 -5 -1  2  5  7  7  6  4  2  0  0  0  3  6  9 10 11 11  8  4 -1 -427 225B6 657  71810 1199999999999999 031 -71154  099999999999999
 -7 -8 -7 -5 -2  1  3  6  6  6  4  3  3  3  4  6  9 10 11 11  9  6  2 -227 226B6 759  61813 1199999999999999 115 -81155  399999999999999
 -5 -7 -8 -7 -4 -2  0  3  5  6  5  5  5  5  6  7  9 10 10 10 10  8  5  127 227B6 9 0  61739 1199999999999999 2 0 -81130  499999999999999
 -2 -4 -6 -6 -5 -3 -2  0  2  5  5  5  5  6  6  7  9 10 11 10 10  9  7  527 228B61745 11999999999999999999999 248 -6999999999999999999999
  2  0 -2 -4 -4 -4 -3 -2  0  2  4  5  5  6  7  8  9 10 11 10 10  9  9  827 3 1B618 9 11999999999999999999999 348 -4999999999999999999999
  6  4  2  0 -2 -2 -3 -2 -2  0  2  4  5  6  7  8  8  9 10 10 10 10  9  927 3 2B61844 11999999999999999999999 542 -3999999999999999999999
  9  7  6  4  2  0 -2 -2 -3 -2 -1  2  4  6  7  8  8  9 10 10 10 10 10 1027 3 3B62142 10999999999999999999999 756 -3999999999999999999999
 10 10  9  7  5  2  0 -2 -3 -3 -2  0  3  5  7  8  9  9  9 10 10 10 10 1027 3 4B69999999999999999999999999999 841 -3999999999999999999999
 11 11 11  9  7  5  2 -1 -3 -4 -4 -2  1  4  7  8  9  9  9  9  8  8  9  927 3 5B6 1 5 111710  999999999999999 9 8 -42018  899999999999999
 10 11 12 11  9  6  3  0 -3 -4 -4 -3  0  4  7  9 10 10  9  8  7  6  7  727 3 6B6 151 1216 9 1099999999999999 929 -521 2  699999999999999
  9 10 12 12 10  8  5  1 -2 -4 -5 -4 -1  3  7 10 11 10  9  7  5  4  3  427 3 7B6 230 1216 8 1199999999999999 949 -52137  399999999999999
  6  8 10 11 11  9  6  3 -1 -3 -4 -4 -1  3  7 10 11 11  9  6  3  1  0  027 3 8B6 3 7 111616 119999999999999910 8 -422 8  099999999999999
  2  5  8 10 11 10  7  4  1 -2 -3 -3 -1  2  6  9 11 11  9  5  1 -2 -4 -427 3 9B6 346 111618 11999999999999991025 -32234 -499999999999999
 -2  1  5  8 10 10  9  6  3  0 -1 -1 -1  2  5  9 11 10  8  5  1 -4 -6 -727 310B6 429 101618 11999999999999991034 -22259 -799999999999999
 -7 -4  0  5  8  9  9  8  5  2  0  0  1  2  5  8 10 10  8  5  1 -4 -8-1027 311B6 518  91627 10999999999999991042  02326-1099999999999999
-10 -8 -5  0  5  7  8  8  7  4  2  1  2  3  4  7  9  9  8  5  2 -3 -7-1027 312B6 615  81646  99999999999999911 2  1999999999999999999999
-11-10 -8 -5  0  4  6  7  7  6  4  2  2  3  4  6  7  9  8  6  3 -1 -5 -827 313B6 716  71713  999999999999999 0 1-111130  299999999999999
-11-11-10 -8 -4  0  3  5  6  6  5  3  3  3  4  5  6  8  8  7  5  2 -1 -527 314B6 817  61747  899999999999999 048-1112 1  399999999999999
 -8 -9-10 -9 -7 -4 -1  2  3  4  4  4  3  3  4  5  6  7  8  8  7  5  2  027 315B6 932  41836  899999999999999 151-101227  399999999999999
 -3 -6 -8 -8 -8 -7 -5 -3  0  1  2  3  3  3  4  5  6  7  7  8  8  7  6  427 316B61953  8999999999999999999999 318 -8999999999999999999999
  2 -1 -3 -6 -7 -8 -8 -7 -5 -2 -1  1  2  3  4  4  5  6  7  7  8  8  8  727 317B62120  8999999999999999999999 542 -8999999999999999999999
  6  4  2 -1 -4 -6 -8 -9 -8 -6 -4 -1  1  3  4  5  5  6  7  6  7  8  9  927 318B623 7  9999999999999999999999 710 -9999999999999999999999
  9  8  7  4  0 -3 -6 -9-10 -9 -7 -3  0  3  5  6  6  6  6  6  5  5  7  827 319B61540  6999999999999999999999 8 6-102010  599999999999999
 10 10 10  8  5  1 -3 -7 -9-10 -8 -5 -1  3  6  7  8  7  6  4  3  3  3  527 320B6 113 101537  899999999999999 850-102057  399999999999999
  8 10 11 11  8  5  1 -3 -6 -8 -8 -6 -2  3  6  9  9  8  6  3  1  0 -1  127 321B6 219 111549  999999999999999 926 -92138 -199999999999999
  4  7 10 11 11  9  5  1 -3 -5 -6 -5 -2  3  7 10 11 10  7  3  0 -3 -4 -427 322B6 318 1116 0 1199999999999999 956 -62215 -499999999999999
 -1  3  7 10 11 11  8  5  1 -2 -3 -3 -1  3  7 11 12 11  9  4  0 -4 -7 -727 323B6 416 111610 12999999999999991021 -32248 -799999999999999
 -6 -2  2  7  9 11 10  8  5  2  0  0  1  4  8 11 13 12 10  6  1 -4 -7 -927 324B6 513 111621 13999999999999991041  02322 -999999999999999
 -9 -6 -2  3  7  9 10  9  7  5  3  3  3  5  8 11 13 13 11  8  3 -2 -7 -927 325B6 6 7 101629 13999999999999991057  32357-1099999999999999
-10 -9 -5 -1  3  7  9 10  9  7  5  5  5  6  8 11 12 12 11  9  5  1 -4 -727 326B6 657 101633 129999999999999911 4  5999999999999999999999
 -9 -9 -7 -3  1  4  6  8  9  7  6  6  6  6  8 10 12 12 11 10  8  4  0 -427 327B6 745  91638 1299999999999999 037 -911 3  699999999999999
 -6 -7 -7 -5 -1  1  4  6  7  7  6  6  6  7  8  9 11 12 11 10  9  7  3  027 328B6 833  81655 1299999999999999 123 -711 6  699999999999999
 -2 -3 -4 -4 -2  0  1  3  5  6  6  6  6  7  7  9 10 11 11 10 10  9  7  427 329B61723 12999999999999999999999 217 -5999999999999999999999
  2  0 -1 -2 -2 -1  0  1  2  4  6  6  6  7  7  8  9 11 11 11 10 10  9  727 330B61757 11999999999999999999999 320 -2999999999999999999999
  6  4  2  1 -1 -1  0  0  1  2  4  6  6  7  8  8  9 10 11 11 11 10 10  927 331B61834 11999999999999999999999 444 -1999999999999999999999
  8  7  5  3  2  0  0 -1  0  1  3  5  7  8  8  9  9 10 10 11 10 10 10 1027 4 1B61912 11999999999999999999999 646 -1999999999999999999999
 10  9  8  6  4  2  0 -1 -1  0  2  4  7  9  9 10 10 10  9  9  9  9  9  927 4 2B616 9 10999999999999999999999 731 -12038  999999999999999
 10 10  9  8  6  4  2  0  0  0  1  4  7  9 11 11 10  9  8  7  7  7  7  827 4 3B6 045 101430 1199999999999999 8 1  02016  799999999999999
  9 10 11 10  8  6  4  2  0  0  2  4  7 10 12 12 11  9  7  5  4  4  4  627 4 4B6 144 111441 1299999999999999 829  02048  499999999999999
  7  9 11 11 10  8  6  4  2  1  2  4  7 10 12 13 12  9  6  3  1  0  0  227 4 5B6 237 111455 1399999999999999 858  12116  099999999999999
  4  8 10 12 12 10  8  6  4  2  3  4  6  9 12 13 12 10  6  2 -2 -4 -4 -327 4 6B6 326 1215 5 1399999999999999 927  22140 -499999999999999
  0  5  9 11 12 12 10  8  6  4  4  4  6  9 12 13 12 10  6  1 -3 -7 -8 -727 4 7B6 412 131511 1399999999999999 954  422 4 -899999999999999
 -4  0  6 10 12 13 12 10  7  5  5  5  6  8 11 12 12 10  7  2 -3 -8-10-1027 4 8B6 455 131523 13999999999999991013  52228-1099999999999999
 -8 -4  1  7 11 12 13 11  9  7  5  5  6  7  9 11 12 10  7  3 -2 -7-10-1127 4 9B6 538 131544 12999999999999991028  52258-1199999999999999
-10 -8 -3  2  7 10 12 11 10  8  6  5  6  7  8 10 11 11  8  5  1 -4 -8-1027 410B6 623 121613 11999999999999991047  52339-1199999999999999
-11-10 -7 -2  3  7  9 10  9  8  6  5  6  6  7  9 10 11 10  7  4  0 -4 -727 411B6 712 101649 119999999999999911 9  5999999999999999999999
 -9 -9 -8 -6 -2  2  5  7  7  7  6  5  5  6  7  8  9 10 11  9  7  4  1 -327 412B6 812  71733 1199999999999999 039 -91131  599999999999999
 -5 -7 -8 -7 -5 -3  0  3  5  5  5  5  5  6  7  8  9 10 10 11 10  8  5  227 413B61831 11999999999999999999999 2 3 -8999999999999999999999
 -1 -3 -5 -6 -6 -6 -4 -1  1  3  4  5  5  6  6  7  9  9 10 10 11 10  9  727 414B61956 11999999999999999999999 338 -7999999999999999999999
  4  2 -1 -4 -5 -6 -6 -5 -2  1  3  4  6  7  7  7  8  9  9  9 10 10 10  927 415B62124 10999999999999999999999 528 -6999999999999999999999
  8  6  3  0 -2 -4 -5 -6 -4 -1  2  4  6  8  8  8  8  8  8  7  7  8  9 1027 416B614 6  82326 1099999999999999 641 -61926  799999999999999
 10  9  8  5  2  0 -2 -4 -4 -2  1  4  7  9 10 10  9  8  6  5  4  5  6  827 417B61414 10999999999999999999999 733 -42013  499999999999999
 10 11 11  9  7  4  2  0 -2 -1  1  5  8 11 12 12 10  8  6  3  1  1  2  427 418B6 131 111426 1299999999999999 815 -22053  199999999999999
  7 10 12 12 11  9  6  4  2  2  3  5  9 12 14 14 12  9  6  2 -1 -2 -2  027 419B6 245 121437 1499999999999999 853  12126 -399999999999999
  4  7 11 13 13 12 10  8  6  5  5  7 10 13 15 15 14 11  7  2 -2 -5 -5 -427 420B6 348 131448 1699999999999999 926  52156 -599999999999999
 -1  4  9 12 14 15 13 11  9  8  7  8 10 13 16 17 16 13  9  4 -1 -5 -7 -727 421B6 443 1515 2 1799999999999999 953  72225 -799999999999999
 -4  0  6 10 13 15 15 14 11 10  9 10 11 13 16 17 17 15 11  6  1 -4 -7 -727 422B6 529 151517 17999999999999991013  92256 -799999999999999
 -6 -3  2  7 11 14 15 14 13 11 10 10 11 13 15 17 17 16 13  9  4 -1 -5 -627 423B6 6 8 151532 17999999999999991023 102330 -699999999999999
 -6 -4  0  5  9 12 14 14 13 11 10 11 11 12 14 16 17 16 14 11  7  3 -1 -327 424B6 646 141548 17999999999999991024 10999999999999999999999
 -4 -4 -1  3  6  9 11 13 13 11 10 10 11 12 13 15 17 16 15 13 10  6  3  027 425B6 725 131610 1799999999999999 013 -51028 1099999999999999
 -1 -2 -1  1  4  7  9 10 11 11 10 10 10 11 12 14 16 16 15 14 12 10  6  427 426B6 811 111637 1699999999999999 1 4 -21040 1099999999999999
  2  0  0  1  3  5  7  8 10 11 10 10 10 11 12 13 15 16 16 14 13 12 10  727 427B617 8 16999999999999999999999 2 0  0999999999999999999999
  5  3  2  1  2  4  5  6  8 10 11 10 11 11 12 13 14 15 16 15 14 13 12 1027 428B61742 16999999999999999999999 256  1999999999999999999999
  7  6  4  3  3  3  5  6  7  9 11 12 12 12 12 13 13 14 15 14 13 13 12 1127 429B61817 15999999999999999999999 351  3999999999999999999999
 10  8  6  5  4  4  5  6  7  9 11 13 13 13 13 13 13 13 13 13 13 12 12 1227 430B61222 13999999999999999999999 446  4999999999999999999999
 11 10  9  7  6  5  5  6  7  9 11 13 15 15 14 13 12 11 10 10 10 10 10 1127 5 1B61245 15999999999999999999999 540  51856 1099999999999999
 12 12 11 10  9  8  7  7  8 10 11 13 15 16 16 14 12 10  8  7  7  8  8 1027 5 2B6 034 1213 8 1699999999999999 634  71939  799999999999999
 11 12 13 12 11 10 10  9  9 10 12 14 15 17 17 15 12  9  6  4  3  4  5  727 5 3B6 150 131329 1799999999999999 726  92011  399999999999999
 10 12 14 15 14 13 12 11 10 11 12 14 15 17 17 16 13  9  5  2  0 -1  1  427 5 4B6 249 151346 1799999999999999 815 102040 -199999999999999
  8 11 15 16 17 16 14 13 12 11 12 13 15 17 17 16 14  9  5  1 -3 -4 -3  027 5 5B6 338 1714 0 1799999999999999 9 1 1121 8 -499999999999999
  4  9 14 17 18 18 17 15 13 12 12 13 14 16 17 17 15 11  6  1 -3 -6 -6 -427 5 6B6 419 181419 1799999999999999 941 122137 -699999999999999
  0  5 11 15 18 19 18 16 14 12 12 12 13 15 16 17 16 13  8  3 -2 -6 -7 -727 5 7B6 457 191447 179999999999999910 6 122211 -799999999999999
 -4  1  7 12 16 17 18 16 14 12 11 12 12 13 15 17 17 14 11  7  1 -3 -6 -727 5 8B6 536 181522 17999999999999991012 112253 -799999999999999
 -6 -3  2  7 12 15 16 16 14 12 11 11 12 13 14 16 17 16 14 10  6  1 -3 -627 5 9B6 621 1616 1 17999999999999991023 112351 -699999999999999
 -6 -5 -2  2  7 10 13 13 13 12 10 10 11 12 13 15 17 17 16 13 10  6  1 -227 510B6 715 141643 17999999999999991040 10999999999999999999999
 -4 -5 -4 -2  2  6  9 11 12 11 11 10 11 12 13 14 16 17 17 16 13 10  6  227 511B6 820 121730 1799999999999999 1 4 -511 0 1099999999999999
 -1 -3 -4 -3 -2  1  5  7 10 11 11 11 11 11 12 13 14 15 16 16 15 13 10  727 512B61831 16999999999999999999999 214 -4999999999999999999999
  4  1 -1 -2 -2 -1  2  5  8 10 11 12 12 12 12 13 13 14 14 15 15 14 13 1127 513B620 1 15999999999999999999999 319 -2999999999999999999999
  8  5  3  1  0  0  1  3  7 10 12 13 14 13 13 12 12 12 12 12 12 13 13 1327 514B61220 142135 1399999999999999 423  01823 1299999999999999
 11 10  7  5  4  3  3  4  6 10 13 14 15 15 14 13 11 10  9  8  9 10 12 1327 515B61233 15999999999999999999999 534  31917  899999999999999
 13 13 12 10  9  8  7  7  8 10 13 16 17 17 16 14 12  9  7  6  5  6  8 1127 516B6 016 131246 1799999999999999 639  71957  599999999999999
 13 14 15 14 13 12 12 11 11 12 14 17 19 19 18 16 13 10  6  4  2  2  4  727 517B6 2 7 1513 0 1999999999999999 736 112032  299999999999999
 11 14 16 17 17 17 16 15 14 14 16 18 20 21 20 19 15 11  7  3  1  0  1  427 518B6 325 181319 2199999999999999 827 1421 4  099999999999999
  8 12 16 19 20 20 19 18 17 17 17 18 20 22 22 21 18 14  9  5  1 -1 -1  127 519B6 426 201344 2299999999999999 912 172135 -199999999999999
  5 10 15 18 21 21 21 20 19 18 18 19 20 22 23 22 20 17 12  7  3  0 -1 -127 520B6 5 6 211412 2399999999999999 943 1822 7 -199999999999999
  3  7 13 17 20 21 22 21 19 19 18 19 20 21 23 23 22 19 16 11  6  2  0  027 521B6 535 221440 2399999999999999 953 182242  099999999999999
  1  5 10 15 18 20 21 20 19 18 18 18 19 21 23 24 23 21 18 14 10  5  2  127 522B6 6 2 2115 7 2499999999999999 947 182323  199999999999999
  1  4  8 12 16 18 20 20 19 17 17 18 18 20 22 24 24 22 20 17 13  9  5  327 523B6 633 201531 2499999999999999 946 17999999999999999999999
  3  3  6 10 13 16 17 18 18 17 16 17 18 19 21 23 24 23 21 19 16 12  8  627 524B6 712 191555 2499999999999999 0 8  3 957 1699999999999999
  5  4  5  8 11 14 15 17 18 17 16 16 17 18 20 22 23 23 22 20 18 15 11  827 525B6 757 181622 2399999999999999 055  41019 1699999999999999
  7  5  5  7 10 12 14 16 17 18 17 17 17 18 19 20 22 23 22 20 18 16 13 1027 526B6 846 181652 2399999999999999 139  51053 1799999999999999
  9  7  6  7  9 11 13 15 17 18 18 18 18 18 18 19 20 21 21 20 18 17 15 1327 527B6 933 191727 2199999999999999 218  61151 1899999999999999
 10  9  8  8  9 11 14 15 17 19 20 20 19 18 18 17 17 18 19 18 17 17 16 1427 528B61015 201810 1999999999999999 250  81520 1799999999999999
 13 11 11 10 11 12 14 16 18 19 21 21 20 19 17 16 15 15 16 16 16 16 15 1527 529B61049 211922 1699999999999999 3 9 101646 1599999999999999
 15 14 13 13 13 14 15 17 19 20 21 22 22 20 18 15 14 13 12 13 14 14 15 1627 530B61115 22999999999999999999999 253 131758 1299999999999999
 16 16 16 16 16 16 17 18 19 21 22 22 22 21 18 15 13 11  9  9 10 12 13 1527 531B6 037 161132 2299999999999999 3 5 161846  999999999999999
 17 18 19 19 19 19 19 19 20 21 22 22 22 22 20 16 13 10  7  6  6  8 11 1327 6 1B61130 229999999999999999999991927  6999999999999999999999
 16 19 21 22 21 21 21 20 20 21 22 22 23 22 21 18 14 10  7  4  3  4  7 1127 6 2B6 255 221153 2399999999999999 749 2020 5  399999999999999
 15 18 22 23 23 23 22 21 21 20 21 22 22 23 22 20 17 12  8  4  2  1  3  627 6 3B6 336 241251 2399999999999999 851 202045  199999999999999
 11 16 20 23 24 24 23 22 21 20 20 21 22 23 23 22 19 15 11  6  2  0  0  227 6 4B6 413 241346 2399999999999999 929 202129  099999999999999
  7 12 17 21 23 24 23 22 20 19 19 20 21 22 24 24 22 19 15 10  5  1 -1  027 6 5B6 452 241434 2499999999999999 941 192218 -199999999999999
  2  7 12 17 21 22 22 21 19 18 18 19 20 21 24 25 25 23 19 14  9  4  0 -127 6 6B6 535 231518 2599999999999999 940 182313 -199999999999999
  0  2  7 12 17 19 21 21 19 18 17 18 19 20 23 25 26 25 22 19 13  8  3  127 6 7B6 625 2116 0 2699999999999999 955 17999999999999999999999
 -1  0  3  7 12 16 18 19 19 18 17 17 18 19 21 23 25 25 24 22 18 13  8  427 6 8B6 719 191642 2599999999999999 012 -11021 1799999999999999
  1  0  1  4  8 12 16 18 19 19 18 17 18 18 19 21 23 24 24 23 20 17 12  827 6 9B6 813 191730 2499999999999999 1 6  011 2 1799999999999999
  5  3  2  3  6 10 13 17 19 19 19 18 18 18 18 19 20 21 22 22 21 19 16 1227 610B6 9 2 191843 2299999999999999 153  21252 1899999999999999
  9  7  5  5  6  9 12 16 19 21 21 20 19 18 17 17 17 17 18 19 19 19 18 1627 611B6 940 212020 2099999999999999 232  515 1 1799999999999999
 14 11 10  9  9 11 13 16 19 22 22 22 21 19 17 16 15 14 14 15 16 18 18 1827 612B610 8 2222 2 1899999999999999 3 4  91746 1499999999999999
 17 16 15 14 14 15 16 17 20 22 24 24 23 21 19 16 14 12 11 11 12 14 17 1827 613B61032 24999999999999999999999 328 141844 1199999999999999
 19 19 19 19 19 19 20 20 21 23 25 26 25 23 21 17 14 12 10  9  9 11 14 1727 614B6 117 191057 2699999999999999 346 191926  999999999999999
 19 21 22 23 23 23 23 23 23 24 26 27 27 26 23 20 16 13 10  8  7  8 11 1427 615B61129 2799999999999999999999920 5  7999999999999999999999
 18 21 24 25 26 26 26 26 26 26 26 27 28 27 26 23 20 16 12  9  7  7  8 1227 616B61212 289999999999999999999992044  7999999999999999999999
 16 20 24 26 27 28 28 27 27 26 26 27 28 29 28 26 23 20 15 12  9  7  7  927 617B6 517 2813 3 2999999999999999 929 262124  799999999999999
 13 18 22 25 27 28 28 28 27 27 27 27 28 29 29 29 27 23 19 15 11  9  8  827 618B6 526 281351 3099999999999999 944 2722 5  899999999999999
 11 16 20 24 26 27 28 27 26 26 26 27 28 29 30 30 29 27 23 19 14 11  9  827 619B6 540 281432 3099999999999999 919 262245  899999999999999
 10 13 18 22 25 26 27 26 26 25 25 26 27 29 31 31 31 29 26 22 17 13 11  927 620B6 6 0 2715 1 3199999999999999 9 9 252324  999999999999999
  9 12 15 19 23 25 26 26 25 24 24 25 26 28 30 31 31 30 28 24 20 16 12 1027 621B6 626 261523 3299999999999999 920 24999999999999999999999
  9 11 14 18 21 23 25 26 25 24 24 24 25 27 29 31 31 30 28 26 22 18 14 1227 622B6 659 261544 3199999999999999 0 1  9 944 2499999999999999
 10 10 12 16 20 22 24 26 26 25 24 24 24 25 27 29 30 30 28 26 23 19 16 1327 623B6 734 261611 3099999999999999 034 101023 2499999999999999
 12 11 12 15 19 22 24 26 26 26 24 23 24 24 24 26 28 28 27 25 23 21 18 1527 624B6 8 7 261644 2899999999999999 1 1 111124 2399999999999999
 14 13 13 15 19 22 24 26 27 27 26 24 23 22 22 23 24 26 26 24 23 22 19 1727 625B6 837 271727 2699999999999999 119 1314 1 2299999999999999
 16 15 15 16 19 22 25 26 27 28 27 25 23 21 20 20 20 22 23 23 22 22 21 2027 626B6 858 281830 2399999999999999 1 1 1515 3 2099999999999999
 18 18 18 19 20 23 25 27 28 28 28 26 24 21 19 18 17 18 19 21 21 22 22 2227 627B6 854 282220 2299999999999999 1 2 181556 1799999999999999
 21 20 21 21 22 24 26 28 29 29 28 27 25 22 19 16 15 15 16 17 19 21 22 2327 628B6 830 29999999999999999999999 125 201649 1599999999999999
 23 23 23 24 25 26 27 28 29 29 29 27 26 23 20 16 14 13 13 14 16 19 21 2327 629B6 847 299999999999999999999991746 13999999999999999999999
 24 26 26 26 26 27 28 28 29 29 29 28 27 25 22 18 15 13 12 11 12 15 18 2127 630B6 920 299999999999999999999991846 11999999999999999999999
 24 26 28 28 28 28 28 28 28 28 29 29 28 27 25 22 18 15 12 10 10 11 14 1827 7 1B61014 299999999999999999999991946 10999999999999999999999
 22 25 28 29 29 28 28 28 27 27 28 29 29 29 28 26 22 18 14 11  9  8 10 1427 7 2B6 327 2912 3 2999999999999999 830 272043  899999999999999
 18 22 26 28 29 29 28 27 27 27 27 28 29 30 31 29 27 23 18 13 10  7  7  927 7 3B6 410 291341 3199999999999999 854 272139  799999999999999
 13 17 22 26 28 28 28 27 26 26 26 27 29 31 32 32 31 28 23 17 12  8  6  627 7 4B6 454 281435 3299999999999999 9 0 262232  699999999999999
  8 12 18 22 26 27 27 27 25 25 25 26 27 30 32 34 33 31 27 22 16 10  7  527 7 5B6 539 281519 3499999999999999 915 242321  599999999999999
  5  8 13 18 23 26 27 27 25 24 24 24 25 27 30 33 34 33 30 26 20 14  9  627 7 6B6 621 2716 1 3499999999999999 949 24999999999999999999999
  5  6 10 15 20 24 26 27 26 25 23 23 24 25 27 30 32 32 31 28 24 19 13 1027 7 7B6 659 271646 3299999999999999 0 4  51041 2399999999999999
  8  7  9 13 18 22 25 27 27 26 24 23 22 23 24 26 28 29 30 29 26 22 18 1427 7 8B6 733 281746 3099999999999999 041  71214 2299999999999999
 12 10 11 13 17 21 25 28 29 28 26 24 22 21 21 22 23 25 26 27 26 24 22 1927 7 9B6 8 2 291913 2799999999999999 113 101342 2199999999999999
 16 15 15 16 19 22 25 28 30 30 28 25 23 21 19 19 19 20 22 23 25 25 24 2227 710B6 828 302041 2599999999999999 139 151451 1999999999999999
 21 20 19 20 22 24 26 28 30 31 30 27 25 22 19 17 17 17 18 19 22 24 25 2527 711B6 853 312230 2599999999999999 2 1 1916 1 1799999999999999
 24 24 24 24 25 27 28 29 31 32 32 30 27 24 21 18 16 15 15 16 18 21 24 2527 712B6 920 32999999999999999999999 212 241732 1599999999999999
 26 27 27 28 28 29 30 31 31 32 33 32 30 27 24 21 18 16 15 15 16 18 21 2427 713B6 950 339999999999999999999991847 15999999999999999999999
 27 28 30 30 31 32 32 32 32 32 33 33 32 30 28 24 21 18 16 15 15 16 19 2227 714B61030 339999999999999999999991945 15999999999999999999999
 26 28 30 31 32 33 33 33 33 33 33 33 33 33 31 29 26 22 19 17 16 15 17 2027 715B6 644 331137 3399999999999999 913 332039 1599999999999999
 23 27 30 31 33 33 34 34 33 33 33 33 34 35 34 32 30 27 23 20 17 16 16 1827 716B6 638 341258 3599999999999999 940 332129 1599999999999999
 21 25 28 31 32 33 33 33 33 33 33 33 34 36 36 35 33 31 27 23 19 17 16 1627 717B61356 369999999999999999999992211 15999999999999999999999
 19 23 26 30 32 33 33 33 32 32 32 33 34 36 37 37 36 34 30 26 22 18 16 1527 718B6 553 331434 3799999999999999 843 322244 1599999999999999
 17 20 25 28 31 32 33 32 32 31 32 32 34 35 37 38 37 35 32 28 23 20 17 1527 719B6 554 331459 3899999999999999 9 1 312312 1599999999999999
 16 19 23 27 30 32 33 32 31 30 30 31 32 34 36 37 37 36 33 29 25 21 18 1627 720B6 6 5 331518 3799999999999999 932 302336 1699999999999999
 16 18 22 26 29 32 33 33 31 30 29 29 30 31 34 36 36 35 33 30 26 22 19 1727 721B6 624 331540 36999999999999991014 292355 1799999999999999
 17 18 21 26 29 32 33 33 32 30 28 28 28 29 30 33 34 34 32 30 27 24 20 1927 722B6 645 341611 34999999999999991115 28999999999999999999999
 18 19 21 25 29 32 33 34 33 31 28 26 26 26 27 29 31 32 31 30 28 25 22 2127 723B6 7 1 341653 3299999999999999 0 1 181234 262344 209999999
 20 21 22 25 29 32 34 34 33 31 28 25 24 23 23 25 27 29 30 29 29 27 25 2327 724B6 654 341750 30999999999999991328 232353 2399999999999999
 23 23 24 26 29 32 34 34 33 32 29 25 23 21 21 21 23 26 28 28 28 28 27 2627 725B6 634 341926 28999999999999991410 21999999999999999999999
 25 25 26 28 30 32 34 34 34 32 30 27 23 20 19 19 20 22 24 27 28 28 29 2827 726B6 649 3522 1 2999999999999999 017 251450 1999999999999999
 28 27 28 29 30 32 34 35 34 33 31 28 25 22 19 18 18 19 21 24 26 28 29 2927 727B6 715 35999999999999999999999 051 271535 1899999999999999
 30 29 29 30 31 32 33 34 34 34 32 30 27 24 21 19 18 18 18 20 23 25 27 2927 728B6 750 349999999999999999999991644 18999999999999999999999
 30 31 31 31 32 32 33 33 34 34 33 32 30 28 25 22 19 18 17 17 19 21 24 2627 729B6 841 349999999999999999999991828 17999999999999999999999
 28 30 31 31 32 32 33 33 33 34 34 34 33 32 30 27 23 20 18 16 16 17 20 2327 730B6 957 349999999999999999999991948 16999999999999999999999
 26 28 31 32 32 32 32 32 32 33 34 35 35 35 34 32 28 24 20 17 15 14 15 1827 731B61213 359999999999999999999992052 14999999999999999999999
 22 26 29 31 32 32 32 32 31 32 32 34 36 37 37 36 33 29 24 19 15 12 12 1427 8 1B6 424 321346 3799999999999999 817 312144 1299999999999999
 17 22 26 30 32 32 32 31 30 30 31 32 34 37 38 39 37 34 28 23 17 13 11 1127 8 2B6 455 321437 3999999999999999 848 302228 1199999999999999
 14 18 24 28 31 33 32 31 30 29 29 30 32 35 37 39 39 37 32 27 21 16 12 1127 8 3B6 523 331522 3999999999999999 931 2923 4 1199999999999999
 12 16 21 26 30 33 33 32 30 28 27 27 28 31 34 37 38 37 35 30 25 19 15 1327 8 4B6 549 3316 9 38999999999999991024 272336 1399999999999999
 13 15 20 25 30 33 34 33 31 28 26 25 25 26 29 32 35 36 35 33 28 24 19 1727 8 5B6 612 3417 5 36999999999999991126 25999999999999999999999
 16 17 20 25 29 33 34 35 33 29 26 24 23 23 24 27 30 32 33 33 31 27 24 2127 8 6B6 634 351818 3399999999999999 0 2 161227 2299999999999999
 20 20 22 25 29 32 35 35 34 31 27 24 22 20 21 22 25 28 30 31 31 30 27 2527 8 7B6 657 351934 3299999999999999 026 201322 2099999999999999
 24 24 25 27 30 33 35 36 36 33 30 26 23 20 19 19 21 23 26 28 30 31 30 2927 8 8B6 721 362048 3199999999999999 046 241413 1999999999999999
 28 28 28 30 32 34 35 36 36 35 32 28 25 22 20 19 19 21 23 25 28 30 31 3127 8 9B6 748 36999999999999999999999 058 2815 3 1999999999999999
 31 31 31 32 33 35 36 36 36 36 34 31 28 25 23 21 20 20 21 22 25 28 30 3127 810B6 818 3699999999999999999999916 3 20999999999999999999999
 32 32 33 34 35 36 36 36 36 36 36 34 32 29 27 24 22 21 21 21 23 25 28 3027 811B6 736 3699999999999999999999918 4 21999999999999999999999
 32 33 34 35 35 36 37 37 36 36 36 36 35 33 31 29 26 24 23 22 22 23 25 2827 812B6 628 379999999999999999999991943 22999999999999999999999
 30 32 34 35 36 36 37 37 37 37 37 37 37 37 35 33 31 28 25 23 22 22 23 2527 813B61143 379999999999999999999992043 22999999999999999999999
 28 31 33 35 36 36 37 37 37 37 37 37 38 39 38 37 35 32 29 25 23 21 21 2327 814B613 4 399999999999999999999992128 21999999999999999999999
 26 30 33 35 36 37 37 37 37 37 37 37 38 40 40 39 37 35 31 27 24 22 21 2227 815B61355 409999999999999999999992159 21999999999999999999999
 24 28 32 35 36 37 37 36 36 36 36 36 38 39 40 40 39 37 33 29 25 22 21 2127 816B6 528 371430 4199999999999999 857 362221 2199999999999999
 23 27 31 35 37 37 37 36 35 34 34 35 36 38 40 40 40 38 35 31 27 23 21 2127 817B6 5 9 371459 4099999999999999 934 342239 2199999999999999
 23 26 31 34 37 38 37 36 34 32 32 32 33 35 38 39 39 38 35 32 28 25 23 2227 818B6 511 381526 39999999999999991012 322255 2299999999999999
 23 26 30 34 37 38 38 36 33 31 29 29 30 32 35 37 38 37 36 33 29 26 24 2327 819B6 519 381556 38999999999999991048 2923 3 2399999999999999
 24 26 30 34 37 38 38 36 33 29 27 26 26 28 31 34 36 36 35 34 31 28 26 2527 820B6 518 381635 36999999999999991122 262255 2599999999999999
 26 27 30 34 37 38 38 36 33 29 25 24 23 24 26 30 33 35 35 34 33 30 28 2727 821B6 5 5 381726 35999999999999991153 2323 1 2799999999999999
 27 28 30 33 37 38 37 36 33 29 25 22 21 21 22 25 29 33 34 34 33 32 30 2927 822B6 5 9 381837 34999999999999991224 212324 2999999999999999
 29 30 31 33 36 37 37 36 33 30 26 22 20 19 20 22 25 29 32 33 33 33 32 3127 823B6 528 3820 2 339999999999999913 0 192356 3099999999999999
 30 31 32 33 35 36 37 36 34 31 28 24 21 19 19 20 22 25 29 31 32 33 33 3227 824B6 554 372119 33999999999999991346 19999999999999999999999
 31 31 32 33 34 35 36 36 35 33 30 27 24 21 20 20 20 22 25 28 30 31 32 3227 825B6 630 37999999999999999999999 033 311445 2099999999999999
 32 32 32 33 34 35 36 36 36 35 33 30 28 25 23 21 21 21 22 23 26 28 29 3027 826B6 720 369999999999999999999991621 21999999999999999999999
 31 32 32 32 34 35 35 36 36 36 35 34 32 30 28 25 23 21 20 20 22 24 26 2827 827B6 833 369999999999999999999991836 20999999999999999999999
 30 31 32 32 33 34 35 35 35 36 37 36 36 35 33 30 26 23 21 19 18 19 22 2527 828B610 2 379999999999999999999991952 18999999999999999999999
 27 30 32 33 33 34 34 34 34 35 36 37 38 38 37 34 31 27 23 20 17 16 18 2127 829B61229 389999999999999999999992046 16999999999999999999999
 25 28 31 33 34 34 34 33 33 33 34 36 38 39 39 38 35 31 26 22 18 16 16 1827 830B6 4 9 341348 3999999999999999 823 332129 1599999999999999
 22 27 31 34 35 35 34 32 31 31 31 33 35 38 40 40 38 35 30 25 21 17 16 1727 831B6 420 351443 4099999999999999 911 3122 5 1699999999999999
 20 25 30 34 36 36 35 32 30 28 28 28 31 34 37 39 39 38 34 29 24 20 18 1827 9 1B6 436 361535 4099999999999999 956 282235 1899999999999999
 20 24 30 34 37 37 36 33 29 26 25 24 26 29 33 36 38 38 36 33 28 24 22 2127 9 2B6 452 371631 39999999999999991040 2423 0 2199999999999999
 22 25 29 34 37 38 37 34 30 26 23 21 22 24 28 32 35 37 37 35 32 28 25 2427 9 3B6 5 6 381733 37999999999999991122 212321 2499999999999999
 24 26 30 34 37 38 38 36 32 27 23 20 19 20 23 27 31 34 36 36 34 31 29 2827 9 4B6 522 391837 369999999999999912 4 192340 2799999999999999
 27 28 31 34 37 38 38 37 34 29 24 21 19 18 20 23 27 30 33 35 35 33 32 3027 9 5B6 537 391937 35999999999999991248 182354 3099999999999999
 30 31 32 34 37 38 38 38 35 32 27 23 20 19 19 21 24 27 29 32 34 34 33 3227 9 6B6 547 382036 34999999999999991333 182345 3299999999999999
 32 32 33 35 37 38 38 37 36 34 31 27 24 22 20 20 22 24 26 29 31 33 33 3327 9 7B6 533 389999999999999999999991424 20999999999999999999999
 33 33 34 35 36 38 38 37 37 36 34 31 28 26 24 23 23 24 25 26 28 31 32 3327 9 8B6 532 389999999999999999999991525 23999999999999999999999
 33 34 34 35 36 37 38 37 37 37 36 34 32 30 28 26 25 25 25 25 26 28 30 3227 9 9B6 552 389999999999999999999991712 25999999999999999999999
 33 34 34 35 36 37 38 38 37 37 37 37 36 34 33 31 28 27 25 25 25 26 28 3027 910B6 622 389999999999999999999991939 24999999999999999999999
 32 33 35 35 36 37 38 38 37 37 37 38 38 37 36 34 32 29 27 25 24 24 26 2827 911B61137 389999999999999999999992027 24999999999999999999999
 31 33 35 36 37 37 37 37 37 37 37 38 38 39 38 37 35 32 29 26 25 24 25 2727 912B61251 399999999999999999999992058 24999999999999999999999
 30 33 36 37 37 37 37 36 36 36 36 37 38 39 39 38 36 34 31 28 25 24 25 2627 913B6 443 371344 3999999999999999 9 8 362118 2499999999999999
 29 33 36 38 38 38 37 35 34 34 34 35 36 38 39 39 38 35 33 29 27 25 25 2627 914B6 352 381428 3999999999999999 912 342136 2599999999999999
 29 33 36 39 39 38 36 34 32 31 31 32 34 36 38 39 38 37 34 31 28 26 26 2727 915B6 348 3915 9 3999999999999999 937 312153 2699999999999999
 29 33 36 39 40 39 36 33 30 28 27 28 30 33 36 38 38 37 35 33 30 28 27 2727 916B6 354 401550 389999999999999910 3 2722 9 2799999999999999
 29 33 36 39 40 39 36 32 28 25 24 24 26 29 33 36 38 38 37 34 31 29 28 2827 917B6 356 401632 38999999999999991026 242218 2899999999999999
 30 32 36 38 39 38 36 32 27 23 21 20 22 24 29 33 36 37 37 36 33 31 29 2927 918B6 355 391716 37999999999999991046 202224 2999999999999999
 30 32 35 37 39 38 35 32 27 22 19 18 18 21 24 30 34 36 37 36 35 32 30 3027 919B6 4 2 3918 4 379999999999999911 8 182241 3099999999999999
 31 32 33 36 38 37 35 32 28 23 19 17 17 18 21 25 30 34 35 36 35 33 31 3027 920B6 421 381854 36999999999999991136 1723 8 3099999999999999
 31 32 33 34 36 37 35 33 29 26 21 18 17 17 18 21 26 30 33 34 34 33 32 3127 921B6 448 371948 34999999999999991216 172338 3099999999999999
 31 31 32 33 35 36 36 34 31 28 25 21 19 18 18 19 22 25 29 31 32 32 32 3127 922B6 522 362052 32999999999999991315 18999999999999999999999
 30 31 32 33 34 35 36 35 33 31 28 25 23 20 19 19 20 22 24 27 28 29 30 3027 923B6 6 7 36999999999999999999999 0 7 301440 1999999999999999
 30 30 31 32 33 34 35 35 35 34 32 30 27 25 22 21 20 20 20 22 24 26 28 2927 924B6 711 359999999999999999999991645 20999999999999999999999
 30 30 31 32 33 34 34 35 35 35 35 33 32 29 27 24 22 20 19 19 20 23 25 2727 925B6 834 359999999999999999999991832 19999999999999999999999
 29 30 31 32 32 33 33 33 34 35 35 35 34 33 31 28 25 22 20 18 18 20 22 2527 926B610 5 359999999999999999999991934 18999999999999999999999
 28 30 32 32 32 32 32 32 32 33 34 35 36 36 35 32 29 25 22 19 18 18 20 2427 927B6 412 321236 3699999999999999 745 322021 1899999999999999
 27 31 33 34 33 32 31 30 29 29 30 32 34 36 36 35 33 29 26 22 20 19 20 2327 928B6 3 5 341358 3699999999999999 834 2921 0 1999999999999999
 27 31 34 35 35 33 31 28 26 25 26 28 31 34 36 37 36 33 30 26 23 21 21 2327 929B6 319 3515 1 3799999999999999 916 252134 2199999999999999
 27 31 34 36 36 35 31 27 24 22 21 22 26 30 34 36 37 36 34 30 27 25 24 2427 930B6 331 3716 0 3799999999999999 953 2122 3 2499999999999999
 27 31 35 37 38 36 33 28 23 20 18 18 20 25 30 34 36 37 36 33 30 28 27 272710 1B6 343 381657 37999999999999991027 182227 2699999999999999
 28 31 35 37 38 37 34 29 24 19 16 15 16 20 25 30 34 36 37 36 33 30 29 292710 2B6 355 381750 379999999999999911 0 152247 2999999999999999
 29 32 35 37 38 38 35 31 26 21 17 15 15 17 21 26 30 34 36 36 34 32 31 302710 3B6 4 9 381839 36999999999999991135 1423 2 3099999999999999
 31 32 34 37 38 38 36 33 29 24 19 16 15 16 18 23 27 30 33 35 34 33 32 312710 4B6 421 381926 35999999999999991216 1523 7 3199999999999999
 31 32 34 36 37 37 36 35 32 27 23 20 18 17 18 21 24 27 30 32 33 33 32 312710 5B6 432 372013 339999999999999913 4 1723 5 3199999999999999
 31 32 33 35 36 37 36 35 34 31 27 24 22 20 19 20 22 25 27 29 31 32 31 312710 6B6 447 3721 7 329999999999999914 0 1923 7 3199999999999999
 31 32 32 34 35 36 36 35 35 33 31 28 26 24 22 22 22 23 25 26 28 30 31 312710 7B6 510 3699999999999999999999915 4 22999999999999999999999
 31 32 32 33 34 36 36 35 35 34 33 32 30 28 26 24 23 23 24 24 25 28 29 312710 8B6 539 369999999999999999999991621 23999999999999999999999
 31 32 33 33 34 35 36 35 35 34 34 34 32 31 29 27 25 24 24 24 24 26 28 302710 9B6 610 369999999999999999999991827 24999999999999999999999
 32 32 33 34 34 34 35 35 34 34 34 34 34 33 31 29 28 26 24 24 24 25 27 30271010B6 634 359999999999999999999991915 24999999999999999999999
 32 34 34 34 34 34 33 33 33 32 32 33 34 34 33 31 30 28 26 25 25 25 27 30271011B6 251 341230 3499999999999999 935 321942 2599999999999999
 32 35 35 35 34 33 32 31 30 30 30 31 32 34 34 33 31 30 28 26 26 26 27 30271012B6 2 7 351338 3499999999999999 849 302010 2699999999999999
 32 35 36 36 35 33 31 29 27 27 27 29 30 33 34 34 33 32 30 28 27 27 28 30271013B6 217 371435 3499999999999999 846 272039 2799999999999999
 32 35 37 37 35 32 29 26 24 23 24 25 28 31 33 35 35 34 32 30 29 28 28 30271014B6 231 371526 3599999999999999 9 7 2321 9 2899999999999999
 32 35 37 37 35 32 28 24 21 19 19 21 24 28 32 35 36 35 34 32 30 29 29 30271015B6 242 371610 3699999999999999 929 192138 2999999999999999
 32 34 36 37 35 32 28 23 19 16 16 17 20 25 30 34 36 36 35 33 31 30 29 30271016B6 249 371650 3699999999999999 951 1622 0 2999999999999999
 31 33 35 36 35 32 28 23 18 15 13 14 16 20 26 31 34 36 36 34 32 30 29 29271017B6 3 0 361727 36999999999999991013 132212 2999999999999999
 30 31 33 35 35 32 29 25 19 15 12 12 13 16 21 27 32 34 34 34 32 30 29 29271018B6 322 3518 4 34999999999999991040 122227 2899999999999999
 29 30 32 34 34 33 30 26 22 17 13 12 12 14 17 22 27 31 32 32 32 30 28 28271019B6 351 341849 32999999999999991116 122248 2799999999999999
 28 29 30 32 33 33 31 28 25 21 16 13 12 13 14 18 22 26 28 29 30 29 28 27271020B6 427 341945 30999999999999991211 122311 2799999999999999
 27 28 29 30 32 33 32 30 28 24 21 17 15 14 14 15 17 21 24 26 27 27 27 26271021B6 5 9 3321 0 27999999999999991332 132331 2699999999999999
 26 27 28 30 31 32 32 32 30 28 25 22 18 16 15 14 15 16 19 22 24 25 26 26271022B6 559 329999999999999999999991459 14999999999999999999999
 26 27 28 29 30 31 31 32 31 30 28 26 23 20 17 16 15 15 16 18 21 23 25 26271023B6 7 7 329999999999999999999991631 15999999999999999999999
 27 27 27 28 29 29 29 30 30 31 30 28 26 24 21 18 17 15 15 16 18 21 24 26271024B6 834 319999999999999999999991755 15999999999999999999999
 27 28 28 28 28 28 27 27 28 29 29 29 28 27 25 23 20 18 17 16 17 20 23 26271025B6 126 281015 2999999999999999 653 271855 1699999999999999
 28 29 29 29 27 26 25 24 24 25 26 28 29 29 29 27 24 22 20 19 19 20 23 26271026B6 139 3013 2 2999999999999999 746 241944 1999999999999999
 29 30 31 30 28 25 23 21 20 20 22 24 27 29 30 30 28 26 24 23 21 22 23 26271027B6 153 311424 3099999999999999 827 202027 2199999999999999
 29 31 32 32 29 26 22 19 17 16 17 20 23 27 30 32 32 30 28 26 25 24 25 27271028B6 2 6 321531 3299999999999999 9 2 1621 6 2499999999999999
 30 32 34 33 31 27 23 18 15 13 13 15 19 24 28 31 33 33 31 29 28 27 26 27271029B6 220 341628 3399999999999999 935 122141 2699999999999999
 30 32 34 34 33 29 25 19 15 11 10 11 14 19 25 29 32 34 33 31 29 28 28 28271030B6 238 341714 349999999999999910 6 1022 6 2899999999999999
 29 32 34 35 34 31 27 22 16 12 10 10 11 16 21 26 30 33 33 32 30 29 28 28271031B6 259 351753 33999999999999991039  92221 2899999999999999
 29 31 33 34 34 33 29 25 19 15 11 10 11 13 18 23 27 30 32 32 30 29 28 282711 1B6 321 351830 32999999999999991116 102224 2899999999999999
 29 30 32 34 34 33 31 28 23 18 15 12 11 12 16 20 24 27 29 30 30 28 27 272711 2B6 343 341910 309999999999999912 1 112226 2799999999999999
 28 29 31 33 34 33 32 30 27 22 18 16 14 13 15 18 21 23 26 28 28 28 27 272711 3B6 4 5 341956 28999999999999991253 132233 2699999999999999
 27 28 29 31 33 33 32 31 29 26 22 19 17 16 15 16 19 21 23 25 27 27 26 262711 4B6 429 332049 27999999999999991347 152248 2699999999999999
 27 27 28 30 32 32 32 31 30 28 25 22 20 18 17 16 18 20 21 23 25 26 27 272711 5B6 455 329999999999999999999991440 16999999999999999999999
 27 27 28 29 30 31 31 30 29 28 27 24 22 21 19 18 18 19 20 21 23 26 27 282711 6B6 523 319999999999999999999991529 18999999999999999999999
 28 28 28 28 28 29 30 29 28 28 27 26 24 22 21 20 19 19 20 22 23 25 27 292711 7B6 551 302346 29999999999999991614 19999999999999999999999
 29 29 28 28 27 27 27 27 27 26 26 26 25 24 23 22 21 21 21 22 24 25 27 292711 8B699999999999999999999999999991658 21999999999999999999999
 30 30 29 28 26 25 25 24 24 24 24 25 25 25 25 24 23 23 23 23 24 26 27 292711 9B6 013 301219 2699999999999999 913 241748 2399999999999999
 31 31 30 28 26 24 22 21 21 21 22 23 25 26 26 26 26 25 25 25 25 26 28 29271110B6 038 311346 2699999999999999 731 211848 2599999999999999
 31 31 30 28 25 22 20 18 17 18 19 21 24 26 28 28 28 27 27 26 26 27 28 29271111B6 1 1 311450 2899999999999999 757 171948 2699999999999999
 30 31 31 29 25 21 18 15 13 14 15 18 22 25 28 30 30 29 28 28 27 27 27 28271112B6 119 311536 3099999999999999 825 132042 2799999999999999
 29 30 30 29 26 21 17 13 11 10 11 14 19 23 27 30 31 31 30 28 27 26 26 27271113B6 134 311612 3199999999999999 853 102127 2699999999999999
 28 30 30 29 26 22 18 13 10  8  8 10 14 20 25 29 31 31 30 28 27 26 25 26271114B6 154 301645 3199999999999999 923  82154 2599999999999999
 27 28 29 29 27 24 20 15 10  7  6  7 10 15 21 26 29 30 30 28 26 25 24 24271115B6 225 301720 3099999999999999 956  62156 2499999999999999
 25 27 28 29 28 26 22 17 12  8  6  5  7 10 16 21 25 27 28 27 25 23 23 23271116B6 3 1 2918 1 28999999999999991037  522 3 2399999999999999
 24 25 27 29 29 27 24 21 16 11  7  5  5  7 10 15 20 23 25 25 24 23 21 22271117B6 340 291853 25999999999999991131  52221 2199999999999999
 23 24 25 27 29 28 27 24 20 15 10  7  6  6  7 10 14 18 21 22 23 22 21 21271118B6 421 291955 23999999999999991239  52245 2199999999999999
 21 23 24 25 27 28 27 26 23 19 14 10  8  6  6  7 10 13 17 19 21 21 21 21271119B6 5 5 2821 5 21999999999999991346  62315 2199999999999999
 21 22 23 24 25 26 27 26 24 22 18 14 11  8  7  7  8 10 13 16 19 21 21 21271120B6 555 279999999999999999999991444  7999999999999999999999
 21 21 21 22 23 23 24 24 24 23 21 18 15 12 10  9  8  9 12 15 18 20 22 22271121B6 710 242320 22999999999999991535  8999999999999999999999
 22 22 21 20 20 20 20 21 22 22 21 20 18 16 14 12 11 11 12 14 17 20 22 23271122B6 849 222344 2399999999999999 416 201625 1199999999999999
 23 23 21 20 18 18 17 17 18 19 20 20 20 20 18 17 15 15 15 16 17 20 23 24271123B611 6 20999999999999999999999 641 171732 1599999999999999
 25 24 23 20 17 15 14 13 13 15 17 19 20 21 22 21 20 19 19 19 19 21 23 25271124B6 0 0 251339 2299999999999999 726 131858 1999999999999999
 26 26 24 21 18 15 12 10  9 10 12 16 19 22 23 24 24 23 22 22 22 22 24 25271125B6 017 2615 2 2499999999999999 8 5  920 4 2299999999999999
 27 27 26 23 20 16 12  9  7  6  8 12 16 20 23 25 26 26 25 24 24 23 24 25271126B6 042 2716 7 2699999999999999 840  62058 2399999999999999
 27 28 27 26 22 18 13  9  6  5  5  8 12 18 22 25 27 27 27 26 25 24 24 25271127B6 114 281650 2799999999999999 916  52138 2499999999999999
 26 28 28 27 25 21 16 12  7  5  4  5  9 14 19 23 26 27 27 26 25 24 24 24271128B6 151 281722 2799999999999999 953  42153 2499999999999999
 26 27 29 28 27 24 20 15 10  7  5  5  7 11 16 21 24 26 26 26 24 23 23 24271129B6 228 291751 26999999999999991032  42146 2399999999999999
 25 26 28 29 28 26 23 19 14  9  7  5  6  8 13 17 21 23 25 24 23 22 22 22271130B6 3 2 291823 25999999999999991115  52143 2299999999999999
 23 25 27 29 29 27 25 22 17 13  9  7  6  7 10 14 18 20 22 23 22 21 21 212712 1B6 330 2919 0 239999999999999912 0  62152 2199999999999999
 22 24 26 28 28 28 26 24 20 16 12  9  7  7  9 12 15 18 20 22 22 21 20 212712 2B6 353 281942 22999999999999991245  72213 2099999999999999
 21 22 24 26 27 27 26 24 22 18 14 11  9  8  8 10 13 16 18 20 22 22 21 202712 3B6 414 272027 22999999999999991326  82248 2099999999999999
 21 21 22 24 25 26 25 23 22 19 16 13 11 10  9 10 13 15 17 19 21 22 22 212712 4B6 439 2621 9 229999999999999914 1  9999999999999999999999
 21 21 21 21 23 24 23 22 21 19 17 15 13 12 11 11 12 15 17 19 21 23 23 222712 5B6 5 9 242146 2399999999999999 049 211430 1199999999999999
 21 20 20 19 20 20 21 20 19 18 18 16 14 13 13 13 14 15 18 20 21 23 24 242712 6B6 546 212217 2499999999999999 310 191444 1399999999999999
 22 20 19 18 17 17 17 18 17 17 17 17 16 15 15 15 16 17 19 21 22 23 24 242712 7B6 646 182241 2499999999999999 424 1714 4 1599999999999999
 23 21 18 16 15 14 14 14 15 15 16 17 17 17 17 17 18 19 20 21 23 23 24 242712 8B62250 24999999999999999999999 531 14999999999999999999999
 23 21 19 16 13 11 10 10 12 13 14 16 18 19 19 20 20 20 21 22 22 23 24 242712 9B622 6 24999999999999999999999 623 10999999999999999999999
 23 22 19 16 12 10  8  7  8 10 12 15 17 20 21 22 22 22 22 22 22 23 23 23271210B62231 23999999999999999999999 7 5  7999999999999999999999
 23 22 20 17 13 10  7  5  5  6  9 12 16 19 22 23 23 23 22 22 21 21 22 22271211B61528 232350 2399999999999999 746  52030 2199999999999999
 23 22 21 19 15 11  7  4  3  3  5  8 12 17 20 23 23 23 22 21 21 20 20 21271212B616 0 23999999999999999999999 829  22112 2099999999999999
 22 22 22 21 18 14  9  5  2  1  1  4  8 13 17 21 22 23 22 20 19 19 19 19271213B6 118 221636 2399999999999999 914  12125 1999999999999999
 21 22 23 23 20 17 13  8  3  0 -1  0  3  8 13 17 20 21 21 19 18 17 17 18271214B6 213 231718 219999999999999910 3 -12123 1799999999999999
 19 21 23 24 23 20 16 11  6  1 -1 -2 -1  2  7 12 16 18 19 18 17 16 16 16271215B6 258 2418 6 19999999999999991057 -22137 1599999999999999
 17 19 22 24 24 22 19 15  9  4  0 -2 -3 -2  2  7 12 15 17 17 17 15 14 15271216B6 340 241857 17999999999999991151 -322 6 1499999999999999
 16 17 19 22 23 23 21 18 13  8  3 -1 -3 -3 -1  2  7 11 14 16 16 15 14 14271217B6 421 231946 16999999999999991242 -32249 1499999999999999
 14 15 17 19 21 21 21 19 16 11  6  2 -1 -2 -2  0  4  8 12 14 16 16 15 14271218B6 5 5 212028 16999999999999991326 -2999999999999999999999
 13 13 14 15 17 18 18 18 16 14 10  6  3  1  0  1  3  7 10 13 16 17 16 15271219B6 6 5 1821 2 1799999999999999 017 1314 3  099999999999999
 13 12 12 12 12 13 14 15 15 14 12 10  7  5  4  4  5  7 10 13 16 17 17 16271220B6 740 152128 1899999999999999 228 121432  499999999999999
 14 12 10  9  9  9 10 11 12 13 13 12 11  9  8  8  8 10 11 13 16 18 18 18271221B6 920 132151 1999999999999999 413  91456  899999999999999
 16 14 11  8  7  6  5  6  8 10 12 13 13 13 13 12 12 13 14 15 16 18 19 19271222B61229 132216 1999999999999999 556  51514 1299999999999999
 18 15 12  9  6  4  3  3  4  6  9 12 13 15 16 16 16 16 17 17 17 18 20 20271223B62247 20999999999999999999999 651  3999999999999999999999
 19 17 15 11  7  4  2  1  1  2  6  9 12 15 17 18 18 19 19 19 19 19 19 20271224B62332 20999999999999999999999 738  1999999999999999999999
 20 19 17 14 11  7  4  1  0  0  2  6 10 14 17 19 20 20 20 20 19 19 19 20271225B61730 20999999999999999999999 824  02113 1999999999999999
 21 21 20 18 14 11  7  3  0 -1  0  3  7 11 15 18 19 20 20 20 19 19 19 19271226B6 035 211719 2099999999999999 910 -12138 1999999999999999
 20 21 22 20 18 15 11  6  3  0 -1  0  4  8 13 16 18 19 19 19 18 18 18 19271227B6 137 221734 1999999999999999 956 -12124 1899999999999999
 20 21 22 22 21 18 14 10  5  2  0 -1  1  5 10 13 16 18 18 18 17 17 17 18271228B6 225 231754 18999999999999991039 -121 8 1799999999999999
 19 21 22 23 22 21 17 13  8  4  1 -1  0  3  7 11 14 16 17 17 16 16 16 16271229B6 3 1 231818 17999999999999991118 -12120 1699999999999999
 17 19 21 23 23 21 19 15 11  6  3  0  0  1  5  9 12 15 16 17 16 15 15 15271230B6 325 231846 17999999999999991152  02147 1599999999999999
 16 17 20 21 22 21 19 16 12  8  4  2  0  1  3  7 11 14 16 17 16 15 14 14271231B6 342 221915 17999999999999991221  02232 1499999999999999
