107126140146143132118105 98 99107121138155165167159141118 94 73 60 55 6127 1 1BP 3 9146143916899999999999999 827 982155 5599999999999999
 75 96117135146149145135125117115118127139151159159150133110 86 64 50 4527 1 2BP 451149153116099999999999999 9541152257 4599999999999999
 51 66 89115138154161159150138127120120126136147155155146128104 78 55 3927 1 3BP 61616116321569999999999999911321192351 3599999999999999
 35 43 61 89120148167174171159142127118116122133146155155144124 97 68 4327 1 4BP 7121751731156999999999999991243116999999999999999999999
 28 26 38 62 96131162180185177160138120111111120134150159158143118 87 5427 1 5BP 752185182116099999999999999 037 25132911099999999999999
 29 17 20 39 70109147177192191176152128110103108122141158166160139109 7327 1 6BP 82619319 516699999999999999 117 1614 410399999999999999
 39 16  9 20 45 83126165190198189167139114 99 98109129151168172159132 9527 1 7BP 857198194317399999999999999 154  91434 9799999999999999
 57 24  6  7 26 59102146181198197180152122100 92 9811514016317717415311927 1 8BP 926200201917899999999999999 228  415 3 9299999999999999
 79 40 12  2 12 39 78124165192200190165134105 89 8810212415117318116914227 1 9BP 954200205518199999999999999 3 0  21532 8799999999999999
104 62 26  6  6 24 58101146182199196177147115 91 82 8910813416117917916027 110BP1021200213018199999999999999 331  316 2 8299999999999999
127 87 48 18  8 17 43 82126167192198186160128 98 80 79 9211414216717817127 111BP104719822 617899999999999999 4 1  81634 7799999999999999
147112 73 38 18 18 36 67107149181196191171141108 83 73 78 9512014716817227 112BP1113196224517399999999999999 431 1517 7 7299999999999999
159133100 65 38 27 35 59 92131166188191178153121 91 72 68 78 9712314816327 113BP1140192232916599999999999999 5 2 271744 6799999999999999
163148123 93 64 46 44 58 83115148175186181162134103 77 64 64 76 9612114427 114BP12 9187999999999999999999999 536 431826 6299999999999999
156154141120 95 73 63 66 81104131158175178167146118 89 67 57 59 72 9211527 115BP 022157124217999999999999999 616 621917 5799999999999999
136148148140124106 91 84 88100119140158168167154132106 79 60 50 52 63 8227 116BP 134149132216999999999999999 7 8 842020 5099999999999999
105126141148146137124112105106113125140153160158145125 99 74 53 41 40 5027 117BP 314148141616099999999999999 8261052135 3999999999999999
 68 92117139153158155145133122117118124135146154153143124 98 70 46 29 2527 118BP 5 315815301559999999999999910221162251 2499999999999999
 33 52 80112142164175175165148131119115118128141153156148128100 67 36 1427 119BP 62717616501579999999999999912 31152359  699999999999999
  6 15 37 71112150179193192178155131114107111124142159166158136102 62 2427 120BP 72619518 11669999999999999913 7107999999999999999999999
 -2-11 -1 27 69118163195209204183153123102 97104123147170179169142102 5527 121BP 81320919 017999999999999999 057-111355 9699999999999999
 12-17-24 -9 25 74129178209218206178141108 89 87100125157182191177144 9827 122BP 854218195319199999999999999 148-241436 8699999999999999
 47  1-26-28 -7 33 87146194218219200164123 90 76 80 9913116619319817914227 123BP 932222204219999999999999999 235-301515 7599999999999999
 92 39 -5-26-22  5 50108165205221212185144102 73 65 7510013617419819817527 124BP10 7221213020199999999999999 318-271554 6599999999999999
136 85 34 -3-16 -4 27 75132182211215198164120 81 59 58 7310214117719519027 125BP1040216221719699999999999999 359-161633 5699999999999999
166127 79 35  8  5 23 57104154193208201177139 97 64 50 54 7310514217318527 126BP111020823 518599999999999999 438  41714 5099999999999999
177153118 77 44 29 34 55 88131170194197182153115 78 53 46 54 7510613916327 127BP1139199235717099999999999999 514 281756 4699999999999999
170162142112 82 61 55 65 86117150176187181161131 96 66 49 47 56 7610413127 128BP12 7187999999999999999999999 550 551842 4699999999999999
149155149134113 94 83 83 94113136158172173162140113 84 62 50 49 58 76 9827 129BP 058155123417499999999999999 626 821935 4899999999999999
120135142141133121111106108116129143155160157144125103 80 63 53 52 58 7227 130BP 22114213 516099999999999999 7111062042 5199999999999999
 90108124135140139134129125125127133140145147143133118100 82 66 55 51 5427 131BP 418140135014799999999999999 84312522 4 5199999999999999
 65 81100119136146151149144137131128128130134137136130119103 85 67 53 4527 2 1BP 61415115241379999999999999911291272323 4499999999999999
 46 56 74 97122144158164161152139127119117120127134138135124107 85 63 4527 2 2BP 71016417 7138999999999999991253117999999999999999999999
 35 37 50 72102132157172175167151132116107107115127139146143130108 80 5327 2 3BP 745175181414799999999999999 022 34132810699999999999999
 32 24 29 48 78114148173184180164140117101 96102117135152158151132102 6927 2 4BP 81318419 115899999999999999 1 6 241355 9699999999999999
 38 19 15 28 55 92132167187189176152123 99 87 90104125149166169154127 9027 2 5BP 839190193917099999999999999 143 141419 8799999999999999
 53 22  8 13 34 69113155184195187164133102 82 78 8911113916517917315011527 2 6BP 9 4195201317999999999999999 215  81444 7899999999999999
 74 35 10  5 20 50 92138176196195176145110 82 70 75 9412315517918517114027 2 7BP 926198204718699999999999999 244  41510 6999999999999999
 99 56 21  6 12 36 74120164192199186158121 86 64 62 7710313716918818416127 2 8BP 948199212118999999999999999 312  51536 6199999999999999
125 82 41 15 11 28 60102149185200193169133 94 64 53 60 8211415017918917727 2 9BP10 9200215618999999999999999 340 1016 4 5299999999999999
148109 67 33 19 27 51 88132172196197178146107 70 48 47 62 9012516018218427 210BP1031199223318699999999999999 4 8 191634 4599999999999999
166135 97 60 36 33 49 79116156186195184157120 82 51 39 46 67 9713316417927 211BP1055195231517999999999999999 438 3217 6 3999999999999999
174154124 91 62 49 55 76105139170187185164133 97 62 40 36 48 7110213516027 212BP1121189999999999999999999999 510 491743 3599999999999999
170163145120 94 75 70 80100126153173179168144113 79 51 36 37 50 7310113027 213BP 0 3170115017999999999999999 547 701827 3499999999999999
151159155142124106 95 94104119138155166164151128100 72 49 37 38 49 69 9327 214BP 1 8159122416799999999999999 632 931926 3699999999999999
118138149151146136125118116120128139148153151139121 98 73 53 40 37 43 5827 215BP 247151131115499999999999999 7451162051 3799999999999999
 79103125143154157154146137130126127131137142143137124105 82 60 41 31 3027 216BP 45715714421439999999999999910261262232 2999999999999999
 41 61 88117144164174173164149133121116118125135144145137119 94 64 38 1927 217BP 62617516421469999999999999912151162352 1499999999999999
 14 23 46 79117153179191188173149125107101105118137154162155134102 65 2927 218BP 71819218 41629999999999999913 7100999999999999999999999
  5 -2 10 38 79126168196205195171138107 88 85 95117145170180172145106 6027 219BP 75820519 318099999999999999 051 -21344 8499999999999999
 18 -8-11  6 41 90143187210211192157117 84 69 72 9112215918719618215010327 220BP 832213195319799999999999999 140-131419 6899999999999999
 52  9-13-11 13 56110165203216206177134 90 61 53 64 9113117320120518514727 221BP 9 3216203920799999999999999 223-151453 5399999999999999
 96 43  5 -9  2 33 80137186213213192154106 64 42 43 62 9714218420720417927 222BP 931216212320999999999999999 3 2 -91527 4099999999999999
138 87 39 11  7 26 61110162200212200169125 77 43 30 40 6510515118920419527 223BP 95821222 620499999999999999 338  616 2 3099999999999999
168127 80 43 26 32 56 93140182204202179142 96 54 30 27 43 7311415718619427 224BP1023206225019499999999999999 412 261637 2699999999999999
181154117 79 54 49 62 88124162190196182154114 73 40 26 31 51 8212115617727 225BP1048197233618099999999999999 444 481713 2699999999999999
179166141111 85 72 75 91116146173185180159128 92 58 36 31 40 61 9112415027 226BP1111186999999999999999999999 516 711750 3199999999999999
163163152133112 97 93101116136157170171159137108 78 54 41 41 51 70 9512027 227BP 029164113417299999999999999 548 931832 4099999999999999
139149150143131120113114120131144154158153139120 97 75 59 52 52 60 75 9327 228BP 137150115515899999999999999 6261131927 5199999999999999
112127137142141137133130129131135140143142137126113 97 81 70 62 60 63 7327 3 1BP 322142121514399999999999999 7431292056 6099999999999999
 86102117132142147148146141136132129129129129127123115104 92 79 68 60 5927 3 2BP 5431489999999999999999999992242 59999999999999999999999
 65 77 94114134149158160155145133122116115117122128130126116101 84 66 5427 3 3BP 64516016531309999999999999912501152356 4999999999999999
 49 55 70 92118144162171169157139121107101104113126138143139126105 80 5727 3 4BP 71717118 7143999999999999991310101999999999999999999999
 42 38 48 69 99132160177180170149124102 90 90100117138154159150130101 6927 3 5BP 743181185215999999999999999 044 381332 8899999999999999
 43 29 32 49 78115151178188181161132102 82 76 84103130156172172155126 8927 3 6BP 8 6188192917499999999999999 121 281354 7699999999999999
 54 29 22 33 59 96138173192191173142107 78 64 68 8611514817618717815211427 3 7BP 82719420 218799999999999999 152 221416 6499999999999999
 73 38 21 24 44 79122164191197184154116 79 56 52 67 9413116819219417614227 3 8BP 847198203519699999999999999 220 201440 5199999999999999
 99 57 29 22 35 65106151187201193166128 85 52 40 48 7210815018620219416727 3 9BP 9 620121 920299999999999999 248 2215 5 4099999999999999
128 84 46 28 33 56 91135176200199177141 97 56 32 31 49 8112416719720318727 310BP 927202214520499999999999999 316 281532 2999999999999999
156115 73 44 38 53 81119161192201186154112 68 33 21 30 56 9413917920019827 311BP 950201222320299999999999999 345 3816 2 2199999999999999
177144104 70 53 57 77107144178196190165128 85 45 20 18 36 6610614918219527 312BP101519723 519599999999999999 417 521635 1699999999999999
187166135101 76 69 80101130161184188172142104 64 32 17 23 44 7511415117627 313BP1042189235518499999999999999 452 691712 1799999999999999
184176157131106 91 91103122145166177172152122 87 54 30 23 31 51 8011414427 314BP1112178999999999999999999999 531 891756 2399999999999999
164171166153135119110112120133148161164155136110 82 56 38 33 39 54 7810527 315BP 1 2171114716499999999999999 6211101857 3399999999999999
131149160161156146136129127129134142147148142129111 89 68 51 42 42 51 6827 316BP 244162123814999999999999999 7571272031 4199999999999999
 90115137154164166161152141132126125127132137138133122105 84 64 48 40 4127 317BP 44516614451389999999999999910511252220 3999999999999999
 54 75103132157173180175162144126113108111120133144148141125100 73 48 3227 318BP 6 318016541489999999999999912 71082341 2899999999999999
 29 41 65 99135167187192183161134108 92 88 96114138159168162142111 75 4227 319BP 65019318 8168999999999999991248 88999999999999999999999
 22 20 34 64105148183201199181149113 83 69 71 88117151178189180154115 7127 320BP 72520219 218999999999999999 038 181322 6899999999999999
 34 16 18 38 75122168199208197167126 85 57 49 60 8712616719720419015711227 321BP 755208194920599999999999999 124 141353 4999999999999999
 65 30 17 26 53 95145188209207183144 96 56 35 36 56 9314018421021119115327 322BP 823211203221499999999999999 2 4 171425 3399999999999999
104 59 31 27 44 76122169202210195161114 66 32 21 32 6010415519721621018427 323BP 849211211421699999999999999 240 261457 2199999999999999
143 96 58 41 46 68104149188207201174133 84 40 16 16 36 7111916820221220127 324BP 914208215521299999999999999 315 401530 1499999999999999
172132 91 64 58 70 95132171197201182148104 58 24 12 21 46 8613317620020227 325BP 938202223720499999999999999 348 5716 3 1299999999999999
187158122 91 75 78 94121154182194185159122 79 42 19 17 33 6210114417619127 326BP10 3194232019299999999999999 420 741636 1699999999999999
189172146117 97 91 99116141166182181164135 99 63 36 25 30 48 7811414717027 327BP1027184999999999999999999999 453 911710 2499999999999999
179174159138118107107116132151167172163143116 85 58 41 37 45 64 9012014427 328BP 0 7179105117299999999999999 5291061747 3799999999999999
160165162150136124119121128140151158156144126104 81 63 53 52 60 76 9611827 329BP 1 4166111615899999999999999 6131191834 5199999999999999
136149155154148140134130129132138142144140131118102 87 74 67 65 70 80 9527 330BP 224156114314499999999999999 7381291949 6599999999999999
111127141150154153148142136130128128129129129126120110 99 88 79 73 72 7727 331BP 41315413 31299999999999999910281272140 7199999999999999
 88104121138152160161156146134122115113115120126130130124113 99 84 72 6727 4 1BP 538161162713199999999999999115811323 8 6799999999999999
 70 81100122144162170169159142123107 99 99106119133144146139124103 82 6527 4 2BP 6211711745146999999999999991228 98999999999999999999999
 58 63 79103131157175179171152127103 87 82 89105127149162163150128100 7327 4 3BP 651180183216499999999999999 0 4 581252 8299999999999999
 55 51 62 84115148174187183165136104 79 67 70 87113144169181176156125 9027 4 4BP 715187191118199999999999999 045 511316 6699999999999999
 62 47 50 68 98134169190192177147111 76 55 51 65 9212916519019618215411627 4 5BP 737193194619699999999999999 119 461340 5099999999999999
 78 53 46 57 83119158188198188160121 80 48 35 43 6810514918720720418214627 4 6BP 758198202120899999999999999 151 4614 5 3599999999999999
105 68 50 53 72103143180200197173136 90 49 25 24 43 7712217020521620517627 4 7BP 821202205821699999999999999 222 491432 2199999999999999
136 94 64 56 67 92127167196202185151107 60 24 10 21 49 9014118721521719927 4 8BP 845203213621999999999999999 254 5615 2 1099999999999999
167126 89 68 68 85114150184201194166126 79 35  8  6 25 5910515619721521227 4 9BP 912201221821699999999999999 328 661535  499999999999999
191158120 90 79 86105134166191195178145102 57 21  4 10 34 7111816419720927 410BP 94219623 520999999999999999 4 4 791612  499999999999999
202181151119 98 94104123148173187182159125 85 46 18  9 20 45 8112416418927 411BP1015188999999999999999999999 445 931655  999999999999999
198191173148124110110119134154171176166143112 78 46 26 21 32 55 8712315627 412BP 0 1198105217699999999999999 5341091745 2199999999999999
177186182169151134123122127137150160161152134109 82 57 40 36 43 60 8611627 413BP 111186113916299999999999999 6421211853 3699999999999999
144165176178171158144133127126130138145148144133116 95 74 58 49 50 61 8127 414BP 239179125914899999999999999 8381262024 4899999999999999
106133157173179176165150134122115115121131140145142132114 93 73 58 52 5827 415BP 4 9180151214599999999999999102911422 1 5299999999999999
 74 99128156176186183170149126107 97 96105121140154159152135110 83 62 5127 416BP 5171861655159999999999999991133 952317 5099999999999999
 54 70 97130162185193187167138108 85 74 78 93119147169178172151121 88 6227 417BP 6 319318 4178999999999999991215 74999999999999999999999
 50 54 72103140174195198184155118 83 60 54 64 89124161188196187161125 8827 418BP 639199185719699999999999999 015 491251 5399999999999999
 61 51 59 82117157189202196172134 91 55 37 39 58 9213717920520919416412327 419BP 710203194321099999999999999 1 1 511324 3599999999999999
 85 62 58 71 99137175200203185152107 62 31 21 32 6110415319521621519515927 420BP 738204202621899999999999999 142 571357 2199999999999999
118 83 67 70 88119157190204195167126 79 37 15 15 35 7112017020722121318827 421BP 8 520421 722199999999999999 219 661429 1299999999999999
151112 85 77 86108141175198199179144100 54 20  9 18 45 8713818421221820527 422BP 833202214721899999999999999 255 7715 1  999999999999999
177140107 89 89103128159186197187159120 76 36 13 12 29 6210615419221021027 423BP 9 0197222721299999999999999 330 871534 1099999999999999
193164131106 97103119145171189188169138 98 58 28 16 23 45 8012416519320327 424BP 92819123 720499999999999999 4 5 9716 8 1699999999999999
198179152125109106115133156175183174151119 82 50 30 26 38 63 9813616918827 425BP 957183235119399999999999999 4421061643 2699999999999999
193185166143124114115125142160171171157134105 75 51 39 41 55 8011114316727 426BP1028173999999999999999999999 5231131721 3899999999999999
180182173157139126120122131144156161157143123 98 75 59 52 57 70 9211914327 427BP 03918311 316199999999999999 61312018 6 5299999999999999
162172173166153140130125125131139146148144134118100 83 71 67 70 81 9912027 428BP 138174115114899999999999999 72512419 6 6799999999999999
140156166169164154143132125122124129134137137132122109 95 85 78 79 8610027 429BP 250169132513899999999999999 9 51222029 7899999999999999
118137153165169166156143130118112111116124132137138133122109 95 85 82 8627 430BP 4 316915381399999999999999910321112157 8299999999999999
 99117137156169174169156139119104 96 97105119134146152148136119101 87 8027 5 1BP 5 017417 5152999999999999991124 9523 6 8099999999999999
 85 98119142164177180170150125101 83 77 83 99121145163170164148125101 8427 5 2BP 54018018 2170999999999999991159 772358 7799999999999999
 77 84101126153176186182163135104 76 61 61 75100132163183188177154125 9727 5 3BP 6111861847188999999999999991229 59999999999999999999999
 79 76 88110139169188191177149113 76 50 41 50 7410915018420320218515612127 5 4BP 639192192720599999999999999 041 761258 4199999999999999
 92 77 80 96123156184197189164127 85 47 26 26 45 7912417020521821118715227 5 5BP 7 719720 821899999999999999 120 761329 2499999999999999
115 88 80 88109140173196199180146102 56 22 10 20 48 9014118921922721318527 5 6BP 737201204922799999999999999 158 8014 2 1099999999999999
147110 89 87100124157187202194166125 77 33  5  2 20 5510315720322722821027 5 7BP 8 9202213323099999999999999 237 851438  099999999999999
179141109 94 97113139171195200183149105 57 17 -2  2 26 6511616920922722427 5 8BP 843201222022899999999999999 318 931518 -499999999999999
204172136110102108126151179196193170134 89 45 12 -1  9 35 7612617420822127 5 9BP 921197231122199999999999999 4 210216 3 -199999999999999
216196166135115110117134158180190182158122 81 43 16  9 20 47 8613217420227 510BP10 4190999999999999999999999 4511101652  999999999999999
212207188162136120116123138157174180171149118 82 49 28 23 34 58 9413417027 511BP 0 8212105318099999999999999 5491161748 2399999999999999
194203199182160138123118122134149163168162145120 90 63 45 40 48 68 9913327 512BP 1 9203115716899999999999999 7 21181853 4099999999999999
165186196193179158138122114115123136150158157147129105 82 64 57 61 7610227 513BP 215196132615999999999999999 82611420 8 5699999999999999
132161182192190177156134115103101108121138152159156143123101 82 71 71 8327 514BP 320192151215999999999999999 9461012129 7099999999999999
104132160181191188174151124101 86 83 91108131152166169160142118 96 82 7927 515BP 4171921643170999999999999991048 832243 7999999999999999
 89109135163184193187168140109 82 66 65 77100130159179185177157131105 8927 516BP 5 61931754185999999999999991137 642345 8599999999999999
 85 95115142170189194182158124 88 60 47 50 68 9913717219419918916713711027 517BP 5461941850199999999999999991218 46999999999999999999999
 93 91102124153179194192173142103 65 40 32 42 6710615018720721019616913727 518BP 622195193921199999999999999 038 911255 3299999999999999
110 97 98112136165188196185159122 80 44 24 24 42 7511916620121721519616627 519BP 655196202221999999999999999 124 961330 2299999999999999
133109100106123149177194193174142101 59 28 16 24 49 8813718221222221419027 520BP 72819621 122299999999999999 2 510014 5 1699999999999999
158127108105115135162186195186160123 80 42 19 15 31 6210615419521722020627 521BP 8 0195214022199999999999999 2431041440 1499999999999999
179147121108111125148173191191174143104 63 32 17 22 44 8012517020321721327 522BP 833193221721899999999999999 3191081515 1699999999999999
195166137116110118135158180190183161127 88 52 28 22 33 60 9914218120521227 523BP 9 7190225421299999999999999 3561101550 2299999999999999
203181153129115114125143165181185172146113 77 47 31 32 49 7911715618720327 524BP 942185233320699999999999999 4331131627 3099999999999999
204191168143124115118130149167178175160134102 71 49 40 46 66 9613216518927 525BP1020179999999999999999999999 51411517 5 4099999999999999
199195180158136121116121133150164170165149124 97 72 56 53 62 8311214317027 526BP 01319911 217099999999999999 5591161746 5299999999999999
187192186170150132120116121132146157161155141120 98 78 67 67 78 9712315027 527BP 056192115416199999999999999 6541161832 6699999999999999
171184187179163145128117113116126138149153150139123105 89 81 81 9010813027 528BP 14418713 515399999999999999 8 01131929 8099999999999999
153171182183174158139122110105107117129142149151144132117103 94 9210011527 529BP 235183144015199999999999999 9 91042040 9299999999999999
135155172181181171153132112 97 91 9410612213915315915614613111510410010527 530BP 32818216121599999999999999910 9 91215610099999999999999
119138158174183180167145120 96 80 74 81 9711914316317417316114412511010327 531BP 4171831724175999999999999991057 7423 410399999999999999
108122141162179186179160133102 75 59 57 69 9212215418019219017615413011227 6 1BP 5 01861821193999999999999991138 56999999999999999999999
105110125147170186189176150116 80 52 38 41 60 9213117019821020518615913127 6 2BP 541190191121099999999999999 0 21051217 3799999999999999
112106113131155179193190170137 97 57 29 20 30 57 9714318721522421519116027 6 3BP 620194195822499999999999999 0541061257 2099999999999999
129111108118139165189199189162122 77 36 11  7 24 5810515720122723321919227 6 4BP 7 0199204523399999999999999 1411071340  699999999999999
157127111111125148176197202185152108 61 21 -1  2 24 6311516921223423521827 6 5BP 742203213323799999999999999 2281091424 -299999999999999
187152124111115131156184202201180143 97 49 12 -4  2 29 7112517921823623327 6 6BP 827205222123799999999999999 3141111511 -599999999999999
213180146121112119136162189203198173135 89 44 11 -1  9 38 8213518522023327 6 7BP 91420423 923399999999999999 4 211216 1 -199999999999999
227204172139118112120139164189200192167130 87 45 18 10 22 52 9514519021827 6 8BP10 6200235822699999999999999 4531121651 1099999999999999
226218194162132114110119137162184193185162129 90 54 31 27 40 6810915419127 6 9BP11 2193999999999999999999999 5471101744 2699999999999999
214218207183152125109106114131154175183178159131 98 68 50 48 61 8712216127 610BP 04621912 618399999999999999 6471051838 4799999999999999
191208209196172142117102 98105122144163174172160138111 87 72 71 8210413427 611BP 134210132317599999999999999 751 981938 7099999999999999
165189201200185161133108 92 87 93109131152167171165149128108 95 9210011827 612BP 223202145317199999999999999 857 872045 9299999999999999
142167186195191176151123 98 81 75 81 9712114516517517416314512711410911427 613BP 31219516241759999999999999910 0 7522 010999999999999999
127147168184190184167141112 85 67 62 69 8711414316818318617716114212712027 614BP 4 11901744186999999999999991056 62231511999999999999999
122133150168183187179159131 99 71 54 50 60 8211414817719419818917215013327 615BP 4501871847198999999999999991146 50999999999999999999999
124125135152171184185173150119 85 57 42 41 56 8412115919020620819617515127 616BP 537186193720999999999999999 0211231231 4099999999999999
132124127138156175186184168140105 71 44 32 37 58 9213317320321621319717127 617BP 620187201921799999999999999 1151241311 3299999999999999
145128122128143163182189182160128 91 56 34 28 39 6610514918821322121219027 618BP 7 1189205622199999999999999 1581221350 2799999999999999
162136122121131150172188191178151115 76 44 27 28 46 7912216620222022020527 619BP 741192213122299999999999999 2351201426 2599999999999999
178149127117122137159181193190171139100 63 36 25 34 59 9614118221122121427 620BP 81919422 422199999999999999 3 911715 2 2599999999999999
193164136119116125145168188195185160125 87 53 32 30 45 7511616019621621827 621BP 856195223621999999999999999 3431151537 2899999999999999
204178149125113116131152176192193177148112 76 47 34 40 61 9513717620521627 622BP 93419423 821699999999999999 4171131612 3499999999999999
210191163135116111118136159180191186166136101 69 47 43 55 8111715618920927 623BP1013191234021399999999999999 4531101646 4299999999999999
212199176148123110110120139162179185176155126 94 68 54 57 7410213717219727 624BP1054185999999999999999999999 5311081720 5399999999999999
208204187162135114105108121140161175177167146120 93 73 67 75 9412215418227 625BP 011208114017899999999999999 6131051757 6799999999999999
200203193174148123106101106119138157169170161143120 99 86 84 9311313816527 626BP 044204123617199999999999999 7 01011839 8399999999999999
187198196182161135113 98 9410011413315116316616014612811210210111012714927 627BP 120198134816699999999999999 754 94193210099999999999999
171187193187172150124103 89 85 9110612614616116816615614212811811612313627 628BP 2 2193151716899999999999999 852 85204411699999999999999
154171184188181164140114 91 76 72 79 9611914316317617917215914413212713027 629BP 252188164617999999999999999 952 72221012799999999999999
140154170182185177158132103 78 61 57 66 8511314417118919519017615814113227 630BP 34818518 0195999999999999991049 56233113199999999999999
132140154170183186176155125 92 62 44 40 52 7611014818220421220618916614427 7 1BP 44618619 1212999999999999991144 39999999999999999999999
132130138154173188191179153118 80 47 26 24 40 7011115719622022721719516727 7 2BP 543191195422799999999999999 0391291237 2399999999999999
142128127138157179195198182152111 68 32 11 12 32 6811616720923323722319527 7 3BP 638199204223799999999999999 1341261328  999999999999999
163136122124138161187205205185150105 58 20  1  5 30 7212517922124124022127 7 4BP 730207212724399999999999999 2221211418  099999999999999
189153127116122140167195213210186147 99 50 13 -2  7 36 8113819223024523827 7 5BP 822214221024599999999999999 3 711615 7 -299999999999999
214177141116110119141172202217211185144 94 46 13  3 16 49 9715320423524227 7 6BP 913218225124299999999999999 3521101554  399999999999999
229200162126106104117141174204216208180140 92 48 21 17 34 6911717021223427 7 7BP10 5217233023799999999999999 4371031640 1699999999999999
234216183144112 97 98113140173200210200175137 94 58 38 40 59 9313918421627 7 8BP1059210999999999999999999999 524 951725 3799999999999999
229222199164128100 89 93109136168192200191169137101 74 62 67 8711915819327 7 9BP 0 7229115720099999999999999 614 891810 6299999999999999
215218206181147114 91 83 88104130159180188183166141114 95 89 9611414017127 710BP 04321913 518899999999999999 7 7 831858 8999999999999999
195207205190164132104 85 78 83 9812214816817817716715013211911512113515427 711BP 120208142717999999999999999 8 5 78195411599999999999999
175191197191175151123 98 81 74 77 9211313715817217717416315114113613814627 712BP 2 119716 317799999999999999 9 9 74211213699999999999999
159173183186180165143117 94 77 69 71 8410513015417318318417816715614814627 713BP 2511871738185999999999999991015 68225214699999999999999
149157168176179174160139114 90 71 62 64 7810012815718019319719017716215027 714BP 3531791848197999999999999991119 62999999999999999999999
145146153163173177173158136110 84 64 55 58 7410013316619120520719717916027 715BP 5 0177193620799999999999999 0201441214 5499999999999999
145138140149163175181175158133103 75 54 47 54 7510714418020421521119517227 716BP 6 1181201321699999999999999 11613813 0 4799999999999999
150135131137151168182187178156126 93 63 44 41 55 8211916019521622020918727 717BP 650187204522199999999999999 1531311340 4199999999999999
160137125126138157178192193178151116 80 51 37 41 61 9513717921022321920027 718BP 733195211522499999999999999 2241241416 3699999999999999
172143124118126144168190201195174140102 65 41 34 47 7511415819722022421127 719BP 811201214222599999999999999 2531181449 3499999999999999
185154127113115130153179200205192164127 87 54 37 39 60 9413718121222521927 720BP 84720622 922599999999999999 3221121521 3599999999999999
198167135113107116136163190206204184151112 74 47 40 52 8011916220022222327 721BP 923208223422599999999999999 3521061551 4099999999999999
208180146117102104119144173197206197172137 98 66 49 52 7210414518521422327 722BP 959206225822399999999999999 4231011621 4899999999999999
214191159126103 96104124151179199201186159125 90 66 59 71 9613116920221927 723BP1037203232322199999999999999 455 961650 5999999999999999
217200171138108 92 92105128156182196193175149118 90 75 77 9412115418721027 724BP1119197234921699999999999999 529 901722 7499999999999999
216205182151119 95 86 91107131158180189184167144118 98 91 9811714217119627 725BP12 6189999999999999999999999 6 7 861758 9199999999999999
208205189163133104 86 81 8910613015617518217816514612711411212013615717927 726BP 01820913 718299999999999999 650 81184211199999999999999
196200192174148120 95 80 77 8510212514916717717717015714313413213714916427 727BP 052201143217899999999999999 744 77194413199999999999999
179189190181163139112 90 75 71 78 9311513916117618318117316215314714815327 728BP 137191161718399999999999999 852 71212714799999999999999
163174182183176160137111 87 69 62 65 8010313015818019319719218016715514927 729BP 2411841752197999999999999991010 61232214999999999999999
150157167177182178163140112 83 60 48 49 64 9012415918920821520819317215427 730BP 4 61821858215999999999999991124 47999999999999999999999
144142150163178188187173147113 78 48 32 33 50 8212316620322523021919716927 731BP 526189194823099999999999999 0381421227 3099999999999999
145133133144164185200201184153112 70 35 17 20 42 8012917921823923922119127 8 1BP 632203203024199999999999999 1281311321 1599999999999999
157131120124142168196215214193156109 61 23  7 15 43 8714219523324824021527 8 2BP 72821721 824899999999999999 2101201410  799999999999999
177139114108118142175208227223197155104 53 18  7 20 5310316121324324923327 8 3BP 820228214424999999999999999 2501071455  799999999999999
199157118 98 97114144183218234225196151 99 50 21 18 37 7412618322724624227 8 4BP 9 9234221724799999999999999 329 951538 1699999999999999
217178133 98 84 90112147188221233220190145 96 54 34 39 6210215320223424127 8 5BP 957233224824299999999999999 410 841618 3399999999999999
227196153111 83 76 87112149190218224210181140 98 67 57 67 9313117721423227 8 6BP1047225231823399999999999999 451 761657 5799999999999999
228207172130 93 73 72 86113150186208211198172139106 87 85 9812315819321727 8 7BP1140212234722299999999999999 534 701735 8499999999999999
222210184149112 83 70 73 8811514817719419718716714212111111412714917519827 8 8BP1241197999999999999999999999 620 70181511199999999999999
209206190164132102 81 72 76 9111414216518018418016715214013513914916418027 8 9BP 016210135818499999999999999 711 7219 313599999999999999
193196189172149123100 84 77 80 9111113315316917717817316615915515516016827 810BP 048196154017999999999999999 814 77202515499999999999999
176181181175161143123104 89 81 81 8910412414416317718418418017316616116027 811BP 130182173318599999999999999 932 80225216099999999999999
162165169171168159145127109 92 81 77 83 9711714116518319419619018016715727 812BP 2541711845196999999999999991054 77999999999999999999999
151151155162168169163150132111 90 75 70 75 9211614617419520620519417715927 813BP 443169192520799999999999999 03115112 0 7099999999999999
145140142150163173178172156134107 82 65 61 70 9212315818920921520818916627 814BP 557178195621599999999999999 1121391248 6199999999999999
144131129137153171185189179158129 97 69 54 55 7110013717520522021820217627 815BP 647189202322199999999999999 1391291327 5299999999999999
148127119124140162185199198182153117 82 56 47 55 8011515819621922521318827 816BP 726201204722599999999999999 2 411914 0 4799999999999999
156127112112125149177201211202177142102 67 47 47 65 9713918221422822119927 817BP 8 221121 922899999999999999 2291101430 4499999999999999
167133108101110132162193214216198166126 85 56 46 56 8312116620522722721027 818BP 835217213123099999999999999 2551011458 4699999999999999
179142110 93 96113142176207221213188151109 73 53 54 7410715019322223021827 819BP 9 9221215123099999999999999 321 921525 5199999999999999
190153116 90 84 96121154190215220205175136 96 68 60 72 9813617821322922327 820BP 943221221223099999999999999 348 841552 6099999999999999
200166127 93 78 81100130166200217214193161124 90 73 76 9512616320022322527 821BP1019218223522799999999999999 417 771621 7199999999999999
208177140102 77 71 83107140176203213204181151118 94 87 9812015118421122127 822BP1058213225922199999999999999 447 711652 8799999999999999
211187153116 85 69 71 8811414717920020419317214612110610712114317019521127 823BP1144205232621399999999999999 521 67172610599999999999999
210193166133100 76 67 74 9211814817619219418616915013312512914216017919627 824BP1241195235820299999999999999 6 2 6718 712599999999999999
202195176149120 92 74 69 76 9211614216618118618317416115014614815616717927 825BP14 6186999999999999999999999 654 6919 814699999999999999
188189181165142117 94 78 71 75 8710613015317118318818517817016315916016427 826BP 03919016 718899999999999999 8 9 71212415999999999999999
170176178174163146124102 83 71 68 75 9111414116618719920119618517216015427 827BP 154178174820199999999999999 948 67233515399999999999999
153158166174177172158136110 85 65 55 58 7410113516919721421820919117015127 828BP 3571771847218999999999999991115 54999999999999999999999
140139147162178189189175150117 82 54 39 42 62 9513717921323023021418715627 829BP 530191192923299999999999999 0351381220 3899999999999999
132121125140164189207208191159118 75 42 27 33 59 9914919623024223320817127 830BP 63421020 424299999999999999 1151211311 2699999999999999
134110103114138172205226224202163115 67 33 22 35 6611416821624324522619127 831BP 727228203624799999999999999 1511031356 2299999999999999
147108 88 89108141183221240233205161108 60 31 28 48 8513719223224823920927 9 1BP 81424021 524899999999999999 226 861437 2799999999999999
166118 83 71 81107147194232245233201155103 60 41 46 7111216421324124322327 9 2BP 9 0245213424599999999999999 3 1 711515 4099999999999999
185137 91 64 61 78110155203235242226193147101 68 59 7210014218922624022927 9 3BP 94624322 124099999999999999 338 601552 5999999999999999
200157110 71 54 59 80117163206230231214182142105 84 8510113116920622822827 9 4BP1033233222823199999999999999 415 531628 8299999999999999
208174131 89 61 53 63 8812516720221821720017214011510611213015718721221927 9 5BP1122220225422099999999999999 453 5317 310699999999999999
209184150111 78 60 59 72 9713116619220420118816714413012813615217319420527 9 6BP1218204232020699999999999999 534 58174012899999999999999
203187163132101 78 68 70 8310513416018018918918016715414714815416517818927 9 7BP1328190234519199999999999999 618 67182514799999999999999
191184169148124101 86 79 81 9210913015116717818117917316616216116316717327 9 8BP15 5181999999999999999999999 716 79195716199999999999999
176174168157142125109 97 90 89 9510712314115817218118418317817116516115927 9 9BP 01517617 418499999999999999 841 8923 515999999999999999
160161162160155146134120107 96 90 9110011513415617518819419218417215915027 910BP 1591621816194999999999999991020 90999999999999999999999
146146150157162163157145129111 94 84 83 9211013416118519920419718316314527 911BP 437163185320499999999999999 0231451135 8299999999999999
134131136147161172176169154132107 86 74 75 8811214317419921120919517114627 912BP 551176192121299999999999999 0501311225 7399999999999999
127118121134154174188190179156126 96 73 65 72 9212316019321321820618215227 913BP 638191194521899999999999999 11311813 3 6599999999999999
124108106118140167192205200181150114 82 63 61 7610514318221122321619316127 914BP 71520520 622399999999999999 1351051335 6099999999999999
126101 93101122153186210216203176138 99 69 58 66 9012616820522522320417127 915BP 749217202622799999999999999 159 9314 3 5899999999999999
133 99 82 84103133171205224221199164122 85 63 63 8111215319422222821318327 916BP 821225204622999999999999999 222 811431 6199999999999999
143103 76 70 83111149190221230218189149108 77 67 7710213918121523022119427 917BP 85423021 623099999999999999 247 691458 6799999999999999
155112 76 60 66 88123166206229229209176135 98 78 79 9712816620322622520427 918BP 928232212822999999999999999 313 601526 7699999999999999
169126 84 58 53 69 98138182216229221197163125 97 88 9812115318821622521127 919BP10 5230215222599999999999999 341 521556 8899999999999999
181141 99 64 48 54 7611015119121822321018615412310510512014317320121721327 920BP1045224221821899999999999999 412 48162910299999999999999
190157118 80 54 48 61 8612015919321121219917715112911912514016118420320827 921BP1131214224720899999999999999 448 4817 711999999999999999
195170137102 72 54 54 69 9312515918620020119117515614113714315417018519527 922BP1232202232119599999999999999 530 52175313799999999999999
193178155127 98 74 62 63 75 9612215017418819218917916715715315516016817727 923BP14 3192999999999999999999999 625 61191215399999999999999
181178167150128105 85 73 70 76 9111213716017819019319018117216315715515727 924BP 0 8181155919399999999999999 749 70215715599999999999999
162167169165155139120 99 82 72 71 80 9812315017619420420319317816214814027 925BP 153169172520599999999999999 938 70233014099999999999999
140147158168174171158137112 87 68 61 67 8511414918120621721419817414912927 926BP 41217418162179999999999999911 4 61999999999999999999999
120122135155177191192179153120 86 60 50 57 8011515719522022821719215912627 927BP 535193185422899999999999999 01611912 5 5099999999999999
104 98107130161192211213195163122 81 53 44 56 8512617321223323121117513327 928BP 633214192623599999999999999 052 981254 4499999999999999
 97 78 80 98131173210231228205166119 76 50 47 6510014619422823822519414927 929BP 723232195523899999999999999 125 771336 4699999999999999
102 69 58 68 97139188227243235206162113 73 55 60 8412217021423723420916827 930BP 8 8243202223899999999999999 159 581415 5499999999999999
118 73 47 46 65101151202237247233200155109 77 68 801081491932262352191852710 1BP 852247205023699999999999999 232 431452 6899999999999999
139 89 50 35 43 70112164212239242224190148109 87 881051341732102292231982710 2BP 936244211723099999999999999 3 7 351528 8599999999999999
159111 66 38 33 49 801251752152342312111791421131031101291581912152202052710 3BP1021235214422199999999999999 342 3216 410399999999999999
174133 89 54 37 41 61 941381812112222161971691401231201301491741982102042710 4BP11 8222221121099999999999999 418 36164111999999999999999
183151113 78 53 46 54 761091471802022082021851631441341361461621811941962710 5BP1158208223819799999999999999 456 45172013499999999999999
184162133102 76 61 60 70 911191501751901951901771621511461481551661771822710 6BP125819523 618299999999999999 537 59181214699999999999999
179166147124101 84 75 75 841011241471661791841831761661591541531561611662710 7BP1416185234216799999999999999 628 74194515399999999999999
167163154141125109 97 89 88 931051221401571711801821791731651571511491492710 8BP1552182999999999999999999999 744 88221214999999999999999
151153153150144133122110100 94 951031161341531701831881851771651511401352710 9BP 139153171118899999999999999 924 94233513499999999999999
134138145152156154147134119105 94 91 97112132155176191195190176157137123271010BP 4151561757195999999999999991049 91999999999999999999999
118121130145160169169160143122102 88 85 93111137165188201201188166140117271011BP 532170182820399999999999999 0 91181146 8499999999999999
103102113131154175186184169146118 94 80 80 94119150181202209199177146115271012BP 620187185420999999999999999 0351011228 7899999999999999
 93 85 93112141172194202194172141108 84 75 82103134169199213209188156119271013BP 658202191621499999999999999 059 8513 2 7599999999999999
 87 71 73 91121158193213214197167131 97 77 76 91119155191214216199168127271014BP 733216193721899999999999999 123 701334 7599999999999999
 88 62 55 68 97136179213226218194158118 89 77 85108141179209220209180140271015BP 8 7226195922099999999999999 148 5514 4 7799999999999999
 95 59 43 48 72109156200227232216185146108 86 85100128164199220217193155271016BP 841233202322199999999999999 214 421434 8399999999999999
110 66 38 33 49 81126175215234230208174135104 91 98119149184212219204171271017BP 918235204922099999999999999 242 3215 6 9199999999999999
128 82 44 26 32 57 95142190223233223198164129106102115138168197214210185271018BP 957233211721599999999999999 313 25154110299999999999999
147103 61 32 24 38 68108155197222226213188157129114117131153179201208194271019BP1041226214920899999999999999 349 24161911499999999999999
165127 86 51 30 31 48 79118161196214215203181155134126131144163183196194271020BP1133216222519799999999999999 429 2817 512699999999999999
177149115 80 51 38 42 59 87123160188203205195178159144138141150163177184271021BP123820523 918499999999999999 516 3718 613899999999999999
179164140112 84 61 51 54 67 91121152177192197193181166153145144147155163271022BP14 0197999999999999999999999 618 50194814399999999999999
169167158141120 97 77 65 63 72 89114142167186196195187172157144136135139271023BP 018169152819799999999999999 742 63214613599999999999999
147156161160152136115 94 78 69 71 84107135163186199201192174153133120115271024BP 222162163920299999999999999 919 69225811599999999999999
120132149164172169156134109 86 71 69 80103133166192207207193168139113 96271025BP 4161721730209999999999999991040 682345 9299999999999999
 93102122149174189189176150119 89 71 67 80105139175203214208186153116 86271026BP 53219118 8215999999999999991142 67999999999999999999999
 70 72 90120157189208208191160123 90 71 70 85115153190214218202171129 87271027BP 630210184221999999999999999 023 691233 6899999999999999
 58 48 58 85125170207225221199163122 89 74 78 98130170204220213188147100271028BP 719226191222099999999999999 058 481317 7399999999999999
 58 35 33 52 88136186222235226200160119 90 82 91115150188214219201167120271029BP 8 5235194122099999999999999 133 311357 8299999999999999
 72 35 20 28 55 99152201231238224194153116 95 93107134169201217210183142271030BP 848238201121899999999999999 2 7 201435 9299999999999999
 94 49 21 16 32 66114167211233233215183145115102107125152184208211194161271031BP 930236204121399999999999999 242 15151210299999999999999
118 72 34 17 21 44 821311792142292232031711391171121211401671922051991752711 1BP1012229211120699999999999999 317 16155011199999999999999
139 97 57 30 22 34 601001461862122192101891601351211211331521751921961822711 2BP1055219214219699999999999999 353 22162912099999999999999
156121 84 52 35 35 50 791161561872052071971761531341271301411581751851812711 3BP1140208221518599999999999999 430 33171112699999999999999
165139108 78 55 46 50 68 951281601841961961851671491361321351451581691722711 4BP1228197225317399999999999999 510 4618 313299999999999999
166151128103 80 65 60 67 831071351601781871861771631491391341361421511572711 5BP1325188234315999999999999999 555 60191413499999999999999
159153141125106 89 78 75 81 941141361571721811811741621501391321301331392711 6BP1431182999999999999999999999 652 75205013099999999999999
144147146139128115102 92 87 901001161351541691791801741621481341231181192711 7BP 115147154018199999999999999 810 87221611899999999999999
125133141146145139128115103 95 941021161341541711821831751591401211071012711 8BP 324147163618399999999999999 936 9323 910199999999999999
104114129143155158153141125109 97 94101116137159178187185172150125102 872711 9BP 4541581718188999999999999991047 942346 8399999999999999
 84 92109132154170174167151130109 95 93102120145169187192183162133102 77271110BP 5531741751193999999999999991142 92999999999999999999999
 66 69 85112143172188190178156129105 92 93106129157182196193175144108 74271111BP 637191182019799999999999999 016 651226 9199999999999999
 52 48 60 87123162192206202184155124100 90 97115143173195201187159120 79271112BP 717207184820199999999999999 045 4713 4 9099999999999999
 46 31 36 59 95140182211219209183149116 96 93105128159188204199175137 93271113BP 755219191620499999999999999 114 311341 9299999999999999
 50 23 17 32 64109159201224225209178141111 96100116143175200206190157113271114BP 833227194720699999999999999 145 171417 9699999999999999
 66 27  8 12 35 75125176214230225203170134108101109129158187205201176138271115BP 914231202020699999999999999 219  6145510199999999999999
 91 45 12  1 13 43 87140188220230220195161129110108120142169194203191161271116BP 957230205720399999999999999 257  1153610799999999999999
120 74 32  7  3 21 54 99150194219224212186155127114116129150175193195179271117BP1045224213719799999999999999 338  2162211399999999999999
147107 65 29 10 12 31 65109156194213215203179151128119122134152173186184271118BP1137217222418799999999999999 424  8171411899999999999999
167138101 64 34 21 25 44 76116157189206207195173149130121123132148164175271119BP1234208232117599999999999999 516 20181912199999999999999
173158134103 72 47 36 40 57 85120156183198199189170147129119118124136151271120BP1336200999999999999999999999 615 36194011799999999999999
162163154137113 87 65 54 55 68 91122153178193195185167144124111105109120271121BP 038164144019599999999999999 725 5321 510599999999999999
136150158157146128105 85 72 69 77 96123152176190192182162137113 95 87 90271122BP 222159154019399999999999999 845 682214 8799999999999999
103123143159166161146125103 86 80 85101125153177191191178155125 96 75 66271123BP 4 516616321939999999999999910 4 8023 9 6699999999999999
 71 88114143167179178165142117 97 87 91106130158181193190172142107 74 52271124BP 5251801717194999999999999991114 872354 4599999999999999
 46 55 78113149179195194179154125103 93 96112137165187195185161125 85 51271125BP 6281961756195999999999999991213 92999999999999999999999
 31 30 46 77119161194209206188158127105 97102120147175193194177145104 62271126BP 720210183319699999999999999 034 2813 3 9799999999999999
 30 15 21 44 83131176207219211189156125105100110130158184196189164127 83271127BP 8 621919 819699999999999999 112 15134810099999999999999
 41 14  7 21 51 96147190217222210182148120105105118142169190195179149107271128BP 847223194319599999999999999 149  7142710399999999999999
 63 26  6  8 28 65113163201220219201171138114105111128153178193189167131271129BP 927222201819499999999999999 225  415 510599999999999999
 89 47 17  6 15 42 82131176207218211189158128110107118138162183190179152271130BP10 4218205319099999999999999 3 1  6154110799999999999999
114 73 37 15 12 28 591021481862082111981741441201091111251461681831831662712 1BP1041212212918599999999999999 338 11161810899999999999999
136 99 62 33 19 24 45 791201601902042011851591331151091151301501691771712712 2BP111820522 717799999999999999 414 19165810999999999999999
152122 88 57 35 30 40 64 981361691911971901711471251121101181331501641682712 3BP1156197224816899999999999999 451 29174110999999999999999
159139111 82 58 44 44 58 831141471731881891781601381201101091171311451552712 4BP1236190233615799999999999999 529 42183210899999999999999
156147129106 83 65 57 61 76 991271541731831811691511311151061061121241362712 5BP1319183999999999999999999999 610 57193510599999999999999
144146139126108 91 78 73 78 91111135156171177174161143125109100 981031132712 6BP 04014614 717899999999999999 7 0 732046 9799999999999999
126135140138130117103 92 88 91102119139157169174169155137116 99 88 85 902712 7BP 213140145917499999999999999 8 6 882151 8599999999999999
102117131141145140130118106100100108123140157169172165149127104 84 71 692712 8BP 356145155017299999999999999 927 992244 6899999999999999
 77 93114134150158156146131116106104111125142159171172162141115 87 64 522712 9BP 51615816371739999999999999910441042327 5099999999999999
 52 65 88117145166175172159140121108105112127146165175173157130 98 65 41271210BP 6151751720176999999999999991148105999999999999999999999
 32 38 58 89126160184192186168144121106104113131153172180172149116 77 42271211BP 7 419218 118099999999999999 0 6 32124110499999999999999
 19 15 28 56 96140178201206195172142117104104117138163181184169139 99 56271212BP 748207184118599999999999999 045 14132710299999999999999
 20  1  3 23 60107156195214215198169137112101106122147173189186164128 82271213BP 831217192219099999999999999 125 -1141010199999999999999
 36  2-12 -3 24 67120171207222217195163129107101109129157182194185157116271214BP 91422320 519499999999999999 2 6-12145210199999999999999
 67 21 -9-18 -3 30 78133183214224214188153121103101113136164188195181149271215BP 958224205119599999999999999 250-18153610099999999999999
105 56 13-13-16  4 40 90145191217221207178143114 99101116140168189192174271216BP1042222213919399999999999999 336-171621 9899999999999999
141 97 51 12 -8 -6 16 54104156195215214196166132106 96100116140166184184271217BP1127216223118799999999999999 423-101711 9699999999999999
166134 94 52 19  4 11 34 71118164196209204184153122 99 91 96111135159175271218BP1211209232817699999999999999 511  418 5 9199999999999999
174158131 95 60 33 24 32 55 89131168193200192170141112 92 84 89103125148271219BP1256200999999999999999999999 6 1 2419 6 8499999999999999
162164153131103 74 54 48 56 76106140170187190180158129102 83 75 78 91111271220BP 037165134319199999999999999 655 482014 7599999999999999
134150156151137116 94 78 73 79 94118145167180181169147119 93 73 63 65 77271221BP 2 4156143218299999999999999 759 732123 6399999999999999
 97120140153155148133116102 95 96107125146164174173160138110 83 61 50 50271222BP 345156152517599999999999999 917 942228 4999999999999999
 62 84111137156165163152135120109107114127144160169167154130101 71 48 36271223BP 51816516201709999999999999910441072326 3499999999999999
 37 51 76108140165177178167149130116111115127143160168165149123 91 58 34271224BP 63117917141689999999999999912 3111999999999999999999999
 22 26 44 75113150177190190176154131116110114127145162170163144114 78 44271225BP 72619218 417099999999999999 016 2213 411099999999999999
 20 12 20 44 81124163190201196177150126110106114130151168172162137103 64271226BP 8 9201184917399999999999999 1 0 12134910699999999999999
 30  9  6 21 51 93139178201206194169140115103104116137159174174158128 89271227BP 847206193017799999999999999 140  5142610299999999999999
 49 17  2  6 28 64111157191207204185156126104 97104122146168180173150115271228BP 92020820 918099999999999999 217  11458 9799999999999999
 74 35  8  0 13 41 83131173200207196171139111 95 95108131156176181167138271229BP 952207204618199999999999999 253  01530 9499999999999999
100 59 24  5  6 26 60105151186203201183153122 98 90 97115140164179177157271230BP1022205212318199999999999999 326  316 2 9099999999999999
124 85 46 18  8 18 45 83128168194201189165134105 88 87100121147169177168271231BP105020122 017799999999999999 359  81634 8699999999999999
