 77 70 67 69 77 89104119129130125115101 84 69 58 52 51 55 63 73 80 84 8727 1 1C8 8441312346 8799999999999999 2 2 671642 5199999999999999
 87 85 83 82 86 93103115126132132125114 99 81 65 52 44 41 45 53 64 74 8327 1 2C8 924133999999999999999999999 237 821756 4199999999999999
 90 95 96 96 95 97102110120128132131124113 97 79 60 45 35 32 36 46 60 7527 1 3C8 2 1 96101713399999999999999 347 951855 3299999999999999
 88 98105107106104104107113121128132131124112 95 74 53 36 26 24 30 43 6127 1 4C8 3 0107112113399999999999999 5301031943 2499999999999999
 80 96108114115111107105108113120128134133125111 91 67 44 26 18 18 28 4527 1 5C8 337115122613499999999999999 6531052025 1799999999999999
 67 89105116121118112105103106112121130137135125107 84 57 33 16 11 15 2927 1 6C8 4 9121132013799999999999999 75610321 2 1199999999999999
 51 76 98114122122117108100 99103111123134140136122100 73 45 22  9  7 1727 1 7C8 43812314 614099999999999999 844 992137  799999999999999
 35 61 87107119123120111100 94 95101112127139142133115 90 61 33 13  5  927 1 8C8 5 3123144714299999999999999 925 932210  599999999999999
 23 46 73 98114122121114102 92 88 91101115131141140127105 78 48 23  8  627 1 9C8 52712215251429999999999999910 2 882240  599999999999999
 15 34 60 87108119121116105 92 83 82 89102118133139133116 92 64 37 17  927 110C8 54812116 2139999999999999991038 8223 8  999999999999999
 13 27 50 77100115121118109 95 83 77 79 88103119131133123104 79 52 30 1727 111C8 6101211638134999999999999991113 762334 1599999999999999
 16 26 44 69 93111120120113 99 85 74 72 77 88103118126123111 91 68 45 2927 112C8 6301211715126999999999999991150 712358 2499999999999999
 24 29 43 64 87107119122117105 90 75 68 68 74 86101114118112 99 81 61 4527 113C8 6491221756118999999999999991229 67999999999999999999999
 36 37 47 63 83104118124121111 96 80 68 62 64 71 83 96106108102 91 76 6227 114C8 7 7124184410899999999999999 022 351315 6299999999999999
 51 49 55 67 83101116125125117104 88 73 61 57 59 65 76 88 96 98 94 87 7727 115C8 7281261947 9899999999999999 046 491412 5799999999999999
 69 64 66 74 86100114125128124113 99 82 67 56 51 51 56 66 77 85 89 89 8727 116C8 7531282133 9099999999999999 111 641527 5099999999999999
 84 81 81 85 92102113124130129122110 95 79 63 50 43 41 44 53 64 75 83 8927 117C8 825130999999999999999999999 135 801653 4199999999999999
 93 95 95 97100106114122129132130122111 96 78 60 44 33 28 30 39 52 67 8127 118C8 9 81329999999999999999999991811 28999999999999999999999
 93101107109110111115120125130133132126115 99 78 56 35 21 14 16 26 43 6327 119C810151339999999999999999999991917 13999999999999999999999
 83 99111117118117116117120124130135136132121103 79 51 26  9  1  4 17 3927 120C8 348118114713799999999999999 6 31162014  199999999999999
 64 88106119124122117113113115121129138143139126105 77 45 17 -2 -8 -3 1427 121C8 41312413 414399999999999999 73911321 3 -899999999999999
 41 71 96114124126120111105104107116129142148144129105 73 38  9 -8-12 -227 122C8 44212614 514899999999999999 8391042147-1299999999999999
 20 51 83106120126123111 99 92 92 98110128144151144127101 66 31  4 -8 -727 123C8 5 8126145815199999999999999 926 912225 -999999999999999
  7 34 68 97116125125115 98 84 78 80 89106127144148139121 93 58 26  5 -127 124C8 5301261547148999999999999991010 782257 -199999999999999
  6 25 55 88112124126120104 83 69 65 70 82101124139140129110 83 52 26 1327 125C8 5461271635141999999999999991053 652325 1299999999999999
 14 26 48 79108125129125112 91 69 57 55 62 76 97118129127116 99 75 49 3127 126C8 5571291721130999999999999991137 552350 2799999999999999
 27 34 50 74102124133131120102 78 58 49 50 58 72 92109116113103 88 69 5127 127C8 61413418 8116999999999999991223 48999999999999999999999
 43 45 57 75 98121135137128113 92 69 52 45 47 55 69 85 98102 99 92 81 6927 128C8 63713719 010299999999999999 014 421314 4599999999999999
 59 58 66 79 96116132139135122105 84 64 51 45 47 53 64 77 87 90 89 85 8027 129C8 7 513920 6 9099999999999999 037 571413 4599999999999999
 74 72 75 84 97111126136137129116 99 81 64 52 47 46 51 59 69 76 81 83 8427 130C8 737138999999999999999999999 058 721531 4699999999999999
 84 84 86 90 98108119129134132124111 96 80 65 54 47 44 46 52 60 69 76 8227 131C8 81313499999999999999999999917 5 44999999999999999999999
 88 93 96 98102107113121127129127120109 97 82 67 54 44 39 39 45 54 65 7627 2 1C8 9 21299999999999999999999991827 39999999999999999999999
 87 96103106106107109113117121124124119111 99 84 67 50 38 32 32 38 50 6527 2 2C810241249999999999999999999991928 31999999999999999999999
 81 95105111112109106106108112117122125122114101 83 62 43 29 23 25 35 5127 2 3C8 34111212 612599999999999999 6461062014 2399999999999999
 71 90104113116113107101 99101107115124129126116 99 78 54 32 19 16 22 3627 2 4C8 358116131312999999999999999 756 992051 1699999999999999
 57 80100113118116109 99 92 91 95104117128133129115 94 68 42 22 12 13 2427 2 5C8 41611814 313399999999999999 841 902124 1199999999999999
 44 69 93110118119112100 88 82 83 91105121133136128109 85 56 30 14  9 1627 2 6C8 433119144513799999999999999 918 812153  999999999999999
 33 57 84105117120115102 87 76 72 78 90108126137135122100 72 44 22 11 1327 2 7C8 449120152313799999999999999 952 722220 1099999999999999
 26 48 75100116122118106 89 73 64 65 75 92113130136130113 88 60 34 19 1627 2 8C8 5 41221559136999999999999991024 642245 1599999999999999
 24 43 68 94114123121111 93 74 60 56 61 75 95116130131121101 76 50 31 2327 2 9C8 5191231635132999999999999991056 5623 7 2399999999999999
 27 42 64 90112124125116100 79 60 50 50 60 77 98117126123110 90 67 46 3527 210C8 5341261713127999999999999991127 492327 3399999999999999
 35 45 63 86109125128122107 87 65 49 43 48 60 79 99115119113100 82 63 4927 211C8 54912917531199999999999999912 1 432348 4599999999999999
 46 53 67 86107124131127115 96 74 54 42 40 47 60 79 97108109103 92 78 6527 212C8 6 61321838110999999999999991239 40999999999999999999999
 59 62 73 88105122133132122106 86 64 47 39 39 46 59 75 90 98 99 94 87 7927 213C8 6281341935 9999999999999999 0 9 591325 3899999999999999
 73 74 81 93106120131135129116 98 79 60 45 38 38 44 53 66 79 86 89 89 8827 214C8 6531352129 8999999999999999 029 731430 3899999999999999
 86 86 90 98108118128134133125111 95 78 61 47 39 36 37 44 55 66 75 82 8827 215C8 724135999999999999999999999 035 8516 9 3699999999999999
 92 95 99104110117124129132129122111 98 82 65 50 38 30 28 32 42 54 67 7927 216C8 8 51329999999999999999999991752 28999999999999999999999
 91100106109112115118121125127126123115105 90 71 51 34 22 17 20 30 47 6527 217C8 92312799999999999999999999919 8 17999999999999999999999
 83 98108114115113112112113117121126127123113 97 75 50 28 13  7 11 25 4627 218C8 344115114812799999999999999 63611220 5  799999999999999
 70 91107116118114107101 99101107117128134132121102 75 46 21  5  2  9 2827 219C8 347118131613499999999999999 8 0 992051  199999999999999
 54 81102115120116105 93 85 84 88 99115131140137125102 72 40 15  3  3 1627 220C8 4 3120141614099999999999999 845 842129  299999999999999
 40 70 97114122120109 91 75 67 68 76 93115134142138123 98 66 34 14  8 1327 221C8 41912215 714299999999999999 923 6722 0  899999999999999
 31 60 91114124124115 96 73 56 51 55 68 90116135140133117 90 59 32 19 1927 222C8 43012615531409999999999999910 1 512227 1899999999999999
 31 54 84112128130122105 80 55 40 38 47 64 89115131133124107 82 54 35 3027 223C8 4401311637134999999999999991038 382251 3099999999999999
 37 54 79108130136130115 92 63 40 30 32 44 64 90113124123113 96 74 54 4427 224C8 4571361720125999999999999991116 292314 4399999999999999
 47 59 78103128140138125104 78 50 32 26 32 45 66 90108114110101 87 71 5827 225C8 51914118 4114999999999999991155 262338 5699999999999999
 57 65 80100122139143133116 93 67 43 30 29 36 50 68 88100103 99 92 82 7227 226C8 5461431850103999999999999991236 28999999999999999999999
 68 72 83 99116133141138125105 83 60 42 34 35 42 54 69 83 91 92 90 87 8227 227C8 6141421948 9299999999999999 0 0 681322 3399999999999999
 78 79 87 98111124135137129115 97 77 59 46 40 41 46 55 66 76 82 84 86 8627 228C8 644137999999999999999999999 018 781422 4099999999999999
 86 87 91 98107117125130128120107 92 77 63 53 47 45 47 53 60 68 75 80 8627 3 1C8 7171309999999999999999999991555 45999999999999999999999
 90 94 97100105110115120122119113103 92 80 69 58 50 45 44 47 53 62 71 8127 3 2C8 7581229999999999999999999991743 44999999999999999999999
 90 97102104104105106109112113113110105 96 86 73 60 48 40 37 40 48 59 7327 3 3C8 9251139999999999999999999991858 37999999999999999999999
 86 97105108107103 99 98100103107111112110102 89 74 56 41 32 30 35 46 6227 3 4C8 312108115311399999999999999 655 981948 3099999999999999
 80 95106111110104 95 89 88 90 96105114118115105 90 70 49 33 25 25 34 5027 3 5C8 32011113 811899999999999999 752 882025 2499999999999999
 71 91105113113106 95 83 76 76 83 94108119124119105 86 62 40 25 21 26 4027 3 6C8 330114135812499999999999999 830 762056 2199999999999999
 61 84103114116109 96 81 68 63 67 79 95113126128119102 78 53 32 22 23 3427 3 7C8 342116144112999999999999999 9 2 632125 2199999999999999
 53 78100115119114100 81 63 53 52 62 79101120131129116 95 69 45 29 25 3227 3 8C8 355119152013199999999999999 933 512150 2599999999999999
 49 72 97115122119106 86 63 46 40 45 60 83107126132125109 86 61 41 32 3527 3 9C8 4 812215571329999999999999910 2 402213 3299999999999999
 48 69 94115126124112 93 68 45 32 32 43 63 89113128129119101 78 56 43 4227 310C8 4211261634130999999999999991032 312235 4199999999999999
 51 68 91114128130120101 76 50 30 23 29 44 68 95116125122111 93 72 57 5227 311C8 43613117131269999999999999911 2 232255 5299999999999999
 57 71 89111129135127111 88 60 36 21 20 30 48 73 98114119114103 87 71 6327 312C8 4541351754119999999999999991135 192316 6399999999999999
 65 76 91109127137134120 99 74 48 27 19 22 33 52 75 96107109104 96 84 7527 313C8 5161381841109999999999999991212 192338 7399999999999999
 74 81 94108124136138129111 89 65 42 26 21 26 37 53 73 89 97 98 96 91 8627 314C8 5411391947 98999999999999991257 212357 8399999999999999
 83 87 97108120131137134121103 83 61 43 30 27 30 38 51 66 78 85 89 91 9127 315C8 6101379999999999999999999991359 27999999999999999999999
 91 93 99108116124131132126114 99 82 65 49 38 32 31 35 44 56 67 76 84 9027 316C8 6431329999999999999999999991541 31999999999999999999999
 95 98102107112117121124124119110100 87 73 58 45 35 30 30 36 47 60 72 8427 317C8 7291249999999999999999999991730 29999999999999999999999
 94101105107107108109110112114114111106 97 83 66 49 35 26 24 30 42 58 7527 318C8 9241149999999999999999999991846 24999999999999999999999
 90102108109105100 96 94 95 99106112116114107 92 72 50 32 22 20 28 44 6427 319C8 239109121411699999999999999 711 941940 2099999999999999
 85101110113108 97 86 79 76 79 88101114122123114 98 74 49 30 21 22 33 5427 320C8 249113133112499999999999999 757 762022 2099999999999999
 78 99113117113100 82 67 58 58 65 80100119129128118 99 72 46 30 25 30 4627 321C8 3 2117142813099999999999999 834 572057 2599999999999999
 71 97115122120108 87 63 46 39 43 55 76102123132130117 96 68 45 34 35 4527 322C8 312123151613299999999999999 9 9 392125 3399999999999999
 65 92116128128117 97 69 43 28 25 33 51 78106125131127113 90 65 47 43 4927 323C8 32512916 013199999999999999 943 252151 4399999999999999
 64 88114132136127108 82 51 26 15 18 30 52 82109125127120106 84 64 54 5627 324C8 3441361642127999999999999991018 152216 5399999999999999
 67 85109131141136120 96 66 36 16 10 17 33 58 88110120119112 98 80 66 6327 325C8 4 81421723121999999999999991052 102242 6399999999999999
 71 85104126141143130109 82 52 26 12 13 23 41 66 91108113111103 91 78 7127 326C8 43414418 5113999999999999991128 1123 9 7199999999999999
 75 86101119136143137120 97 70 43 23 16 20 32 50 72 92103105102 96 87 8027 327C8 5 314318501059999999999999912 5 162335 7999999999999999
 79 86 98112127138138127108 85 61 40 27 24 30 42 57 75 89 95 97 95 91 8727 328C8 5331391950 97999999999999991246 242358 8599999999999999
 85 88 96106118128133128115 97 78 58 43 35 34 39 48 61 73 83 88 91 91 9127 329C8 6 31332159 91999999999999991336 33999999999999999999999
 90 91 95102109117123123117105 91 75 61 49 43 42 44 51 59 69 77 83 88 9127 330C8 635124999999999999999999999 0 7 901449 4199999999999999
 94 95 97 99102107111113112107 99 88 77 66 57 50 46 45 49 56 64 73 82 9027 331C8 7161139999999999999999999991634 45999999999999999999999
 95 99100 99 98 98 99101103103101 97 91 82 72 62 53 45 43 45 52 62 74 8627 4 1C8 211100 84610399999999999999 451 9818 0 4399999999999999
 95101103102 97 92 88 87 89 93 97100101 97 89 77 64 52 42 39 43 51 64 8027 4 2C8 2 5103113410199999999999999 644 871858 3999999999999999
 93103107106 99 89 80 74 74 79 87 96104107103 94 79 63 48 39 38 44 56 7327 4 3C8 213107125610799999999999999 731 741940 3799999999999999
 90104111110102 90 75 64 59 62 72 86100111114109 96 79 60 45 38 40 50 6727 4 4C8 224111135011499999999999999 8 5 592014 3899999999999999
 86103114115107 93 74 57 46 46 54 69 89108119120112 96 76 56 44 42 48 6327 4 5C8 237115143512199999999999999 836 452045 4199999999999999
 82102116120114 99 78 55 38 31 35 50 72 97116126123112 93 72 55 48 50 6227 4 6C8 252120151712699999999999999 9 6 312113 4899999999999999
 80101118126121107 85 59 35 21 19 30 50 78105123129123109 89 70 58 56 6427 4 7C8 3 7126155812999999999999999 936 182138 5699999999999999
 78 99119130129117 96 68 39 17  9 14 30 55 86112126127120105 86 70 65 6927 4 8C8 32513116391289999999999999910 7  922 1 6599999999999999
 80 97117133136127108 82 51 23  6  4 13 33 62 92114123122114100 84 74 7527 4 9C8 3451371723124999999999999991040  32225 7399999999999999
 83 96114131140136120 96 68 37 13  2  5 17 40 68 95111117115108 96 84 8127 410C8 4101411812117999999999999991116  12249 8199999999999999
 87 97111127139141130110 85 57 29 10  5 10 24 45 71 93105108107102 93 8827 411C8 4381421915108999999999999991157  52315 8799999999999999
 90 98108121133140136121101 77 51 28 14 12 17 30 49 70 87 96100101 98 9427 412C8 5101402046101999999999999991246 122342 9299999999999999
 92 97105114124132134127112 94 74 52 34 23 21 25 34 49 66 80 88 94 97 9727 413C8 5451352231 98999999999999991351 21999999999999999999999
 96 97102108113120124124117106 92 76 58 43 34 29 30 36 48 62 75 85 92 9827 414C8 628125999999999999999999999 012 961522 2999999999999999
 99 99 99101103105109112112109102 93 82 68 54 43 36 34 38 48 61 75 86 9627 415C8 7361129999999999999999999991654 34999999999999999999999
102103101 97 94 91 91 93 97101103103 99 91 79 64 50 40 36 39 50 64 80 9427 416C8 049103102210399999999999999 543 9118 4 3699999999999999
103107106 99 89 80 74 72 75 83 93101107107100 88 71 55 43 40 44 56 73 9127 417C8 113108123010799999999999999 652 721857 4099999999999999
105112113105 92 76 62 54 53 60 72 89104113114108 94 75 58 47 46 53 68 8727 418C8 131113134311599999999999999 737 531939 4599999999999999
106118120114100 80 58 42 35 37 48 67 90109119120113 97 77 60 53 55 65 8227 419C8 148120143912199999999999999 814 352014 5399999999999999
104121128124111 90 63 39 23 20 27 43 68 95115124124114 97 77 64 61 67 8027 420C8 2 7128152812599999999999999 849 202046 6199999999999999
 99120133134123103 76 46 21 10 11 23 44 74101119125123113 95 77 69 71 8027 421C8 231135161312699999999999999 923  92116 6999999999999999
 95115134141134116 92 61 30  9  3  9 25 51 82107121124120108 92 78 75 8127 422C8 258141165512499999999999999 957  32147 7599999999999999
 93110129142142128106 78 46 19  4  4 14 33 61 90110119120114102 89 81 8327 423C8 3281441736120999999999999991031  22218 8099999999999999
 91104121137144137118 93 65 35 13  5  9 23 44 71 95110115113107 97 87 8427 424C8 35914418171159999999999999911 6  52249 8499999999999999
 90100113129140140127106 81 54 29 14 12 19 34 55 78 96106109107101 93 8827 425C8 43114219 2109999999999999991143 112322 8799999999999999
 88 95106119131136131116 95 71 48 29 20 21 30 44 63 81 95101103101 97 9227 426C8 5 31361957103999999999999991223 192356 8999999999999999
 89 92 99109119127128120105 85 65 46 33 28 31 39 52 67 82 92 97 99 98 9527 427C8 53712821 7 999999999999999913 9 28999999999999999999999
 92 92 95100108115119117108 95 79 63 49 40 37 39 46 57 69 81 89 95 98 9827 428C8 6131192228 9899999999999999 037 9214 5 3799999999999999
 96 94 93 94 97102106108106 99 89 78 65 55 48 44 45 50 59 70 80 89 96 9927 429C8 7 1108233710099999999999999 159 931519 4499999999999999
100 98 95 92 90 89 92 95 97 97 94 88 80 71 62 54 50 49 53 61 72 83 9310027 430C8 833 97999999999999999999999 431 891640 4999999999999999
103103 98 92 85 79 77 79 83 88 92 94 92 86 78 69 60 53 52 56 65 77 8910027 5 1C8 0161031058 9499999999999999 6 2 771746 5299999999999999
106108104 95 84 73 65 63 66 74 84 93 99 99 94 85 74 63 56 56 61 72 85 9927 5 2C8 0431081235 9999999999999999 652 631837 5599999999999999
109113110101 86 70 56 48 48 56 69 84 98107108102 91 78 67 60 62 70 82 9727 5 3C8 1 5113134010899999999999999 729 471920 6099999999999999
110118117108 92 72 52 37 31 36 49 68 89107116116109 96 81 70 66 70 81 9527 5 4C8 125119143211799999999999999 8 3 311957 6699999999999999
111122125118102 79 54 32 19 18 27 47 72 97115123122112 98 83 75 75 82 9427 5 5C8 146125151912499999999999999 836 172031 7499999999999999
110125132128114 92 63 35 13  5  8 24 49 79105122128124113 98 86 81 85 9427 5 6C8 2 913216 712899999999999999 911  421 1 8199999999999999
108124136138127107 79 47 18  0 -4  5 25 54 86111124128123112 98 89 89 9527 5 7C8 236139165612899999999999999 947 -42130 8899999999999999
106121136144138122 97 67 33  7 -7 -6  6 29 60 91112122124119108 97 92 9627 5 8C8 3 61441749124999999999999991026 -822 0 9299999999999999
104116131144146135114 88 56 24  2 -7 -3 11 36 66 93109117119114104 96 9627 5 9C8 33914718471199999999999999911 9 -72233 9599999999999999
102111123136145142128106 80 49 21  4 -1  5 19 43 70 92105111113108100 9627 510C8 4161461946113999999999999991155 -12310 9699999999999999
 98105113124136141134119 99 74 47 24 11  9 14 28 50 73 91101107108104 9827 511C8 4571412045108999999999999991246  82357 9599999999999999
 95 98104111120129131124110 93 72 50 32 22 20 25 38 56 76 9010010510610227 512C8 5431312139106999999999999991344 20999999999999999999999
 96 94 95 98103110117118113103 90 74 57 42 34 32 36 47 63 80 9310110610527 513C8 641118222610699999999999999 1 6 941450 3299999999999999
101 94 89 87 88 90 96102105103 99 91 80 66 54 46 43 47 56 71 86 9910610927 514C8 81110523 510999999999999999 326 871559 4399999999999999
107100 91 82 76 73 74 79 87 93 97 98 95 88 77 66 57 54 57 66 80 9510711427 515C81043 98233711599999999999999 515 7317 2 5499999999999999
114109 98 84 71 61 56 57 63 74 86 96101102 97 87 75 66 63 67 77 9110611727 516C81238102999999999999999999999 621 551757 6399999999999999
121119109 94 75 56 44 39 41 51 67 84 98107110105 95 83 74 72 77 8810211727 517C8 0 7121135411099999999999999 710 391845 7299999999999999
127128121107 86 62 41 28 24 30 44 65 87104114117112101 88 80 80 87 9811327 518C8 039128145311799999999999999 752 241929 7999999999999999
127135132120101 75 48 26 15 15 25 43 69 93111120122116103 91 85 88 9510827 519C8 113135154312299999999999999 830 142010 8599999999999999
123136140132115 91 62 34 14  7 11 25 48 77101117124124116103 92 89 9410327 520C8 147140162712599999999999999 9 6  72048 8999999999999999
116132143141128107 80 49 22  7  4 13 31 57 86108120125122112100 92 93 9927 521C8 22314317 812599999999999999 941  42126 9199999999999999
110124139145138121 97 68 38 15  4  7 19 40 68 94112121122118107 97 92 9527 522C8 2591451746122999999999999991017  422 3 9299999999999999
103115130142143131111 85 56 29 12  7 13 28 51 78100113118118111101 93 9227 523C8 3351441823119999999999999991053  72241 9299999999999999
 97107120133141137122100 74 47 25 13 13 22 39 62 85103112115112105 96 9127 524C8 41114119 0115999999999999991130 122320 9199999999999999
 92 99109122132135127111 89 65 42 25 18 22 33 51 72 91104110111107100 9327 525C8 44713619391119999999999999912 8 18999999999999999999999
 90 92 99109120127126116100 80 58 40 29 26 32 44 61 79 95104109108103 9627 526C8 524128202010999999999999999 0 2 901247 2699999999999999
 91 89 92 98106114118115105 91 73 56 42 35 36 42 55 70 85 9810610810610127 527C8 6 611821 210899999999999999 055 891328 3599999999999999
 94 89 87 88 93100105108105 97 85 71 58 49 45 46 53 64 78 9110210810910527 528C8 658108214310999999999999999 2 8 871415 4499999999999999
 99 92 86 82 81 84 90 95 98 97 92 83 73 64 58 55 56 63 73 86 9810711111027 529C8 816 98222311199999999999999 340 811510 5599999999999999
105 97 88 79 73 71 73 78 85 91 93 92 88 81 74 68 65 66 72 82 9410511211527 530C81012 93225911599999999999999 5 2 711613 6599999999999999
112104 93 80 68 60 57 60 67 78 87 94 97 96 91 84 78 75 76 82 9210311311927 531C812 9 97233312099999999999999 6 0 571716 7599999999999999
119113102 86 69 53 44 41 47 59 74 89100106106102 94 87 84 85 9210211312227 6 1C81333107999999999999999999999 647 411813 8499999999999999
126123113 96 75 54 36 27 27 36 53 74 94108116116111102 95 92 9410111112227 6 2C8 0 6126143511799999999999999 729 2619 3 9299999999999999
131132125110 89 63 37 19 11 15 29 51 77100116124124117108100 9810211012127 6 3C8 042133153012599999999999999 810 111947 9899999999999999
132139138126106 79 49 22  5  0  7 25 52 8210612112812712011010310310811727 6 4C8 119140162312999999999999999 853  0202810399999999999999
129141147141124100 70 37 10 -5 -7  4 26 56 8711012412912711910910410611327 6 5C8 159147171413099999999999999 937 -721 710499999999999999
123136148150140121 94 61 27  2 -9 -8  5 30 62 9211212312712411410510310727 6 6C8 24115118 4127999999999999991023-10214810399999999999999
114126141151150137116 87 54 22  0 -7 -3 12 38 70 9611212112411810810110027 6 7C8 32515218491249999999999999911 8 -7223210099999999999999
105113126141149145131109 81 49 21  4  0  6 23 49 78100113119119112101 9527 6 8C8 4111491930120999999999999991154  02322 9499999999999999
 95101109123136142136122102 77 48 25 13 12 20 37 63 87105114118115105 9427 6 9C8 5 014220 4118999999999999991237 11999999999999999999999
 88 89 94102115126130125113 96 74 51 33 26 27 36 54 77 97111117117111 9927 610C8 554130203211899999999999999 022 881320 2599999999999999
 88 82 81 84 92103113116113104 91 74 57 45 41 44 54 71 9110711712011710827 611C8 658116205812099999999999999 137 8114 3 4199999999999999
 94 82 74 72 73 79 89 98103102 98 90 79 67 59 57 61 71 8610311712312311727 612C8 825103212712499999999999999 3 9 711449 5799999999999999
105 91 76 66 61 60 65 74 84 92 96 96 93 87 79 74 73 77 86 9911412412812627 613C81041 9622 412899999999999999 436 601542 7299999999999999
117104 87 70 57 49 47 52 62 74 86 94 99100 97 91 86 85 89 9810912213013227 614C81247100224913299999999999999 546 471643 8599999999999999
128117102 82 62 47 38 36 42 54 69 85 97105109107101 96 95 9810611612713527 615C814 9109233813699999999999999 643 361747 9499999999999999
135129116 98 76 53 36 27 27 35 50 69 8910411311711510810210010411112113127 616C815 7117999999999999999999999 732 26184810099999999999999
138138130114 93 68 43 26 19 21 32 51 74 9611212112311911110410210611412427 617C8 028139155212399999999999999 815 19194310299999999999999
135142140128110 85 58 33 18 14 19 34 57 8310411812512611910910310210711627 618C8 116142163212699999999999999 854 14203210299999999999999
127139145139124103 76 47 24 12 12 21 40 66 9211212312712411510510010110727 619C8 2 114517 712799999999999999 932 112116 9999999999999999
118131143146136118 94 65 38 18 10 14 27 49 76101117124125120109 99 9610027 620C8 24314617391269999999999999910 8 102157 9699999999999999
108121135145143130109 83 55 29 14 12 20 37 61 87108119123121113101 94 9327 621C8 32314618 7123999999999999991044 112237 9299999999999999
 98109123137143137121 98 72 45 25 15 17 29 49 74 97113120121115105 94 8927 622C8 4 11431834121999999999999991117 152316 8899999999999999
 90 98110124135137128110 87 61 39 24 20 27 42 63 86105117120117108 97 8827 623C8 43913819 0120999999999999991149 202358 8599999999999999
 85 88 97110123130128117 98 76 54 37 29 30 40 57 78 98112119119112102 9127 624C8 5181301926120999999999999991220 28999999999999999999999
 83 82 86 95107117122117105 89 69 52 41 38 43 56 73 92108118121117107 9527 625C8 6 0122195212199999999999999 044 821249 3899999999999999
 85 79 78 83 91102110112107 97 83 67 55 50 51 59 72 8810411612212011310227 626C8 649112201812299999999999999 137 781319 4999999999999999
 90 80 74 73 77 84 94101103100 92 82 72 64 62 66 74 8710111412212411911027 627C8 754103204512499999999999999 242 731352 6299999999999999
 97 84 73 67 65 68 75 84 92 97 97 93 87 81 77 77 81 8910011212212712511827 628C8 929 97211612799999999999999 354 651432 7799999999999999
107 93 78 65 57 53 56 64 75 86 93 98 99 97 94 91 91 9510211112112813012727 629C81149 99215413099999999999999 5 4 531528 9199999999999999
118105 88 71 55 44 40 43 53 67 81 9410310710810610410310611111912713313427 630C81346109224413499999999999999 6 5 40164510399999999999999
130119104 84 62 43 30 26 30 42 60 79 9710911711911711311111311812413213827 7 1C81456119234414099999999999999 7 1 2618 311199999999999999
139134122103 79 53 31 17 13 19 34 56 8110211712512712311811511612112713627 7 2C81547127999999999999999999999 754 13191211599999999999999
144145139124102 74 44 19  5  2 11 30 57 8510712213013012511811411612112927 7 3C8 045146163213199999999999999 844  2201011499999999999999
140149151143125 99 68 35 10 -3 -4  8 31 61 9111312613212912111210911211827 7 4C8 141152171313299999999999999 933 -521 210999999999999999
128143154155144124 96 61 28  4 -6 -4 11 38 70 9911812813112411310410110527 7 5C8 2341561748131999999999999991018 -6215010199999999999999
113127144155154141120 90 56 24  4 -2  4 22 51 83108122128127116102 93 9227 7 6C8 32515618181299999999999999911 0 -22238 9199999999999999
 97107124141151148135113 84 51 24 10  8 18 39 69 98117126128121106 90 8227 7 7C8 4151521841128999999999999991137  82328 8199999999999999
 82 88100118135142138125105 78 50 30 22 25 38 61 89112126129125113 95 7927 7 8C8 5 61431858129999999999999991210 22999999999999999999999
 72 73 79 92110125130125114 97 75 53 40 38 45 61 83108125132130121106 8627 7 9C8 559130191513399999999999999 022 711240 3899999999999999
 71 64 65 72 84 99112116113104 91 75 61 55 58 67 83103123135136130117 9927 710C8 659116193913799999999999999 121 641310 5599999999999999
 80 66 59 59 64 75 88 99103102 98 90 80 73 72 77 8710211913313913712711327 711C8 815103201014099999999999999 231 581340 7299999999999999
 95 76 62 55 53 57 66 77 87 93 96 96 94 90 87 88 9410311512813814013512527 712C81040 96204914199999999999999 350 531415 8799999999999999
110 93 75 60 51 47 49 57 68 79 88 95 9910110110010110511312213213813913427 713C81312102213714099999999999999 5 9 4715 610099999999999999
124109 92 74 58 46 41 42 50 62 75 88 9910711111111010911211712413113713827 714C81436112224213899999999999999 618 41164410999999999999999
133124110 91 71 53 40 34 36 45 59 76 9210611512011911511211311612212913627 715C81518120235613899999999999999 716 34182211299999999999999
138135125109 89 66 46 33 28 31 43 60 8110011412312512211511011011312012927 716C81552125999999999999999999999 8 5 28193511099999999999999
137141137125107 84 59 38 25 23 29 44 66 9010912212812712011110510511011827 717C8 1 0141162212899999999999999 846 22202910599999999999999
130140144138123101 75 49 29 19 20 31 50 76100117126129124113103 9810010727 718C8 152144164812999999999999999 923 182112 9899999999999999
119133144145135117 93 65 39 21 16 22 38 61 88110123128126117104 94 91 9627 719C8 237146171012899999999999999 956 162150 9199999999999999
106121137146143130108 81 53 30 18 19 30 50 76101119127127120107 93 85 8627 720C8 3171471730128999999999999991027 172227 8599999999999999
 94107124139144137120 96 69 43 26 21 27 43 66 92113125128123111 96 83 7827 721C8 3551441748128999999999999991056 2123 3 7899999999999999
 82 93109126138138128108 84 59 38 28 29 41 60 85108123129126116100 85 7527 722C8 43314018 7129999999999999991122 272339 7399999999999999
 73 80 93110126133130116 97 74 53 39 36 43 59 80103121130129121106 89 7527 723C8 5101331826130999999999999991146 36999999999999999999999
 69 70 79 93110122126119106 88 68 53 47 50 61 79 99118130132126113 96 8027 724C8 550126184413299999999999999 017 6812 8 4699999999999999
 68 64 68 78 92106116117110 98 83 69 60 60 68 81 98116129135131120105 8727 725C8 63611719 413599999999999999 058 641230 5999999999999999
 72 63 61 65 75 88100108108103 94 84 75 73 77 86 99114128136135128114 9827 726C8 732109192713799999999999999 146 611254 7399999999999999
 81 66 58 56 60 69 80 92 99101 99 95 90 87 88 9410311412613513813412411027 727C8 857101195613899999999999999 249 561317 8799999999999999
 93 77 63 54 50 52 59 70 82 91 9710010110110110410911612413213813913312327 728C82034139999999999999999999999 4 9 50999999999999999999999
109 93 75 60 48 42 41 47 59 72 85 9510411011211411611912412913513913913427 729C82131139999999999999999999999 533 41999999999999999999999
125112 95 75 56 40 31 29 35 48 65 82 9811111912312312212312512913413814027 730C823 3140999999999999999999999 645 28999999999999999999999
138131117 98 74 50 31 19 16 24 39 61 8410411812712912612212012112513113827 731C81552129999999999999999999999 745 16191012099999999999999
144145138123100 72 44 21  9  7 17 37 64 9011112513113012311511211311712727 8 1C8 035145161813299999999999999 837  6201611199999999999999
139149151143126100 68 37 14  3  4 18 43 73101120130132125113103 9910110927 8 2C8 142152164313299999999999999 923  221 5 9999999999999999
123140153155145126 97 63 31 10  3  9 27 56 88113128133129116 99 87 85 8927 8 3C8 23915617 51339999999999999910 3  32149 8599999999999999
101120140154154142121 91 57 29 13 12 22 45 76106126133132121102 83 72 7127 8 4C8 3301551720134999999999999991037 112232 7099999999999999
 79 94116138150147135114 85 54 32 24 28 43 69 99124136136128111 87 68 5927 8 5C8 41915017311379999999999999911 6 232316 5999999999999999
 61 71 89112132141137124105 79 54 40 40 49 68 94121138142135121 99 74 5627 8 6C8 5 71411747142999999999999991132 39999999999999999999999
 50 54 66 85107123129124113 97 76 60 55 60 73 93117138147143131112 88 6527 8 7C8 557129181114799999999999999 0 1 501156 5599999999999999
 50 47 52 63 81100112115112104 92 78 70 72 81 95113133147149140124104 8127 8 8C8 650115183915099999999999999 050 471221 7099999999999999
 61 49 47 52 62 77 92101104102 98 92 85 84 89 99112128142149145134118 9827 8 9C8 8 0104191114999999999999999 145 471244 8499999999999999
 78 61 52 50 52 60 72 83 91 95 97 98 97 96 9810411212313414314513912811327 810C81051 98194814599999999999999 256 501259 9699999999999999
 96 79 65 56 51 52 57 66 75 84 91 9710210510610911311912613313813913312427 811C82034139999999999999999999999 426 51999999999999999999999
112 98 83 68 57 50 48 51 59 70 81 9210210911411511611711912312813213313027 812C82151133999999999999999999999 553 48999999999999999999999
124114101 85 69 55 46 42 45 54 67 83 9711011812112011711411411712112613027 813C81512121234213299999999999999 7 0 42183011499999999999999
131127118103 85 66 49 38 36 41 52 70 8910611812412411911210710610911612427 814C81531125999999999999999999999 751 36194110699999999999999
132135131120103 81 58 40 31 31 39 56 77 99115125127123113103 97 9810311327 815C8 057135155112799999999999999 831 302026 9799999999999999
126136140133119 98 72 48 32 26 30 43 64 89110124129126116103 91 87 9010027 816C8 15014016 812999999999999999 9 4 2621 3 8799999999999999
114130141142132113 89 62 39 26 25 35 54 79103121129128120105 89 79 78 8527 817C8 233143162313099999999999999 934 242136 7799999999999999
 99118135144140126104 77 51 33 26 32 47 70 96118130131123109 91 75 68 7227 818C8 31214416371319999999999999910 1 2622 9 6899999999999999
 84102123139143135117 93 67 44 33 34 45 65 90114129133128114 95 75 63 6127 819C8 3491431653134999999999999991026 322241 6099999999999999
 69 85106127138138126106 82 59 43 40 47 63 86110129136132120101 79 62 5427 820C8 42614017 8136999999999999991048 392312 5499999999999999
 57 69 88110128135130116 96 74 57 49 53 66 85107127138137127109 87 66 5227 821C8 5 213517241399999999999999911 9 492344 4999999999999999
 49 57 71 92112126128120106 89 72 61 62 71 86105125139141133117 97 74 5527 822C8 5411281742142999999999999991129 60999999999999999999999
 47 48 58 74 93111120119111100 86 75 72 78 90106123138144139126107 86 6527 823C8 62412018 314499999999999999 019 461149 7299999999999999
 50 45 49 59 74 91105111110105 97 89 84 87 96108122135143143133118 99 7927 824C8 718111182814599999999999999 1 1 4512 9 8499999999999999
 61 49 46 49 57 70 84 95101102101 98 96 97102111122132140144139128112 9527 825C8 854102185714499999999999999 158 461221 9699999999999999
 77 61 51 46 47 52 62 74 84 92 9710110410610911512212913514014013512411227 826C81935141999999999999999999999 325 46999999999999999999999
 97 81 65 53 44 41 43 50 62 74 86 9710611211611912212612913213513513212627 827C82039135999999999999999999999 511 41999999999999999999999
116104 88 70 53 40 32 32 39 52 69 8510111312012312312212112212412813113327 828C8152312323 413399999999999999 633 3118 712199999999999999
131125112 94 72 50 33 23 22 31 48 70 9110912112612512011411010911312012927 829C81519127999999999999999999999 733 22193510999999999999999
137139134120 99 72 46 26 17 18 31 52 78102119128128121109 98 93 9410111427 830C8 048139153412999999999999999 821 162020 9399999999999999
129142146140124 99 69 41 22 16 21 39 65 94116128131125110 92 79 75 79 9027 831C8 153146154913199999999999999 9 1 162059 7599999999999999
109131147150142124 96 65 38 24 23 33 55 85113130135130116 94 72 60 58 6627 9 1C8 24715016 013599999999999999 935 222137 5899999999999999
 83108133148149139119 91 61 40 32 37 53 78108131140137125103 76 53 44 4627 9 2C8 33515016111419999999999999910 3 322215 4399999999999999
 58 79107132144143132112 85 60 47 47 57 76103130145145134115 88 59 39 3427 9 3C8 4211451629147999999999999991028 452254 3499999999999999
 40 55 79107129136133122104 82 64 59 65 80101126146152144127103 73 47 3227 9 4C8 5 71361652152999999999999991053 592334 3099999999999999
 31 40 57 81106122126122112 98 81 72 74 85101121142154152138117 91 63 4127 9 5C8 5531261720155999999999999991117 72999999999999999999999
 32 34 44 61 82102113115111105 94 85 83 90102118135149153145128107 82 5927 9 6C8 644115174915499999999999999 015 321142 8399999999999999
 43 37 41 50 65 82 96104105104100 95 92 95104115128140148147135118 99 7927 9 7C8 754105182114999999999999999 1 2 3712 4 9299999999999999
 60 49 46 48 55 66 79 89 95 98100101100101106113121130138141137126112 9627 9 8C81856141999999999999999999999 2 0 46999999999999999999999
 80 66 57 53 53 57 64 74 83 90 9610110510710911311712112613013112711910927 9 9C81941131999999999999999999999 329 52999999999999999999999
 97 85 73 63 56 53 54 60 68 78 88 9810611111411511411411511812012212111727 910C82111122999999999999999999999 514 53999999999999999999999
111102 91 78 65 55 49 49 55 64 77 9110411311811811511010610510711111611927 911C81433119233912099999999999999 631 49184610599999999999999
120116107 95 79 63 50 43 44 52 65 82 99112120122118109100 94 94 9810511427 912C81447122999999999999999999999 723 431938 9399999999999999
123125121111 95 75 56 43 38 42 54 72 92110121125121111 98 86 81 83 9110327 913C8 05512515 012599999999999999 8 1 382013 8199999999999999
118128131124110 91 68 49 38 37 46 62 84106121127125115 99 82 71 69 75 8827 914C8 146131151312799999999999999 833 362045 6899999999999999
106124135134124106 83 60 44 38 42 56 77100120130129119103 82 65 57 59 7127 915C8 229136152613099999999999999 9 2 382115 5799999999999999
 90112131139134120 99 75 54 43 44 54 72 96118131133125108 86 64 49 46 5427 916C8 3 8139154013499999999999999 927 422145 4699999999999999
 72 96120136139131114 91 69 53 49 56 71 92115132138131115 93 67 47 37 4127 917C8 345139155513899999999999999 951 492214 3799999999999999
 54 77103126137135124106 84 66 58 61 72 91113132141138123102 75 50 34 3127 918C8 4211381611142999999999999991013 572243 3199999999999999
 40 58 84110128134129116 99 80 69 68 76 91111131143143131112 86 59 37 2827 919C8 4591341630145999999999999991034 672314 2799999999999999
 31 43 64 90113126128121109 94 81 77 82 94110128142147139122 99 72 47 3127 920C8 5381281651147999999999999991054 762349 2799999999999999
 27 34 48 69 93111119119113104 93 86 88 98110125139147144131111 88 63 4227 921C8 6231201716148999999999999991116 86999999999999999999999
 31 31 39 52 71 91104110110107101 96 95101112123134143145137122102 81 6027 922C8 726110174314699999999999999 031 301136 9599999999999999
 44 36 36 42 53 68 84 95100103103103102105112121129136141139129115 98 8127 923C8 957103181514199999999999999 126 35114510299999999999999
 64 50 42 40 43 50 62 75 85 93 9910410711011311912312813113313012311210027 924C81857133999999999999999999999 257 40999999999999999999999
 87 72 58 48 42 40 44 54 66 79 9010110911311511711711811912012212212011527 925C82029122999999999999999999999 450 40999999999999999999999
107 96 82 66 51 41 36 38 48 62 79 9410711511911711310810510410611111712127 926C814 7119233912299999999999999 610 36184710499999999999999
121117106 90 71 52 38 32 36 48 66 86104116122120112101 92 86 86 9110211427 927C81417122999999999999999999999 7 8 321932 8599999999999999
125130126115 96 72 51 37 33 39 55 77100117125125117101 83 70 65 68 78 9627 928C8 1 6130143012699999999999999 752 3320 9 6599999999999999
116131137133120 98 72 50 39 40 50 70 95117130132124107 84 62 49 46 53 7027 929C8 2 6137144113299999999999999 828 382044 4699999999999999
 94119136141136120 96 71 53 47 52 66 90115134140133117 93 64 41 30 32 4427 930C8 257141145514099999999999999 859 472119 3099999999999999
 67 96123139141134117 93 71 59 59 69 87111135147143129106 76 45 24 19 252710 1C8 344142151514799999999999999 927 572154 1999999999999999
 42 69101125137137129112 90 73 68 74 88107131149152141120 92 60 31 15 152710 2C8 429138154015399999999999999 953 682230 1399999999999999
 26 46 75105125132130121106 89 79 80 90105125145156150132108 78 47 23 142710 3C8 51313216 9156999999999999991020 7823 7 1499999999999999
 19 32 54 81106121124121114101 89 86 93104120137152154142121 96 67 40 232710 4C8 5581241639155999999999999991048 862345 2099999999999999
 20 27 42 63 86105114116113107 98 93 95103115129142150146130109 85 61 402710 5C8 6491161710150999999999999991116 92999999999999999999999
 30 30 38 51 69 88101107108107104 99 98102110120131140142134118100 79 602710 6C8 8 3108174314299999999999999 027 291145 9899999999999999
 46 39 41 47 58 72 86 95101103104103102103107113120127132130122109 94 782710 7C810 0104181813299999999999999 117 39121110299999999999999
 64 54 49 49 54 61 72 82 91 97102105106106107109111115118120118112103 932710 8C819 2120999999999999999999999 227 49999999999999999999999
 82 71 62 56 54 55 61 69 79 89 971041091101091071051041051061081091071032710 9C813 6110204510999999999999999 4 8 5417 510499999999999999
 96 88 78 68 60 55 54 59 67 79 91102110114113109102 96 92 92 94 99104107271010C81325114232610799999999999999 535 541836 9199999999999999
106102 94 83 71 60 53 53 58 69 83 98110117118113103 92 82 77 79 84 94104271011C81340118999999999999999999999 633 521917 7799999999999999
111113109 99 85 70 58 51 53 62 76 92108119122117107 91 76 65 63 68 79 94271012C8 048113135412299999999999999 716 511950 6399999999999999
109118120114101 85 68 56 53 58 70 87106120126123112 94 74 57 49 51 61 79271013C8 14212014 912699999999999999 751 532020 4899999999999999
 99117126126116101 82 66 57 58 68 84103120130129119100 77 54 39 35 43 60271014C8 226127142513199999999999999 822 572049 3599999999999999
 83108126132128116 98 79 66 63 69 82100120133135127108 84 57 35 24 27 40271015C8 3 6132144213699999999999999 850 622118 2499999999999999
 64 92117132135128113 94 78 70 72 82 98118134141135118 94 65 37 19 15 24271016C8 34513515 114199999999999999 916 702148 1599999999999999
 43 71101124134134124109 91 80 78 85 98115133145143129106 78 47 22 10 13271017C8 425135152214599999999999999 940 772220 1099999999999999
 26 50 80108126132129119104 91 85 89 99113130144148138119 93 63 33 14  8271018C8 5 613215461499999999999999910 4 852254  899999999999999
 15 32 57 87111123126122113101 92 93100112126140149145130107 80 51 26 13271019C8 5521261613149999999999999991028 912332 1199999999999999
 12 22 39 64 90108117118116108100 97101111121134144147138120 97 72 46 26271020C8 6511181644147999999999999991054 97999999999999999999999
 18 19 29 45 67 88102109111110106102102109117126135141139128110 90 69 47271021C8 816111171814299999999999999 017 17112210199999999999999
 32 26 28 35 49 67 84 95102106107106104107112118124130133129118104 88 71271022C8 952107175813399999999999999 114 26115610499999999999999
 54 42 36 36 40 51 65 79 91 99105108108107108110112115118120117111102 91271023C81122108185712099999999999999 236 3513 210799999999999999
 78 65 53 45 42 43 51 64 78 91101108111110107103101 99100102106108107105271024C81211111212310899999999999999 412 411720 9999999999999999
 99 89 76 63 52 46 47 54 67 82 97108114115110102 93 85 81 81 85 93102108271025C81239115999999999999999999999 528 461829 8099999999999999
111108100 86 71 58 51 51 60 75 92107117121117106 91 76 64 59 61 70 85100271026C8 0 2111125912199999999999999 625 501913 5999999999999999
113119118109 94 76 62 57 59 70 87106121128126116 98 76 55 43 40 46 60 81271027C8 122119131712899999999999999 710 561951 4099999999999999
103119127125115 98 80 67 65 70 83102122134135127109 84 57 35 24 24 35 56271028C8 222127133813699999999999999 748 642026 2399999999999999
 83109125132130118100 82 74 75 83 99119137144138123 99 68 38 17 11 16 32271029C8 31413214 314499999999999999 822 7321 1 1199999999999999
 58 89115130134130117 99 85 81 86 97114134148148136114 85 52 23  6  5 15271030C8 4 1134143215099999999999999 853 812136  499999999999999
 35 65 97120131133127114 98 88 89 97110127145153147128103 71 38 13  3  6271031C8 44613315 315399999999999999 925 872212  399999999999999
 20 44 75103121129129122109 96 92 96106120137151152139117 90 59 29 10  62711 1C8 530129153615499999999999999 957 922248  699999999999999
 14 30 55 84107120124122115104 96 95102113127142150145128105 78 49 26 132711 2C8 61312416 9150999999999999991031 952325 1299999999999999
 14 24 42 66 90108116118116109101 96 99107118130141143134116 93 69 45 282711 3C8 65911816441449999999999999911 7 96999999999999999999999
 21 25 36 53 74 93106111113110105 99 98102109118128134133122104 84 64 452711 4C8 751113171913599999999999999 0 5 211146 9899999999999999
 34 31 36 47 62 79 94103108109107103 99 99102108115121124120109 95 79 632711 5C8 852109175712499999999999999 048 311237 9999999999999999
 50 42 41 46 55 68 81 93102106108106103100 99 99102106110111108100 90 782711 6C8 958108184611199999999999999 139 4114 9 9999999999999999
 66 57 52 50 54 61 72 83 94102107109107104 99 95 92 92 95 97 99 99 95 892711 7C810581092019 9999999999999999 246 501628 9299999999999999
 81 73 65 60 57 59 66 75 86 97106111112108102 94 86 81 79 81 85 90 94 952711 8C811401122249 9599999999999999 4 5 571754 7999999999999999
 93 88 81 73 66 63 64 70 80 92103112116114107 97 84 73 66 64 69 77 87 952711 9C81211116999999999999999999999 516 621842 6499999999999999
100101 96 89 80 71 67 69 76 88101112119120114102 86 69 55 49 51 59 73 88271110C8 033101123612199999999999999 612 671917 4999999999999999
102109110105 95 84 75 72 76 85 98111122126122110 92 70 50 37 34 40 55 75271111C8 13711013 012699999999999999 657 721950 3399999999999999
 95111119118111 99 87 79 79 85 96110123131130119101 77 51 31 20 22 34 55271112C8 227119132313299999999999999 736 782022 2099999999999999
 81104120127124115101 90 84 87 95108123135138130113 88 59 32 13  8 15 33271113C8 311127134813899999999999999 811 842055  899999999999999
 60 90114128131127115102 92 91 96106121135144140126103 73 41 15  1  1 14271114C8 355131141414499999999999999 842 902130  099999999999999
 37 68 98120131132126113101 95 98105117132145148138118 91 58 27  4 -5  0271115C8 440132144414899999999999999 912 9522 7 -599999999999999
 17 43 76104122129129122110101 99104114126141150147132109 79 46 17 -1 -4271116C8 529130151715199999999999999 942 992246 -599999999999999
  4 23 51 82106120125124117107101103110120133145150142123 99 70 39 14  1271117C8 62212515531509999999999999910141012329  099999999999999
  1 11 31 59 86105115120118111103101105113122134144144133114 91 64 36 16271118C8 7171201631145999999999999991050101999999999999999999999
  8 11 21 40 65 88103111115113107101100105111120130136133122105 85 62 39271119C8 813115171513699999999999999 015  8113510099999999999999
 25 19 22 32 50 71 90102109112110104 99 98101105112119123121112 99 83 64271120C8 9 411218 812399999999999999 1 6 191238 9899999999999999
 47 36 32 35 44 59 78 94104110112108101 95 92 92 94 98104108108103 95 85271121C8 949112192410999999999999999 2 4 321437 9299999999999999
 72 59 50 46 48 56 69 85100109114113108 99 90 83 79 78 81 87 93 97 98 96271122C810271142149 9899999999999999 311 461646 7899999999999999
 91 82 72 63 59 60 67 80 95108116119116108 95 81 70 62 59 63 71 81 91 98271123C811 0119999999999999999999999 419 591757 5999999999999999
101100 93 84 75 71 72 79 91105118124125118106 88 69 53 44 41 46 58 74 90271124C8 014101113212599999999999999 521 701849 4199999999999999
102109110104 95 85 80 82 89102116128133130119101 78 55 36 26 26 35 51 73271125C8 14011012 713399999999999999 615 801933 2599999999999999
 93108117119113102 92 88 91 99112126137139132116 94 66 39 21 13 16 29 51271126C8 242119124413999999999999999 7 3 882012 1399999999999999
 77100116125125117105 96 94 98107120135144143131111 83 52 25  9  5 12 29271127C8 334126132214599999999999999 747 942050  599999999999999
 56 85108123129128118106 98 98104114128143149143126102 72 39 14  2  3 14271128C8 41912914 014999999999999999 829 972126  199999999999999
 35 65 94115126130126115103 98100108120135148149138118 91 59 28  7  0  6271129C8 5 0130143915099999999999999 9 9 9822 2  099999999999999
 21 46 76102119127128121110100 97102111124139149146130107 79 48 21  6  4271130C8 539128151714999999999999999 948 972238  399999999999999
 13 31 58 86108120124123115104 96 97103114127141146138120 95 67 39 18  82712 1C8 6141241554146999999999999991027 952314  899999999999999
 11 24 44 70 94111119120116108 98 93 96103115128138138127107 84 58 34 192712 2C8 64712116321399999999999999911 8 932349 1599999999999999
 15 22 36 57 80100112117116110101 93 91 95103114125130127114 95 74 52 342712 3C8 7191171710130999999999999991152 91999999999999999999999
 24 25 34 50 69 89104113115112105 97 90 89 93100109117120114102 85 67 502712 4C8 753115175012099999999999999 025 241244 8999999999999999
 38 34 37 48 63 80 96108113113109101 93 88 86 89 94101107107102 92 79 652712 5C8 829114183910899999999999999 1 1 341352 8699999999999999
 53 46 45 50 61 74 89102111114112106 98 90 84 81 81 85 90 95 96 93 86 772712 6C8 9 61141949 9699999999999999 139 451521 8199999999999999
 68 61 57 58 63 72 85 97108114116112105 95 85 77 72 70 73 79 84 88 89 872712 7C8 9441162144 8999999999999999 223 571647 7099999999999999
 82 77 72 69 70 75 83 94105114118117112102 90 77 66 59 57 60 68 77 85 902712 8C81022118999999999999999999999 320 691750 5799999999999999
 92 91 88 84 81 81 85 93103112120122119111 98 82 66 52 43 42 49 60 74 872712 9C8 0 6 9211 012299999999999999 432 811837 4299999999999999
 96102102 99 95 91 90 94101111120126127121109 92 71 51 35 27 29 39 56 75271210C8 139102113912799999999999999 540 901919 2799999999999999
 93106112113109103 98 97101109118127133131122105 82 57 34 18 13 18 33 55271211C8 237113121913399999999999999 639 971959 1399999999999999
 80101115122121115108103103108116126135139135121 99 71 42 18  4  1 11 31271212C8 326122125913999999999999999 7291022040  199999999999999
 59 87109122128126118110105107113122134143145136118 91 60 28  4 -7 -5  8271213C8 412128134014699999999999999 8131052122 -899999999999999
 33 64 93114126130126117108106109116127140149148135112 83 48 16 -5-12 -7271214C8 457130142215099999999999999 85410622 4-1299999999999999
 11 39 72 99118127128122112105104109118131145152147130106 74 39  9 -8-12271215C8 54212915 515299999999999999 9331042247-1299999999999999
 -3 18 48 80104119125124116105100101107118132146150141123 98 66 33  7 -5271216C8 6241261549150999999999999991015 992328 -699999999999999
 -5  7 30 60 89108119122119108 98 93 96103115129141142132114 90 60 31 11271217C8 7 112216361439999999999999911 2 93999999999999999999999
  4  8 22 45 73 97112119119112100 90 87 90 97108122131131121104 83 58 35271218C8 732120172613299999999999999 0 8  41155 8699999999999999
 21 18 25 40 63 87106117119116105 92 82 79 81 88 98110118117109 96 79 60271219C8 757119182311899999999999999 045 181259 7999999999999999
 43 35 36 44 60 80101115121120113100 86 75 71 71 76 85 95102103 98 90 79271220C8 819121193510399999999999999 123 351422 7199999999999999
 66 56 53 56 64 78 96113123125120110 96 81 69 62 60 63 70 80 87 91 92 89271221C8 8471252138 9299999999999999 2 1 531557 6099999999999999
 84 77 71 70 74 82 94109122128128121109 93 76 62 52 47 49 55 66 76 84 90271222C8 922129999999999999999999999 246 701719 4799999999999999
 93 93 90 86 85 88 95106118128132130122108 91 71 54 41 35 36 43 56 70 83271223C8 027 9410 713299999999999999 345 851824 3499999999999999
 94101104102 99 97 99105113123132135132123108 88 65 45 30 24 25 35 51 69271224C8 2 610411 113599999999999999 5 2 971918 2399999999999999
 87101110114112107103104109117126135138134123106 83 57 35 20 15 18 31 51271225C8 3 511412 013899999999999999 61810320 5 1599999999999999
 74 95110119121117110105106110118128138141136122102 76 48 24 11  8 16 32271226C8 348121125514199999999999999 7241052046  899999999999999
 57 83104118125124117108103104109118130141144135119 95 66 37 15  5  6 17271227C8 426126134514499999999999999 8191032123  499999999999999
 39 67 93112123127123113103 99101108120134144144132112 86 55 27  8  3  8271228C8 459127142914699999999999999 9 5 992158  399999999999999
 24 49 78103118125125117105 96 94 98108122137145141125102 74 43 18  5  5271229C8 529126151014599999999999999 946 942231  399999999999999
 15 35 63 90111121124120109 96 89 89 96109124138142134115 90 61 33 14  7271230C8 5541241549143999999999999991025 8823 2  799999999999999
 12 27 51 78102116122120112 99 87 82 85 95109125136135123103 77 50 27 15271231C8 61312216281379999999999999911 3 822331 1399999999999999
