 68 68 64 59 54 52 53 58 65 74 83 88 90 87 81 70 59 47 38 33 32 36 43 5227 1 1CC 022 681155 9099999999999999 516 521938 3299999999999999
 59 65 69 69 67 64 63 63 66 72 78 84 88 89 86 78 67 54 41 31 24 23 28 3627 1 2CC 233 691243 8999999999999999 617 632040 2399999999999999
 47 58 68 73 76 75 72 70 69 70 73 78 83 87 88 85 76 64 49 34 23 16 16 2227 1 3CC 4 9 761343 8899999999999999 8 1 692131 1599999999999999
 34 48 62 73 80 83 81 77 72 69 69 72 77 83 88 89 85 75 60 43 26 14  8 1027 1 4CC 459 831442 8999999999999999 932 692214  899999999999999
 20 35 53 69 81 87 88 83 77 71 67 67 71 78 85 90 90 84 72 54 35 17  6  227 1 5CC 534 881533 91999999999999991029 672252  299999999999999
  8 22 40 60 77 88 92 89 82 74 67 63 65 72 81 89 94 92 83 67 46 25  8 -127 1 6CC 6 4 921616 949999999999999911 9 632328 -299999999999999
 -1 10 27 49 69 85 93 94 87 78 68 62 61 65 74 85 93 96 92 79 59 37 16  127 1 7CC 633 941655 96999999999999991141 60999999999999999999999
 -5  0 15 36 59 79 91 96 92 82 71 62 57 59 68 79 90 97 97 89 72 50 27  727 1 8CC 7 0 961730 9899999999999999 0 1 -51210 5799999999999999
 -4 -4  6 25 48 70 87 95 95 87 75 63 56 55 60 71 84 95 99 95 83 63 40 1827 1 9CC 727 9618 5 9999999999999999 033 -61239 5499999999999999
  2 -4  1 16 37 61 80 93 96 91 80 67 56 52 54 63 76 88 96 98 90 75 53 3127 110CC 753 971839 9899999999999999 1 3 -41310 5299999999999999
 12  1  0 11 29 51 73 89 96 95 85 72 59 51 49 55 66 79 90 95 93 83 65 4427 111CC 819 971914 9599999999999999 132 -11343 4999999999999999
 24 10  5 10 24 44 65 83 94 96 90 78 64 52 46 48 55 67 80 88 91 86 74 5727 112CC 845 961952 9199999999999999 2 1  51420 4699999999999999
 38 22 13 13 22 39 58 77 90 96 93 83 70 56 47 43 46 55 67 77 84 85 79 6727 113CC 910 962036 8599999999999999 230 1215 1 4399999999999999
 51 36 25 21 25 37 53 70 85 93 94 88 76 63 50 42 40 44 52 63 72 78 78 7227 114CC 937 952130 7999999999999999 3 0 211551 4099999999999999
 62 50 40 33 33 39 51 65 79 89 93 91 82 70 57 45 37 36 39 47 56 65 71 7227 115CC10 7 932247 7299999999999999 333 321651 3599999999999999
 69 62 55 48 45 46 52 62 73 83 90 91 87 78 65 52 40 32 29 32 38 47 57 6427 116CC1043 91999999999999999999999 414 4418 4 2999999999999999
 68 69 67 63 59 57 58 62 69 77 84 88 89 84 75 63 49 36 26 21 21 27 37 4827 117CC 043 691132 8999999999999999 512 571925 2099999999999999
 59 68 73 75 73 70 68 67 68 72 78 83 87 88 85 76 63 48 32 19 11 10 15 2727 118CC 257 751241 8899999999999999 654 672039  999999999999999
 42 58 71 80 84 84 80 75 71 70 72 76 83 88 91 88 79 65 46 26 10 -1 -3  527 119CC 421 8514 2 9199999999999999 856 702143 -399999999999999
 19 39 59 77 89 94 92 86 78 71 67 69 74 83 91 95 93 84 66 44 20  0-12-1327 120CC 513 941514 96999999999999991014 672237-1499999999999999
 -3 16 40 64 85 97101 97 87 75 66 62 65 73 85 96101 99 87 67 41 14 -8-2027 121CC 55610116151029999999999999911 7 622326-2199999999999999
-19 -5 18 46 72 92104104 96 83 69 59 56 61 73 88101107103 89 65 36  8-1327 122CC 6341051710107999999999999991151 56999999999999999999999
-23-19 -1 25 55 81 99107103 91 75 59 50 50 59 74 91104109104 87 61 31  427 123CC 7 910718 110999999999999999 012-231232 4999999999999999
-14-20-11 10 38 66 90104107 98 82 64 50 43 46 57 74 92104108100 81 55 2727 124CC 742107185010899999999999999 053-201312 4399999999999999
  4-10-10  3 25 53 79 97105102 89 71 53 41 37 43 57 74 90101102 92 74 5027 125CC 812106193710399999999999999 132-121353 3799999999999999
 26  8  1  5 21 44 68 89101103 94 78 60 44 34 34 41 56 72 86 93 92 82 6527 126CC 8391032024 9499999999999999 2 7  11435 3399999999999999
 46 28 17 16 24 41 61 81 95100 96 84 67 50 37 31 32 41 54 68 79 84 82 7327 127CC 9 41002113 8499999999999999 238 151519 3099999999999999
 59 45 34 30 33 43 59 75 89 96 96 88 75 59 44 34 29 32 39 50 61 70 73 7227 128CC 928 972211 7399999999999999 3 6 3016 8 2999999999999999
 65 57 49 44 44 50 60 72 83 91 93 89 80 67 53 41 33 29 31 37 45 54 61 6527 129CC 951 932336 6599999999999999 329 4317 8 2999999999999999
 65 62 59 56 55 57 63 71 79 85 89 88 83 74 63 51 40 33 29 29 33 39 46 5427 130CC1018 89999999999999999999999 347 551826 2899999999999999
 59 63 64 64 64 65 67 71 75 80 83 84 83 78 71 62 51 41 32 26 25 27 33 4127 131CC1059 849999999999999999999991956 25999999999999999999999
 50 58 65 70 72 73 73 73 73 74 76 78 80 80 77 71 63 52 40 29 22 19 20 2727 2 1CC1228 8099999999999999999999921 8 18999999999999999999999
 38 50 62 71 77 79 78 76 73 70 70 71 75 78 80 79 74 64 51 37 24 15 12 1527 2 2CC 511 791414 8099999999999999 946 7022 0 1299999999999999
 25 39 55 69 79 84 84 80 74 68 65 65 68 74 80 84 83 77 65 48 31 16  7  627 2 3CC 529 851522 84999999999999991033 642240  599999999999999
 13 27 45 63 78 87 89 85 77 69 62 59 61 68 77 85 89 87 78 62 42 23  8  127 2 4CC 551 891611 899999999999999911 4 592315  099999999999999
  3 15 33 54 73 87 92 90 82 71 60 54 54 60 71 83 91 94 89 75 55 33 14  127 2 5CC 613 931652 94999999999999991131 532346 -399999999999999
 -2  6 22 44 66 84 94 95 87 75 61 52 48 52 63 77 89 97 96 87 69 46 24  627 2 6CC 635 951728 98999999999999991157 48999999999999999999999
 -3  0 14 35 58 79 93 98 92 80 65 51 44 44 53 68 83 95100 95 81 60 36 1527 2 7CC 657 9818 310099999999999999 015 -31224 4399999999999999
  2 -1  8 27 50 73 90 99 97 86 69 53 41 38 43 56 73 88 98 99 91 73 50 2827 2 8CC 719 99183710099999999999999 043 -11253 3899999999999999
 11  3  7 21 43 66 86 98100 91 76 57 42 34 35 44 60 78 91 98 95 83 64 4227 2 9CC 7401001913 9899999999999999 110  31324 3399999999999999
 23 11 10 20 38 60 81 95101 96 82 64 46 33 28 34 47 64 80 91 95 89 75 5627 210CC 8 21011951 9599999999999999 137  91357 2899999999999999
 37 23 18 22 36 55 75 91 99 98 88 71 52 36 26 26 34 48 65 79 88 88 81 6727 211CC 8231002034 8999999999999999 2 3 181433 2599999999999999
 51 37 29 29 37 52 69 85 96 98 92 78 60 42 29 23 25 34 49 63 75 82 81 7427 212CC 845 982124 8299999999999999 231 281515 2399999999999999
 63 52 43 39 43 52 66 80 91 96 93 83 69 52 37 26 22 24 33 46 58 68 74 7427 213CC 9 9 962233 7599999999999999 3 0 3916 6 2299999999999999
 70 63 57 52 52 57 65 75 85 91 92 87 77 63 48 35 25 21 22 29 39 50 60 6627 214CC 939 92999999999999999999999 331 521714 2199999999999999
 70 70 68 65 64 64 68 73 79 85 88 87 82 74 62 49 36 26 19 18 21 29 40 5127 215CC 032 701021 8899999999999999 414 641847 1899999999999999
 61 69 74 76 76 75 74 74 75 78 81 83 84 82 76 66 54 40 26 16 11 11 18 3027 216CC 324 761149 8499999999999999 627 732022 1099999999999999
 45 60 72 81 85 85 82 78 73 71 72 75 80 84 85 82 74 60 42 25 10  2  1  927 217CC 428 861352 8599999999999999 919 712134  099999999999999
 24 43 63 79 90 94 92 84 75 67 63 64 70 79 87 92 91 81 65 43 21  3 -7 -727 218CC 5 5 941517 92999999999999991019 632228 -899999999999999
  4 24 48 71 89 99100 93 81 67 57 53 57 67 81 93100 99 87 67 42 17 -3-1327 219CC 53710116211019999999999999911 1 532315-1399999999999999
 -9  6 30 57 81 98105101 88 71 55 45 44 52 67 85 99107104 89 66 38 12 -627 220CC 6 71051714107999999999999991138 432356-1299999999999999
-12 -4 15 42 70 92105106 96 78 58 42 34 37 49 68 88104110104 87 62 34 1027 221CC 63610718 3110999999999999991215 33999999999999999999999
 -4 -5  8 31 58 83101108102 86 65 44 29 25 33 49 71 91105108100 81 56 3027 222CC 7 2108184810899999999999999 033 -71251 2599999999999999
 11  3  8 25 49 74 95106106 93 73 50 31 21 21 32 51 73 91102102 92 73 5027 223CC 727107193210399999999999999 1 7  31327 1999999999999999
 30 18 17 26 45 67 88102106 98 81 59 37 22 16 21 35 54 73 88 95 93 82 6527 224CC 7491062015 9699999999999999 138 1614 3 1699999999999999
 47 34 29 33 45 63 82 96103 99 87 68 47 29 18 16 24 38 55 72 83 87 83 7327 225CC 8101032059 8799999999999999 2 4 291440 1699999999999999
 60 48 42 42 49 62 78 91 98 98 90 75 56 39 25 19 20 28 41 55 68 75 77 7327 226CC 829 992149 7799999999999999 227 411520 1899999999999999
 66 58 53 51 55 64 75 85 93 95 90 80 65 50 36 26 22 24 32 42 53 62 67 6927 227CC 848 952259 6999999999999999 246 5116 7 2299999999999999
 68 64 61 60 61 66 73 81 86 89 87 81 72 60 48 37 30 27 28 33 40 48 55 6127 228CC 9 8 89999999999999999999999 258 601712 2799999999999999
 64 66 67 67 68 70 73 77 80 82 82 80 75 68 59 50 41 34 30 29 31 35 42 5027 3 1CC 932 839999999999999999999991851 29999999999999999999999
 58 64 69 72 74 74 75 75 75 75 76 76 75 73 69 62 54 45 36 30 26 26 30 3827 3 2CC1045 769999999999999999999992030 25999999999999999999999
 48 59 68 75 79 80 78 75 72 69 68 69 72 74 75 73 68 58 47 36 26 20 20 2627 3 3CC 445 801352 7599999999999999 955 682132 1999999999999999
 37 50 64 76 83 85 83 77 70 64 61 62 66 72 78 81 79 72 60 46 31 19 14 1627 3 4CC 458 851512 81999999999999991021 612214 1499999999999999
 25 40 57 73 85 90 88 81 71 62 55 54 58 66 76 84 87 84 74 58 40 24 13 1027 3 5CC 516 9016 2 87999999999999991045 542249 1099999999999999
 16 30 49 68 84 93 94 87 75 61 51 46 49 58 71 83 92 93 87 72 53 33 16  827 3 6CC 535 941643 949999999999999911 9 462320  899999999999999
 10 22 40 62 81 94 98 93 80 64 49 40 39 47 61 77 91 98 97 86 67 45 25 1227 3 7CC 555 981721 99999999999999991134 382348  899999999999999
  8 16 33 55 76 93101 98 86 68 49 36 30 35 49 67 85 98102 96 81 60 38 2027 3 8CC 61510117571029999999999999912 1 30999999999999999999999
 11 14 27 48 71 90101102 93 74 53 35 24 24 35 53 74 91102103 93 74 52 3227 3 9CC 635103183410499999999999999 016 111229 2399999999999999
 19 17 25 43 65 85100105 98 82 60 38 22 17 22 38 59 80 96103 99 86 67 4727 310CC 656105191110399999999999999 044 1613 0 1799999999999999
 31 24 27 40 59 80 96104102 89 68 45 25 14 13 24 42 64 83 96100 93 79 6127 311CC 716105195110099999999999999 111 231333 1299999999999999
 45 34 33 41 56 74 91102103 94 77 54 33 16 10 14 27 46 67 83 93 94 86 7327 312CC 7381042035 9499999999999999 139 3214 8 1099999999999999
 59 47 43 46 56 70 86 97101 97 84 65 44 25 13 10 16 30 48 66 79 86 86 8027 313CC 8 01012126 8799999999999999 2 7 421449 1099999999999999
 70 60 54 53 59 69 81 91 97 97 89 74 56 38 23 14 13 19 32 47 61 72 78 7927 314CC 824 982239 7999999999999999 237 531539 1299999999999999
 76 70 66 63 65 70 77 85 91 93 90 81 69 54 39 26 18 17 21 30 42 54 64 7127 315CC 854 93999999999999999999999 3 9 631647 1699999999999999
 75 76 75 73 73 73 76 80 83 86 86 84 77 68 56 44 32 23 19 19 25 34 45 5727 316CC 050 76 939 8799999999999999 4 2 731824 1899999999999999
 68 75 80 82 82 80 78 76 76 77 78 80 81 78 73 64 52 39 27 18 15 18 26 3927 317CC 313 821144 8199999999999999 749 7620 4 1599999999999999
 54 69 80 88 90 88 82 76 70 67 67 71 76 82 84 81 73 60 44 28 16 10 12 2227 318CC 359 9014 2 8499999999999999 924 662116  999999999999999
 38 57 75 88 96 96 89 79 67 58 54 57 65 76 86 92 91 82 66 47 27 12  6  927 319CC 430 971523 929999999999999910 6 5422 9  599999999999999
 23 43 65 84 97102 97 85 69 54 44 42 49 62 78 92100 99 88 69 46 25 10  527 320CC 4591021623101999999999999991043 422253  599999999999999
 13 30 53 76 95105104 93 75 55 38 30 32 45 63 83 99106103 90 68 44 23 1127 321CC 5261061714107999999999999991117 302332  999999999999999
 11 22 43 67 89104108101 83 60 39 24 19 27 44 66 88103109103 87 64 41 2427 322CC 55110818 0109999999999999991152 19999999999999999999999
 17 21 37 59 82100109106 91 69 44 24 13 13 26 47 71 92105108 99 82 60 4127 323CC 616109184410899999999999999 0 7 161226 1199999999999999
 28 27 36 54 75 94106108 98 78 53 29 13  7 13 29 52 75 94103103 92 75 5627 324CC 638109192610499999999999999 039 261259  799999999999999
 42 36 40 52 70 88102107101 86 63 39 19  7  7 17 35 57 78 93 98 95 84 6927 325CC 7 010720 6 9899999999999999 1 8 361333  599999999999999
 55 47 46 54 67 83 96104102 91 72 50 29 14  7 11 24 42 62 78 89 91 86 7627 326CC 7201042048 9199999999999999 134 4614 7  799999999999999
 65 57 54 57 66 79 91 99100 93 79 61 41 24 14 12 18 31 48 64 76 83 83 7927 327CC 7411002134 8499999999999999 158 541443 1299999999999999
 71 64 61 61 67 75 85 92 95 92 83 69 53 37 25 19 19 26 37 50 63 72 76 7727 328CC 8 2 952235 7799999999999999 220 601525 1899999999999999
 74 70 67 66 69 74 80 86 89 89 84 75 63 50 38 29 25 26 32 40 50 59 67 7127 329CC 824 89999999999999999999999 243 661619 2599999999999999
 73 73 72 71 72 74 77 80 82 82 81 76 70 61 52 43 36 32 31 34 40 47 55 6327 330CC 024 73 848 8399999999999999 311 711739 3199999999999999
 69 74 76 77 76 76 75 75 75 75 75 74 73 69 64 57 49 41 35 32 33 37 44 5327 331CC 3 5 779999999999999999999991922 32999999999999999999999
 63 72 78 81 82 80 76 72 69 67 67 69 72 73 73 69 62 54 44 36 31 30 34 4327 4 1CC 337 821318 7399999999999999 921 672039 2999999999999999
 55 67 78 85 87 85 79 72 64 59 58 61 67 73 78 79 75 67 56 44 33 27 27 3427 4 2CC 4 0 871448 7999999999999999 947 582129 2699999999999999
 46 61 75 86 92 91 84 74 62 53 49 51 58 68 78 85 86 81 70 56 41 29 24 2727 4 3CC 421 921543 86999999999999991012 4922 8 2499999999999999
 38 54 71 86 95 96 90 78 63 49 41 40 46 59 73 86 93 92 84 70 52 37 26 2427 4 4CC 442 971628 94999999999999991037 392242 2499999999999999
 32 46 65 83 96101 97 84 66 48 34 29 33 46 63 81 94100 97 85 67 48 33 2627 4 5CC 5 310117 91009999999999999911 3 292314 2699999999999999
 29 41 59 78 95103102 91 72 50 31 20 20 30 48 70 89101105 98 82 63 45 3327 4 6CC 5241041749105999999999999991132 192345 3099999999999999
 30 38 53 73 91103106 98 80 57 33 16 10 15 31 54 77 96106106 96 78 59 4327 4 7CC 54610718281079999999999999912 3 10999999999999999999999
 36 38 50 67 86101108104 89 66 41 19  5  4 15 35 60 83100107104 91 74 5727 4 8CC 6 9108191010799999999999999 017 351236  399999999999999
 46 43 49 63 80 96106107 97 77 52 27  8  0  3 18 41 66 87101105 99 86 7127 4 9CC 633108195310599999999999999 048 421311 -199999999999999
 58 51 52 61 75 90102106101 87 65 40 18  3 -1  7 23 46 68 87 97 99 93 8227 410CC 6581062041 9999999999999999 121 501351 -199999999999999
 70 61 59 63 72 85 96103102 93 77 55 33 15  4  3 12 28 48 68 83 91 92 8727 411CC 7261042139 9399999999999999 154 581435  299999999999999
 79 72 67 67 71 80 89 96 99 95 85 69 50 32 17  9  9 17 31 48 65 77 85 8727 412CC 757 992256 8799999999999999 231 661529  899999999999999
 85 80 76 73 73 77 82 88 92 92 88 79 66 51 36 24 17 16 21 32 46 60 72 8027 413CC 837 93999999999999999999999 322 731637 1599999999999999
 84 85 83 81 78 77 77 79 82 84 85 83 77 68 57 44 32 24 21 23 31 43 56 6927 414CC 044 85 949 8599999999999999 518 7718 5 2199999999999999
 79 86 89 88 84 79 75 71 70 72 75 78 80 79 74 65 53 41 30 24 24 30 41 5527 415CC 214 891212 8099999999999999 753 701934 2399999999999999
 70 82 91 94 92 85 76 67 60 58 61 67 75 82 85 82 74 62 47 34 26 24 30 4227 416CC 3 3 9414 6 8599999999999999 858 582044 2499999999999999
 59 75 89 97 98 92 81 67 54 46 45 51 62 75 86 92 91 82 68 51 37 27 26 3427 417CC 338 991522 9299999999999999 940 442138 2599999999999999
 48 67 84 97103 99 88 71 53 39 32 34 44 60 77 91 99 97 87 71 53 38 30 3127 418CC 4 81031621 99999999999999991017 312223 2999999999999999
 41 58 77 94104105 96 79 58 37 24 19 26 42 62 82 97104101 89 72 54 40 3527 419CC 4361061711104999999999999991053 1923 2 3599999999999999
 39 52 70 89102108103 88 66 42 22 11 12 24 44 67 88102107101 88 70 54 4327 420CC 5 21081757107999999999999991127 102338 4199999999999999
 42 50 65 83 98107107 96 75 51 27 10  4 10 26 49 73 93105106 98 84 67 5427 421CC 52710818391079999999999999912 0  4999999999999999999999
 48 51 62 77 93104108101 85 61 36 15  3  2 13 33 56 79 96104103 93 79 6527 422CC 551108191910599999999999999 012 481233  199999999999999
 56 55 61 73 87100106104 92 72 48 25  8  2  6 20 41 64 83 96101 97 86 7427 423CC 616106195910199999999999999 042 5413 7  199999999999999
 64 60 62 70 82 94102103 96 81 60 38 18  7  5 13 29 49 69 85 94 95 90 8027 424CC 6401042038 9699999999999999 111 601341  499999999999999
 71 65 64 69 77 88 96100 97 87 70 51 31 17 10 12 22 38 56 73 84 90 89 8427 425CC 7 61002122 9099999999999999 140 641417 1099999999999999
 76 70 67 69 74 82 90 95 95 89 78 62 45 30 20 16 20 30 45 60 73 82 86 8427 426CC 733 962214 8699999999999999 211 671458 1699999999999999
 80 75 71 70 72 77 83 88 90 88 82 71 58 44 32 25 24 28 37 49 61 72 79 8227 427CC 8 4 902322 8399999999999999 248 701545 2399999999999999
 82 79 76 73 73 74 77 80 83 83 81 76 67 57 46 37 32 31 34 41 51 62 71 7827 428CC 843 84999999999999999999999 349 731645 3099999999999999
 82 83 81 78 75 73 73 73 74 76 77 76 73 67 59 51 43 38 36 38 44 52 62 7227 429CC 047 8310 3 7799999999999999 6 6 7318 0 3699999999999999
 79 84 86 84 80 75 70 67 66 66 69 72 74 73 70 64 57 49 42 39 40 45 54 6527 430CC 155 861225 7499999999999999 8 5 661919 3999999999999999
 75 84 89 89 86 79 70 63 57 56 58 64 70 75 78 76 71 62 53 44 40 41 47 5727 5 1CC 237 9014 8 7899999999999999 852 562023 4099999999999999
 70 82 90 94 92 84 73 61 51 45 46 52 62 72 81 85 83 77 66 55 45 41 43 5127 5 2CC 3 9 941516 8599999999999999 926 452113 4199999999999999
 63 77 90 97 98 91 78 63 47 36 33 37 48 63 78 88 93 90 81 68 55 46 43 4727 5 3CC 336 9816 9 9399999999999999 957 332156 4399999999999999
 58 72 87 98102 98 86 68 48 31 22 22 32 49 68 85 97101 96 84 69 55 47 4627 5 4CC 4 21021655101999999999999991028 212236 4599999999999999
 53 66 82 96104104 94 76 54 31 16 10 15 30 52 74 93104106 98 85 69 56 5027 5 5CC 42910617401069999999999999911 2 102315 4999999999999999
 52 62 77 92104108102 87 64 38 16  3  1 12 32 57 81100109108 98 84 68 5827 5 6CC 4571081825110999999999999991137  02353 5499999999999999
 54 59 71 86100109108 97 77 51 25  4 -5 -2 13 36 63 86103110107 96 82 6827 5 7CC 5261101911110999999999999991216 -6999999999999999999999
 61 60 68 80 95106110105 89 66 39 15 -2 -8 -1 16 41 67 89104108104 93 8027 5 8CC 558110195910899999999999999 032 591257 -899999999999999
 70 65 67 75 88100107108 99 81 57 32 10 -3 -6  3 22 46 70 89101104 99 9027 5 9CC 632109205110499999999999999 112 651342 -699999999999999
 79 72 69 73 81 91101105103 92 74 52 29 11  0  0 10 28 49 71 87 97 99 9527 510CC 7111062149 9999999999999999 155 691432 -199999999999999
 87 79 74 73 76 83 91 98100 96 86 70 51 31 16  8  8 18 33 52 70 85 93 9627 511CC 7561002254 9699999999999999 247 721526  799999999999999
 93 87 80 75 74 75 80 86 91 93 90 82 69 53 37 24 17 17 25 38 55 70 83 9127 512CC 855 93999999999999999999999 358 741628 1699999999999999
 94 92 87 80 75 71 71 73 78 82 85 85 80 71 58 45 34 27 26 32 43 57 72 8427 513CC 0 2 941024 8699999999999999 539 701737 2699999999999999
 92 95 93 87 79 71 65 62 63 67 73 79 82 81 75 66 54 44 36 34 38 48 61 7527 514CC 1 4 951217 8299999999999999 714 621850 3499999999999999
 87 95 97 94 85 74 63 54 50 51 57 66 75 82 84 81 74 63 52 44 41 45 54 6727 515CC 154 971358 8499999999999999 819 491958 4199999999999999
 80 92 99 99 93 81 66 52 41 37 39 48 61 74 85 90 88 81 70 59 50 47 51 6127 516CC 2341001517 9099999999999999 9 8 362057 4799999999999999
 74 87 98102100 90 74 55 39 28 25 31 44 60 77 89 95 94 86 75 63 55 53 5727 517CC 3101021619 9699999999999999 950 252149 5399999999999999
 68 81 94102104 97 83 63 42 25 16 16 26 43 63 82 95101 98 89 77 65 58 5827 518CC 3421041711101999999999999991028 152234 5799999999999999
 64 76 89100105103 92 73 51 29 14  8 12 27 47 69 88100104 99 89 76 66 6127 519CC 41310617561049999999999999911 4  82314 6199999999999999
 63 71 83 95104106 99 83 61 38 18  6  4 13 31 54 76 93103104 98 86 75 6627 520CC 4431061836105999999999999991139  32351 6499999999999999
 64 68 78 90100106103 92 73 50 27 10  2  5 18 39 62 83 98104102 94 82 7227 521CC 5131061914104999999999999991214  2999999999999999999999
 66 67 73 84 95103105 98 84 63 40 19  6  3 10 26 48 70 88 99102 98 88 7827 522CC 544105195110299999999999999 025 661249  299999999999999
 70 67 70 78 89 98103101 91 74 53 32 15  6  7 18 35 56 76 91 99 98 92 8327 523CC 6151032028 9999999999999999 058 671324  599999999999999
 74 69 69 74 82 92 99101 96 84 66 46 27 14 10 14 27 45 64 81 92 96 94 8727 524CC 64710121 6 9699999999999999 131 6814 1 1099999999999999
 78 72 69 71 77 85 93 97 96 89 76 59 41 26 17 16 23 36 53 70 84 92 94 9027 525CC 722 982147 9499999999999999 2 6 691438 1599999999999999
 83 76 71 69 72 78 85 91 93 90 82 70 54 39 28 22 24 32 45 61 75 86 91 9127 526CC 759 932232 9299999999999999 249 691518 2299999999999999
 87 81 75 70 70 72 77 82 86 87 84 76 65 53 41 33 29 32 41 53 66 78 87 9127 527CC 846 872321 9199999999999999 346 6916 2 2999999999999999
 90 86 80 74 69 68 69 72 76 80 81 79 73 65 55 45 39 37 40 48 59 71 82 8927 528CC 953 81999999999999999999999 5 5 681653 3799999999999999
 92 91 86 79 72 66 62 62 65 69 74 77 77 73 67 59 51 46 44 47 54 64 75 8527 529CC 011 921131 7799999999999999 633 621753 4499999999999999
 92 94 91 85 76 67 59 54 53 56 62 69 75 78 77 73 66 58 53 51 53 60 69 8027 530CC 059 941318 7899999999999999 740 5319 1 5199999999999999
 89 95 96 92 83 71 58 48 42 42 47 57 68 77 83 84 80 73 65 59 56 58 64 7427 531CC 142 961444 8499999999999999 830 4120 7 5699999999999999
 85 94 99 98 91 78 62 46 34 29 31 40 54 69 82 90 92 88 80 71 63 60 62 6927 6 1CC 221 991550 9299999999999999 913 2921 7 5999999999999999
 80 91 99103 99 87 70 50 32 20 16 22 35 54 73 89 98100 95 85 74 66 63 6627 6 2CC 258103164510099999999999999 954 1622 1 6399999999999999
 74 86 97104105 98 82 61 38 18  7  6 15 34 56 78 96105106100 88 76 68 6627 6 3CC 3361061736107999999999999991035  52251 6699999999999999
 70 80 92103109106 95 75 50 25  6 -4 -1 12 34 60 84102110110101 89 77 6927 6 4CC 4151091825111999999999999991119 -42338 6899999999999999
 68 74 85 98108111106 91 68 41 16 -2-10 -4 13 38 65 89105112110100 88 7627 6 5CC 45611119131139999999999999912 4-10999999999999999999999
 70 71 78 90102111112104 86 62 34 10 -7-11 -3 16 42 69 92107112108 98 8527 6 6CC 53911320 211299999999999999 024 701251-1199999999999999
 75 71 73 81 93104111111101 82 57 30  8 -6 -8  3 23 48 74 94106109104 9427 6 7CC 625112204911099999999999999 111 701339 -899999999999999
 82 73 70 73 82 93104109107 96 77 54 30 10  0  0 11 31 55 78 9610510610027 6 8CC 715109213710799999999999999 2 0 701428 -299999999999999
 89 79 71 69 72 80 90 99104101 91 74 53 32 16  9 11 23 41 63 82 9710310327 6 9CC 810104222310499999999999999 255 691517  899999999999999
 96 85 75 68 65 68 75 84 92 96 94 86 72 55 38 26 21 24 35 52 70 86 9710227 610CC 913 9623 810299999999999999 358 6516 6 2199999999999999
 99 92 81 71 64 60 62 68 76 83 88 88 82 72 59 46 37 34 38 48 62 77 90 9827 611CC1030 89235210199999999999999 510 601658 3499999999999999
101 97 88 77 66 58 53 53 58 66 74 81 83 81 75 65 56 49 47 50 59 71 83 9327 612CC12 3 83999999999999999999999 626 521755 4799999999999999
 99100 95 85 73 60 50 44 43 48 57 67 76 81 83 79 73 66 60 58 61 67 77 8727 613CC 0361001346 8399999999999999 735 431859 5899999999999999
 96100 99 93 82 67 53 41 34 34 39 50 62 74 83 87 86 81 74 69 66 68 73 8227 614CC 1211001516 8799999999999999 834 3320 9 6699999999999999
 91 98101 99 90 77 60 44 31 24 25 33 47 62 76 87 92 92 87 80 74 71 72 7727 615CC 2 61011625 9399999999999999 923 242117 7199999999999999
 85 93100102 97 87 71 52 34 22 16 20 31 47 65 81 93 98 96 90 83 76 72 7427 616CC 2511021716 989999999999999910 7 162215 7299999999999999
 79 88 96102102 95 82 63 43 25 14 11 18 32 52 71 88 99102 98 91 82 75 7227 617CC 3331031757102999999999999991047 1123 2 7299999999999999
 75 82 91 99104102 92 75 55 34 17  8  9 19 37 59 79 94103103 97 88 79 7327 618CC 4131041833104999999999999991125  72341 7199999999999999
 72 76 85 94102105100 87 68 46 25 11  5 10 25 45 67 87100105102 94 83 7427 619CC 45210519 71059999999999999912 1  5999999999999999999999
 70 72 78 88 98105104 96 81 60 37 19  7  6 15 33 55 76 93103104 98 88 7827 620CC 529105193910499999999999999 015 701237  599999999999999
 70 69 73 82 92101105102 91 73 51 30 14  7 11 24 43 65 84 98103101 92 8227 621CC 6 5105201010399999999999999 048 681311  799999999999999
 72 67 68 75 85 96103104 98 84 65 44 25 14 11 19 34 55 75 91101102 96 8627 622CC 640104204110299999999999999 120 671344 1199999999999999
 76 68 66 69 77 88 97102100 91 76 57 38 23 16 18 29 46 66 84 96102 99 9127 623CC 717102211110299999999999999 155 661417 1699999999999999
 81 71 65 65 70 78 88 95 98 94 84 69 51 36 25 23 28 41 59 76 91 99101 9627 624CC 755 98214210199999999999999 234 641449 2399999999999999
 86 76 67 63 64 69 78 86 92 92 88 77 64 49 37 31 32 40 54 70 85 96100 9927 625CC 840 93221410199999999999999 319 631523 3099999999999999
 92 82 71 63 60 61 66 74 81 86 87 82 73 62 51 43 40 43 52 65 79 91 9810027 626CC 935 87224910099999999999999 414 6016 0 4099999999999999
 96 88 77 67 59 55 56 61 68 75 80 82 79 73 64 56 51 50 54 62 73 85 94 9927 627CC1050 82232810099999999999999 518 551644 4999999999999999
 99 94 84 73 62 53 48 49 53 61 69 76 80 80 76 71 65 60 60 63 70 80 89 9627 628CC1230 80999999999999999999999 627 481742 5999999999999999
100 98 92 81 68 55 45 39 39 44 53 64 74 81 84 83 79 74 70 68 70 76 83 9227 629CC 0131001416 8499999999999999 732 381858 6899999999999999
 98100 98 91 78 63 48 35 28 28 34 46 60 74 85 91 92 89 83 77 74 74 79 8627 630CC 1 41001541 9299999999999999 832 272023 7499999999999999
 94100103100 90 75 57 39 24 16 16 25 41 59 77 91 99101 97 89 82 77 76 8027 7 1CC 2 0103164410199999999999999 927 152139 7699999999999999
 88 96103106102 91 73 51 29 13  5  7 18 38 60 82 98107108102 92 83 77 7627 7 2CC 2561061737108999999999999991019  42241 7699999999999999
 81 89100108110105 91 70 45 21  3 -5  0 15 38 64 87104113112104 92 81 7527 7 3CC 35111018241139999999999999911 9 -52332 7499999999999999
 75 81 92104112114107 90 66 39 14 -4-10 -3 16 42 69 93110116112102 89 7727 7 4CC 44411519 8116999999999999991158-10999999999999999999999
 71 73 81 94107116117108 89 63 34  9 -7-10  0 21 49 77 99113116110 97 8327 7 5CC 536118194911799999999999999 020 711245-1099999999999999
 72 67 70 81 95108117117106 86 59 31  8 -4 -4  8 31 59 85104115114105 9027 7 6CC 629118202711699999999999999 1 5 671330 -699999999999999
 76 65 63 68 79 94107115113102 81 56 31 12  3  7 22 45 70 93108114109 9727 7 7CC 72111521 311499999999999999 152 621413  399999999999999
 82 68 60 58 65 77 91103109107 95 77 55 34 20 16 22 38 59 81 9911011110327 7 8CC 815109213611199999999999999 240 581454 1699999999999999
 90 74 62 54 54 61 72 85 96101 98 88 73 56 41 32 32 40 55 73 9110310910627 7 9CC 91210122 810999999999999999 332 531533 3199999999999999
 96 82 68 56 50 50 56 66 77 87 91 90 83 72 60 50 46 48 57 70 84 9710510627 710CC1018 91224110699999999999999 430 491611 4699999999999999
100 90 76 63 52 46 45 50 59 69 77 83 84 80 74 67 62 60 63 71 81 91 9910327 711CC1142 84231610399999999999999 535 451651 6099999999999999
102 96 85 72 59 49 42 40 44 51 61 70 77 81 81 79 76 73 72 74 80 87 93 9927 712CC1337 81999999999999999999999 647 401744 7299999999999999
101 99 92 82 69 56 45 37 34 37 44 55 66 75 82 86 86 84 81 80 81 83 88 9327 713CC 0 11011533 8699999999999999 759 341915 8099999999999999
 97 99 97 91 80 67 53 40 31 28 31 40 52 65 78 87 92 92 90 86 83 82 83 8627 714CC 1 2 991641 9399999999999999 9 2 2821 5 8299999999999999
 91 96 98 97 91 79 64 48 34 25 22 27 38 53 69 83 93 98 97 93 87 82 79 8027 715CC 211 981721 9899999999999999 953 222215 7999999999999999
 85 91 97100 98 91 77 60 42 27 18 17 25 39 58 76 91100102 99 92 84 78 7627 716CC 3121001753102999999999999991036 172259 7699999999999999
 78 85 93100103100 90 74 54 35 20 13 16 27 45 66 85 98105104 97 87 78 7327 717CC 4 21031822105999999999999991115 132333 7299999999999999
 73 78 87 97104106100 87 68 46 27 14 10 17 33 54 76 93104107102 92 81 7227 718CC 4451061849107999999999999991150 10999999999999999999999
 68 71 80 91102108107 98 81 59 37 20 11 12 24 43 66 86101108106 97 84 7327 719CC 523109191510899999999999999 0 3 681222 1099999999999999
 66 66 72 84 96106110106 93 73 50 30 16 11 18 34 56 78 96107108101 89 7627 720CC 559110194010999999999999999 032 651253 1199999999999999
 66 62 65 75 88101109109101 85 64 42 25 16 17 29 48 70 90104109106 95 8027 721CC 63411020 410999999999999999 1 2 621322 1599999999999999
 67 60 59 66 78 92103108105 94 76 55 36 24 21 27 43 63 84100109108100 8627 722CC 710108202811099999999999999 134 581350 2099999999999999
 71 60 55 58 67 80 93102104 99 86 68 50 35 28 30 41 58 78 95106109104 9227 723CC 747104205210999999999999999 2 8 551417 2899999999999999
 77 63 55 53 58 68 81 92 99 99 91 78 63 48 39 37 43 56 73 90102108107 9827 724CC 829100211610999999999999999 246 521445 3699999999999999
 84 69 57 50 50 57 67 79 89 93 92 85 74 62 52 47 48 57 70 84 9710510710127 725CC 918 94214210799999999999999 330 501515 4699999999999999
 91 77 63 52 47 48 54 64 75 83 87 87 82 74 65 59 58 61 69 81 9210110510327 726CC1022 88221310599999999999999 421 461550 5799999999999999
 96 85 71 58 48 43 43 49 58 68 77 82 84 82 78 73 70 69 72 79 87 9510110327 727CC1157 84225410399999999999999 525 431637 6999999999999999
100 93 81 68 55 44 38 37 41 49 60 70 79 84 86 85 83 80 79 81 85 90 9610027 728CC14 9 86235510199999999999999 642 371757 7999999999999999
101 99 92 81 68 53 40 31 28 31 40 52 66 78 88 93 95 93 89 86 85 86 89 9427 729CC1550 95999999999999999999999 8 1 2820 5 8499999999999999
 99102101 95 84 69 51 35 23 17 20 30 46 64 81 94102104100 94 88 84 83 8627 730CC 119102164810499999999999999 911 172141 8399999999999999
 93100105106101 88 70 49 28 13  7 10 23 43 66 87102110111104 95 85 79 7827 731CC 2401071731111999999999999991010  72240 7899999999999999
 83 92103111113107 92 70 45 22  5 -1  5 21 46 72 95110117114104 90 78 7227 8 1CC 34711318101179999999999999911 1 -12326 7199999999999999
 72 80 93107117119112 94 69 41 16 -1 -5  5 26 53 81103117120112 98 82 6927 8 2CC 4451191845120999999999999991148 -5999999999999999999999
 63 67 78 95111121123113 93 66 37 12 -2 -2 12 36 64 92112121119106 89 7127 8 3CC 539124191812299999999999999 0 8 631231 -399999999999999
 59 56 63 77 96113123123111 89 62 34 13  4  8 25 51 78102117121113 97 7727 8 4CC 630124194912199999999999999 049 561311  499999999999999
 60 50 50 60 77 96112120118105 84 58 35 19 16 24 43 68 92110119117104 8527 8 5CC 720121201712099999999999999 130 491349 1599999999999999
 66 51 44 47 58 75 93107114110 97 78 57 40 31 32 43 62 84103115117109 9427 8 6CC 810114204311799999999999999 213 441423 3099999999999999
 74 57 44 40 45 57 73 89100104100 89 74 59 48 45 50 63 79 9610911411110027 8 7CC 9 110421 811499999999999999 257 401454 4599999999999999
 83 66 51 41 39 45 56 69 82 91 94 91 83 73 64 60 61 67 79 9110310910910327 8 8CC 959 94213211099999999999999 345 391521 5999999999999999
 91 76 61 49 41 40 45 54 64 75 82 85 85 81 76 72 72 74 81 89 9710310610327 8 9CC1119 85215910699999999999999 442 401546 7199999999999999
 96 85 72 59 49 43 41 43 50 58 67 75 80 82 83 82 81 82 84 88 93 9710010027 810CC1342 83223710099999999999999 553 411611 8199999999999999
 97 91 82 72 61 51 43 40 40 45 52 62 71 79 85 88 89 89 89 88 89 91 93 9527 811CC1620 89999999999999999999999 721 391834 8899999999999999
 96 94 90 83 74 62 51 42 36 35 39 48 59 71 82 90 94 95 94 91 88 86 86 8827 812CC 0 0 961646 9599999999999999 841 352130 8599999999999999
 91 94 95 93 86 76 63 49 38 31 30 35 47 61 76 89 97101 99 94 88 82 80 8027 813CC 153 9517 910199999999999999 939 292219 7999999999999999
 84 91 96 99 97 89 76 60 44 31 24 25 35 50 67 84 97104104 99 90 81 75 7327 814CC 3 7 991731105999999999999991022 242250 7399999999999999
 77 85 94101104101 90 74 55 37 24 20 25 38 57 77 94105108104 94 83 73 6827 815CC 3591041754108999999999999991059 202317 6899999999999999
 69 77 88100107109102 87 68 46 29 19 19 29 47 68 89104111109 99 86 73 6427 816CC 4401091816111999999999999991131 172343 6299999999999999
 62 68 80 94106112110100 81 59 38 23 17 23 38 60 82100111112105 91 75 6227 817CC 51711318381139999999999999912 0 17999999999999999999999
 57 60 70 85101112115109 94 73 50 31 21 21 33 52 75 96110115110 96 79 6327 818CC 552115185911599999999999999 010 571227 1999999999999999
 53 52 60 74 91106114114104 85 63 43 28 24 31 47 68 90107115114102 85 6727 819CC 626115191911699999999999999 038 511253 2499999999999999
 53 47 50 62 79 96109114109 96 76 56 39 31 33 44 63 84103114116107 92 7227 820CC 7 2114194011699999999999999 1 7 471319 3099999999999999
 55 45 43 51 66 83 99109110102 87 69 52 41 38 45 60 79 98111116111 98 7927 821CC 73811120 011699999999999999 139 431345 3899999999999999
 61 46 40 42 53 69 86 99105104 95 80 65 53 47 50 60 76 93106114112103 8727 822CC 818106202111499999999999999 213 391411 4799999999999999
 69 52 41 38 43 55 70 85 96100 97 88 77 66 59 58 64 75 88101110111106 9427 823CC 9 5100204411299999999999999 252 381438 5799999999999999
 78 61 47 39 38 44 55 68 81 89 93 91 85 77 71 68 70 76 86 96104108106 9927 824CC10 6 93211110899999999999999 338 3715 8 6899999999999999
 87 72 57 46 39 38 42 52 63 74 82 87 87 86 82 80 79 81 86 92 9910310410127 825CC1147 88214810499999999999999 439 371547 7999999999999999
 94 84 71 58 47 39 36 38 45 54 65 75 83 88 90 91 90 89 89 90 93 96 9910027 826CC1435 9123 310099999999999999 6 5 361725 8999999999999999
 99 94 86 75 62 49 38 32 31 35 45 57 71 83 93 98100 98 95 91 89 89 91 9427 827CC1556100999999999999999999999 742 312039 8899999999999999
 98100 99 93 82 67 51 36 25 21 25 36 53 71 88100107108103 96 88 82 81 8427 828CC 111100163510899999999999999 9 0 212149 8199999999999999
 91 99105107101 89 71 50 31 17 13 18 33 54 76 96110115112103 90 79 72 7127 829CC 24510717 811599999999999999 958 132232 7199999999999999
 78 90103113116110 95 73 48 26 11  7 16 36 61 86106118120111 96 80 66 6027 830CC 3521161738120999999999999991047  72311 6099999999999999
 63 74 91108120123115 97 71 44 21  8  9 22 45 72 98116123119105 85 66 5227 831CC 44812318 8123999999999999991129  72348 4999999999999999
 49 57 73 94113125127116 95 68 41 21 12 17 34 60 87109123124113 93 70 5127 9 1CC 53912718351259999999999999912 9 12999999999999999999999
 40 41 53 74 96115126126113 91 64 41 25 22 31 51 77101118125119102 79 5627 9 2CC 62712719 112599999999999999 026 391245 2199999999999999
 39 32 38 53 75 97115123120106 85 62 44 34 37 50 70 93112122121109 89 6527 9 3CC 714123192612399999999999999 1 3 321318 3499999999999999
 44 31 29 38 55 77 97111116111 97 79 62 50 47 54 69 87105117120113 97 7527 9 4CC 8 0116194812099999999999999 141 281348 4799999999999999
 54 37 29 30 41 58 77 94104107101 90 76 65 60 62 71 85 99111116113102 8527 9 5CC 84810720 911699999999999999 220 281414 6099999999999999
 65 47 35 31 34 45 60 75 88 96 97 92 85 77 72 71 76 84 95105110110104 9227 9 6CC 941 97203011199999999999999 3 2 311437 7199999999999999
 76 60 46 38 35 39 48 60 72 81 87 89 87 84 80 79 81 86 92 99104105102 9527 9 7CC1055 89205110599999999999999 351 351455 7999999999999999
 84 72 60 49 43 41 43 50 58 67 75 81 84 86 86 86 87 88 91 94 97 98 98 9527 9 8CC2117 98999999999999999999999 456 41999999999999999999999
 89 82 73 63 54 48 44 44 48 54 62 70 78 84 89 91 92 92 91 91 90 90 91 9127 9 9CC1611 922256 9199999999999999 631 442019 9099999999999999
 90 88 84 77 68 59 51 44 42 43 49 58 69 80 89 95 97 97 94 89 86 83 83 8527 910CC1614 97999999999999999999999 8 9 422137 8399999999999999
 88 90 91 89 82 72 61 50 41 37 39 47 59 73 86 96101102 97 90 83 77 75 7727 911CC 146 91163210299999999999999 912 3722 4 7599999999999999
 82 89 95 97 94 86 74 59 45 35 32 37 48 64 81 95104107102 94 83 73 68 6827 912CC 3 1 97165210799999999999999 956 322228 6799999999999999
 74 83 94101103 99 87 71 54 39 30 30 39 55 73 91104110108 98 85 72 62 5927 913CC 3511041712110999999999999991031 292252 5999999999999999
 64 75 88101108108100 85 65 47 33 28 33 46 66 86103112113104 89 72 59 5227 914CC 43110917321149999999999999911 1 282317 5199999999999999
 54 64 80 96108114110 98 79 58 40 30 30 41 59 80100113116110 95 76 58 4627 915CC 5 71141751116999999999999991129 292343 4499999999999999
 44 52 68 86103115117109 92 71 51 37 32 38 53 74 95111118115101 81 60 4427 916CC 5431171811118999999999999991156 32999999999999999999999
 37 41 54 73 94110118116104 85 64 47 38 39 50 69 90108118118108 89 66 4627 917CC 618118183111999999999999999 010 371223 3799999999999999
 33 32 41 59 80100113117111 97 78 59 47 44 50 65 85103116119112 96 74 5127 918CC 654117185111999999999999999 039 311249 4399999999999999
 34 27 31 44 64 86103113114105 89 72 58 52 54 64 80 98112118115102 83 6027 919CC 732115191111899999999999999 110 271316 5199999999999999
 40 28 25 33 49 69 89103110107 97 84 71 62 60 66 78 93106115115107 91 7127 920CC 813110193311699999999999999 144 251343 6099999999999999
 50 34 26 27 37 53 72 88 99103100 92 81 73 69 71 78 89101110113108 97 8127 921CC 9 1103195611399999999999999 222 251411 6999999999999999
 63 46 33 28 31 40 55 70 84 93 96 94 89 83 79 78 81 88 96103108107101 9027 922CC10 7 96202410899999999999999 3 9 281442 7899999999999999
 76 60 46 36 32 34 41 53 65 76 85 90 91 90 88 87 87 89 92 97100102100 9527 923CC12 1 9121 410299999999999999 412 321529 8799999999999999
 87 76 64 52 42 36 35 39 47 58 69 79 88 93 96 96 94 93 91 91 92 93 95 9527 924CC1433 962253 9599999999999999 542 351852 9199999999999999
 94 89 82 71 59 47 38 33 33 40 50 64 78 90 99103103 99 93 87 83 82 84 8827 925CC1526103999999999999999999999 725 322053 8299999999999999
 93 97 96 91 80 66 51 37 29 27 34 47 64 82 97107110107 98 87 77 71 70 7527 926CC 125 97155911099999999999999 842 272137 7099999999999999
 85 95103106101 89 71 52 35 25 23 32 48 69 90106115115106 92 76 63 56 5927 927CC 252106162811699999999999999 938 232214 5699999999999999
 69 84100111115109 94 73 51 33 23 24 36 56 80101116120114 99 79 60 47 4327 928CC 3551151656120999999999999991024 222250 4399999999999999
 50 66 86106118122114 96 73 50 32 25 30 46 69 93112122121108 87 63 43 3227 929CC 44812217221239999999999999911 5 252325 3199999999999999
 33 46 67 90111123125114 94 71 49 35 33 42 61 84106120124115 96 71 46 2827 930CC 5371251748124999999999999991142 32999999999999999999999
 22 28 46 70 94114124123110 90 68 51 42 45 58 77 98115123120105 81 55 322710 1CC 623125181212499999999999999 0 1 221217 4299999999999999
 19 17 28 49 74 97114121117104 85 67 55 52 59 74 92109120121111 91 66 422710 2CC 7 7121183612299999999999999 036 161248 5299999999999999
 23 15 19 33 54 78 98111115109 96 81 68 62 64 73 88103114118113 99 78 542710 3CC 751115185811899999999999999 112 151317 6299999999999999
 34 20 17 24 40 60 81 97106106100 90 79 72 70 75 85 97108114112103 87 672710 4CC 835107192011499999999999999 148 171343 7099999999999999
 47 31 23 24 33 47 65 81 93 98 98 93 86 80 77 78 84 93101107108103 92 772710 5CC 925 99194110899999999999999 226 2214 8 7799999999999999
 60 45 34 30 32 40 53 66 79 87 92 92 89 85 82 82 85 89 95100102100 94 842710 6CC1030 9220 410299999999999999 310 301435 8299999999999999
 72 59 48 40 37 39 46 55 65 75 82 87 88 88 87 87 87 88 90 92 94 94 91 872710 7CC1223 892028 9499999999999999 4 5 371520 8799999999999999
 80 71 62 54 47 44 44 48 54 63 71 79 85 89 91 91 90 89 87 86 86 86 86 852710 8CC1432 91999999999999999999999 526 44999999999999999999999
 84 80 75 68 60 53 48 46 47 52 60 70 80 88 94 96 95 91 87 82 78 77 77 802710 9CC1510 96999999999999999999999 7 6 4621 8 7799999999999999
 83 85 84 81 74 65 56 48 44 45 51 61 73 85 94100100 96 89 80 72 68 68 72271010CC 120 85153510199999999999999 821 442133 6799999999999999
 78 85 90 91 87 78 67 55 46 41 44 52 65 79 93102105101 93 81 69 60 58 61271011CC 242 91155810599999999999999 912 412157 5899999999999999
 70 81 91 97 98 92 80 66 52 43 40 45 57 73 89102109107 98 84 68 55 48 49271012CC 335 98161910999999999999999 950 402221 4899999999999999
 58 72 87 99105103 94 79 62 48 41 42 51 67 85101111112104 89 70 52 41 38271013CC 4171051639112999999999999991024 402246 3899999999999999
 45 59 78 95107111105 92 75 58 46 42 48 61 79 97110115110 96 75 53 36 28271014CC 45611117 0115999999999999991054 422313 2899999999999999
 31 45 64 85103113114105 89 70 55 46 47 57 74 93108117115103 82 58 37 23271015CC 5331151721117999999999999991124 452342 2099999999999999
 20 30 48 71 94110117114101 84 66 54 50 56 70 87104116118109 91 67 42 23271016CC 6111171743118999999999999991154 50999999999999999999999
 14 17 32 54 79100114117110 96 79 65 57 58 67 82 99112118114 99 77 52 29271017CC 64911718 611899999999999999 013 141224 5699999999999999
 14 10 19 37 61 85103113113105 91 76 66 63 67 79 93107115116106 88 64 40271018CC 730115183011799999999999999 047 101254 6399999999999999
 21 11 12 24 43 66 88103110108 99 87 76 70 70 77 89101110114109 96 77 55271019CC 815110185711499999999999999 124 101326 6999999999999999
 34 19 13 17 29 48 69 87 99103101 94 86 79 76 79 85 95104109109101 88 70271020CC 9 8104192611099999999999999 2 6 1214 1 7699999999999999
 50 33 22 18 23 34 51 68 83 93 97 96 92 87 83 82 85 90 96101103101 94 82271021CC1018 9820 310399999999999999 256 181447 8299999999999999
 67 52 38 28 25 28 37 51 65 78 88 93 95 94 91 88 86 87 88 91 94 95 94 89271022CC1159 9521 3 9599999999999999 4 0 251624 8699999999999999
 81 70 57 45 36 31 32 38 49 61 74 85 93 97 97 95 91 86 83 81 82 84 87 89271023CC1336 982322 8999999999999999 523 311916 8199999999999999
 88 85 77 66 54 44 36 34 37 47 59 74 87 97102102 97 90 81 73 69 69 73 80271024CC1430103999999999999999999999 654 342029 6999999999999999
 87 91 91 86 76 63 50 39 35 37 47 61 77 92103107105 96 83 70 59 54 56 64271025CC 131 9215 710799999999999999 8 9 352113 5499999999999999
 76 88 97100 95 84 69 53 41 36 39 51 67 85101110111104 89 71 54 43 39 45271026CC 253100153811299999999999999 9 7 362151 3999999999999999
 59 76 92104108103 90 73 56 43 39 45 58 77 95109115111 98 78 56 37 27 27271027CC 35510816 711599999999999999 956 392227 2699999999999999
 38 57 79 98111114107 92 74 57 46 45 54 69 88105115116106 87 63 39 21 15271028CC 4481141635117999999999999991038 4423 3 1599999999999999
 20 37 60 84104115116107 91 73 59 51 53 65 81 99113118113 97 73 47 24 10271029CC 53611717 2118999999999999991116 512338  799999999999999
  8 19 39 65 89108117115104 88 72 61 58 63 76 92107116116105 84 58 33 13271030CC 6211181728117999999999999991152 58999999999999999999999
  4  8 23 46 71 94109115111 99 84 71 64 65 73 87101112115109 94 71 45 23271031CC 7 3115175411599999999999999 013  41225 6499999999999999
  8  5 13 30 54 77 97108110104 93 81 72 69 73 82 94106112110100 82 59 362711 1CC 744111182011299999999999999 048  41256 6999999999999999
 18  9 10 21 39 61 82 97104104 97 87 78 73 73 79 89 99106108102 90 71 512711 2CC 825105184610899999999999999 124  81326 7399999999999999
 32 19 14 18 31 48 67 84 95 99 97 91 83 78 75 78 84 92 99103101 93 80 632711 3CC 9 9 99191410399999999999999 2 1 141358 7599999999999999
 46 32 23 22 28 40 55 70 83 91 94 92 87 82 78 78 81 86 91 95 96 93 85 732711 4CC10 1 941945 9699999999999999 241 211438 7899999999999999
 59 46 35 30 30 36 47 59 72 82 88 90 89 86 82 80 80 81 84 87 89 88 85 792711 5CC11 6 902023 8999999999999999 327 291544 8099999999999999
 70 59 49 41 37 38 43 51 61 72 81 87 90 89 87 84 81 79 78 78 79 80 81 792711 6CC1225 902144 8199999999999999 424 371812 7899999999999999
 76 70 62 55 48 44 43 47 54 63 73 82 88 92 92 89 84 79 74 71 69 70 73 752711 7CC1331 92999999999999999999999 538 4320 2 6999999999999999
 77 77 73 68 61 54 49 47 49 56 65 75 85 92 95 94 89 81 73 65 60 59 62 672711 8CC 019 771415 9699999999999999 657 472044 5999999999999999
 74 79 81 79 74 66 58 52 49 51 58 69 80 91 98 99 95 86 74 62 52 48 49 562711 9CC 2 5 811447 9999999999999999 8 4 492116 4899999999999999
 66 76 84 88 86 80 70 60 53 50 54 63 75 88 98103101 92 78 62 47 38 36 42271110CC 311 88151510399999999999999 856 502145 3699999999999999
 54 68 82 92 96 93 84 72 60 53 52 58 69 83 96105106 99 85 66 46 31 24 27271111CC 4 1 96154110699999999999999 939 522214 2499999999999999
 38 55 74 90100103 97 85 72 60 54 56 64 78 92104109106 93 73 50 30 16 14271112CC 44510316 7109999999999999991018 542245 1399999999999999
 22 39 61 82 99108107 98 85 70 60 57 61 73 87101110111101 83 59 34 15  5271113CC 5261081634112999999999999991055 572319  499999999999999
  7 21 43 68 90106112108 97 82 69 61 61 69 82 97108113108 94 71 44 20  3271114CC 6 711217 2113999999999999991131 602355 -299999999999999
 -2  5 24 49 74 96109113107 94 80 69 64 67 77 90104112113103 84 59 32 10271115CC 64911317331149999999999999912 7 64999999999999999999999
 -3 -4  8 29 55 80 99110110103 90 78 70 68 73 84 97108113109 96 75 49 24271116CC 73411118 611399999999999999 034 -51244 6899999999999999
  5 -4 -1 13 35 60 83 99107106 98 87 77 72 73 79 89100108110103 88 67 43271117CC 822107184211099999999999999 116 -41324 7199999999999999
 21  6  0  5 20 41 63 83 97103101 94 85 78 74 76 82 91 99104104 96 81 62271118CC 915103192410599999999999999 2 2  01411 7499999999999999
 41 23 11  7 13 27 46 66 83 94 99 98 92 85 79 76 77 81 88 94 97 96 89 77271119CC1015 992016 9899999999999999 253  71515 7699999999999999
 61 44 29 19 16 22 34 50 67 82 92 97 96 91 85 79 75 74 76 80 85 88 89 84271120CC1120 972134 8999999999999999 350 161648 7499999999999999
 76 64 50 38 29 26 30 40 54 69 82 92 96 96 91 84 76 70 66 66 69 74 79 82271121CC1224 972328 8399999999999999 455 261834 6699999999999999
 82 78 69 59 48 39 36 38 46 58 72 84 94 98 97 91 81 71 61 54 53 56 63 72271122CC1318 98999999999999999999999 6 8 361949 5399999999999999
 79 83 83 77 68 58 49 44 45 52 63 76 89 98101 98 89 76 61 48 40 39 44 54271123CC 123 8414 310199999999999999 721 442043 3899999999999999
 67 79 87 89 85 77 66 56 51 51 58 69 82 94102103 97 84 67 49 34 26 26 35271124CC 252 89144110499999999999999 827 502127 2599999999999999
 49 66 82 92 96 92 83 72 62 56 56 64 75 89100105104 93 76 55 35 20 13 17271125CC 359 96151710699999999999999 924 5522 7 1399999999999999
 30 49 69 87 99102 97 87 75 65 60 62 70 82 95104107101 87 65 42 21  8  5271126CC 4541021551107999999999999991014 592246  499999999999999
 13 30 52 75 93104105 99 87 75 66 63 66 76 89100107106 96 77 53 29 10  0271127CC 5411061623108999999999999991058 632323 -199999999999999
  1 14 35 59 82 98107106 97 85 73 66 65 71 82 94104108103 88 66 41 18  2271128CC 6231071656108999999999999991137 652359 -399999999999999
 -3  3 19 42 67 88102106103 93 81 71 66 68 76 88 99106105 96 79 56 31 11271129CC 7 21061728107999999999999991212 66999999999999999999999
 -1 -2  9 28 51 74 92102104 97 87 76 69 67 72 81 92101105101 88 69 46 24271130CC 73810418 010599999999999999 035 -31246 6799999999999999
  8  1  4 17 38 60 80 95101 99 91 81 72 67 69 75 85 94101101 94 79 60 382712 1CC 814101183310299999999999999 110  01318 6799999999999999
 20  8  5 13 28 48 68 85 95 97 93 85 76 69 67 70 78 86 94 98 95 86 71 522712 2CC 850 9719 6 9899999999999999 145  51353 6799999999999999
 34 19 12 13 23 39 57 74 87 94 93 88 80 72 68 68 72 78 86 91 92 87 77 632712 3CC 928 941943 9299999999999999 221 111433 6799999999999999
 47 32 22 19 23 34 49 65 79 88 92 90 84 77 71 67 67 71 76 82 85 85 80 712712 4CC10 8 922025 8599999999999999 257 191526 6799999999999999
 58 46 35 28 27 33 44 57 71 82 89 90 88 82 75 69 66 65 67 71 75 78 77 742712 5CC1052 912125 7899999999999999 336 271641 6599999999999999
 67 57 48 40 36 37 42 52 64 75 84 89 90 87 80 73 66 62 59 60 63 67 70 722712 6CC1140 9023 2 7299999999999999 421 361813 5999999999999999
 70 66 60 53 47 44 45 50 59 69 79 86 90 90 86 79 70 61 54 51 51 54 59 652712 7CC1229 91999999999999999999999 516 441929 5099999999999999
 69 71 70 66 60 55 52 52 56 64 73 82 89 92 91 85 76 64 52 44 39 40 45 542712 8CC 1 4 711316 9299999999999999 626 522021 3999999999999999
 63 71 76 76 73 68 62 58 57 61 68 77 86 92 95 92 83 70 55 41 30 26 30 392712 9CC 240 771358 9599999999999999 740 5721 3 2699999999999999
 51 65 76 83 85 81 75 67 62 61 64 71 81 90 96 97 91 79 61 43 26 16 14 21271210CC 347 851438 9799999999999999 847 612142 1499999999999999
 35 52 70 84 92 93 88 79 70 64 63 67 75 86 95100 99 89 72 51 29 12  3  5271211CC 439 93151610199999999999999 944 632222  399999999999999
 16 35 56 77 92 99 99 92 81 71 65 65 70 80 92101104 99 85 64 39 16 -1 -7271212CC 5251001555104999999999999991033 6423 3 -799999999999999
 -2 14 37 62 84 99105102 92 81 70 65 66 74 86 98106106 98 80 55 28  5-10271213CC 6 91051635107999999999999991118 652345-1499999999999999
-13 -4 16 42 68 90103107102 91 78 69 65 68 78 91102109107 95 74 47 19 -3271214CC 65310717171099999999999999912 1 65999999999999999999999
-15-15 -2 20 48 74 94106107 99 87 75 67 65 70 81 94105109105 90 67 40 14271215CC 73710718 110999999999999999 029-171244 6599999999999999
 -6-16-12  3 27 55 79 97105104 95 83 71 65 65 72 83 95105107100 85 62 36271216CC 821106184710799999999999999 114-161329 6499999999999999
 12 -5-11 -4 13 36 62 84 98103100 90 78 68 62 64 71 82 93101101 94 79 58271217CC 9 4103193810299999999999999 159-111419 6299999999999999
 34 14  1 -1  7 24 46 69 87 98100 95 85 73 64 59 61 67 77 87 93 94 87 74271218CC 9471002035 9499999999999999 245 -21516 5999999999999999
 56 37 21 12 12 21 37 57 75 90 97 97 90 80 69 60 55 56 61 69 78 84 85 80271219CC1029 982144 8599999999999999 331 111624 5599999999999999
 70 57 42 31 25 27 35 49 66 81 91 96 94 86 76 64 55 49 48 52 59 67 74 77271220CC1112 962314 7799999999999999 418 251742 4899999999999999
 76 70 61 51 43 39 41 48 60 73 84 92 94 91 83 72 60 49 41 38 41 47 56 65271221CC1157 94999999999999999999999 511 3919 0 3899999999999999
 71 74 72 67 61 55 52 53 59 68 78 86 92 94 90 81 68 54 41 32 28 30 37 48271222CC 1 7 741245 9499999999999999 615 5220 9 2899999999999999
 60 69 76 78 76 71 66 62 62 65 72 80 88 93 93 88 78 63 47 32 21 17 20 30271223CC 256 781337 9499999999999999 735 6221 5 1799999999999999
 43 58 71 81 84 83 79 73 68 66 68 74 82 89 94 94 87 75 58 39 23 11  8 13271224CC 415 851428 9499999999999999 857 662153  899999999999999
 26 43 61 77 87 91 89 83 76 70 67 69 75 83 91 95 94 85 70 51 30 13  3  2271225CC 5 8 911517 969999999999999910 4 672236  199999999999999
 10 27 47 67 83 93 95 91 83 74 68 66 69 76 86 94 97 94 82 64 42 21  4 -3271226CC 549 9616 2 97999999999999991054 662315 -499999999999999
 -1 12 32 54 75 90 98 97 90 80 70 65 64 70 79 89 97 98 92 77 56 33 12 -2271227CC 625 981643 99999999999999991134 642352 -699999999999999
 -6  1 18 40 63 83 95 99 95 85 74 65 61 64 72 83 93 99 98 88 70 47 24  5271228CC 657 9917201009999999999999912 7 61999999999999999999999
 -5 -5  7 27 50 73 89 98 97 90 78 67 60 59 65 75 87 96100 95 81 61 38 16271229CC 726 99175610099999999999999 026 -61238 5999999999999999
  1 -5  1 17 39 62 81 94 98 93 83 71 61 57 59 67 79 90 97 97 89 73 52 29271230CC 755 981831 9899999999999999 059 -513 9 5799999999999999
 11  1  1 11 30 52 73 88 96 95 87 75 63 56 54 60 70 82 91 96 92 81 64 43271231CC 822 9719 5 9699999999999999 130 -11340 5499999999999999
