 87 81 77 75 77 85 96109121127128123113 99 84 71 61 55 55 59 66 74 82 8827 1 1CS 938129999999999999999999999 257 751734 5599999999999999
 91 91 90 89 89 93 99109119126130129122111 96 80 65 52 45 43 47 55 66 7727 1 2CS 022 91101513199999999999999 324 891848 4399999999999999
 87 95100101101101103107114122128130129122110 93 75 58 43 35 33 38 48 6327 1 3CS11 81309999999999999999999991946 33999999999999999999999
 78 93103109111109107107110115122128131129122108 90 69 49 33 25 24 32 4627 1 4CS 351111121313199999999999999 6341072033 2399999999999999
 65 84101113117117113109107109114122129133131122105 84 60 39 23 16 19 3127 1 5CS 420118131513399999999999999 8 11072113 1699999999999999
 49 72 94111120122119112106104106113123132136132120100 75 50 28 14 10 1727 1 6CS 44812214 613699999999999999 8591042150 1099999999999999
 34 57 82104118125123116107101100105115126136139132116 92 64 38 18  7  927 1 7CS 514125145113999999999999999 942 992224  699999999999999
 21 42 68 93113124125119109100 95 96105118131140140129108 81 53 28 11  527 1 8CS 5411261530141999999999999991017 942256  599999999999999
 12 30 54 81104120125122112101 92 89 95107122135141137122 98 69 41 20  827 1 9CS 6 512516 8141999999999999991050 892326  799999999999999
  9 22 43 69 95114124124116103 92 85 86 95110125136139130111 85 57 33 1627 110CS 6291251644139999999999999991123 842355 1199999999999999
 11 18 36 60 85107121124119107 94 83 80 84 96112126134132120 99 73 48 2927 111CS 6521241721135999999999999991158 80999999999999999999999
 19 20 33 54 78100117124122111 98 84 76 76 83 96111123128123108 87 64 4427 112CS 71412418 012899999999999999 021 181234 7599999999999999
 31 28 35 51 73 95113123124116103 88 76 70 72 81 94107117119112 97 78 6027 113CS 735125184311999999999999999 047 271315 7099999999999999
 46 39 42 53 71 90108121125120108 93 79 69 65 68 77 89100108108101 89 7527 114CS 756125193510999999999999999 113 3914 2 6599999999999999
 63 55 53 60 72 89105118125123114100 85 71 62 58 62 70 80 90 97 98 94 8727 115CS 8191252045 9899999999999999 139 5315 0 5899999999999999
 78 71 68 71 78 90103116124125120109 94 78 65 55 51 52 59 68 78 86 90 9127 116CS 8441252246 9199999999999999 2 5 681613 5099999999999999
 90 87 84 85 88 95104114122126124117105 90 74 59 47 40 40 45 54 65 76 8627 117CS 916126999999999999999999999 228 841737 3999999999999999
 93 97 98 99100103107113119124126124117106 90 72 53 38 28 25 29 39 54 7027 118CS10 21269999999999999999999991855 25999999999999999999999
 85 98106111112112112113117121125128127121109 92 70 48 28 14 10 14 27 4627 119CS111912899999999999999999999920 1 10999999999999999999999
 68 88105117121121118115114116120126131133128115 94 68 41 17  2 -4  2 1927 120CS 425122124913399999999999999 7561142057 -499999999999999
 43 70 95114125127124117112109111118127136140135120 96 66 34  8 -9-13 -327 121CS 45212714 114099999999999999 9 31092147-1399999999999999
 18 46 77103121129128120110103101105116129141146141123 95 61 28  1-14-1427 122CS 51913015 114699999999999999 9501012232-1699999999999999
  0 25 56 88112126129123111 99 91 91 99114131144149141121 90 56 23 -1-1227 123CS 5451291555149999999999999991031 902312-1299999999999999
 -7 11 40 72101120128125113 97 84 78 81 94112130144147137114 84 50 21  327 124CS 6 91281645147999999999999991110 782348 -299999999999999
 -2  8 31 60 90113126126116100 83 70 67 73 89108127138139127104 76 47 2527 125CS 6311281733140999999999999991151 67999999999999999999999
 13 16 31 55 83107124128121105 86 69 59 58 68 84103119128126114 93 69 4827 126CS 651128182012999999999999999 020 121232 5799999999999999
 33 30 38 56 80104122129126113 94 74 58 51 53 63 79 96109115112100 84 6727 127CS 71113019 911599999999999999 048 291317 5099999999999999
 53 47 50 62 81102120130130120103 83 65 52 47 50 60 73 86 96100 98 90 7927 128CS 73113120 510099999999999999 111 4614 6 4799999999999999
 69 63 63 70 84101117128132126113 95 76 60 49 45 48 55 66 76 84 87 87 8427 129CS 7521322123 8899999999999999 129 6215 6 4599999999999999
 79 76 76 80 88101114124130128120106 90 73 59 49 45 45 50 58 66 73 78 8227 130CS 817130999999999999999999999 137 751623 4599999999999999
 84 85 86 89 94101110119125127123114102 88 73 60 50 43 41 43 49 57 66 7427 131CS 8491279999999999999999999991758 41999999999999999999999
 83 89 94 97100103107113118121121118112102 89 75 61 48 39 34 35 41 51 6327 2 1CS 9381229999999999999999999991921 34999999999999999999999
 76 88 98104106107107108110113116118117113104 92 76 59 43 32 26 28 35 4927 2 2CS11171189999999999999999999992019 26999999999999999999999
 65 83 97107111111108104103104108113118120117108 93 74 53 35 23 18 22 3427 2 3CS 422112125812099999999999999 8 610321 2 1899999999999999
 52 73 92107115115110104 98 96 98105113121125121109 90 67 44 25 14 13 2127 2 4CS 43511614 212599999999999999 9 0 962139 1299999999999999
 38 61 84103115118114105 95 89 88 94105117127130123107 84 58 34 16  8 1227 2 5CS 452118145013099999999999999 936 882211  899999999999999
 26 49 74 97113120117107 95 84 80 83 93108123133133122101 74 46 24 10  827 2 6CS 51112015311349999999999999910 7 802240  799999999999999
 18 38 64 89109120120111 97 83 73 72 80 95113129136131115 91 62 36 17  927 2 7CS 52912116 9136999999999999991038 7123 7  999999999999999
 14 31 55 82104119122115100 83 69 63 67 80 99118131134125105 79 51 29 1627 2 8CS 54712216461359999999999999911 9 632332 1599999999999999
 16 28 49 75 99117124119105 87 69 58 56 65 82102120130129116 93 68 44 2827 2 9CS 6 51241723131999999999999991140 552356 2399999999999999
 23 30 47 70 95114124123111 92 72 56 48 52 64 84104119125120104 83 61 4327 210CS 62212518 2125999999999999991213 48999999999999999999999
 34 36 49 68 91111124125116 99 77 58 46 42 50 65 84102114117109 94 76 5927 211CS 639126184511799999999999999 019 331248 4299999999999999
 48 47 54 70 89108122127121106 86 65 48 39 39 48 64 82 97106107 99 87 7427 212CS 657127193410799999999999999 041 461327 3899999999999999
 64 60 64 75 90107120127125113 95 75 56 42 35 37 46 60 75 88 95 96 92 8527 213CS 7151272039 9699999999999999 1 2 601416 3599999999999999
 78 74 76 82 93106118125126119105 88 69 52 40 34 35 41 52 65 76 83 87 8827 214CS 7361272248 8899999999999999 116 741521 3399999999999999
 87 87 88 92 98107116123125123114101 85 68 53 40 32 30 33 41 52 63 73 8227 215CS 8 1125999999999999999999999 059 871653 3099999999999999
 89 94 98101105109114118121122119112102 89 73 57 41 29 23 22 28 38 52 6727 216CS 8391229999999999999999999991834 22999999999999999999999
 82 94103109111112113113115116118118115108 97 81 61 41 24 13 10 16 28 4727 217CS10321189999999999999999999991952 10999999999999999999999
 67 87103113117116112108106106110115120122118107 88 64 39 18  4  1  8 2527 218CS 415117125512299999999999999 8211062049  099999999999999
 48 73 96112119119113104 97 93 96103114125131128115 92 64 35 11 -2 -4  827 219CS 425120141413199999999999999 9 7 932136 -599999999999999
 30 57 85107120122115102 90 81 79 85 99116130138134118 92 60 30  8 -3  027 220CS 442122151213899999999999999 944 792215 -499999999999999
 17 43 73 99117124118104 87 72 64 66 77 96117134142135116 88 56 27  9  427 221CS 5 012416 3142999999999999991019 632250  399999999999999
 13 35 63 92114125122109 89 68 53 49 55 72 95118135139130109 81 51 28 1627 222CS 5181251651140999999999999991056 482321 1599999999999999
 18 33 58 86111125127115 95 71 51 38 38 49 70 95117131132120 99 73 50 3427 223CS 5361281736133999999999999991132 362348 2999999999999999
 30 39 58 83108125130123104 80 55 37 29 33 48 70 93112122120108 89 68 5227 224CS 55413118201239999999999999912 9 28999999999999999999999
 44 48 62 83105124132129114 91 65 43 29 25 33 49 70 90105111107 96 81 6727 225CS 61313319 511199999999999999 012 441247 2599999999999999
 59 58 67 84103121132132121102 78 55 36 27 27 36 52 69 85 96 99 95 87 7827 226CS 6321331955 9999999999999999 032 571328 2699999999999999
 71 69 74 86101117128132126111 91 69 50 36 30 32 41 53 67 78 85 88 86 8327 227CS 65413221 2 8899999999999999 047 691414 3099999999999999
 79 78 81 88 99111122127125116101 83 66 51 40 36 37 43 52 62 70 76 80 8327 228CS 717128999999999999999999999 052 781515 3699999999999999
 84 85 87 92 99107114120121117107 95 81 67 55 46 41 40 42 48 55 63 71 7827 3 1CS 7431219999999999999999999991648 40999999999999999999999
 84 89 93 96100103107111113112109102 94 83 72 61 51 43 38 38 42 48 58 6927 3 2CS 8191139999999999999999999991837 38999999999999999999999
 80 90 97101103102102102103104105105102 97 89 78 65 52 40 33 31 35 45 5827 3 3CS10141059999999999999999999991949 31999999999999999999999
 73 87 99105107104100 96 94 94 98102106107104 95 81 65 48 34 26 25 32 4627 3 4CS 347107124910799999999999999 814 932036 2599999999999999
 63 82 97107110107 99 91 85 83 87 94103111114110 99 81 60 41 26 20 23 3527 3 5CS 355110135811499999999999999 851 832112 2099999999999999
 53 74 94108114111101 89 79 73 74 82 95109118121114 98 76 53 33 20 18 2627 3 6CS 4 9114144612199999999999999 920 722143 1799999999999999
 43 66 89107116115105 90 75 64 61 67 82 99116126125113 93 68 44 26 18 2227 3 7CS 424117152812799999999999999 949 612211 1899999999999999
 37 59 83104117119110 93 74 58 50 52 65 84106123130125109 85 59 38 25 2327 3 8CS 43911916 7130999999999999991017 492238 2299999999999999
 33 53 78101117122115 98 76 56 42 39 47 66 89112127130121101 76 53 36 2927 3 9CS 4551221645131999999999999991047 3823 3 2999999999999999
 35 51 73 97116124120105 82 58 39 29 32 46 69 95116127126113 92 69 50 4027 310CS 5111251724128999999999999991117 282327 3899999999999999
 40 52 71 94114126125112 90 64 41 25 21 30 49 74 98116123119104 85 66 5327 311CS 52812718 5123999999999999991149 212351 5099999999999999
 50 56 72 92112125128119 99 74 48 27 17 18 31 52 76 98112116109 96 80 6827 312CS 5451291850116999999999999991223 16999999999999999999999
 62 64 75 92110124130125109 86 60 36 20 14 19 34 54 76 93104106100 90 8027 313CS 6 4130194210699999999999999 013 6113 2 1499999999999999
 74 74 81 93108121128127117 98 75 51 32 19 16 22 36 53 71 85 93 95 93 8827 314CS 6241292053 9599999999999999 031 731349 1699999999999999
 84 84 88 96107117125127121108 90 69 50 34 24 21 25 35 48 62 74 83 88 9027 315CS 646127999999999999999999999 040 841453 2199999999999999
 91 92 95100106113119122121114102 88 71 55 41 30 25 25 31 40 52 64 75 8427 316CS 7111229999999999999999999991627 24999999999999999999999
 91 97100103106109112114115113109101 91 79 65 50 37 27 23 24 32 43 58 7327 317CS 7461159999999999999999999991813 23999999999999999999999
 86 97104107108106104103103104106107105100 90 75 58 40 26 18 18 26 40 5827 318CS 33210811 110799999999999999 7301031932 1799999999999999
 77 94105111110105 98 92 88 89 94101109113111101 84 63 41 24 15 16 26 4427 319CS 320111131411399999999999999 818 882027 1499999999999999
 66 87104113113106 94 82 74 71 75 86100114122121110 89 65 41 23 15 19 3327 320CS 331114142512399999999999999 853 712110 1599999999999999
 55 80101115118110 96 78 63 54 54 64 82102120129127113 90 63 40 24 21 2927 321CS 346118151913099999999999999 927 532147 2099999999999999
 48 73 97115122117101 79 58 42 36 42 58 81105124133128111 87 61 41 30 3227 322CS 4 312216 81339999999999999910 1 362220 2999999999999999
 46 69 93114125124109 86 60 38 24 23 35 56 83108126131123105 82 60 45 4127 323CS 4221261653131999999999999991035 222249 4099999999999999
 49 67 90113127130119 97 69 42 21 12 17 34 59 86110124125115 97 77 60 5227 324CS 4411301737126999999999999991110 122315 5299999999999999
 55 68 88110127133127108 81 52 27 11  8 18 38 64 89109118116105 90 74 6427 325CS 5 11331820119999999999999991144  82339 6299999999999999
 63 71 87107124134132118 94 66 39 19  8 11 24 45 69 90104110106 96 85 7527 326CS 52213519 3110999999999999991219  8999999999999999999999
 71 75 86103119130133124105 81 54 32 17 12 18 33 52 72 88 98101 97 90 8227 327CS 544133195110199999999999999 0 1 711256 1299999999999999
 78 79 86 99112124130126113 93 70 48 31 22 21 28 41 56 72 84 91 92 91 8727 328CS 6 71302054 9299999999999999 021 781336 2099999999999999
 84 84 88 96106116122123116102 84 65 48 36 30 30 36 46 58 69 78 84 87 8827 329CS 633124999999999999999999999 036 831427 2999999999999999
 88 89 90 95101108113116113105 93 79 65 53 43 38 37 41 47 56 65 73 81 8627 330CS 7 01169999999999999999999991540 37999999999999999999999
 90 93 94 96 98101104106106103 98 90 80 70 60 51 44 41 41 45 52 62 72 8127 331CS 7351069999999999999999999991724 41999999999999999999999
 90 95 99 99 98 96 95 95 96 97 96 95 91 85 77 67 56 47 41 39 42 50 61 7427 4 1CS 241 99 931 9799999999999999 634 951851 3999999999999999
 87 97102103100 95 89 85 84 86 90 94 97 97 93 84 71 58 46 38 36 41 52 6627 4 2CS 2421031230 9899999999999999 751 841947 3699999999999999
 82 96105108104 95 85 76 72 72 78 87 96103105100 88 73 56 43 35 36 44 5827 4 3CS 254108134610599999999999999 824 712028 3499999999999999
 76 93106112109 99 84 70 61 58 62 74 89103112113105 90 71 53 40 35 39 5227 4 4CS 3 9112143711399999999999999 853 5721 2 3599999999999999
 70 90106115114103 86 68 52 44 45 56 74 94111120118107 88 68 50 40 39 4927 4 5CS 324116152112199999999999999 921 432133 3899999999999999
 66 86105118119110 92 69 48 33 29 37 55 78102119125120105 85 65 50 44 4927 4 6CS 34012016 312699999999999999 950 2922 3 4499999999999999
 63 83103119124117 99 75 49 28 17 19 34 57 85109124127118101 81 64 53 5327 4 7CS 3571241645128999999999999991021 162231 5299999999999999
 63 81101118127124109 84 55 29 11  6 14 35 62 91113125125114 97 79 66 6127 4 8CS 4161281727127999999999999991053  62259 6199999999999999
 66 80 99117129130119 96 67 37 14  0  1 15 39 67 94114122119108 93 79 7127 4 9CS 4371311812122999999999999991128 -12325 7199999999999999
 72 81 97114128133127109 82 52 24  5 -3  2 19 44 71 94110115111102 90 8227 410CS 45913319 21159999999999999912 6 -32350 8099999999999999
 80 85 96111125133131119 97 70 42 18  3  0  8 25 47 71 90103106104 97 9127 411CS 52313320 2106999999999999991248 -1999999999999999999999
 87 89 96107119128131125110 88 63 39 20  8  7 15 30 49 68 84 94 98 98 9627 412CS 5501312125 9999999999999999 012 871339  699999999999999
 93 94 97104113121126124116102 83 62 42 27 17 16 21 33 48 63 77 87 94 9627 413CS 619126999999999999999999999 030 931444 1599999999999999
 97 98 99102106111115117115108 97 83 67 51 38 28 24 26 34 46 59 73 85 9327 414CS 65711799999999999999999999916 9 24999999999999999999999
 98101101101100101102104105105102 96 88 76 63 49 37 30 29 35 45 59 74 8727 415CS 145101 82010599999999999999 3521001740 2999999999999999
 97103104102 97 92 89 87 89 92 96100100 96 87 74 59 45 35 32 37 48 63 8027 416CS 147105114010199999999999999 7 1 871853 3299999999999999
 95105109106 98 88 78 71 69 73 81 91101107106 98 83 66 50 39 37 43 56 7327 417CS 2 4109132310799999999999999 750 691948 3699999999999999
 91106113112103 88 72 59 51 51 59 74 91106115114105 89 70 54 44 43 52 6827 418CS 222114143011699999999999999 829 502033 4299999999999999
 87105117119111 94 73 53 38 32 37 51 71 93111121120109 91 72 57 50 53 6627 419CS 243119152312299999999999999 9 4 322111 5099999999999999
 84104119125120104 81 55 33 20 18 28 48 73 98117125121108 90 73 61 59 6627 420CS 3 4125161212599999999999999 939 172145 5899999999999999
 82101118129128115 92 64 37 16  7 10 26 50 78103120125119105 88 74 67 6927 421CS 3261301656125999999999999991014  62216 6699999999999999
 80 98116130134125105 77 47 21  5  0 10 30 57 84107120122114100 86 76 7327 422CS 3501341739122999999999999991048  02246 7399999999999999
 80 94111127135132117 92 62 33 11  0  1 15 38 65 90108117116107 95 84 7927 423CS 4151361821118999999999999991122 -12315 7899999999999999
 81 91106122133135125105 78 49 24  7  2  8 25 48 72 93107112109101 91 8427 424CS 44113519 4112999999999999991157  22342 8299999999999999
 83 88100114127133129115 92 66 41 21 10  9 18 36 57 77 94103106102 95 8927 425CS 5 81331950106999999999999991233  8999999999999999999999
 85 87 95106118126127119103 81 58 37 23 16 19 29 45 63 80 92 99100 97 9327 426CS 537128204510099999999999999 011 851312 1699999999999999
 89 88 92 99109117121119109 93 74 55 39 29 25 29 39 52 67 80 90 95 97 9627 427CS 6 81212158 9799999999999999 042 881357 2599999999999999
 93 91 91 95100107112113109 99 86 71 56 44 37 35 38 46 56 68 80 88 94 9727 428CS 6441132329 9799999999999999 124 911454 3599999999999999
 97 95 94 93 94 97100103103 99 93 83 72 61 52 45 42 44 50 59 70 80 90 9627 429CS 732103999999999999999999999 252 9316 7 4299999999999999
100100 97 94 91 89 89 90 92 94 93 91 85 77 68 59 52 48 48 53 61 73 84 9427 430CS 033100 921 9499999999999999 531 881727 4799999999999999
101104102 97 90 83 78 77 78 83 88 92 93 91 85 76 65 56 51 51 56 66 78 9127 5 1CS 1 81041154 9399999999999999 658 771834 5099999999999999
102108108102 92 80 70 64 62 67 76 86 95 99 99 93 82 70 60 54 54 61 73 8727 5 2CS 132108132410099999999999999 741 621926 5399999999999999
101110113108 97 81 65 53 47 49 58 73 88101108107100 87 73 63 58 60 69 8427 5 3CS 154113142410999999999999999 815 462011 5899999999999999
 99112118116104 86 65 46 33 31 38 53 74 94110117115104 90 76 66 63 69 8127 5 4CS 215118151511799999999999999 847 302050 6399999999999999
 97112122123113 94 70 45 26 16 17 31 53 78102118124119107 92 78 71 71 8027 5 5CS 23712416 212499999999999999 921 152126 7099999999999999
 94110124129123106 81 52 25  7  2  9 29 56 84108123127120107 92 81 77 8127 5 6CS 3 1129164812799999999999999 956  222 1 7799999999999999
 92108123133132119 96 65 34  9 -6 -6  6 30 60 89112125126118106 93 85 8527 5 7CS 3271341736127999999999999991034 -82234 8499999999999999
 92105121133138131112 84 51 21 -1-12 -8  8 34 64 92113122122114103 94 9027 5 8CS 3561381826123999999999999991114-1223 7 9099999999999999
 93102116130138138126103 73 41 14 -5-11 -5 14 40 68 93110117116110101 9527 5 9CS 4271391921118999999999999991158-112339 9499999999999999
 94100110123134138133118 94 65 37 13 -2 -5  3 21 45 70 9110511111010610027 510CS 5 21382021112999999999999991246 -6999999999999999999999
 96 98104114124132133126110 88 62 38 18  6  5 13 30 50 72 8910110610610327 511CS 540133212710799999999999999 016 961338  499999999999999
 99 97 99104112119124124116103 84 64 44 27 18 17 24 38 56 74 89 9910410427 512CS 626125223110599999999999999 1 4 971437 1799999999999999
101 98 95 96 99103109112112108 98 85 69 53 40 31 30 35 47 62 78 9210110527 513CS 731113232310699999999999999 225 951543 3099999999999999
105101 96 91 88 88 90 94 98101101 97 88 77 64 52 44 42 46 56 70 84 9710527 514CS 926101999999999999999999999 433 871651 4299999999999999
108106100 91 82 75 72 73 78 85 92 97 98 95 86 75 64 56 53 57 66 79 9310527 515CS 0 31081146 9899999999999999 614 721756 5399999999999999
112113107 96 82 69 59 55 56 63 75 87 97103102 96 85 74 65 63 67 77 9010427 516CS 036113132510499999999999999 714 541854 6399999999999999
114119116105 89 70 53 41 37 41 53 69 86101109110103 92 81 73 71 77 8810227 517CS 1 6119143511199999999999999 8 1 371944 7199999999999999
115123124116100 78 55 36 25 23 31 47 68 89107116116108 97 86 79 79 86 9827 518CS 137125153111799999999999999 841 222030 7899999999999999
113125130126112 91 65 40 21 12 14 27 47 72 95113121119110 99 88 83 86 9527 519CS 2 7130161912199999999999999 919 112111 8399999999999999
108122132133124105 79 51 26  9  4 11 28 53 79102118123119109 98 89 87 9227 520CS 23913417 312399999999999999 956  42150 8799999999999999
103117130136133118 94 66 38 15  2  2 14 35 61 87108120122116106 96 89 9027 521CS 3101371744122999999999999991032  12225 8999999999999999
 98111125135137128109 83 54 27  9  1  6 21 44 70 94111119118111101 93 9027 522CS 34313818231209999999999999911 8  123 0 9099999999999999
 93103117130136134121 98 71 44 21  7  5 13 31 55 79 99112116113106 97 9127 523CS 41613719 2116999999999999991143  42333 9099999999999999
 90 97108121131134127111 87 61 37 19 10 12 24 43 65 86102111112108100 9327 524CS 4501341942113999999999999991219 10999999999999999999999
 90 92100111122129128118100 78 54 34 21 17 22 35 54 74 91104109109104 9727 525CS 524130202211099999999999999 0 9 901256 1799999999999999
 91 90 93101111120123120108 91 71 51 36 27 26 33 47 64 81 9510510810610127 526CS 6 112321 510899999999999999 049 891335 2599999999999999
 95 90 90 93100108114115110 99 84 67 52 40 35 37 44 57 72 87 9910610810527 527CS 644115215010899999999999999 140 891417 3599999999999999
 99 93 89 88 90 95101105105101 93 81 68 56 48 45 47 55 67 80 9310310810827 528CS 739106223410999999999999999 251 8815 4 4599999999999999
104 98 91 85 82 83 86 91 95 97 95 90 82 72 64 57 55 57 64 75 88 9910711127 529CS 9 5 97231511199999999999999 423 8216 0 5599999999999999
110104 96 86 78 73 71 74 80 86 91 94 92 87 80 73 67 64 67 73 83 9510511227 530CS11 7 94235211499999999999999 547 7117 4 6499999999999999
114111102 90 77 66 58 57 61 70 80 90 96 99 96 90 83 76 73 75 82 9210311327 531CS1258 99999999999999999999999 645 5718 9 7399999999999999
118117110 97 81 63 49 42 42 49 62 78 92103108106100 92 85 81 83 9010111227 6 1CS 026119141510899999999999999 731 4119 9 8199999999999999
120124120108 89 68 47 31 24 27 39 57 78 97111117115108 99 92 88 91 9911027 6 2CS 1 0124151511799999999999999 813 2420 4 8899999999999999
121128129120103 79 52 29 14  9 16 33 56 82104119124122114104 97 94 9810727 6 3CS 13513016 812499999999999999 855  92052 9499999999999999
119130136133119 96 67 38 13 -1 -3  8 30 57 86109124129125116106100 9910527 6 4CS 211136165912999999999999999 938 -42137 9999999999999999
116128138141134116 88 56 25  1-11 -9  6 31 61 9011312612912411510610110327 6 5CS 2501421749129999999999999991023-12221810199999999999999
110123135144144133111 80 47 17 -5-14-10  8 35 65 9411412512712111210410127 6 6CS 3321461838127999999999999991110-14225910199999999999999
105114127140146144130105 74 42 13 -6-12 -4 15 42 71 9711512312211610710127 6 7CS 4161471925124999999999999991157-122342 9999999999999999
100105115128139144139124 99 70 40 15  0 -3  6 26 52 7810011512011711010227 6 8CS 5 214420 8120999999999999991244 -4999999999999999999999
 96 96102113125134137131116 94 68 42 22 11 10 21 40 64 8610411511711210427 6 9CS 553137204611799999999999999 030 951330  999999999999999
 96 91 91 97106116124126121108 90 68 48 32 25 27 38 56 77 9610911611510827 610CS 650127212111699999999999999 127 901416 2599999999999999
 99 90 84 83 87 95104111114111102 88 72 57 46 42 46 57 72 9010511511711327 611CS 8 1114215311799999999999999 238 8315 2 4299999999999999
105 94 83 76 73 76 81 89 97102102 98 89 79 68 61 59 63 74 8710211311911927 612CS 936102222712099999999999999 4 2 731549 5999999999999999
113102 89 76 67 62 62 67 75 84 92 97 97 94 88 81 75 74 79 8810011212012427 613CS1140 9823 412499999999999999 527 611642 7499999999999999
121112 99 83 68 56 49 48 53 63 75 86 96101101 97 92 88 87 91 9910911912627 614CS1333102234712899999999999999 638 471742 8799999999999999
127123112 95 76 58 44 36 35 42 54 70 86 99107109106101 96 95 9810611512427 615CS1452109999999999999999999999 734 341848 9599999999999999
130130124110 90 68 48 32 24 26 35 51 71 9010511411611310610110010311012027 616CS 033131154711699999999999999 822 241951 9999999999999999
129134132123106 83 58 37 22 16 20 33 53 76 9711312112111510810210110511327 617CS 119134163112299999999999999 9 4 16204710199999999999999
124133137133120100 74 48 27 14 11 19 36 60 8410511912412211510610110010627 618CS 2 413717 912599999999999999 944 11213410099999999999999
116128137139132115 91 64 38 19  9 10 23 44 69 93112123125120111102 98 9927 619CS 2471391743125999999999999991022  82214 9899999999999999
108120132140139128108 82 54 30 13  8 14 30 54 79102117124122115105 97 9527 620CS 3271411816125999999999999991058  82251 9599999999999999
100110124135141136122 99 72 45 24 12 11 22 41 66 90109120123118108 99 9327 621CS 4 51411847123999999999999991133 102326 9299999999999999
 93101113127137139131113 88 62 38 21 15 19 33 55 78100115121120112102 9327 622CS 44313919161229999999999999912 6 15999999999999999999999
 89 92102115128135133122102 78 54 35 23 22 31 48 69 91108118120115106 9527 623CS 520135194412199999999999999 0 3 891238 2199999999999999
 88 87 92103115125129124111 92 70 50 36 30 33 45 63 8310211512011811010027 624CS 6 0129201212199999999999999 043 8613 8 2999999999999999
 90 84 85 91101112119121115102 84 66 50 41 40 47 61 78 9611111912111510527 625CS 643121203912199999999999999 128 841339 4099999999999999
 94 85 80 81 87 96105111112106 94 80 66 56 51 54 62 76 9210711712211911127 626CS 73511221 712299999999999999 221 801411 5199999999999999
100 89 79 75 75 80 88 96102103 99 91 82 72 66 64 68 77 9010311512212311727 627CS 844103213712399999999999999 325 741448 6499999999999999
107 95 82 72 66 66 70 78 87 94 98 97 94 88 82 79 79 83 9110211212112512327 628CS1026 98221112599999999999999 436 661532 7899999999999999
115104 89 75 63 55 54 58 66 77 87 95100100 98 95 92 92 9510211011912512727 629CS1240100225212799999999999999 546 531634 9299999999999999
124114100 83 66 51 41 39 44 55 69 84 9710611011010710410310511011712413027 630CS1428110234313199999999999999 648 39175610399999999999999
131126115 97 77 55 37 26 24 31 45 63 8310111312012011711311011111512212927 7 1CS1536120999999999999999999999 745 24192011099999999999999
135136130116 95 69 44 24 12 10 19 37 61 8510612112812712311711311311812627 7 2CS 040136162712899999999999999 838 10203011399999999999999
134141142134117 92 62 34 12  0  0 12 34 62 8911212713313112411711211311927 7 3CS 138143171113399999999999999 929 -2212511299999999999999
129140148148138118 89 56 25  3 -8 -5 10 36 66 9511813113412912111210811027 7 4CS 2341491751134999999999999991018 -9221310899999999999999
118131144152152139116 85 50 20 -2-10 -4 15 43 7410312313213212411410510127 7 5CS 32715318261339999999999999911 5-10225810199999999999999
106116131145154152137112 80 47 18  0 -4  5 27 56 86111126131126116104 9527 7 6CS 4201541857131999999999999991149 -52342 9399999999999999
 94100113129143150147131106 76 46 22  8  8 21 44 72 99119129128119106 9327 7 7CS 5121511925130999999999999991230  7999999999999999999999
 85 85 94108123136142138123100 73 48 30 22 27 43 65 90112126129123110 9527 7 8CS 6 5142195012999999999999999 029 8413 7 2299999999999999
 83 76 77 86100114126130126113 94 73 54 43 41 49 66 8710812313012811710227 7 9CS 7 0130201313199999999999999 120 761341 4099999999999999
 86 74 68 70 78 90103112116113104 90 76 65 59 62 72 8810612213113212511227 710CS 8 4116203813399999999999999 217 681411 5999999999999999
 96 80 68 62 63 69 79 90 99103103 98 91 83 77 77 82 9210612013013513212227 711CS 92610421 513599999999999999 323 621439 7699999999999999
107 91 75 63 56 55 60 68 78 87 94 97 98 96 93 91 93 9810711812813413513027 712CS1138 98214013599999999999999 441 5515 8 9199999999999999
119105 89 73 59 51 48 50 58 68 79 89 9710210410410310510911512313013413427 713CS2227135999999999999999999999 6 1 48999999999999999999999
129119104 87 70 55 44 40 42 50 61 75 8910110911311311211211311812413013427 714CS1536113233413499999999999999 711 40174311299999999999999
134129119104 85 66 49 37 32 35 45 60 77 9510911712011911611311311712212927 715CS16 7120999999999999999999999 8 8 32193011399999999999999
134135131120103 81 60 41 29 25 31 44 63 8410311712512512111511111011412127 716CS 047135163412699999999999999 855 25204011099999999999999
129136138133120 99 75 52 33 22 21 30 48 70 9311212512912611811010510511127 717CS 14913817 112999999999999999 936 20212810599999999999999
121132140141134117 93 67 43 25 18 21 35 56 81104121129129122112103 9910227 718CS 2391421726130999999999999991012 1722 6 9999999999999999
111124137144143131110 84 57 34 20 17 26 44 68 93114127131125115103 95 9427 719CS 3221451751131999999999999991045 172240 9399999999999999
100113128141146141125101 73 47 28 19 22 36 58 83107123131128118105 94 8827 720CS 4 21461813131999999999999991116 182314 8899999999999999
 90101116132143144135115 90 63 40 26 23 32 51 75 99119130130123109 95 8527 721CS 4391451835131999999999999991144 232348 8399999999999999
 83 89102119133141138125104 79 55 38 30 34 48 69 93114128132127114 99 8627 722CS 5171411855132999999999999991211 30999999999999999999999
 78 79 88103119131135129114 93 71 52 41 40 49 67 88109125133130120104 8927 723CS 556135191513399999999999999 024 781236 3999999999999999
 77 73 77 88103117126127119104 85 68 55 50 55 68 86106123132133125111 9427 724CS 637128193513499999999999999 1 2 7313 0 5099999999999999
 80 70 69 74 86 99112118118110 97 82 70 64 65 73 8710412013113513011810227 725CS 726119195513599999999999999 144 681324 6399999999999999
 86 72 65 64 70 81 93104110109104 95 85 79 77 81 9110411812913513412511127 726CS 827110201813599999999999999 234 641348 7799999999999999
 95 79 67 59 59 64 73 84 94101103101 98 94 91 93 9810711712713413613112127 727CS10 0103204613699999999999999 337 581410 9199999999999999
107 90 75 62 53 51 54 62 73 84 9410010410510510610811211812613213613513027 728CS2125136999999999999999999999 454 51999999999999999999999
120106 89 72 56 45 40 42 50 61 75 8910111011511711811912112412913313613627 729CS2231137999999999999999999999 615 40999999999999999999999
132123109 90 70 51 36 28 28 37 51 69 8810511812512812712512412512813313727 730CS1610128999999999999999999999 728 2719 312499999999999999
140138129114 92 68 44 26 16 16 26 44 67 9111212613313413012412112112513227 731CS 0 8140163213499999999999999 829 14203212099999999999999
140146146137119 94 65 37 16  6  7 21 44 71 9812013413813412611811311312027 8 1CS 131147165813899999999999999 922  5212511299999999999999
131143152153143122 93 61 31 10  1  6 23 50 8110912913813712811610610210427 8 2CS 23715417231399999999999999910 8  022 810199999999999999
115131146157158146122 90 56 27  8  3 13 35 64 95120135139131118103 92 8927 8 3CS 3341591746139999999999999991051  32249 8999999999999999
 96110129147158157143118 86 53 28 14 14 28 53 83111131139135122104 87 7827 8 4CS 42615918 8139999999999999991128 122330 7699999999999999
 78 88106127145154151136111 81 53 34 26 32 51 77104127139139127109 89 7327 8 5CS 51715418291409999999999999912 2 26999999999999999999999
 66 69 82101121138145140125103 78 57 45 45 56 77101124139142134118 96 7627 8 6CS 6 7145184914399999999999999 012 651232 4399999999999999
 62 58 63 77 95114127132127114 96 79 66 61 67 81101122138145141127107 8627 8 7CS 65913219 914599999999999999 057 581257 6199999999999999
 67 56 54 60 73 89104115118114105 94 83 78 79 89103121136145145136119 9927 8 8CS 756118193014699999999999999 145 531318 7799999999999999
 79 63 54 53 58 69 82 94103106105101 95 92 92 9710712013314214614112911327 8 9CS 913106195514699999999999999 241 521331 9199999999999999
 94 77 63 55 53 57 64 74 84 92 9810010110110210511111912913714214213512427 810CS2026142999999999999999999999 351 53999999999999999999999
110 94 79 66 57 53 54 59 67 76 86 9410110711011311511912413013513713613127 811CS2112137999999999999999999999 519 53999999999999999999999
122110 96 81 68 57 50 49 52 60 71 84 9610711511912012112112312612913213227 812CS2242132999999999999999999999 647 49999999999999999999999
130124113 99 83 67 54 45 43 47 57 71 8710311612312612412111811712012412927 813CS16 0126999999999999999999999 753 43194211799999999999999
132133128117101 82 63 48 38 37 43 57 76 9611312513012812211611111011412127 814CS 035133161313099999999999999 841 36204111099999999999999
129136138132119 99 77 56 40 32 34 45 63 8510712313213212611610710210311027 815CS 146138163113399999999999999 920 31212010199999999999999
121133142142134117 94 69 47 33 29 36 52 74 99119132135129118105 96 93 9827 816CS 237143165013599999999999999 953 292153 9399999999999999
110125139147145132111 85 59 40 29 31 44 65 90113130137133122107 93 85 8627 817CS 31914717 8137999999999999991022 292224 8499999999999999
 96112130144149143126101 74 51 36 32 40 58 83107127138137126110 93 80 7627 818CS 3581491726139999999999999991049 322255 7699999999999999
 82 97116135146147136116 90 65 46 38 41 55 77102124137140131115 96 79 6927 819CS 4351481743140999999999999991114 372326 6899999999999999
 70 81100120137145142127105 81 60 48 46 56 75 98121136142136121101 81 6727 820CS 5121451759142999999999999991138 452358 6299999999999999
 62 68 83103122136140133117 96 75 61 56 61 75 96118135143141128108 86 6827 821CS 55114018161449999999999999912 0 56999999999999999999999
 58 58 67 85104122132132123107 90 75 68 69 79 96115133143144134116 95 7427 822CS 632133183414599999999999999 031 561222 6799999999999999
 59 53 56 68 85103117125123114102 89 81 80 86 99115130142145139125105 8427 823CS 719125185214599999999999999 1 9 531242 7999999999999999
 66 54 51 56 68 83 98110115114108101 94 92 95104116129139145142132116 9727 824CS 819116191314599999999999999 153 511258 9299999999999999
 78 62 53 50 54 64 77 9010010610810710510410611111912813714214313812711127 825CS10 1108193714499999999999999 251 50125510499999999999999
 94 77 63 53 49 50 57 67 79 90 9910510911311511912312813413814113913412527 826CS2012141999999999999999999999 414 48999999999999999999999
112 97 81 66 53 45 43 46 55 67 81 9510711612212612812913113213413613613427 827CS2136136999999999999999999999 552 43999999999999999999999
128119105 87 69 52 39 33 35 44 59 78 9611312513113313112812612512713113527 828CS1553133999999999999999999999 715 33194412599999999999999
138136129114 94 70 48 32 24 26 38 57 8010312213313713412711911411411812727 829CS 013138155913799999999999999 817 24203811399999999999999
137144146139122 97 69 44 26 18 23 39 63 90115132140137128116105 9910111027 830CS 143146161514099999999999999 9 6 182117 9999999999999999
124140152155146126 98 67 41 23 19 28 49 77105128140141131115 99 86 82 8827 831CS 246155163314299999999999999 949 192155 8299999999999999
103123143157159148125 95 64 40 27 28 43 67 96122139144136119 98 79 68 6827 9 1CS 3411601652144999999999999991026 262232 6699999999999999
 79 99123144158158144120 91 64 44 38 45 64 90117138147143127104 80 61 5327 9 2CS 4311591711147999999999999991059 382310 5399999999999999
 57 73 96122143153151136113 88 66 54 54 67 89114136149149136114 87 64 4827 9 3CS 5191541730151999999999999991128 532349 4499999999999999
 44 52 71 95119137145140126106 86 72 68 75 91113134149153145125100 73 5227 9 4CS 6 61451749154999999999999991153 68999999999999999999999
 41 41 52 72 94115129133128116101 89 82 85 96113132147155151136113 88 6427 9 5CS 655133181015599999999999999 028 391215 8299999999999999
 47 40 44 56 73 92109119121117109100 94 94101114129143152152143125103 8027 9 6CS 750121183215499999999999999 110 401232 9499999999999999
 61 49 45 49 60 74 89101108111109106103103106114126137146149145133116 9727 9 7CS 9 4111185614999999999999999 158 45123910299999999999999
 79 64 55 52 55 62 73 84 9310010510710810911211612313113814214213612511127 9 8CS1924143999999999999999999999 258 52999999999999999999999
 96 82 70 62 58 58 62 69 78 87 9610310911411711912212612913313413312812127 9 9CS20 4134999999999999999999999 426 57999999999999999999999
111100 88 77 67 60 58 59 65 74 84 9610711612112312312312212212412512612527 910CS152812422 112699999999999999 6 8 5718 712299999999999999
122116106 94 81 68 59 54 54 61 72 8610111512412812712311711411211411812327 911CS1516128999999999999999999999 723 53195411299999999999999
126127122112 98 81 65 54 49 51 61 76 9411112413113112511610810210210711527 912CS 034127152713299999999999999 812 49203310299999999999999
125132133128115 97 77 60 48 45 51 66 85105123133135129117104 94 90 9410327 913CS 145134154213699999999999999 850 4521 3 9099999999999999
117130139139130113 92 70 53 45 46 58 77 99120134139133121104 89 80 80 8927 914CS 234140155813999999999999999 921 442132 7999999999999999
104122137145142129108 85 64 50 46 54 70 93115133141138125107 88 73 68 7327 915CS 315145161414299999999999999 950 4622 1 6899999999999999
 88108129144148141124101 78 60 51 54 67 88111131143143131112 89 70 58 5927 916CS 3541481630144999999999999991016 512230 5799999999999999
 70 91114135147148136116 93 73 60 58 67 85108129144147138119 94 71 54 4827 917CS 4311491646147999999999999991041 572259 4899999999999999
 54 72 96120139147143128108 88 72 66 71 85105127143149144127102 76 55 4227 918CS 51014717 21499999999999999911 5 662330 4199999999999999
 42 55 76101124139143135120102 86 77 77 87104124141150148135112 85 61 4327 919CS 5491431720151999999999999991128 76999999999999999999999
 37 42 58 81105124135136127113 99 89 87 92105122139150151142122 97 72 5127 920CS 632137173915299999999999999 0 3 371149 8699999999999999
 38 36 45 62 84104120128127119109101 97 99108122136147151146132111 86 6427 921CS 722128175915199999999999999 040 3512 8 9799999999999999
 47 38 39 49 65 83100113119118115110107107113122133143149147138123102 8127 922CS 828119182114999999999999999 124 37122110699999999999999
 63 49 42 43 51 63 78 9210311011311411411511812413113814314514113111710127 923CS1846145999999999999999999999 222 42999999999999999999999
 83 68 55 48 46 50 59 71 83 9510511211712112312612913313613713713312711727 924CS1918137999999999999999999999 347 46999999999999999999999
105 91 77 63 53 47 47 52 63 76 9010411512312812912912712612612712812812727 925CS15 6129215412899999999999999 531 46184712699999999999999
123115102 87 70 55 45 42 47 58 74 9210912313113313012411711311211412012627 926CS1450133999999999999999999999 654 42195111299999999999999
131132126113 95 74 55 43 39 45 59 79101119132136133123111101 95 9510211427 927CS 03913215 113699999999999999 753 392026 9499999999999999
128138142137122100 76 55 43 41 50 68 91114132140138126109 92 80 75 80 9327 928CS 157142151714099999999999999 840 4021 1 7599999999999999
112131146150143126101 76 56 46 49 62 84109130143144133113 91 71 59 57 6827 929CS 255150153414599999999999999 919 462136 5699999999999999
 88112135151154145125100 77 61 55 63 81104127144149141122 96 70 50 41 4527 930CS 347155155314999999999999999 954 552212 4199999999999999
 61 86114138152153142122 99 79 68 69 81102125144154150133107 77 51 34 302710 1CS 4351541613154999999999999991025 672248 3099999999999999
 40 61 88116138149148135116 97 83 79 86102123142155156144120 90 61 38 252710 2CS 5211501634157999999999999991054 792324 2499999999999999
 27 41 64 92117136143139127111 98 90 92103120139153159152133106 76 49 312710 3CS 6 71431657159999999999999991119 90999999999999999999999
 25 31 47 70 95117130134129119108100 99105118134149157155142120 93 66 452710 4CS 655134172015799999999999999 0 1 251143 9899999999999999
 32 30 39 56 76 97113123125121114108105107116128141151153146130108 84 622710 5CS 747125174515399999999999999 039 3012 410599999999999999
 46 39 40 49 64 81 96108115117115112110110115123133142146144134119100 812710 6CS 856117181214699999999999999 121 38122311099999999999999
 64 53 48 50 58 69 82 94103110113114114114116120126132136137133124111 972710 7CS1841137999999999999999999999 212 48999999999999999999999
 83 71 62 58 58 63 71 81 911001081131161181191191211231251271261231171092710 8CS1918127999999999999999999999 324 58999999999999999999999
 99 89 79 70 65 63 65 70 79 891001101171221231211191161151151151161161152710 9CS1354123213311699999999999999 5 0 63183511599999999999999
111105 96 86 76 68 64 64 69 79 91104116124127125120113106103102105110114271010CS14 7127999999999999999999999 625 63193710299999999999999
117117112103 90 78 68 62 63 71 83 98113125131130123113101 93 89 91 98108271011CS 024118142413199999999999999 722 6220 9 8999999999999999
117124125119107 92 77 66 62 65 76 91109124134135128115 99 85 76 75 82 95271012CS 137125144013699999999999999 8 4 622038 7599999999999999
111124132132123108 90 75 65 64 71 86104122135140134120101 81 67 61 65 78271013CS 228133145714099999999999999 840 6321 6 6199999999999999
 97117132139136124106 88 74 67 70 82100120135143140126105 82 61 49 49 59271014CS 311140151414499999999999999 911 672134 4799999999999999
 79103125140144137122103 86 75 73 81 97117135146146134113 86 61 43 35 41271015CS 351144153114799999999999999 940 7322 3 3599999999999999
 59 84111133145145135118100 86 80 83 96114133147151142122 95 66 42 28 27271016CS 43114715501519999999999999910 8 802234 2699999999999999
 40 63 91118138146143130114 98 89 88 97112130146153149133107 77 48 28 20271017CS 5111461611154999999999999991035 8723 7 2099999999999999
 25 43 69 97122138143137125111100 95 99111127143153154142120 91 61 36 21271018CS 55414316331559999999999999911 1 952343 1799999999999999
 18 28 49 75101123135137130120110104104112125139151155149132107 79 51 31271019CS 6421371657155999999999999991126103999999999999999999999
 20 22 34 55 79102119128129124117111110114123134145152151140121 97 71 49271020CS 738130172315399999999999999 023 19115011099999999999999
 32 26 29 41 59 80 99113121123121117115116121129138145147143131113 92 71271021CS 853123175114799999999999999 110 25121211599999999999999
 52 40 34 37 47 61 78 94107115119120120120121125130135138138133123109 93271022CS1826139999999999999999999999 2 9 34999999999999999999999
 76 61 50 44 44 51 62 76 91103113119122123122122122123125126126124118110271023CS1251123192812699999999999999 327 4315 912299999999999999
 99 86 73 61 53 50 54 63 76 90105116123126125121116112110109111114117118271024CS1311126225111899999999999999 456 50183610999999999999999
116109 98 84 71 60 55 57 65 79 95111123129129124114104 95 91 91 96105114271025CS1330130999999999999999999999 614 551926 9099999999999999
122124120109 94 78 66 60 62 72 88105121132135129117101 86 74 70 73 84 99271026CS 054124135113599999999999999 715 6020 4 7099999999999999
115128133130118101 84 71 66 71 83100119133140137124105 83 64 52 51 59 76271027CS 2 7134141214099999999999999 8 3 662041 5099999999999999
 98119135141137123105 88 77 75 82 97116134145145135114 88 63 43 34 36 51271028CS 3 5141143414699999999999999 844 752117 3399999999999999
 74100124141146139125107 92 84 85 96113132146152145127100 70 43 26 21 29271029CS 355146145815299999999999999 921 832153 2199999999999999
 49 76105129144146138123107 95 92 97111129145155153139114 84 53 28 15 15271030CS 442147152415699999999999999 955 912228 1399999999999999
 29 53 82111132143143134120107 99100109124141154158149129100 68 40 20 12271031CS 5271441550158999999999999991026 9823 4 1299999999999999
 18 35 61 90115132140137128116106103108119135149157154140116 86 57 32 182711 1CS 61214016181579999999999999910561032340 1599999999999999
 16 26 45 71 96117130134130122112107107115127141151154146128103 75 50 312711 2CS 6561341647154999999999999991126106999999999999999999999
 22 25 37 57 79101117126127123117111108111120131142148146135116 92 68 482711 3CS 743128171714899999999999999 017 22115810899999999999999
 35 31 36 49 67 86103115121122119114110110114122131138140135123105 85 662711 4CS 836122174914099999999999999 056 31123411099999999999999
 51 43 42 48 60 75 90104113118119117114111112115120126130129124113 98 832711 5CS 941119182413099999999999999 139 41132511199999999999999
 69 58 52 52 58 68 80 93104113118119117115112111112114117119118114106 962711 6CS1054119191111999999999999999 230 5215 311199999999999999
 85 75 67 62 61 65 73 84 961061151201211191151101061041041051071081071042711 7CS115412121 310899999999999999 336 61173410499999999999999
 98 91 83 75 70 68 71 78 88100111119124124120113104 97 92 91 93 971021052711 8CS1233125235010699999999999999 453 681852 9099999999999999
106104 99 91 82 76 73 76 83 93106117125129126117106 93 82 76 76 81 901002711 9CS13 2129999999999999999999999 6 4 731932 7599999999999999
109113112107 98 88 81 78 81 89101115126132132124110 93 76 64 60 63 74 88271110CS 123113132613399999999999999 7 0 7820 4 6099999999999999
104116122121114103 92 84 82 87 98112125135137131117 96 75 57 46 45 54 71271111CS 222122134913799999999999999 747 822035 4499999999999999
 91111125131128118106 95 88 88 96109123136142139126104 78 54 37 29 34 50271112CS 310131141114299999999999999 827 8721 6 2999999999999999
 73 98120134138132121107 97 93 96106121135145146136115 88 59 34 20 18 28271113CS 353138143614799999999999999 9 4 932139 1799999999999999
 50 78105127140141133121108100 99105118133146151146129102 70 41 18  8 11271114CS 43714215 215199999999999999 939 982215  799999999999999
 28 54 84112132142140131119109104106115129144153153141118 88 55 27  8  2271115CS 52114215311559999999999999910121032253  299999999999999
 11 32 60 90116134140137128117110108113125139151156151134107 75 44 18  4271116CS 6 814016 21569999999999999910451082334  299999999999999
  3 15 38 66 95118131136132124116111112120132144153154144124 97 66 38 17271117CS 6581361636155999999999999991118111999999999999999999999
  7  9 23 46 72 97116127130127120115113116124135144150147135115 90 63 39271118CS 753130171315099999999999999 019  6115511399999999999999
 22 15 19 33 54 77 98115124126123118114113116123132139141137126108 86 64271119CS 851126175614199999999999999 1 7 15124211399999999999999
 45 32 27 32 44 62 82100114121123120116112111112117123127129126117104 87271120CS 949123185212999999999999999 2 0 27135511199999999999999
 70 55 45 41 45 55 71 88104115121122119114108104103105108112115115111103271121CS1041123202911599999999999999 259 41155410399999999999999
 92 80 68 59 55 58 67 80 95109119124124118110101 94 89 88 90 96101106108271122CS112312523 310899999999999999 4 5 551746 8899999999999999
106100 91 81 73 69 70 78 90104117125128125116104 90 78 71 69 72 80 91102271123CS1159128999999999999999999999 513 681852 6999999999999999
110113110103 93 85 80 82 89101114126133133126112 94 76 60 51 50 56 69 86271124CS 1 3113123213499999999999999 617 801940 4999999999999999
102115121120113103 94 90 91 99111124135139136123104 81 59 42 33 34 45 63271125CS 22112113 513999999999999999 714 902022 3299999999999999
 85106121129128120110101 97100109121134143144136118 93 66 42 25 19 25 41271126CS 321129133914599999999999999 8 5 9721 1 1999999999999999
 64 89112128135132123113104102107117130142149146132109 80 51 27 13 11 21271127CS 411135141314999999999999999 8511022139 1099999999999999
 42 69 96119133138133123113106105112124138149151144125 98 67 38 17  7 10271128CS 455138144815299999999999999 9321052216  699999999999999
 25 49 77104125136137130120110106108117131144152150138115 85 54 28 11  6271129CS 53613715231539999999999999910101062253  699999999999999
 14 33 59 87111128135133125115107105110122135147151145128103 73 45 23 11271130CS 61413515581519999999999999910461052328  999999999999999
 11 23 44 70 96117129132127119109104105113125138147147137117 91 63 39 222712 1CS 6511321633148999999999999991122104999999999999999999999
 15 20 35 57 82104120127127121112105102105114126137142139126105 81 56 372712 2CS 72712817 814299999999999999 0 4 15115910299999999999999
 25 24 32 49 70 91109121125122115107102101106115125133134128114 95 73 532712 3CS 8 4125174513599999999999999 038 23124010099999999999999
 39 33 35 46 62 82100114121123118111104 99 99104112119124124117103 87 692712 4CS 840123182512599999999999999 113 321330 9999999999999999
 55 45 43 48 59 75 92106117122121115108101 97 96100105110114112106 96 832712 5CS 918122191511499999999999999 149 431438 9699999999999999
 70 60 55 55 61 72 86100112120122120113105 98 92 90 91 95 99102102 99 922712 6CS 957122203310399999999999999 228 5416 8 9099999999999999
 84 76 69 66 68 73 83 95107117122123119111102 92 84 80 79 82 87 92 96 962712 7CS10371232245 9699999999999999 314 661737 7999999999999999
 94 90 85 80 78 79 84 93103114122125124118108 95 82 72 66 65 69 77 86 942712 8CS1116126999999999999999999999 413 781838 6499999999999999
 99101 99 96 91 88 89 93101110120127129125116101 85 68 56 49 50 57 70 842712 9CS 1 2101115412999999999999999 525 881923 4999999999999999
 97106111110106101 97 97100108117126132132125111 92 71 51 38 32 36 49 66271210CS 223111123213399999999999999 637 9620 4 3299999999999999
 86103115121120115108103103107115125133138135124104 80 55 33 20 18 26 44271211CS 319121131013899999999999999 7391022043 1799999999999999
 67 91111125129127120112107107112121132141143137120 95 66 38 16  5  6 20271212CS 4 6129134914399999999999999 8321072124  499999999999999
 43 71 98119132135130122114109111117128140148147136115 85 53 24  3 -5  0271213CS 451135142914999999999999999 91810922 6 -599999999999999
 18 45 76104125135136130121113110113122135146153149134108 75 42 13 -5-10271214CS 53513715111539999999999999910 01102249-1099999999999999
  0 22 51 82109128136134126117110109115126139150154147129100 67 34  8 -7271215CS 61813615541549999999999999910411092333 -999999999999999
 -8  5 29 59 89114129133129121112106107115127141150152142121 93 60 30  8271216CS 6591331639152999999999999991122106999999999999999999999
 -3  0 16 41 70 97117128129123114105101104112125137145144133113 86 57 32271217CS 738130172614699999999999999 017 -312 710199999999999999
 14  8 15 31 55 81104120126124116106 98 95 98107118129135133123105 82 58271218CS 813127181913599999999999999 1 0  81259 9599999999999999
 39 26 24 33 50 72 94112123125119110 99 91 88 90 97107116121120112 98 81271219CS 845125192112199999999999999 141 2414 2 8899999999999999
 64 50 43 44 53 69 88106119125123115104 92 83 79 80 85 92100106107103 95271220CS 915125204510799999999999999 222 421521 7899999999999999
 84 73 64 61 64 73 87102116125127122112 99 86 75 68 66 69 76 84 91 96 98271221CS 9471272253 9899999999999999 3 3 611651 6699999999999999
 96 91 85 80 78 82 90101114124129128121110 95 79 66 56 52 54 60 70 81 90271222CS1023129999999999999999999999 349 781812 5299999999999999
 97100100 97 94 93 96102112121129132130121108 90 72 55 43 38 39 47 60 75271223CS 12210111 613299999999999999 449 931916 3799999999999999
 90101108110108105103105110117126132135131121105 85 63 44 30 25 28 39 56271224CS 256110115813599999999999999 6 910320 8 2599999999999999
 75 94109117119116112109109113120128135138133121101 78 53 32 19 15 21 36271225CS 351119125313899999999999999 7291082053 1599999999999999
 57 81102117125125120113109109113121131138140134118 95 69 43 22 10  9 20271226CS 430125134514099999999999999 8341082134  899999999999999
 39 64 89110124129126119111106106113123134142142132113 87 58 32 13  5  9271227CS 5 4129143214399999999999999 9241052212  599999999999999
 23 47 74 99118129129123113105101104113126138144141128105 77 48 23  8  4271228CS 53513015151449999999999999910 51012247  499999999999999
 13 32 58 85109124129126117106 98 97103115129140144138120 95 65 38 17  7271229CS 6 41291555144999999999999991042 962320  699999999999999
  9 22 45 72 97117127127120108 98 92 94103117131141141130110 83 55 30 15271230CS 6311281632142999999999999991117 922351 1099999999999999
 11 19 37 61 87108122126122111 99 89 87 92104118131138134120 98 72 47 28271231CS 6551261710138999999999999991151 87999999999999999999999
