 98 92 84 77 74 76 83 95107117123122116105 92 77 64 55 52 54 61 71 82 9127 1 1D81025123999999999999999999999 4 8 7418 8 5299999999999999
 96 98 97 93 89 88 91 97106115122125123116104 90 74 59 48 43 44 51 62 7527 1 2D8 026 9811 712599999999999999 453 881921 4299999999999999
 88 98104105104101 99 99103109117123125124117104 88 70 53 40 33 34 43 5727 1 3D8 25310512 912699999999999999 619 992022 3399999999999999
 74 91104112114112107103101104109117124128127119105 86 65 45 31 24 27 3927 1 4D8 354114131812899999999999999 7571012113 2499999999999999
 57 79 98113121121116108102 99101108118127132131121104 81 57 36 22 17 2427 1 5D8 432122141813299999999999999 9 6 992155 1799999999999999
 40 63 88109123128125116105 96 94 98108121132137133120 99 73 47 26 13 1327 1 6D8 5 412815 713799999999999999 955 942233 1299999999999999
 24 46 73100120132132124111 98 90 89 97110125137140133115 90 62 35 16  827 1 7D8 5341331550140999999999999991035 8823 8  899999999999999
 13 30 57 86112130137132119104 90 84 87 99115131141140128106 78 48 24  927 1 8D8 6 31371627142999999999999991112 842340  599999999999999
  6 18 41 71101124137137127111 95 83 80 88103121136142136119 93 63 35 1527 1 9D8 63213817 2142999999999999991146 80999999999999999999999
  6 10 28 56 87114133139133119101 86 78 79 91108126138139128107 79 50 2627 110D8 7 0139173714099999999999999 010  51220 7799999999999999
 11  9 21 44 73103125137136125108 90 78 74 80 94113128136133118 94 66 4027 111D8 726138181213799999999999999 039  81253 7499999999999999
 21 14 19 36 63 91116132136129113 95 79 71 71 81 97115128131124107 83 5827 112D8 749136185113199999999999999 1 6 141327 7099999999999999
 37 25 24 35 56 82107126134130118100 83 70 65 68 80 97113123124115 97 7627 113D8 811134193512599999999999999 134 2314 4 6499999999999999
 56 41 35 41 55 77100119130131122106 88 72 61 59 65 77 93107115115106 9227 114D8 833132202811699999999999999 2 2 351448 5999999999999999
 75 61 52 52 61 76 95113126130125113 96 78 64 55 53 59 70 85 9710510610127 115D8 856130214110799999999999999 232 511542 5399999999999999
 92 81 73 69 72 81 94109121128127119106 89 72 58 49 46 50 60 72 85 9510027 116D8 925128233610199999999999999 3 5 691654 4699999999999999
100 97 93 89 88 91 97106116124127124116103 87 69 54 42 36 38 45 58 72 8627 117D810 4127999999999999999999999 348 881820 3699999999999999
 97104107107106104105107112118123126124117105 89 69 50 34 24 23 29 43 6227 118D8 22610811 812699999999999999 5191041943 2299999999999999
 81 99112120122120116112111112117122127128123111 93 70 45 24 11  7 14 3127 119D8 355122124112899999999999999 8 01112051  799999999999999
 55 81105122132133128120112108108114123131135131118 96 68 39 13 -3 -7  327 120D8 43913314 413599999999999999 9231072147 -799999999999999
 25 55 86114133141139129117106101103112125138144139124 97 64 31  2-14-1627 121D8 51614115 81449999999999999910131012236-1799999999999999
 -1 26 61 96124141145137123108 96 92 98112130144151145125 95 58 22 -6-2027 122D8 54914516 3151999999999999991053 922320-2199999999999999
-17  3 35 73107133144142130111 94 84 84 94113134149154145122 88 51 16 -927 123D8 6201451652154999999999999991131 82999999999999999999999
-18 -9 16 51 88119138143134116 96 80 72 77 92114135150152140114 80 44 1427 124D8 649143174015399999999999999 0 0-1812 9 7299999999999999
 -4 -7  8 37 72105129140136121100 80 66 63 71 90113134145144130104 73 4227 125D8 714140182614799999999999999 038 -81247 6399999999999999
 18  7 12 32 61 93119134136125106 84 65 55 56 68 88110128136133118 94 6727 126D8 737137191313799999999999999 112  71326 5499999999999999
 44 29 26 37 59 86111129134128112 90 70 54 48 52 65 84104118124119106 8627 127D8 75713420 312499999999999999 142 2514 7 4899999999999999
 67 51 44 48 63 84107124132130117 99 78 60 48 44 50 63 79 95106110106 9627 128D8 815133205811099999999999999 2 8 441453 4499999999999999
 83 71 63 63 71 86104120130130122107 88 70 55 45 43 49 59 73 85 94 98 9627 129D8 8331312211 9899999999999999 230 621546 4399999999999999
 91 84 79 78 82 91104116126129125114 99 83 67 54 46 44 47 54 65 75 83 8927 130D8 855129999999999999999999999 247 771657 4499999999999999
 91 91 90 90 91 96103112120124124119109 97 83 69 57 48 43 43 48 56 66 7627 131D8 030 92 92612599999999999999 250 901830 4299999999999999
 85 92 97 99101102104108112117119119115108 99 86 73 59 48 40 37 40 48 6127 2 1D810251199999999999999999999991958 37999999999999999999999
 75 88 99106109109107105105107110114116116112104 91 75 58 43 33 29 33 4427 2 2D8 423109122811699999999999999 73710521 0 2999999999999999
 61 79 96109116116112105 99 97 98104111118121118109 93 74 53 35 23 21 2927 2 3D8 43311614 512199999999999999 9 7 972145 2199999999999999
 45 67 89108120123119109 98 90 87 92101113123127123111 91 66 43 24 14 1627 2 4D8 45212315 312799999999999999 952 872221 1499999999999999
 30 52 79103121129127116101 87 79 80 89103119130133125107 82 55 30 13  927 2 5D8 5141301547133999999999999991027 782252  999999999999999
 17 38 66 95119132134124107 89 76 71 76 90109126136135122 99 70 41 18  727 2 6D8 5371351624137999999999999991059 712320  699999999999999
  9 25 52 84112131138132115 95 76 65 65 77 96117134140133114 86 56 29 1127 2 7D8 6 01381659140999999999999991130 642347  799999999999999
  7 17 41 72103127139137123102 80 63 57 63 80103125138139126102 73 44 2127 2 8D8 62114017341409999999999999912 0 57999999999999999999999
 11 15 34 62 93121137140129109 85 64 52 52 65 86110129138133116 90 62 3727 2 9D8 641140181013899999999999999 013 111229 5199999999999999
 22 20 32 55 85113133140133115 91 67 50 44 50 68 91114130134125106 80 5627 210D8 7 0140184913499999999999999 038 1913 0 4499999999999999
 38 30 36 54 79106128138135121 98 73 52 40 39 50 70 93114126126115 97 7527 211D8 717139193212799999999999999 1 4 301333 3899999999999999
 57 46 46 58 78101122135137126106 82 59 41 34 37 50 70 91108117116107 9227 212D8 736138202311899999999999999 129 451412 3499999999999999
 76 65 61 67 81 99118131136130114 93 70 50 36 31 36 48 66 84 9910610610027 213D8 755136213110799999999999999 154 6115 0 3199999999999999
 92 83 79 80 88100114126133131121105 85 64 47 35 31 33 43 57 72 86 95 9927 214D8 8191332333 9999999999999999 217 7816 7 3099999999999999
 99 97 95 95 98104113121127129125115101 84 66 50 37 30 28 34 44 58 72 8527 215D8 848129999999999999999999999 231 951741 2899999999999999
 95103107109110112114117120122123120114103 90 73 56 39 27 20 21 29 44 6227 216D8 9391239999999999999999999991923 19999999999999999999999
 81 98111119122121118115112112114117119118112100 82 61 39 20  9  7 16 3427 217D8 414122121211999999999999999 8311122040  799999999999999
 58 83105121130130124115107101102107115123127123111 90 63 35 12 -2 -3  927 218D8 43113114 512799999999999999 9291012136 -499999999999999
 32 61 91116132136131119104 92 87 91102117131138134119 93 61 29  4 -9 -727 219D8 45513615131389999999999999910 6 872222-1099999999999999
 10 39 73105128139137124105 87 75 73 83101121139147141122 92 56 23 -1-1027 220D8 51914016 7147999999999999991040 7323 3-1099999999999999
 -2 21 54 90119137140130110 87 68 59 62 78102127145151142119 86 50 20  127 221D8 5421411655151999999999999991114 582339 -399999999999999
 -2 13 41 76109132141134116 91 66 50 45 55 77105130147150137112 79 46 2127 222D8 6 41411741151999999999999991148 45999999999999999999999
  9 15 35 66 99126139138122 97 70 48 36 37 53 78107131144143128102 72 4527 223D8 624141182514599999999999999 012  91223 3499999999999999
 28 26 38 62 92119136139128106 78 52 34 27 35 54 81107127136132116 92 6827 224D8 64214019 913699999999999999 041 251258 2799999999999999
 50 42 47 64 89114133140133114 88 61 39 26 25 37 57 82105120125118104 8527 225D8 659140195412599999999999999 1 7 421334 2499999999999999
 69 59 59 70 89111129138135121 99 74 50 33 26 29 42 61 82 99110112106 9527 226D8 717138204311299999999999999 129 581413 2699999999999999
 83 74 72 77 90107124134135126108 87 65 46 34 31 35 47 62 78 91 99100 9627 227D8 735136214410099999999999999 148 711457 3199999999999999
 90 85 82 85 93105118127131126115 98 80 62 49 40 38 41 50 61 72 82 88 9227 228D8 7561312346 9299999999999999 2 1 821555 3899999999999999
 92 91 91 92 97103111119123122116106 93 79 66 56 48 44 44 48 56 65 74 8227 3 1D8 822123999999999999999999999 151 911727 4499999999999999
 89 94 97 99101103106110112114112109102 94 84 74 63 54 46 43 43 49 58 7027 3 2D8 9 31149999999999999999999991920 42999999999999999999999
 82 93101106107106104102101102104105106104100 92 81 68 54 43 36 36 43 5527 3 3D8 357107115210699999999999999 7591012032 3599999999999999
 71 88102111115112105 98 92 89 91 96103109111108 99 84 67 49 35 28 30 4127 3 4D8 4 0115135811199999999999999 9 3 892118 2899999999999999
 59 80100115122120111 98 86 78 77 84 95107117120115102 82 60 40 26 21 2827 3 5D8 416122145612099999999999999 937 772153 2199999999999999
 46 69 94115127128119103 85 71 65 69 82 99115126128118100 75 50 29 18 2027 3 6D8 43512915391289999999999999910 7 652223 1799999999999999
 34 58 86112129134127110 89 69 57 56 66 85107125135132117 92 65 39 22 1727 3 7D8 4551351616135999999999999991036 552251 1799999999999999
 26 48 77106128138135119 95 71 52 45 50 68 93117135140131110 83 54 32 2027 3 8D8 51413916521409999999999999911 4 452318 2099999999999999
 23 40 68 98124139140127103 76 52 37 37 50 74102127140140126102 73 47 3127 3 9D8 5331421729142999999999999991133 352344 2799999999999999
 27 38 61 91119138143133111 83 55 35 27 34 54 82111132141136118 93 67 4627 310D8 55114318 71419999999999999912 2 27999999999999999999999
 37 42 59 85112134144138120 92 62 37 22 21 35 59 89116133138129110 86 6527 311D8 6 9144184913899999999999999 011 371233 2099999999999999
 52 51 62 82107129142142127102 73 44 24 15 20 38 64 92116129130120102 8427 312D8 628144193413199999999999999 037 5013 8 1599999999999999
 70 64 69 83104124139142133113 86 57 33 18 14 23 41 66 91110120120111 9927 313D8 647143202812199999999999999 1 2 641347 1499999999999999
 87 79 80 88103119134140136122100 74 49 29 18 17 26 43 64 8410010911010627 314D8 7 9140214011099999999999999 127 791436 1699999999999999
 99 94 92 96104116127134135127112 91 69 49 33 23 22 28 40 57 74 88 9810327 315D8 733136999999999999999999999 149 921542 2199999999999999
104104104105109114121126128126118105 90 73 56 41 30 25 26 34 47 62 77 9027 316D8 8 11289999999999999999999991718 25999999999999999999999
101108112114115115115116117117116112106 96 82 67 51 36 26 22 25 36 52 7127 317D8 84811799999999999999999999919 2 22999999999999999999999
 89105116121122118112107104103106109112112107 96 79 59 39 23 15 17 29 4827 318D8 333122122911399999999999999 8371032019 1599999999999999
 72 95114125128123113101 91 87 89 96107117123120108 88 63 39 19 10 14 2927 319D8 351128141312399999999999999 913 872114 1099999999999999
 53 81106125132129117100 83 71 69 76 91110126134132117 93 63 36 17 10 1727 320D8 411133151713599999999999999 945 692159 1099999999999999
 38 66 96121134135123103 80 61 51 54 69 92116135144139120 92 61 34 18 1627 321D8 43213616 8144999999999999991017 512237 1599999999999999
 29 55 86114133139130109 83 57 40 35 45 67 96123143149140118 88 58 35 2427 322D8 4521391654149999999999999991050 352311 2499999999999999
 29 49 78107131141137118 90 61 36 23 25 42 70102129146148136112 83 57 4027 323D8 5121421738149999999999999991123 222341 3699999999999999
 37 49 73101127141142127101 70 41 20 14 22 45 76107132144142127104 79 5927 324D8 5311431821145999999999999991156 14999999999999999999999
 50 55 72 97122140144135112 82 51 26 12 12 26 52 82111131138132117 96 7727 325D8 55014519 313899999999999999 010 501230 1099999999999999
 65 64 74 94117135144139122 95 65 38 19 11 17 35 60 88111125128121107 9127 326D8 610144194612899999999999999 036 6313 4 1199999999999999
 78 74 79 92111129140140128107 80 54 32 19 17 26 44 67 90107117117110 9927 327D8 630142203211899999999999999 1 0 741340 1799999999999999
 89 83 84 93106122133137131115 94 70 49 33 26 27 37 53 71 8910110710710327 328D8 653137212910899999999999999 123 831421 2599999999999999
 96 91 90 94102113124129128118103 85 66 51 40 36 38 45 57 71 84 94 9910127 329D8 71813023 210199999999999999 145 901512 3699999999999999
100 98 96 97101107113118120116107 95 82 69 57 49 45 45 50 58 68 79 88 9527 330D8 747120999999999999999999999 212 961629 4599999999999999
100102103102102102104106108108106101 94 85 76 66 58 51 48 49 55 64 75 8627 331D8 150103 83310999999999999999 3591021815 4899999999999999
 97104108109106102 98 95 95 96 99100100 98 93 84 73 62 52 46 45 51 61 7627 4 1D8 234109113410199999999999999 741 951938 4599999999999999
 91104113116113105 96 87 82 82 86 93101106106102 91 77 62 49 42 41 49 6427 4 2D8 258116133910799999999999999 833 822032 4099999999999999
 83101115123121112 98 84 72 68 71 81 94107115117110 95 77 58 44 37 40 5327 4 3D8 320123143911799999999999999 9 6 682111 3799999999999999
 73 95115127129121104 84 67 56 55 64 81100117126125114 95 73 53 40 37 4527 4 4D8 341130152512799999999999999 935 542145 3699999999999999
 64 88112129136130113 89 66 48 41 46 63 87111129136131115 92 68 49 39 4227 4 5D8 4 113616 51369999999999999910 4 412217 3999999999999999
 57 81107128140138122 97 69 45 30 29 43 67 96122139142132112 87 64 48 4527 4 6D8 4211411645143999999999999991034 282247 4499999999999999
 54 74101125141144132108 77 48 26 17 24 45 74106132145144130108 83 63 5427 4 7D8 44114417261469999999999999911 4 172317 5399999999999999
 56 71 95120140147140119 89 56 28 11  9 23 50 83114137146141125103 82 6727 4 8D8 5 214718 8146999999999999991137  82347 6499999999999999
 64 73 91115136148146130102 69 37 14  3  8 27 57 90119137143135119100 8427 4 9D8 5231491854143999999999999991212  3999999999999999999999
 76 78 91110130145148138116 85 53 24  6  1 11 33 62 93118133135128114 9927 410D8 546149194413699999999999999 017 751250  199999999999999
 89 87 93107124139147143127102 72 43 19  6  5 16 38 65 9211312412612111127 411D8 611147204312799999999999999 047 871334  499999999999999
102 97 98106118131140142133115 91 65 40 21 11 12 23 42 65 8710511511811627 412D8 63814222 111899999999999999 118 971427 1099999999999999
111107105108114123131135132122106 86 64 44 29 20 20 28 42 61 80 9610711327 413D8 710135999999999999999999999 1541051534 1999999999999999
115114112111112115119122123121114102 88 71 55 40 30 27 31 41 57 74 9010427 414D8 0 2115 75212399999999999999 3 61111659 2799999999999999
113118118116113109107107108110111109104 95 83 67 52 39 32 32 40 54 71 9027 415D8 143118 95211199999999999999 6371071830 3199999999999999
106117122122116107 99 92 90 92 98104110111107 96 80 62 46 35 33 40 55 7527 416D8 222123124611199999999999999 8 0 901945 3399999999999999
 95113124127121110 95 81 73 71 77 89103115122119108 90 69 50 38 36 45 6227 417D8 250127141512299999999999999 841 712041 3599999999999999
 85107123131128115 97 76 60 52 54 67 86107124133130117 96 72 53 42 42 5527 418D8 313131151613399999999999999 916 512127 4099999999999999
 76100121134135124103 78 55 38 34 43 63 89115134142137120 97 73 55 48 5327 419D8 33513616 614299999999999999 950 3422 5 4899999999999999
 70 93117135141133114 86 57 33 21 22 38 65 95123142147139119 96 74 60 5727 420D8 3571411652147999999999999991024 192240 5799999999999999
 68 88113133144141125 98 67 37 17 10 18 40 71104131146147135115 93 75 6627 421D8 4191451735148999999999999991058 102312 6699999999999999
 70 85107129144147136112 81 49 22  7  7 21 48 81112135145143129109 90 7727 422D8 4421481816146999999999999991132  52342 7599999999999999
 75 84102124141149143124 96 64 35 14  5 11 30 59 90117135141135121103 8927 423D8 5 514918571419999999999999912 6  5999999999999999999999
 82 85 98116134145146133110 81 51 27 12 10 20 42 69 97119132133126113 9927 424D8 530147193913499999999999999 012 821241  999999999999999
 90 88 95109125138143137120 96 69 44 26 17 19 32 53 7810111712612511810727 425D8 557143202512699999999999999 042 881318 1699999999999999
 98 93 95103116128136135125107 85 62 42 30 25 30 43 62 8310111411911811227 426D8 626137211711999999999999999 115 931358 2599999999999999
104 99 97100107117125128124113 96 78 60 46 37 35 41 52 68 85 9910911411327 427D8 657128222411499999999999999 154 971445 3599999999999999
110105101 99102107113117118113103 91 76 63 52 46 44 49 58 71 85 9810711227 428D8 737118234611399999999999999 254 991544 4499999999999999
113111107102 99 99101104107107105 99 90 80 69 60 54 51 54 61 73 85 9810827 429D8 842107999999999999999999999 443 991659 5199999999999999
114116113108101 95 91 90 92 96100101100 95 87 77 68 60 55 56 63 74 8810127 430D8 05411611 310199999999999999 641 901819 5599999999999999
113119120115105 94 84 78 77 81 88 97103106104 96 85 73 63 58 58 65 78 9427 5 1D8 13812013 310699999999999999 742 771925 5799999999999999
109121126123113 98 82 69 62 63 72 85 99111116114105 92 77 65 59 61 71 8627 5 2D8 2 9126141511699999999999999 822 622017 5999999999999999
104120130131122105 84 65 51 46 52 67 87107121128124112 96 79 67 62 67 8027 5 3D8 23513215 912899999999999999 856 4621 1 6299999999999999
 98118132138132115 92 66 45 32 32 45 67 93117133138132117 98 81 69 68 7627 5 4D8 3 0138155613899999999999999 930 312141 6799999999999999
 93113132142141127103 74 46 25 17 23 43 71102127143145136119 99 83 74 7627 5 5D8 32514316421469999999999999910 4 172218 7499999999999999
 89108129144148139118 87 54 26  9  6 19 45 78111136149148137118 99 86 8227 5 6D8 3511481727150999999999999991040  52254 8199999999999999
 88103124142152149132104 70 37 11 -2  1 20 50 85117140150147134117101 9127 5 7D8 4181521815151999999999999991118 -22330 9099999999999999
 91101118136150154144121 90 55 23  2 -6  2 24 56 9112114114814313011510327 5 8D8 44715419 4148999999999999991159 -6999999999999999999999
 97101112129145153151135109 77 44 16 -1 -5  7 31 62 9412113714213712611427 5 9D8 518154195714299999999999999 0 7 971244 -599999999999999
105103109121135146150143125 99 68 39 15  2  2 14 38 67 9511813113513112327 510D8 552150205513599999999999999 0461031332  099999999999999
114108108114124135142142133115 91 65 40 21 10 11 24 45 70 9511412612912627 511D8 63014322 012999999999999999 1311071425  999999999999999
120114109109113121128132131123108 88 67 46 30 22 23 33 51 73 9411112112527 512D8 718133231012599999999999999 2321091524 2199999999999999
124119112108105107111116119119114105 90 74 57 43 35 35 43 58 77 9511012027 513D8 829120999999999999999999999 4 81051632 3499999999999999
124123117109101 96 94 96100106109110106 97 84 70 57 48 47 53 65 81 9811327 514D8 013124103711099999999999999 559 941744 4699999999999999
122125122114102 90 81 77 78 85 94104110112107 97 83 70 60 57 61 73 8910527 515D8 059125124511299999999999999 714 771855 5799999999999999
119127128121107 91 75 63 58 61 72 87103115120118108 94 80 69 66 70 82 9827 516D8 135128141212099999999999999 8 5 581957 6699999999999999
115127133129116 97 75 56 43 40 48 65 86107123130128117102 87 76 73 80 9327 517D8 2 6133151513099999999999999 846 402048 7399999999999999
111126136137127108 83 58 38 27 28 41 63 90114132138134122105 90 81 81 9027 518D8 23413816 713899999999999999 925 252131 8099999999999999
106124138144138122 97 68 41 22 15 21 41 68 98123139144137122105 92 85 8927 519D8 3 314416521449999999999999910 1 152210 8599999999999999
101118135146147135112 83 52 27 11  9 22 46 77107131144145135120103 92 8927 520D8 3321481733146999999999999991038  82246 8999999999999999
 97112130144150145127100 69 39 17  7 11 28 56 87116137145142131115100 9327 521D8 4 21501813146999999999999991114  62321 9299999999999999
 94105121138149149138116 87 56 30 13  8 17 38 67 98123139143137124109 9827 522D8 4331511853143999999999999991150  82357 9499999999999999
 94 99112128142148143127103 74 46 25 13 14 27 50 7910612713813913011810527 523D8 5 51481933140999999999999991227 12999999999999999999999
 97 97104117131141143134115 90 64 41 24 18 23 39 62 8911212813513312411227 524D8 538144201413599999999999999 034 9613 4 1899999999999999
102 97 99107120131137134122103 80 57 39 27 26 34 51 73 9611612813112711827 525D8 613137205613199999999999999 114 971341 2599999999999999
108101 98100108118126129124111 93 73 55 41 34 35 45 62 8310211812612712327 526D8 651129214112899999999999999 2 1 981420 3399999999999999
114106 99 97 99106113119120114103 88 71 56 46 42 46 56 72 9010711912512527 527D8 737120222812699999999999999 259 9715 3 4299999999999999
120111103 96 93 94 99105110111107 98 87 74 62 55 52 56 67 81 9711112112527 528D8 842111231512599999999999999 412 931552 5299999999999999
124117108 98 90 85 85 89 96102105104 99 91 81 71 65 63 67 76 8910311512327 529D81020105999999999999999999999 531 851651 6399999999999999
126123115103 91 80 73 73 77 86 95103106105100 91 82 75 73 76 84 9610912127 530D8 0 0126121610699999999999999 638 7218 0 7399999999999999
128129123112 96 79 66 58 58 65 78 92105113115111103 93 85 81 83 9110311627 531D8 041129134911599999999999999 731 571910 8199999999999999
128134132122106 85 64 49 41 43 55 73 94111123127123114102 93 88 90 9911227 6 1D8 119134145812799999999999999 816 412013 8899999999999999
125136140134119 96 71 47 31 25 31 48 72 98120134138133122109 99 94 9710727 6 2D8 155140155513899999999999999 859 2521 8 9499999999999999
121136145145134113 85 55 29 14 11 22 45 75105129144147140127113102 9910427 6 3D8 231146164714799999999999999 942 102155 9999999999999999
116132145152148131104 72 39 14  0  2 18 46 8011213715015114312811410510427 6 4D8 3 81521736152999999999999991025 -1224010399999999999999
111125141153156147125 94 59 26  2 -8 -3 18 50 8511814215315214212711410727 6 5D8 34615718241549999999999999911 9 -8232210699999999999999
108117133148158157143118 84 48 17 -4-11 -1 22 56 9212314415214913812411227 6 6D8 4261591911152999999999999991155-11999999999999999999999
107111122137151158153136109 75 41 13 -5 -8  5 31 64 9812614314814313211927 6 7D8 5 7158195814899999999999999 0 51071241 -899999999999999
110107112124138149153146128101 69 39 14  1  1 16 42 7310412714014313612527 6 8D8 552153204414399999999999999 0511071328 -199999999999999
113106104110121133142144136119 94 67 41 21 12 15 31 55 8410912813713612927 6 9D8 641144212713899999999999999 1421041415 1299999999999999
118107100 99104113124131132125111 91 69 48 33 27 32 48 70 9411412813313127 610D8 73913322 813399999999999999 242 9915 2 2799999999999999
122111100 93 90 94102111118120116106 92 75 59 48 45 51 65 8410311912813127 611D8 855120224813199999999999999 353 901551 4599999999999999
126116104 92 83 79 81 87 96104110110106 96 85 73 66 64 69 81 9611212313027 612D81038111232713099999999999999 512 791645 6499999999999999
129122111 97 82 71 65 66 72 82 93103109109105 97 88 82 80 84 9410611912827 613D81236110999999999999999999999 626 651746 8099999999999999
132129120106 88 71 58 50 51 58 72 87101112116114108101 94 92 9510311412527 614D8 0 7132141311699999999999999 728 501856 9299999999999999
133135130118100 79 59 44 37 38 49 66 86104118125124118110102 9910211012127 615D8 049135152312599999999999999 819 3620 3 9999999999999999
131138139131115 93 69 47 31 25 30 45 66 9011212713313112311310510210611527 616D8 133139161513399999999999999 9 5 2521 010299999999999999
127138144141130110 85 58 36 21 18 27 46 72 9812113513913512411310410210827 617D8 216144165613999999999999999 946 17214710299999999999999
119132144148142127103 75 47 26 14 15 29 52 8110913014114213412110910210227 618D8 2581481733143999999999999991026 13222910199999999999999
110123138148149140120 93 64 37 18 11 17 35 63 93119138145141130116104 9827 619D8 33815018 81459999999999999911 3 1123 9 9899999999999999
102113128142150147134110 82 53 29 14 12 23 46 75105128142145137124109 9927 620D8 4171501843145999999999999991140 112347 9699999999999999
 96103116132144148141124 99 70 43 23 14 17 33 59 8911613514414213111610327 621D8 4541481916144999999999999991214 13999999999999999999999
 95 96105119134143143132112 86 59 36 21 17 26 46 7410212513914313612410927 622D8 530144194914399999999999999 026 941247 1799999999999999
 98 93 96107121133139135121100 75 51 32 23 26 39 62 8811313214013912911527 623D8 6 7139202014199999999999999 1 6 931319 2399999999999999
102 93 91 96107120130132125110 89 67 47 34 31 38 55 7810212313513813312127 624D8 646132205013899999999999999 147 911349 3199999999999999
107 95 88 88 94105116124124116101 82 64 49 42 43 54 72 9311412913613412627 625D8 731125211813699999999999999 232 871421 4199999999999999
113 99 88 83 83 90100110116116108 96 81 67 57 54 59 71 8810612213213412927 626D8 827117214713499999999999999 323 821455 5499999999999999
118105 91 81 75 76 82 92102108109105 96 86 76 70 69 75 8710211612813313227 627D8 943109222013499999999999999 423 751534 6999999999999999
125112 98 83 72 65 66 71 81 92101106106102 96 89 85 86 9110011212313113427 628D8113010723 013499999999999999 529 651627 8599999999999999
131122108 91 75 61 53 52 58 70 84 9710711211210910410010010210911812713427 629D81334113235113699999999999999 637 521746 9999999999999999
136132121105 85 65 48 38 37 44 59 77 9611112112512311811310911011412213127 630D815 7125999999999999999999999 740 36192410999999999999999
138140135122102 78 54 34 23 21 31 50 74 9911913213713512812011411311712627 7 1D8 04914016 913799999999999999 836 21204511399999999999999
136144146140124100 71 42 20  8  8 21 45 7510412814314714313312311511311827 7 2D8 147146165814799999999999999 928  6214511399999999999999
129141151152144124 95 62 31  7 -5 -2 16 45 7911213715015214513312011211227 7 3D8 2411531741153999999999999991017 -5223411199999999999999
119133147157157146122 89 53 20 -3-12 -5 17 50 8712014415415314212711410727 7 4D8 33315918211559999999999999911 4-12231810799999999999999
109120136151161159144117 82 45 13 -8-13 -2 25 60 9712814815414813511910627 7 5D8 4221611859154999999999999991149-14999999999999999999999
101106119137152160156139110 75 39 11 -6 -7  9 38 7410913514915014012410827 7 6D8 511160193415199999999999999 0 11011232 -899999999999999
 97 95102117135149155149130102 69 38 14  3  7 27 57 9012013914714212911227 7 7D8 6 015520 614799999999999999 045 951313  399999999999999
 97 88 88 97112129142146138121 95 67 41 24 19 28 49 7710612914114213311727 7 8D8 652146203514399999999999999 131 871352 1999999999999999
100 86 79 80 90104120130133127111 91 68 50 39 40 52 73 9711913414013512327 7 9D8 74813321 114099999999999999 221 781428 3899999999999999
106 90 77 71 72 81 94108117120116105 90 75 63 59 63 76 9411312913713612827 710D8 855120212513799999999999999 317 7015 2 5999999999999999
113 97 81 69 63 64 71 83 95104109108103 94 85 79 79 85 9611112413313613227 711D81022109215313699999999999999 421 631535 7899999999999999
121107 90 75 63 56 55 61 71 83 93101105105102 98 95 9710211112113013513527 712D81226105222813599999999999999 534 551615 9599999999999999
129118103 87 71 57 49 46 51 60 73 87 9910711111211010810911211712513113427 713D81439112232213599999999999999 650 46172610899999999999999
134128118103 85 67 51 41 37 42 53 68 8610111312012111911611411411812413027 714D81550121999999999999999999999 756 37192011499999999999999
135135130119103 83 62 44 33 29 35 50 69 9010912212912812411711311211512227 715D8 036136162712999999999999999 851 29204411199999999999999
130137138133121101 78 55 36 24 23 33 51 75 9911913213513112311310710611127 716D8 146139165613599999999999999 937 22213910599999999999999
121132141142135120 97 71 46 27 18 21 35 59 86112131140139130117106 9910027 717D8 2431431723140999999999999991017 172221 9999999999999999
109123136145145135115 89 60 36 19 14 23 43 71100125140144137124109 97 9227 718D8 3311461750144999999999999991052 142259 9299999999999999
 97110126141148144129106 77 48 26 14 15 30 56 86115137146144132115 99 8927 719D8 4121481817147999999999999991124 132334 8799999999999999
 88 97113131144147139120 93 64 37 19 14 22 43 73104129145148139123104 9027 720D8 4491471844148999999999999991154 14999999999999999999999
 83 87 99117134144143130107 79 51 30 18 20 35 61 92120140148144130111 9327 721D8 52514519 814899999999999999 0 9 831222 1799999999999999
 81 79 87103121135141135119 94 67 43 28 24 33 54 81110133145146135117 9827 722D8 6 1141193114799999999999999 043 791248 2499999999999999
 83 75 77 88105122134135126107 83 60 42 33 37 51 7510212514114513812310427 723D8 639136195214599999999999999 117 741314 3399999999999999
 86 73 70 75 89105120129127116 98 77 59 48 46 55 73 9611913614314012811027 724D8 721129201114399999999999999 153 701340 4599999999999999
 90 75 66 65 73 87102115121119108 93 77 65 60 64 76 9411413114014113211627 725D8 811121203214299999999999999 233 6414 6 6099999999999999
 98 80 66 59 60 68 81 96107113111104 94 84 78 78 84 9611112613714013612427 726D8 918113205614099999999999999 322 591434 7799999999999999
108 89 73 60 53 54 61 72 85 97104107105101 96 94 9610211212313213813813127 727D811 1107212913999999999999999 426 5315 5 9499999999999999
119103 86 69 55 46 44 49 60 73 87 9810611111211111111211512112713313613627 728D814 4112222113799999999999999 547 44155411199999999999999
130119104 86 67 50 38 32 35 45 61 79 9611012012512612512312212312613113527 729D81546126235113799999999999999 711 32185712299999999999999
137133124109 88 65 44 27 18 20 31 51 75 9811813213813713212612111912212927 730D81623138999999999999999999999 821 18205011999999999999999
136141140132114 90 62 35 15  4  7 22 47 7610512914314714213212211411211727 731D8 125142165514799999999999999 919  4214611299999999999999
128140148149139119 90 57 26  3 -7 -1 19 50 8411613915115014012611210410427 8 1D8 23615017261529999999999999910 9 -7222810399999999999999
113128144155156144120 86 50 17 -5-11 -1 25 60 97128148154147132113 99 9227 8 2D8 3351571756154999999999999991053-1123 7 9299999999999999
 96110130149160159144116 80 43 12 -6 -8  9 39 76112139152151138118 98 8427 8 3D8 4271621824153999999999999991135 -92346 8199999999999999
 81 90108131150161157139110 74 39 13  0  6 27 60 96127146151142123101 8227 8 4D8 5161611850151999999999999991213  0999999999999999999999
 71 72 85106129148156150131101 69 39 20 15 27 52 84115138149145129107 8427 8 5D8 6 5156191314999999999999999 025 701248 1599999999999999
 67 60 65 81103125141146139120 94 67 46 35 37 53 78107131144145134114 9127 8 6D8 654146193414799999999999999 1 6 601320 3499999999999999
 70 56 53 61 77 98118131134126110 90 71 57 54 62 8010312514014513812210027 8 7D8 747134195314599999999999999 148 531348 5499999999999999
 78 60 50 49 58 73 92108118120115103 90 79 73 76 8710412213614314012811027 8 8D8 845121201114399999999999999 235 481411 7399999999999999
 90 70 56 48 48 56 69 84 97105109106101 94 90 90 9610612013213914013211927 8 9D810 3109203214199999999999999 329 471429 8999999999999999
102 84 68 56 49 48 53 63 75 86 9510110310310210210511011812713413613412627 810D8122710321 013699999999999999 437 48142810299999999999999
114100 85 70 58 50 47 49 56 66 77 89 9810510911211311511712112612913012827 811D82151130999999999999999999999 6 6 47999999999999999999999
122114102 88 74 60 49 43 43 49 59 73 8810211211812012011811611711912212527 812D816 9120235312699999999999999 733 42192011699999999999999
126124118107 93 76 59 45 37 36 43 57 75 9411112212712612011410910711011627 813D81616127999999999999999999999 837 35205110799999999999999
123128129124112 95 74 54 38 29 30 42 60 83105123132132126115104 98 9710327 814D8 141129163313399999999999999 923 282135 9799999999999999
113125133135128113 91 67 45 29 23 29 46 70 97120135139133120105 92 86 8927 815D8 24413516531399999999999999910 0 232210 8699999999999999
100116130140140129109 83 56 34 21 21 34 57 86114135144141128109 92 80 7727 816D8 3301411715144999999999999991031 192242 7799999999999999
 86102121137145140124 99 71 44 25 18 25 45 74105131146147136117 96 78 7027 817D8 4 914517371489999999999999911 0 182313 6999999999999999
 73 87108129143146136115 87 58 34 21 22 37 64 95124144151143125102 80 6627 818D8 4441461758151999999999999991126 202343 6399999999999999
 63 73 92115135145143128103 74 48 30 25 34 56 86116139151148133109 85 6627 819D8 5191461818151999999999999991151 25999999999999999999999
 57 61 76 98122138144136117 91 64 43 33 37 53 79108133148150138116 91 6927 820D8 554144183615199999999999999 013 571216 3399999999999999
 54 52 61 80104125138138127106 82 61 47 45 55 76102127144150142123 98 7427 821D8 632140185315099999999999999 043 511240 4499999999999999
 55 46 49 63 84107125133130117 98 79 64 58 63 78 99122140148144129106 8227 822D8 714134191014899999999999999 115 4613 4 5899999999999999
 60 46 42 49 65 85105120126121110 95 82 74 74 84100118135145145134115 9227 823D8 8 3126192914799999999999999 151 421327 7399999999999999
 70 52 41 40 48 63 82 99111116114106 97 91 89 9310311713114114413812410527 824D8 9 8116195114499999999999999 236 401349 8999999999999999
 84 64 49 40 39 46 58 73 8810010710910710510410511011812713514013813111827 825D811 1109201814099999999999999 338 3914 110499999999999999
101 83 66 51 41 37 40 48 61 75 8910010811311611812012212512913213413212727 826D821 1134999999999999999999999 5 6 37999999999999999999999
117104 89 72 55 41 32 30 35 47 64 82 9911312312913012812612412312412612827 827D81551130232112899999999999999 647 30195212399999999999999
127123113 98 79 58 38 24 18 22 36 56 8010412313513913612912111411111412027 828D816 4139999999999999999999999 8 6 1821 111199999999999999
128133133125109 85 58 33 15  7 13 30 57 86114134144144135121108 99 9810527 829D8 130134162614599999999999999 9 5  72139 9799999999999999
117132142145136116 87 55 26  7  1 11 34 65 99127144149141125106 90 82 8527 830D8 244145165014999999999999999 953  12214 8299999999999999
 98118138152154143118 85 50 21  4  2 18 47 82115140151147131108 86 70 6627 831D8 3411551713151999999999999991034  12248 6699999999999999
 75 95121144158159143116 81 46 20  8 13 35 67102132149150137114 88 65 5327 9 1D8 4311601736152999999999999991112  82324 5299999999999999
 54 70 95124148160157139110 76 45 25 21 33 59 92123144152143122 94 67 4727 9 2D8 5191611757152999999999999991146 202359 4099999999999999
 40 48 68 97126147156150130102 73 49 38 41 58 86116139151147130103 74 4927 9 3D8 6 51561816151999999999999991218 37999999999999999999999
 35 33 46 69 98124142147139120 96 74 59 55 65 85111134148149137114 86 5927 9 4D8 652147183415099999999999999 036 321246 5599999999999999
 38 29 33 48 72 98120133135127111 93 79 72 76 89109129144149141123 98 7227 9 5D8 741136185214999999999999999 114 291310 7299999999999999
 49 35 30 37 52 73 95112122122116105 94 87 87 95109125139146142129110 8727 9 6D8 835123191114699999999999999 154 301330 8699999999999999
 65 47 37 36 43 56 73 90103110111108103 99 9810111012113214014013211810027 9 7D8 945111193114199999999999999 240 351344 9799999999999999
 81 64 52 44 43 48 58 70 83 9310010410610610610711211812513113313012211027 9 8D81956133999999999999999999999 341 43999999999999999999999
 97 83 70 60 52 49 51 56 65 76 86 9610310811211311411611812012212212011527 9 9D82036122999999999999999999999 512 49999999999999999999999
108 99 89 78 67 58 51 49 52 59 71 84 9710811611911911611211010911011111327 910D81523119234511499999999999999 657 4920 010999999999999999
114112106 98 85 72 58 48 44 46 56 71 88105118125125120111103 97 95 9810527 911D81532125999999999999999999999 8 9 442048 9599999999999999
112118119115104 88 70 54 42 38 43 57 77 99117129132126114100 88 82 83 9227 912D8 146119154913299999999999999 855 382120 8299999999999999
104117126128121106 85 64 45 35 35 46 66 90114132139135121103 85 73 69 7627 913D8 24412816 813999999999999999 931 332149 6999999999999999
 91109126135134123102 78 54 37 31 37 55 81108131143143130110 87 68 58 6127 914D8 32613616281459999999999999910 1 312218 5899999999999999
 75 96118135142136119 94 68 45 33 33 47 72101127145149139118 92 68 52 4927 915D8 4 31421648149999999999999991028 312246 4899999999999999
 58 79105129143145134111 84 58 41 35 43 64 93121143152146127100 72 50 4027 916D8 43814617 7152999999999999991055 352314 4099999999999999
 44 61 88116138148144127102 75 54 43 45 60 86115139152151135109 79 53 3627 917D8 5131481725153999999999999991120 422342 3299999999999999
 33 45 68 97125143147138119 94 71 55 52 62 82108133150153141118 88 59 3727 918D8 5501481742153999999999999991146 52999999999999999999999
 27 31 49 76105129143143131111 89 72 64 67 82104128146153146126 98 68 4227 919D8 63014418 015399999999999999 011 271211 6399999999999999
 26 23 34 55 82109129138135122105 89 78 77 86103123141151148134110 81 5427 920D8 713138181915199999999999999 044 231236 7799999999999999
 33 22 24 38 59 85108124130126116104 94 90 94105120136147148139120 96 6927 921D8 8 5130184014999999999999999 121 2213 1 9099999999999999
 46 30 24 28 41 60 82101115120119113107103103109119131140144140128110 8827 922D8 91512019 314499999999999999 2 7 24132310299999999999999
 66 47 34 29 31 41 57 75 9110411111411411311311612012613213613613112010527 923D81129115192913799999999999999 310 29133211399999999999999
 87 70 54 41 34 33 38 50 65 80 9510711512012212312312412412512612512211627 924D820 7126999999999999999999999 440 33999999999999999999999
107 95 80 64 49 38 32 32 41 55 73 9110812112813112912411811411211211511827 925D81459131234611999999999999999 623 31201211299999999999999
118115107 93 75 56 39 28 26 33 49 71 94115130136135127115104 96 95 9910827 926D81519137999999999999999999999 744 252047 9499999999999999
118126128121105 83 59 37 24 21 31 51 77104126139141133117 99 84 76 78 8927 927D8 143128154014299999999999999 842 212119 7599999999999999
106124137141133114 87 59 35 22 22 36 61 91119138145139122 99 77 61 56 6527 928D8 25114116 214599999999999999 929 202152 5699999999999999
 84108132148151140118 88 58 35 26 31 50 79110134147146130105 77 53 40 4227 929D8 34515216231499999999999999910 9 252225 3999999999999999
 57 84114140155156142116 86 58 40 36 47 71101129147150139114 83 54 33 2527 930D8 4331581644151999999999999991045 352259 2599999999999999
 33 56 87120146158155138112 84 61 49 52 69 95123144153146125 95 62 34 182710 1D8 51915917 4153999999999999991118 482333 1699999999999999
 17 32 60 93125147155149131106 83 67 63 72 92118140153151135108 75 44 222710 2D8 6 41561724154999999999999991148 62999999999999999999999
 12 18 37 67 99126144148140122102 85 76 79 93113135149153142120 90 59 332710 3D8 648148174415399999999999999 0 8 121216 7699999999999999
 17 14 24 46 74102124137137129114100 90 88 95110128144150145129104 76 502710 4D8 73413818 515099999999999999 044 131242 8799999999999999
 30 20 22 34 55 79102119127126119109100 96 99108122135144143133115 92 682710 5D8 825128182814599999999999999 122 1913 7 9699999999999999
 48 34 29 33 45 62 82 99111117117113107103103108116126134137132120104 852710 6D8 928118185313799999999999999 2 5 29133310399999999999999
 67 52 43 40 43 53 66 81 94104110112111109108109112117122126125119110 972710 7D811 8112192212699999999999999 258 40141110899999999999999
 84 71 61 53 50 51 57 66 78 89 991071111131131121101101111121131121091042710 8D81319113201011399999999999999 415 50165111099999999999999
 97 89 80 70 62 56 55 57 65 75 87 99110116119117112107102 99 981001031042710 9D814 4119234010599999999999999 555 541938 9899999999999999
105103 97 88 78 67 58 54 55 63 75 90105117124124118108 97 88 84 85 90 98271010D81430125999999999999999999999 716 542020 8399999999999999
106111111106 95 81 67 56 51 54 64 81 99116128131126114 97 82 72 69 74 86271011D8 134112145313199999999999999 8 9 512051 6999999999999999
100113121121113 98 80 64 52 49 56 71 92113130138135122102 81 64 55 57 69271012D8 231122151513899999999999999 849 492119 5599999999999999
 88108123131128116 97 76 59 50 51 63 84108129142143132111 85 62 46 42 51271013D8 315131153514499999999999999 923 492148 4299999999999999
 71 96119135140132115 93 72 56 52 59 77101125143149141120 93 64 42 31 34271014D8 353140155614999999999999999 954 522216 3099999999999999
 51 78107131144145132112 88 69 58 59 73 95120141152148131103 71 43 25 21271015D8 4311461616152999999999999991024 572245 2099999999999999
 32 57 88118140150145129107 85 69 65 72 90114137152153140114 82 50 25 13271016D8 5101501636154999999999999991053 652316 1399999999999999
 17 36 65 98127146150142124103 85 75 76 89109132149155147126 95 61 32 13271017D8 5501511657155999999999999991122 742349  899999999999999
  8 19 42 74106132146147136119101 88 84 91106126145155152136109 77 45 20271018D8 6331481719155999999999999991151 84999999999999999999999
  7  9 24 49 80110131141140129115102 95 96106121138150153143123 94 63 36271019D8 721142174315399999999999999 025  61221 9499999999999999
 16  8 13 30 55 83109126134132124114106104108118131143149145132110 83 56271020D8 817134181014999999999999999 1 7  8125210499999999999999
 34 19 14 20 36 58 82103118125125121115112112116124133140141135121101 79271021D8 930126184114199999999999999 157 14132911199999999999999
 57 39 26 22 27 39 58 78 97111119122121119117117119123127130129124113 99271022D81117122192013099999999999999 259 22143711799999999999999
 82 64 49 37 31 32 41 56 73 91106116123124123120117114113114116117115111271023D813 1124205511799999999999999 419 31175511399999999999999
102 91 76 61 48 39 36 42 54 71 89106119127128125117109101 97 97100106111271024D81348128999999999999999999999 549 361933 9699999999999999
113111103 90 74 57 45 40 43 55 72 93111125132131122108 94 82 76 78 87 99271025D8 0 7113141813399999999999999 7 8 392016 7699999999999999
112121123117103 84 65 50 43 46 60 80102122134136129113 92 73 60 55 62 78271026D8 147124144413799999999999999 810 432053 5599999999999999
 98118132136129113 91 69 54 48 54 70 93116134141137121 97 71 50 38 38 52271027D8 25313615 814199999999999999 859 482128 3699999999999999
 75102126142146137118 94 73 59 56 66 86110131144145131107 78 49 28 20 27271028D8 347146153114699999999999999 941 5622 2 2099999999999999
 48 78109135150151139118 95 75 65 68 82104128145150142120 90 57 29 12 10271029D8 4341531554150999999999999991018 652237  999999999999999
 24 51 85117142154151137116 94 79 74 82100122142153150133105 71 39 15  4271030D8 5191551618153999999999999991052 742312  499999999999999
  9 28 59 93124145153147131111 94 84 85 97116137151154143120 88 55 27  8271031D8 6 21531643154999999999999991124 832348  399999999999999
  4 14 37 69101128144147139124107 94 90 96110129145153148131105 74 44 212711 1D8 64514717 9153999999999999991155 90999999999999999999999
  9 10 24 49 78107128139139130116104 96 97106120136147148138118 91 63 392711 2D8 729140173714999999999999999 025  81226 9599999999999999
 22 15 21 37 60 86109125132130121111102 99103112125136142138125105 81 582711 3D8 81513218 714299999999999999 1 3 1513 0 9999999999999999
 39 28 26 33 48 69 91109120125122116108103102106114124131132126113 95 762711 4D8 9 6125184113299999999999999 144 25134210299999999999999
 58 44 37 37 44 58 75 93107116119118113108104103106111117121120114103 902711 5D810 9119192112199999999999999 230 36144610399999999999999
 75 62 52 47 47 54 65 79 94106114117117113108104101101103106109108105 982711 6D81121118202810999999999999999 326 46163410099999999999999
 89 79 69 61 56 55 60 69 82 95107115119119115108100 94 91 91 94 971001012711 7D81225120225010199999999999999 436 551827 9099999999999999
 99 94 86 77 69 63 61 64 73 85 98111120124122114103 92 82 77 77 82 90 972711 8D81310124999999999999999999999 552 611929 7699999999999999
103105102 95 85 75 67 64 68 77 90105118127128123110 94 78 67 61 64 74 872711 9D8 055105134412999999999999999 7 0 6420 9 6199999999999999
100110115112103 91 79 70 67 72 83 99115128134131119101 80 61 49 47 55 71271110D8 2 7115141213499999999999999 755 672043 4699999999999999
 90108121126121110 95 81 72 71 78 92110127138139130111 86 61 42 33 36 50271111D8 3 0126143814099999999999999 840 702116 3299999999999999
 73 98119133135128114 97 82 75 77 87105124139145140123 97 67 41 24 19 29271112D8 34513615 314599999999999999 920 742149 1999999999999999
 51 79108131142142131115 97 84 80 85100119137149148135110 79 47 22  9 11271113D8 428144152915099999999999999 957 802223  899999999999999
 28 56 88118140149145132114 97 87 87 97114133148154146125 95 61 29  8  0271114D8 5111491556154999999999999991033 862259  099999999999999
  8 31 63 97126145150144129112 98 92 96109127145155154139113 79 45 16 -1271115D8 55615016251569999999999999911 8 922338 -499999999999999
 -3 10 36 70104130145148140126111101 99106120137151156149129 99 65 33  8271116D8 6421481656156999999999999991143 98999999999999999999999
 -4 -1 15 43 76107130142143134122110104105114128143152152140118 88 56 27271117D8 732144173015499999999999999 020 -5122010399999999999999
  7 -1  5 23 50 81108128137136129119110107110119131142147144130108 80 52271118D8 82513818 814799999999999999 1 6 -113 310799999999999999
 28 12  7 14 31 57 84108124131130124117110108111118127135138133120101 78271119D8 924132185313899999999999999 156  7135710899999999999999
 54 34 21 18 25 41 63 86106120126126121115109106107111117123125121112 98271120D81027127195412599999999999999 251 18151810699999999999999
 80 62 45 34 31 37 50 69 89106118124124120112105 99 97 98102108112112109271121D81129125214111399999999999999 353 3117 8 9799999999999999
100 88 73 59 49 45 49 59 75 93108119125124118108 97 87 81 81 85 92101107271122D81222125999999999999999999999 5 2 451838 8099999999999999
110107 99 87 74 63 58 59 68 82 98113123127124114100 84 71 62 61 68 80 94271123D8 0 111013 312799999999999999 616 571938 6199999999999999
107115117111100 87 75 68 69 77 91107121129131123108 88 68 52 43 44 54 72271124D8 143117133813199999999999999 725 682024 4299999999999999
 93111124128123111 96 84 77 78 86101117130136133120 99 74 50 33 26 31 47271125D8 255128141113699999999999999 824 7621 6 2699999999999999
 71 96119133137131118102 89 83 85 96112128139141132113 87 58 33 17 14 24271126D8 352137144214299999999999999 913 832145 1399999999999999
 46 75104127141143134119103 91 87 93107124139147143128103 73 42 19  6  8271127D8 439144151414799999999999999 955 872223  599999999999999
 24 51 83113135146144133117102 92 92101117134147150141120 91 59 30  9  2271128D8 5221471546150999999999999991032 9123 1  299999999999999
  9 30 60 92121140146141128112 99 93 96109126142151149134109 78 47 21  6271129D8 6 214616191519999999999999911 8 932338  399999999999999
  4 16 40 71102127141143135121106 96 94101115132145150142124 97 66 38 17271130D8 6411441653150999999999999991143 93999999999999999999999
  7 10 26 52 82110130139137127113101 94 96105120135144144133112 85 57 332712 1D8 720140172814699999999999999 016  61220 9499999999999999
 17 13 20 39 65 92116130135130119107 97 93 97108122134139135121 99 75 512712 2D8 75813518 413999999999999999 053 121259 9399999999999999
 32 22 22 33 52 77101119129130123113102 94 93 98108120128130123109 89 682712 3D8 836131184313099999999999999 130 201343 9299999999999999
 48 35 29 33 46 65 87107121127125118107 98 92 91 96105114120120112 99 822712 4D8 916127192712199999999999999 2 6 291436 9199999999999999
 65 50 41 39 46 59 77 96111121124121113103 94 89 88 92 98106110110104 932712 5D8 956124202511199999999999999 244 391541 8899999999999999
 80 67 57 51 51 59 71 87103115122122118110 99 90 83 81 83 89 96101102 992712 6D81039123214910299999999999999 325 501658 8199999999999999
 92 83 74 66 62 63 70 82 95108118122122116106 94 83 74 71 72 78 86 94 992712 7D81123123234610099999999999999 415 621812 7199999999999999
100 97 91 84 77 74 74 80 90102113121125122114102 87 73 62 57 59 67 79 912712 8D812 8125999999999999999999999 520 731912 5799999999999999
100106106102 95 88 84 83 88 96107118126128124112 96 77 59 47 42 47 58 752712 9D8 133107125112899999999999999 635 8320 1 4299999999999999
 92107115117113106 97 91 90 94102114125132132124108 87 63 43 30 28 36 53271210D8 249117133213399999999999999 748 902045 2799999999999999
 75 98116126129123114103 96 94 99109122133139136123102 75 48 26 14 15 28271211D8 346129141213999999999999999 848 942128 1399999999999999
 51 79105126137138130118106 99 98104117131142146138120 93 62 32 10  1  6271212D8 435138145114699999999999999 938 972210  199999999999999
 24 52 85114134144143133119106100101110125140150150138114 82 48 18 -2 -8271213D8 5201451530152999999999999991022 992253 -899999999999999
  1 25 57 92121141148143131117105100104116133148155151134106 71 36  7-10271214D8 6 514816111559999999999999911 31002337-1399999999999999
-12  2 29 64 99127143147140127112102100107122139152156148127 97 61 27  1271215D8 6481471652156999999999999991143100999999999999999999999
-12-10  8 38 73106130143143134120107 99100109124140151153141119 88 54 23271216D8 731144173615499999999999999 021-131226 9999999999999999
  1 -8 -2 19 49 83112132140137126112101 96 98108123137146144132109 81 50271217D8 812140182314799999999999999 1 5 -81311 9599999999999999
 24  7  2 12 34 63 92117131135129117104 94 90 94104117129136133122102 77271218D8 851135191513699999999999999 149  214 3 9099999999999999
 52 31 19 18 30 51 77101120129129121109 97 87 84 87 95107117123121112 97271219D8 928130201912399999999999999 233 1715 3 8499999999999999
 78 58 43 36 38 50 68 90109122126123114102 89 80 75 77 83 93103109110106271220D810 5126214311199999999999999 317 351616 7599999999999999
 96 83 70 59 55 58 69 84101114123124119109 96 82 71 65 64 69 78 88 97103271221D81043124234110499999999999999 4 5 551737 6399999999999999
104100 92 84 77 74 76 84 96108118124123117105 90 75 61 52 50 54 64 76 90271222D81125124999999999999999999999 5 3 741853 5099999999999999
100106108104 98 92 89 90 95104114122126124116103 85 67 51 39 36 41 53 69271223D8 142108121312699999999999999 618 881956 3699999999999999
 87102113117115110103 98 97101109118126129127117101 80 58 39 27 24 31 46271224D8 31011713 712999999999999999 741 972049 2499999999999999
 67 90109121126124116108101100103112122131134130117 97 73 48 28 16 15 26271225D8 4 7126135913499999999999999 849 992135 1499999999999999
 46 71 97117130133128118107100 98104115127137139132116 92 64 38 18  8 11271226D8 449133144713999999999999999 940 982217  799999999999999
 26 51 79106126136136127114102 95 96105119133142142132111 84 54 28 10  4271227D8 5251371532143999999999999991022 952256  499999999999999
 12 32 60 91117134139134121106 95 90 95107124138145142127103 73 43 19  5271228D8 55813916131469999999999999911 0 902333  399999999999999
  5 18 43 73103126138138128113 98 88 87 95111128141145138119 92 61 33 13271229D8 6301391651145999999999999991136 86999999999999999999999
  5 10 29 57 88115133139133120103 89 82 85 97114131141141129107 79 50 26271230D8 7 0139172914399999999999999 0 7  51213 8299999999999999
 12 10 22 44 73102124135135125109 92 81 78 85 99117131138133118 95 68 42271231D8 72813718 613899999999999999 039  91248 7899999999999999
