 81 74 69 69 74 85 99114125130128119105 89 73 60 51 49 51 58 67 76 83 8727 1 1E6 9101302358 8999999999999999 234 681657 4999999999999999
 88 87 85 84 85 90100111122130132128118103 86 69 53 43 38 40 47 57 69 8027 1 2E6 949132999999999999999999999 3 7 841813 3899999999999999
 89 95 97 97 96 97100107116125131132127117102 83 64 46 34 28 30 39 52 6827 1 3E6 224 97104313299999999999999 417 961914 2899999999999999
 83 96104107107104103105110117125130132128117100 79 56 37 23 18 22 34 5227 1 4E6 317108114813299999999999999 6 110320 3 1899999999999999
 72 90105113115112108104104109116125132134129116 96 72 47 26 13 11 19 3527 1 5E6 350115125113499999999999999 7291042045 1099999999999999
 57 80100114120119113106101101107116127135136129113 89 62 35 15  5  7 1927 1 6E6 419120134413799999999999999 8311012123  499999999999999
 40 66 90109121123118109101 96 98106118131139138128107 79 50 24  6  0  727 1 7E6 446123142914099999999999999 916 962158  099999999999999
 25 50 77101117123121113102 93 91 95107122135142138122 97 67 37 14  0  027 1 8E6 51212415 914299999999999999 953 912230 -199999999999999
 13 36 63 90110121123116104 93 86 86 95110127139142133113 85 54 26  7  027 1 9E6 5371231546142999999999999991027 8523 1  099999999999999
  7 25 51 78102118123118108 94 83 79 84 97114130139138124100 71 42 19  627 110E6 6 112316231409999999999999911 0 792330  499999999999999
  6 19 41 68 94113122121112 98 84 75 75 83 99116130135129112 87 59 34 1727 111E6 6241231659135999999999999991134 742357 1199999999999999
 11 18 36 61 86107120123116103 88 75 69 72 83100116126127118 99 75 51 3227 112E6 6461231738128999999999999991210 69999999999999999999999
 22 23 36 56 80102118124121109 93 78 67 64 70 82 98111119117106 88 68 4927 113E6 7 8124182011999999999999999 023 211250 6499999999999999
 37 34 41 56 77 98115124124115100 84 69 60 59 66 78 92103109106 96 81 6627 114E6 729125191010999999999999999 048 341336 5999999999999999
 54 48 51 61 77 95112123127121109 92 75 62 54 54 60 71 83 93 98 97 90 8027 115E6 7521272017 9899999999999999 113 481433 5399999999999999
 71 65 64 70 81 95110122128126117103 86 69 55 47 46 50 60 71 81 88 90 8927 116E6 81812822 3 9099999999999999 138 641544 4599999999999999
 85 82 80 82 88 97109120127129125114 99 82 64 49 39 35 37 45 57 69 80 8827 117E6 849129999999999999999999999 2 1 8017 6 3599999999999999
 92 94 95 96 98103109117125130130125115100 81 61 43 28 21 22 30 43 60 7627 118E6 9341309999999999999999999991825 20999999999999999999999
 89 99106108109109111115120126130132128119103 82 58 35 17  6  6 15 32 5427 119E610471329999999999999999999991932  5999999999999999999999
 75 94108116118117114113115119125132136134125108 84 55 27  5 -7 -7  5 2627 120E6 358118121713699999999999999 6571132030 -999999999999999
 53 80102117124123118112109109115124134141142132112 83 50 18 -6-18-15  127 121E6 423124133414399999999999999 8231082120-1899999999999999
 28 58 88110124127122113104 99101109122137147148137113 81 44 11-12-22-1527 122E6 449127143614999999999999999 917 9922 5-2299999999999999
  6 37 70 99119127125114101 91 86 91103121139150150137110 75 38  7-13-1727 123E6 51412715301529999999999999910 1 862245-1899999999999999
 -5 20 53 85111125127118103 87 76 73 82 99120139149147131103 68 34  7 -727 124E6 5381271621150999999999999991043 732321 -899999999999999
 -4 13 42 74103122128122107 88 71 62 63 75 95117134142138120 93 62 33 1327 125E6 6 012817 9143999999999999991124 612353  799999999999999
  7 16 38 67 96119130128115 95 74 58 51 55 70 90111126131124107 83 57 3627 126E6 62113117561319999999999999912 6 51999999999999999999999
 25 27 42 65 92116130133124105 83 62 48 44 51 66 85103114116109 94 75 5727 127E6 642134184411799999999999999 021 241250 4499999999999999
 45 42 51 68 91113130136131116 95 73 54 43 42 49 63 78 92101102 96 85 7327 128E6 7 4136193710299999999999999 045 421339 4199999999999999
 63 58 62 73 91110127136136126109 88 67 51 43 42 48 58 70 81 88 89 86 8127 129E6 7291372048 8999999999999999 1 6 581436 4199999999999999
 76 73 74 81 92107121132136131119102 83 66 52 44 42 45 52 61 70 77 81 8327 130E6 757136999999999999999999999 118 731550 4299999999999999
 84 84 85 89 95105116125131131125114 99 83 67 54 44 40 40 45 52 62 71 7927 131E6 8321329999999999999999999991723 39999999999999999999999
 86 91 95 97100104110117123126125120111 99 85 69 54 42 35 33 37 45 57 6927 2 1E6 9231269999999999999999999991848 33999999999999999999999
 82 93101105106106107109113117121122120113102 87 69 51 36 27 25 29 41 5627 2 2E610531229999999999999999999991949 24999999999999999999999
 74 90102110112110106104104107112118122122117105 86 65 44 27 18 17 25 4127 2 3E6 354112123312399999999999999 7301032034 1699999999999999
 61 82100112116114107101 96 96101110119126127120104 82 57 34 17  9 13 2627 2 4E6 4 7116133912899999999999999 831 962111  999999999999999
 47 71 94110118117110100 91 87 89 98111124132132121100 74 46 23  8  5 1427 2 5E6 425119142713399999999999999 910 872144  499999999999999
 34 59 85106118120113102 89 80 78 85 99116130137133117 91 62 34 13  3  727 2 6E6 44312015 813799999999999999 942 782214  399999999999999
 23 48 75100116122117105 89 75 69 71 84103122135138129108 79 49 24  8  627 2 7E6 5 21221546139999999999999991014 682241  599999999999999
 17 39 66 93113123121109 92 75 62 60 68 86107126137135121 96 67 39 19 1027 2 8E6 5201241622138999999999999991045 5923 7 1099999999999999
 16 34 59 87110123125115 97 77 60 52 54 68 89111128134128109 84 56 34 2127 2 9E6 53812617 0134999999999999991116 512331 1999999999999999
 20 33 55 82106123128121104 83 62 48 44 52 70 92113126127117 97 73 51 3527 210E6 5561281738128999999999999991149 442354 3099999999999999
 30 37 55 79103121130126112 91 68 49 39 40 52 72 93110119117106 87 67 5127 211E6 6131301820120999999999999991224 38999999999999999999999
 44 46 59 78100119130130120100 77 56 40 34 39 52 71 90104110106 95 81 6827 212E6 63213219 711099999999999999 015 4313 3 3499999999999999
 59 58 66 81 99117129133126111 89 67 48 35 32 38 50 67 83 94 98 96 89 8027 213E6 65113320 7 9899999999999999 035 581351 3299999999999999
 74 72 76 86100115127133131120102 82 61 45 34 31 35 45 58 71 81 87 88 8727 214E6 7141332151 8899999999999999 050 721454 3199999999999999
 85 85 87 93103114124131132126115 98 80 62 46 34 28 29 35 46 58 69 78 8527 215E6 742132999999999999999999999 043 851624 2899999999999999
 90 94 97101106113119125128128123113100 84 67 49 34 24 20 23 32 45 60 7427 216E6 82412999999999999999999999918 5 20999999999999999999999
 87 97104108111112115117120123124122117108 93 74 52 32 17  9 10 19 36 5627 217E610 11249999999999999999999991923  8999999999999999999999
 76 94106114115113110108108111116122126125118102 80 53 28  8 -2  0 13 3427 218E6 351115122412699999999999999 7291082022 -299999999999999
 59 84103115119115108100 95 95101111123132135127109 82 51 22  1 -8 -3 1527 219E6 356119134713599999999999999 832 9421 8 -899999999999999
 41 70 96114122119109 95 84 78 80 91108126139142133111 80 47 17 -2 -7  427 220E6 412122144714299999999999999 914 782148 -799999999999999
 27 57 87110123123112 95 77 65 61 68 85107129143145132107 75 42 15  1  327 221E6 430125153914699999999999999 952 612223  099999999999999
 20 47 78106123128119100 78 58 46 46 59 81107130142141126100 68 39 18 1227 222E6 4491281626143999999999999991029 452255 1299999999999999
 21 43 72102123132127109 85 60 40 32 38 55 81107127136132115 90 62 39 2727 223E6 5 713217101379999999999999911 6 322322 2699999999999999
 29 45 70 98122135134120 96 68 44 28 24 35 56 81105121126119102 81 60 4527 224E6 5271361754126999999999999991143 242346 4199999999999999
 42 51 71 96119136140130109 82 55 33 22 24 37 58 81100112114106 91 75 6227 225E6 5481401838114999999999999991222 21999999999999999999999
 56 60 73 94116133141137121 97 70 46 29 23 28 42 60 79 94101101 94 84 7427 226E6 610141192610299999999999999 0 7 5513 2 2399999999999999
 68 69 78 93111127138138128110 86 63 43 31 28 34 46 61 75 85 90 90 86 8227 227E6 6341392027 9199999999999999 025 681349 2899999999999999
 78 78 83 93107120131135130118100 80 61 46 37 35 39 48 58 68 76 81 83 8427 228E6 7 0135999999999999999999999 032 781448 3599999999999999
 85 86 89 95103113121127127120109 94 79 64 52 44 40 41 45 52 60 68 76 8227 3 1E6 7301279999999999999999999991618 40999999999999999999999
 87 92 95 99102107112116118117112104 94 82 70 58 48 41 38 40 45 54 64 7527 3 2E6 81211899999999999999999999918 7 38999999999999999999999
 86 94100103104104104105108109110109105 98 88 75 60 47 37 32 33 39 51 6627 3 3E6 9581109999999999999999999991921 31999999999999999999999
 81 94103107107103 99 96 96 98103108111110104 93 77 58 41 29 24 27 37 5427 3 4E6 321108122311199999999999999 735 9520 9 2499999999999999
 72 90104111111105 96 89 84 85 91101110117117110 95 74 52 33 21 18 26 4227 3 5E6 329111133411899999999999999 820 842045 1899999999999999
 63 84102113114108 97 84 75 72 77 88103117124123112 92 67 43 24 16 18 3227 3 6E6 342115142212599999999999999 853 722117 1599999999999999
 53 77 99114118113 99 83 68 60 61 72 90109124131125109 85 58 34 19 16 2527 3 7E6 35611815 413199999999999999 923 592146 1599999999999999
 45 70 95113121118104 85 65 51 47 54 72 95116131133123102 75 49 29 20 2427 3 8E6 412122154213499999999999999 952 472212 1999999999999999
 40 64 90112124123111 90 67 47 36 38 52 75101123134132117 93 66 43 29 2827 3 9E6 4281251620134999999999999991022 352238 2799999999999999
 39 60 86110125128119 98 72 48 30 25 34 54 81107126132125107 84 60 43 3727 310E6 4451291659132999999999999991053 2523 2 3799999999999999
 42 59 83107125132126108 81 54 31 18 20 34 59 86110124126116 98 77 59 4927 311E6 5 31321739127999999999999991125 172324 4899999999999999
 50 62 82105124134132117 93 64 38 19 12 19 38 63 89109119117106 90 74 6327 312E6 5211351821119999999999999991159 122345 6099999999999999
 60 68 83103122134136126105 78 51 28 14 12 23 42 65 87102109106 97 85 7627 313E6 5401371910109999999999999991238 11999999999999999999999
 72 75 86102119132137132117 94 68 43 25 15 16 26 43 63 80 92 97 96 91 8527 314E6 6 21372014 9899999999999999 0 3 721324 1499999999999999
 82 84 91102115127134134124108 86 64 43 28 20 21 28 41 56 70 81 87 89 9027 315E6 627135999999999999999999999 014 821427 1999999999999999
 90 91 96103112121127130126117102 85 67 50 36 27 24 27 35 46 59 71 80 8727 316E6 6571309999999999999999999991559 24999999999999999999999
 93 97101104108113117120121118112102 90 76 60 44 31 24 22 27 37 51 66 7927 317E6 7441219999999999999999999991745 22999999999999999999999
 91100105107107106106106108110112111108100 87 70 51 33 21 16 20 31 48 6727 318E6 318107102311299999999999999 55210619 4 1699999999999999
 85100108110107101 95 91 90 94101109115117112 98 78 54 33 18 12 18 33 5427 319E6 251110124711799999999999999 739 9020 0 1299999999999999
 77 97110115111101 88 77 71 73 81 95110122127121105 81 54 31 16 13 23 4327 320E6 3 1115135912799999999999999 821 712043 1399999999999999
 68 92110119117105 87 69 56 51 57 72 93113129134126107 80 52 30 19 21 3627 321E6 317120145413499999999999999 858 512120 1899999999999999
 60 87110123124113 92 69 48 35 34 46 68 94118133136125104 76 50 33 27 3627 322E6 334125154213799999999999999 934 332153 2799999999999999
 56 82108126131123102 75 48 28 19 24 42 68 97121134133120 97 72 51 39 4127 323E6 35313116271359999999999999910 9 182222 3999999999999999
 56 79105126136132115 88 57 30 12  9 20 43 72100121130126111 90 69 54 5027 324E6 4141371710130999999999999991044  82249 5099999999999999
 59 78102124138140127102 71 40 17  5  7 24 49 77102118122116101 84 69 6127 325E6 4361411752123999999999999991119  42314 6199999999999999
 64 78 98120136142135116 87 56 29 11  5 13 32 56 81101112113105 93 81 7227 326E6 4591421835113999999999999991154  52337 7099999999999999
 71 79 95114131140139125102 74 46 24 12 12 23 41 62 82 97104103 96 88 8127 327E6 5241411921104999999999999991231 102358 7899999999999999
 78 82 92107123134137130113 89 64 42 26 19 22 33 49 66 80 91 95 94 91 8727 328E6 5491372019 95999999999999991312 19999999999999999999999
 84 86 92102114124130128118101 81 60 44 33 29 32 41 52 65 76 84 88 89 8927 329E6 617130999999999999999999999 013 8414 2 2999999999999999
 89 90 93 99106114120121117107 93 77 62 50 41 38 39 44 52 61 71 79 85 8927 330E6 6471219999999999999999999991515 37999999999999999999999
 92 94 96 98101104108111110107100 90 79 68 58 49 43 41 43 49 57 67 77 8627 331E6 7281119999999999999999999991659 41999999999999999999999
 93 98100100 98 97 97 98100101100 98 93 85 75 64 53 44 39 40 46 55 68 8127 4 1E6 217100 91910199999999999999 534 971825 3999999999999999
 93101104103 99 93 88 85 86 90 95 99101 99 92 81 67 53 42 36 37 45 58 7427 4 2E6 21510412 310199999999999999 714 851920 3599999999999999
 90102108108101 91 81 73 71 75 83 93103108107 99 84 67 50 38 33 37 49 6727 4 3E6 226109132110999999999999999 753 7120 2 3399999999999999
 85102112113106 93 78 64 57 58 66 81 97110117114102 84 63 46 35 34 43 6027 4 4E6 241114141211799999999999999 825 562036 3399999999999999
 80100114118113 98 78 59 45 41 47 63 84104119124118102 81 60 44 37 41 5527 4 5E6 256118145612499999999999999 855 4121 8 3799999999999999
 76 98115123120105 83 59 38 27 28 42 64 90113127128118 99 77 57 45 44 5427 4 6E6 313123153812999999999999999 925 262137 4399999999999999
 72 95115127127115 92 64 37 19 12 21 41 70 98120131128115 94 73 58 51 5627 4 7E6 331129161913199999999999999 956 1222 5 5199999999999999
 71 92113129133124103 74 43 18  3  4 19 45 76105124130124109 90 72 62 6227 4 8E6 35113317 0130999999999999991028  22232 6199999999999999
 72 90111129137133116 88 56 25  4 -5  2 23 52 82108123125117102 87 75 7027 4 9E6 41213817431269999999999999911 3 -52257 7099999999999999
 76 90109127138139127104 73 41 13 -3 -6  6 29 57 85106117117109 97 86 8027 410E6 4351401830118999999999999991141 -72320 7999999999999999
 81 90106122136141135118 91 61 31  9 -3 -1 13 35 60 83100108108102 94 8827 411E6 5 01411926109999999999999991223 -32343 8699999999999999
 87 92103117130138137127107 82 54 30 12  4  7 20 39 60 78 92 99100 97 9427 412E6 5281392041100999999999999991313  4999999999999999999999
 92 94100110121129133129117 99 77 55 35 21 14 16 25 40 57 72 85 92 96 9727 413E6 6 1133999999999999999999999 0 3 921416 1499999999999999
 97 97 99104111117122123119109 95 79 62 45 32 25 24 29 39 53 68 80 90 9627 414E6 6441239999999999999999999991541 23999999999999999999999
100100100100101103106108110109104 97 86 73 58 44 33 29 31 39 52 67 82 9427 415E6 8 81109999999999999999999991712 29999999999999999999999
101105103 99 94 90 88 89 92 97102104102 96 84 69 53 39 32 33 41 56 73 8927 416E6 11310511 910499999999999999 614 881825 3299999999999999
102109109103 93 82 73 69 70 77 88 99107110106 94 77 59 44 36 38 48 65 8427 417E6 132110125811099999999999999 716 691920 3699999999999999
101113116110 97 80 64 53 49 53 66 83100113119115101 82 62 48 42 46 60 7927 418E6 15211614 511999999999999999 758 4920 5 4299999999999999
100115123120106 86 63 43 32 31 40 59 82104120125119104 84 65 52 50 58 7527 419E6 213123145812599999999999999 836 302043 4999999999999999
 97116128129118 97 70 43 23 14 18 34 59 86110125128120103 83 67 58 61 7327 420E6 235130154612999999999999999 912 142118 5899999999999999
 93114130136130111 83 52 25  7  3 13 35 64 92115128128117100 83 70 66 7427 421E6 259136163012999999999999999 947  32150 6699999999999999
 90110129140139124 98 66 35 10 -2  0 15 41 71 99118126123112 96 82 74 7627 422E6 3251411712127999999999999991022 -32220 7499999999999999
 87105124139143134113 84 51 22  2 -4  4 24 51 79103118122116105 92 82 8027 423E6 3511431753122999999999999991057 -42250 7999999999999999
 86100117133142140125100 69 39 15  1  1 13 35 60 85104114115109 99 90 8427 424E6 4191431835116999999999999991132 -12318 8499999999999999
 86 95110125137140132113 86 58 32 14  6 10 25 46 68 88102109108102 95 8927 425E6 44814019201099999999999999912 8  62347 8799999999999999
 87 92102116128134132120100 76 51 31 18 15 22 36 55 73 89 99103102 98 9327 426E6 5181352013103999999999999991247 15999999999999999999999
 90 91 97106117125127122109 90 69 49 34 26 26 33 45 60 75 87 95 99 99 9627 427E6 5501272124 9999999999999999 018 901332 2599999999999999
 94 92 94 99106113117117111 99 83 67 52 41 35 35 41 51 63 76 86 94 98 9927 428E6 6271182255 9999999999999999 1 0 921428 3499999999999999
 98 96 94 94 97101105107106101 93 81 69 58 49 43 43 46 54 65 77 87 9510027 429E6 718107999999999999999999999 226 941541 4299999999999999
102100 97 93 90 89 91 93 96 97 96 91 84 75 65 56 50 47 50 57 68 80 9110027 430E6 0 1102 9 0 9799999999999999 455 8917 1 4799999999999999
105106102 95 87 81 77 77 81 87 92 95 95 91 83 73 62 54 50 53 61 73 86 9927 5 1E6 0361061127 9699999999999999 624 7718 8 5099999999999999
108111108100 88 75 66 61 63 71 81 92100103 99 91 79 66 57 54 57 67 81 9727 5 2E6 1 2111125910399999999999999 711 6119 0 5499999999999999
109116115107 92 74 58 47 45 51 64 81 97108112108 97 83 69 60 59 65 77 9427 5 3E6 125117135911299999999999999 747 441943 5899999999999999
109120122115 99 78 55 37 28 30 42 62 85104117120114101 85 72 65 66 75 9127 5 4E6 147123144912199999999999999 821 272022 6499999999999999
108122129125110 87 59 34 17 11 19 38 64 91113125126117103 87 75 71 76 8927 5 5E6 210129153512799999999999999 855 112058 7199999999999999
106123133134123100 70 39 14  0 -1 14 39 70 99120130128117102 88 80 80 8827 5 6E6 234135162013199999999999999 931 -22132 7999999999999999
103121135141135116 87 53 21 -2-12 -6 14 43 76104123130126115101 90 86 8927 5 7E6 3 014117 61309999999999999910 8-1222 4 8699999999999999
101117133144144131106 73 38  8-11-16 -5 18 49 81106122126121111100 92 9227 5 8E6 3301451755126999999999999991048-162236 9199999999999999
 99112128142147142124 95 62 29  2-13-13  0 25 55 83105118120115107 99 9527 5 9E6 4 21471847120999999999999991132-1523 9 9599999999999999
 97106120134144145135115 86 55 25  3 -8 -5  9 33 59 84102112114110103 9827 510E6 4381461944114999999999999991218 -82346 9699999999999999
 96101110122134140138126106 80 53 28 10  2  6 20 40 63 84 9910710910610127 511E6 5181402047109999999999999991310  2999999999999999999999
 97 97101109119127130127117100 78 56 36 21 16 19 31 48 67 85 9810510710527 512E6 6 6130215010799999999999999 036 9714 7 1699999999999999
100 96 95 97102108114118116108 96 81 63 47 35 30 32 41 56 73 8910010710827 513E6 711118224410899999999999999 154 951513 2999999999999999
105 99 93 88 87 89 93 99103105103 96 86 73 60 49 43 44 51 65 81 9510611127 514E6 857105232611299999999999999 354 871622 4299999999999999
111106 96 86 78 73 72 76 83 91 98101100 94 84 72 61 54 55 62 75 9010511427 515E61118101999999999999999999999 538 721727 5499999999999999
118114105 91 76 63 55 54 59 69 82 94103107103 94 82 71 64 65 73 8610211527 516E6 0 111813 010799999999999999 642 531824 6499999999999999
123124116101 82 62 46 37 37 45 60 79 96109114111102 89 78 73 75 84 9811427 517E6 034125141011499999999999999 730 361915 7299999999999999
126131128115 94 69 45 28 21 24 37 57 80101116121117107 94 84 80 84 9511027 518E6 1 713215 512199999999999999 812 2020 1 8099999999999999
125135137128109 83 54 29 13  9 17 35 60 86108122126120109 96 88 86 9210527 519E6 139138155212699999999999999 851  92044 8599999999999999
121135142138124 99 69 39 16  3  3 16 39 67 94115126127120108 97 90 9110027 520E6 212142163512899999999999999 928  12123 8999999999999999
114130142144136115 87 55 27  6 -2  4 22 48 76102120127125117105 96 92 9627 521E6 24614517161289999999999999910 5 -222 1 9299999999999999
107122137145143129104 74 43 17  2 -1 10 31 58 86108121125121111101 94 9327 522E6 3201461755125999999999999991041 -12236 9399999999999999
100113128140144137119 92 62 34 13  3  6 20 43 69 93111120121115106 97 9327 523E6 3541441833121999999999999991117  22310 9399999999999999
 95105118132140140129108 81 53 29 13  8 16 32 55 78 98112117115109101 9427 524E6 4281411912117999999999999991153  82346 9299999999999999
 92 97108121132136132118 96 71 47 28 17 17 27 45 66 86102112114111104 9727 525E6 5 31361952114999999999999991230 16999999999999999999999
 92 93 99109120127129122107 86 64 45 31 25 28 40 56 75 9210511111210710127 526E6 541129203411299999999999999 026 9213 8 2599999999999999
 95 91 92 98106115120119111 97 80 62 47 38 35 40 51 67 83 9710711111110627 527E6 623120211811299999999999999 117 911349 3599999999999999
 99 93 89 90 94100106110109102 91 78 64 53 47 46 51 62 76 9010211011311127 528E6 71811022 211399999999999999 226 891436 4699999999999999
105 97 90 85 83 85 90 95100100 97 90 80 70 62 57 57 62 72 84 9710811411627 529E6 841101224311699999999999999 357 831532 5699999999999999
112104 94 83 76 72 73 78 85 92 96 97 93 87 80 72 68 67 72 81 9310511511927 530E61040 97232112099999999999999 519 711636 6799999999999999
118112100 86 72 62 57 58 65 76 87 96101101 97 90 83 77 77 81 9010211412227 531E61232102235612599999999999999 617 561739 7699999999999999
125121110 94 75 57 44 39 43 54 70 87101109111108100 92 86 85 9010011212327 6 1E61349111999999999999999999999 7 4 391838 8599999999999999
130130121105 83 59 39 25 22 30 47 68 90108119121116108 99 93 93 9911012227 6 2E6 030131144812199999999999999 746 221931 9299999999999999
133137134120 98 70 42 20  8  8 21 43 70 96116127128122113104 9910010711927 6 3E6 1 6137154012999999999999999 828  62019 9999999999999999
132142144135116 88 56 26  4 -6 -2 16 43 7410212213213212511510610310611527 6 4E6 143144162913399999999999999 912 -621 310399999999999999
128141149148135111 78 44 13 -8-14 -6 16 46 7810612513313112311410610511027 6 5E6 223150171813399999999999999 956-14214610599999999999999
121136148154149132104 70 34  5-13-16 -4 20 52 8410912513112812011110510527 6 6E6 3 515418 5131999999999999991042-17222810499999999999999
112125140152155147127 98 63 29  2-12-12  3 29 60 8911112412712311410610127 6 7E6 3501551851128999999999999991128-14231310199999999999999
103112126140150151141120 91 59 29  6 -4 -1 16 41 69 9511412312311710810027 6 8E6 4381521932124999999999999991215 -5999999999999999999999
 96 99109122135143143132113 87 58 33 15  9 15 31 55 8010211612212011210227 6 9E6 529144201012299999999999999 0 2 9613 0  999999999999999
 93 90 93102114125132131122106 84 61 41 28 25 33 49 70 9211012012211710727 610E6 626133204412299999999999999 059 901346 2599999999999999
 96 87 83 85 92102112118119112100 84 67 53 44 44 52 67 8610411812412311527 611E6 735119211712499999999999999 2 8 831432 4399999999999999
103 90 80 74 74 79 87 96104107105 98 88 77 67 61 62 71 8410111512512812427 612E6 9 7107215212899999999999999 330 731519 6199999999999999
114100 85 72 63 61 64 72 82 92 99102100 95 88 81 77 79 86 9911312513213227 613E61110102223113399999999999999 454 611612 7799999999999999
125113 96 78 62 52 47 50 59 71 84 95103106104 99 93 90 91 9810912113113627 614E613 6106231513799999999999999 6 5 471712 9099999999999999
135126111 91 70 52 39 35 38 49 65 82 97108114113109103 9910010611612813627 615E61424114999999999999999999999 7 3 351817 9999999999999999
140137126108 85 61 41 28 24 30 44 64 8510311612212111510810410511112113227 616E6 0 4140151912299999999999999 752 24192110499999999999999
141143138124102 76 50 30 18 17 26 45 68 9211112412812511811010610711312427 617E6 05314316 212899999999999999 835 16201910599999999999999
136144145137120 95 66 40 20 11 14 28 50 7610011912913112511610810410711527 618E6 140146164013199999999999999 916 1021 910499999999999999
128140147146134113 85 55 30 13  8 15 34 59 8610912513213012211210410210727 619E6 223148171513299999999999999 954  8215110299999999999999
118132144149144129104 74 45 22  9  9 21 43 70 9611612813112611610610010027 620E6 3 41491747131999999999999991031  82228 9999999999999999
108121136146148140120 93 63 37 18 10 15 32 56 82105122129127119109 99 9527 621E6 34314918171299999999999999911 5 1023 4 9599999999999999
 99110124138146144131109 82 54 31 17 15 26 45 70 94114125127122112101 9427 622E6 4211471846128999999999999991139 152340 9299999999999999
 92 99111126138142137121 98 71 47 29 22 25 40 61 84105120127125116105 9527 623E6 4581421915127999999999999991211 21999999999999999999999
 89 90 99112125134135126109 87 64 45 33 31 39 56 77 98115125126121110 9827 624E6 537136194212799999999999999 019 891241 3099999999999999
 89 85 88 97109120127125116 99 80 61 47 41 44 55 72 9211012212812511610427 625E6 620127201012899999999999999 1 4 851312 4199999999999999
 93 84 81 85 93104113118115107 93 77 64 55 54 60 72 8810511912812912311227 626E6 712118203812999999999999999 156 811343 5399999999999999
 99 87 79 76 79 86 95104108107101 91 81 72 68 69 76 8810211612713112812027 627E6 82010921 713199999999999999 259 761418 6799999999999999
107 93 80 71 67 69 76 85 94101103101 95 89 84 82 84 9110211412513213312827 628E6 957103214113399999999999999 410 6715 1 8299999999999999
117103 87 72 60 55 56 63 74 86 96102105104101 97 96 9810411312313113613527 629E61210105222113699999999999999 519 541559 9699999999999999
128115 98 79 61 47 40 41 50 64 80 9510611311511311010810911312112913714027 630E61359115231214099999999999999 621 40171510899999999999999
138130115 94 71 49 32 24 26 38 56 77 9611212212512311911611611912613414227 7 1E615 6125999999999999999999999 717 24183711699999999999999
146143133114 89 62 36 17 10 13 28 51 7610111913013313012512011912112913827 7 2E6 010146155613399999999999999 810  9195011899999999999999
147152149136114 85 53 24  5 -2  4 23 50 7910612513613713212511911712113027 7 3E6 110152163913799999999999999 9 1 -2205011799999999999999
142153158154139113 79 45 15 -4 -9  1 23 54 8511213113813712912011311211827 7 4E6 2 7158171813999999999999999 950 -9214111299999999999999
130144157162157139110 74 39 10 -7 -9  5 30 63 9411913413813312211110510527 7 5E6 3 21621753138999999999999991036-10222810499999999999999
113128145158163155135105 70 35  9 -4 -1 16 44 76105126136135125112100 9427 7 6E6 3551631823136999999999999991120 -52314 9499999999999999
 97108125142155158149129 99 66 36 15  7 14 34 62 92117132136130116101 8927 7 7E6 44715918511369999999999999912 0  7999999999999999999999
 84 89101119136147149139120 93 65 41 26 24 36 57 84109128137134123107 9027 7 8E6 540150191613799999999999999 0 1 841237 2399999999999999
 79 75 81 94110126135136127110 89 67 50 42 46 60 81105125137139131116 9827 7 9E6 635137194114099999999999999 052 751311 4299999999999999
 81 71 68 74 85100113122122116103 88 73 64 62 69 8410312213714313912711027 710E6 73712320 714399999999999999 148 681342 6199999999999999
 92 75 65 62 66 76 88100108110107100 91 83 79 81 9010412013514414513812427 711E6 854110203714699999999999999 252 621412 7999999999999999
106 88 71 61 56 59 66 77 88 96102103102 99 96 95 9910711813114114614413527 712E611 1103211414699999999999999 4 8 561444 9599999999999999
121104 86 69 57 51 51 57 67 78 90 9910510810910810811111712613514214514327 713E6134610922 214599999999999999 527 50153410899999999999999
134120103 84 66 52 44 43 48 59 73 8810111111711911811711712112713514114427 714E615 011923 814499999999999999 639 42171511799999999999999
142134121103 82 61 45 36 35 42 56 73 9210812012612712312011812012513314027 715E61535127999999999999999999999 737 3519 011899999999999999
144143136121100 77 55 38 29 29 39 57 78 9911712813213012411811511612213127 716E6 02214416 413299999999999999 825 28201311599999999999999
141146146137119 96 69 46 29 22 27 41 62 8710912613413512912011210911212027 717E6 126147163113599999999999999 9 7 2221 310999999999999999
132144150148136114 87 60 36 22 19 28 47 72 9811913313713312311210410310927 718E6 217150165713799999999999999 944 19214210399999999999999
121136148153148131106 77 49 28 18 21 35 59 85110128137135126114103 96 9827 719E6 3 01531721137999999999999991018 172217 9699999999999999
109124140152153143123 95 66 40 24 19 28 48 74100122135137130117103 93 9027 720E6 3391541744137999999999999991049 192251 9099999999999999
 96110128144152149135111 83 55 34 24 27 42 65 91115131138134122107 93 8427 721E6 41715318 5138999999999999991118 242324 8499999999999999
 85 96113131144149142124 99 72 49 34 31 41 60 85109128138137127112 95 8327 722E6 4541491826139999999999999991145 312359 7899999999999999
 78 83 97114131141141131112 88 65 48 41 45 59 81104124137140133119101 8527 723E6 5331431847140999999999999991210 41999999999999999999999
 75 74 82 97114128134132120101 81 64 54 53 63 80101121136142138126109 9127 724E6 61413519 714299999999999999 037 731233 5299999999999999
 77 70 71 81 95110121126122110 95 80 69 66 71 83100118134142142133118 9927 725E6 7 1126192814399999999999999 119 691256 6699999999999999
 82 70 65 68 77 90103113117113105 94 85 80 82 8910211713214214513912711027 726E6 8 0117195114599999999999999 2 8 651319 8099999999999999
 92 76 65 60 62 70 82 94103108108104 99 96 95 9910711813014014514413612227 727E6 926109202014699999999999999 3 9 601340 9599999999999999
105 88 71 59 53 54 60 71 83 9410210710810910911011412012913714414614313427 728E62058146999999999999999999999 426 53999999999999999999999
121105 86 68 53 44 42 47 58 72 86 9910911612012112212412813413914414614427 729E622 1146999999999999999999999 547 42999999999999999999999
137124107 86 65 46 33 29 33 45 63 8210111512513013113012913013313814314727 730E61543131233714899999999999999 7 0 2918 312999999999999999
148143131112 87 60 37 21 15 21 36 58 8310612313413713513112612512813414327 731E616 2137999999999999999999999 8 1 15195212599999999999999
151155151138115 86 55 28 11  5 13 33 60 8811413214014013312511811612013027 8 1E6 1 4155162614199999999999999 854  5205211699999999999999
143155162158143117 84 50 21  4  1 13 38 68 9912413914213612511310510311127 8 2E6 212162165014299999999999999 941  0213810399999999999999
126144159167162144115 80 45 18  4  6 23 51 84113134143140128112 97 89 9127 8 3E6 3 91671714143999999999999991023  32221 8999999999999999
103122143160167160140110 75 43 20 12 20 41 72103128143144134116 96 81 7527 8 4E6 4 216717361459999999999999911 1 1223 3 7599999999999999
 80 96118141157162153132103 71 44 29 28 41 66 96123142148141124102 81 6727 8 5E6 4521621757148999999999999991134 262345 6399999999999999
 64 73 91114135149151141121 96 70 51 44 50 68 93119140151148134112 88 6827 8 6E6 54215218181519999999999999912 4 44999999999999999999999
 57 57 68 87108126137138128111 92 74 63 63 75 94118139152154145125102 7827 8 7E6 632139184115599999999999999 029 551230 6299999999999999
 61 52 55 66 83101116124124116104 92 82 79 85 98117136151157152138117 9427 8 8E6 72712519 515799999999999999 116 521252 7999999999999999
 73 58 52 55 65 78 93104111112108102 96 93 9510411713214615415514613111127 8 9E6 837112193315699999999999999 210 5213 8 9399999999999999
 91 73 60 55 56 63 73 84 9410110410510510510611011812813914815214914012627 810E620 7152999999999999999999999 318 54999999999999999999999
109 91 76 64 57 55 59 66 76 86 9510210811211511712012513213914414614313527 811E62055146999999999999999999999 446 55999999999999999999999
124110 95 79 65 56 52 53 59 70 82 9510611512112412412512612913313713913927 812E62222140999999999999999999999 616 51999999999999999999999
135126114 98 80 64 52 46 46 54 67 83 9911412412912912612312112212613113727 813E61529130999999999999999999999 724 45191012199999999999999
139138131117 98 78 59 45 38 41 52 69 8910812413213413012311611211412012927 814E6 012140154413499999999999999 813 38201411299999999999999
138143143134117 95 71 50 36 32 39 55 76 9911913313713412511410610310711727 815E6 12414416 213799999999999999 852 32205510399999999999999
131143149147134113 87 61 41 30 31 43 64 89113130139137128115102 94 9410327 816E6 215149162113999999999999999 926 292128 9399999999999999
119135149153147130104 76 51 34 28 35 54 79105126139141132117101 88 83 8927 817E6 257153163914199999999999999 956 282159 8399999999999999
103123141153154143121 93 65 43 31 33 47 70 97121138143137122103 86 76 7627 818E6 3351551657143999999999999991024 302230 7499999999999999
 87106128146154150134110 82 57 41 36 45 65 91117136145142128109 88 72 6627 819E6 4121551715145999999999999991049 3623 1 6699999999999999
 72 88111132147151142123 98 73 54 45 49 64 87112134146146135116 93 73 6127 820E6 4491511732148999999999999991113 452333 5999999999999999
 61 72 92114134145144132112 89 69 57 56 67 86110131146150142124101 78 6127 821E6 5261461750150999999999999991135 55999999999999999999999
 54 59 74 95116132139134121103 84 71 67 73 88108129145151147133111 87 6727 822E6 6 613918 815299999999999999 0 6 541156 6799999999999999
 54 51 60 76 96114126130124112 98 86 80 82 93109127143152151140122 99 7727 823E6 651130182715399999999999999 043 511215 8099999999999999
 60 50 51 60 76 93108117120115107 99 93 93100111126140150153146132112 9127 824E6 747120184915399999999999999 127 491230 9299999999999999
 72 57 50 51 59 71 85 9810711010910710410410811612613714615114914112610827 825E6 915110191515199999999999999 224 49123110499999999999999
 89 72 58 50 49 53 62 74 86 9610410811111411712112713414114614814513712527 826E61953148999999999999999999999 345 48999999999999999999999
110 93 76 61 49 43 44 50 62 75 8910211211912412712913213513814114314213727 827E62112143999999999999999999999 525 43999999999999999999999
129117101 82 62 46 35 33 38 51 68 8710511912813313313012812812913313814227 828E61528133234314399999999999999 649 32185112899999999999999
142138127109 86 61 40 26 22 29 46 68 9211312913613613112311711411712413527 829E61529137999999999999999999999 751 2220 311499999999999999
145150149137115 88 58 34 19 17 28 49 76103125138140133122109100 9810411727 830E6 118151154514099999999999999 840 162047 9899999999999999
134149158157143118 86 55 30 17 19 35 62 91118137143138124106 90 80 81 9227 831E6 22215916 214399999999999999 922 162127 7999999999999999
112135154164160143115 82 52 30 23 31 52 82112135146144131109 87 69 62 6727 9 1E6 316164162114799999999999999 959 2322 5 6299999999999999
 85109135155164158138110 79 52 37 37 51 76106132149151140118 92 67 51 4827 9 2E6 4 61641641152999999999999991032 352243 4899999999999999
 59 81108135153158149129103 76 57 50 57 76103130149157150130103 74 51 3927 9 3E6 45315817 11579999999999999911 1 502322 3899999999999999
 41 56 80108131146148138119 97 78 67 68 80102127148160158143118 88 61 4127 9 4E6 5391481722161999999999999991126 66999999999999999999999
 34 41 58 82106125135135125110 95 83 80 87103124145159162153132105 77 5427 9 5E6 626136174616299999999999999 0 1 341149 8099999999999999
 39 37 45 62 83102117124122115105 96 92 95106122139154161157143121 96 7227 9 6E6 718124181116199999999999999 043 3612 8 9299999999999999
 53 43 43 52 66 82 97108112112109104102103109120133146154155148132112 9127 9 7E6 824113183815699999999999999 130 42121810299999999999999
 72 58 51 51 57 67 79 90 9910410710810811011311912713714414814613712410827 9 8E61910148999999999999999999999 229 50999999999999999999999
 92 77 66 59 57 59 65 74 83 9210010611111511812012412813313613813613012027 9 9E61955138999999999999999999999 355 57999999999999999999999
109 97 84 73 63 58 57 61 68 79 9010111111912312412312212312412612812912727 910E61459124214612999999999999999 541 57171912299999999999999
122114103 90 76 63 55 52 56 65 78 9310811912612812512011511311311712212727 911E61449128999999999999999999999 656 52192011299999999999999
129128121108 91 74 58 49 46 52 65 8310111812813212912111110310010311012027 912E6 01012915 013299999999999999 746 4620 410099999999999999
130135134125109 88 68 51 43 44 54 72 93114129135133124110 97 89 88 9510827 913E6 122136151513699999999999999 824 422037 8799999999999999
123136142139126105 82 60 45 40 46 63 85108127138138128112 95 81 75 79 9227 914E6 211142153113999999999999999 856 4021 7 7599999999999999
111130143147140122 98 73 53 42 43 56 78102124139142134117 96 77 64 63 7427 915E6 252148154714299999999999999 925 412136 6299999999999999
 93117137149149136115 89 66 50 46 54 73 97121139146140124100 77 59 51 5727 916E6 33015016 314699999999999999 951 4622 5 5199999999999999
 74 99124143151146129106 82 62 53 56 71 93118138149146132108 81 58 44 4327 917E6 4 71511620149999999999999991016 532235 4199999999999999
 55 78105130145148139120 97 77 64 62 72 92115136150151140118 90 63 43 3427 918E6 4441491637152999999999999991039 6223 6 3499999999999999
 40 58 84111133143142130111 92 77 72 77 92113134149155147128101 72 48 3327 919E6 52214416551559999999999999911 1 722339 3099999999999999
 31 42 64 90114131137133120104 91 83 84 95112131147155152138114 86 59 3927 920E6 6 31371715156999999999999991122 82999999999999999999999
 30 33 47 69 92112125128123112102 94 93 99112129144154155145126101 75 5227 921E6 650128173615699999999999999 015 301139 9399999999999999
 37 32 37 51 70 90106115118114109103102105114127139149153149136116 94 7127 922E6 75011818 015399999999999999 058 32115210299999999999999
 53 41 37 42 53 68 83 96105109110109109111117125134143148147141128111 9327 923E61829148999999999999999999999 156 37999999999999999999999
 74 59 47 42 43 50 61 74 86 9710411011411712012412913413814013913312411227 924E61910140999999999999999999999 319 42999999999999999999999
 98 83 68 54 45 42 44 52 65 79 9310511512112412512512512512612812912912627 925E62120129999999999999999999999 5 5 42999999999999999999999
119109 94 77 59 45 38 38 46 61 78 9611212312812812311711211011111512212927 926E61423129999999999999999999999 629 37191110999999999999999
132130121104 83 61 44 34 35 45 63 85106123132132125113101 93 90 9410511927 927E6 011132143213399999999999999 728 331955 9099999999999999
132140141131111 86 62 43 34 37 52 74 99121134138130115 97 80 70 70 80 9727 928E6 132142144813899999999999999 814 342032 6999999999999999
118137148148136114 87 61 44 39 47 67 92118136144138122 99 75 57 49 54 7027 929E6 23015015 614499999999999999 853 3921 9 4999999999999999
 94121142153151136112 85 63 50 51 64 88114136149148133108 79 53 36 33 4427 930E6 321154152515099999999999999 927 492145 3299999999999999
 66 95124145154149132108 84 67 60 67 86111135152156145122 91 60 35 22 242710 1E6 4 8154154715699999999999999 958 602222 2199999999999999
 41 67 98126144149141124103 85 74 74 87108132151160155136107 74 44 23 152710 2E6 45314916 9161999999999999991027 732258 1599999999999999
 23 44 72101125139141132117100 88 84 90107128148160161148123 92 60 34 192710 3E6 5381411634162999999999999991053 842335 1699999999999999
 17 30 52 78103122131130122110 99 93 95106123141155161155136110 80 52 322710 4E6 62413217 0161999999999999991117 93999999999999999999999
 22 26 40 60 83103116122120114106101100106118133147155155143123 98 72 502710 5E6 713122172715699999999999999 014 221139 9999999999999999
 36 32 37 50 67 85100110114113110106105107114125136145148144131112 91 702710 6E6 817114175614899999999999999 056 32115810599999999999999
 54 45 43 48 58 71 84 95103108109109109110113119126133137137131120105 892710 7E61828138999999999999999999999 147 42999999999999999999999
 74 62 55 52 55 61 71 81 91 991061101131141141161181211241261251211131032710 8E61913126999999999999999999999 258 52999999999999999999999
 92 81 71 63 58 58 61 69 79 891001081151181181161131121111121141151141122710 9E61332118211411599999999999999 437 57174111199999999999999
106 98 88 77 67 60 57 59 67 79 92105115121122119112105100 98 99104109114271010E61343123235511599999999999999 6 1 5719 2 9899999999999999
115113105 94 80 67 58 55 59 69 84100114124127124114102 91 84 83 88 98109271011E61358127999999999999999999999 657 551939 8399999999999999
118122120111 96 80 65 56 54 62 76 94111125132129119103 87 74 68 71 82 97271012E6 111122141513299999999999999 739 542010 6899999999999999
113125130126113 96 77 62 55 58 70 88108125135135125108 86 67 55 53 62 80271013E6 2 2130143113799999999999999 814 552040 5399999999999999
101121134136129112 92 74 62 59 67 83104124137141133115 90 66 47 38 43 59271014E6 245137144914199999999999999 845 5921 9 3899999999999999
 83109130140140128109 89 73 65 68 81100122138146141124 98 69 44 29 27 39271015E6 32514215 714699999999999999 914 642139 2699999999999999
 62 90117136144139124104 86 74 72 81 98119138149148134109 78 48 26 16 21271016E6 4 4144152615099999999999999 942 722210 1699999999999999
 40 68 99124140143134118100 86 80 84 97116136150153144122 92 59 31 13 10271017E6 44314315471549999999999999910 8 802243  999999999999999
 22 46 76105127138137127112 98 89 89 98114132148156151134107 75 44 20  8271018E6 5251391610156999999999999991032 882319  799999999999999
 11 27 53 82108125132129119108 98 95100112128144154155144122 93 62 35 16271019E6 6 91321635156999999999999991056 952359 1099999999999999
 10 17 34 59 84106119124121114106102103111123137149153149134111 83 56 33271020E6 7 212417 2153999999999999991118101999999999999999999999
 19 16 24 41 62 83101112116114111107107111119130140147147139124102 79 56271021E6 811116173314899999999999999 045 16114010699999999999999
 38 28 26 32 45 62 80 95105110111111111112115122129135138136129116 99 81271022E61010112181213899999999999999 143 2512 011199999999999999
 63 48 38 35 38 47 61 76 90101109113114114114115117120123124124120112102271023E61920125999999999999999999999 3 0 35999999999999999999999
 89 74 60 49 42 42 49 60 75 90103112117118115111107104104106109113115114271024E61241118221311599999999999999 431 41174210499999999999999
109100 86 71 57 48 46 51 63 79 96110120123120112102 92 86 84 87 95105114271025E613 1123999999999999999999999 549 461850 8499999999999999
119118111 97 80 64 53 51 57 71 89107121129128118103 86 72 63 63 70 84101271026E6 026120132212999999999999999 648 501934 6299999999999999
117127128120105 86 69 59 58 67 84104122134136128111 88 66 49 41 44 58 79271027E6 141129134413699999999999999 735 572012 4199999999999999
102122134136126109 90 74 66 68 81100121137144139123 98 70 44 28 23 32 52271028E6 23813614 714499999999999999 816 652050 2399999999999999
 79106128140139128110 92 78 74 81 97117137149149137113 81 50 25 11 12 27271029E6 328141143315199999999999999 853 742126 1099999999999999
 53 83112132141138126109 93 84 84 95113134150156149129 98 64 33 11  3  9271030E6 414142145915699999999999999 927 8322 3  399999999999999
 30 59 90116134139134121106 94 90 95109128146157156142116 83 49 21  4  2271031E6 458139152815899999999999999 959 902239  199999999999999
 14 38 67 96119132134127116104 96 96105121138152158151131102 69 38 16  52711 1E6 5421351557158999999999999991030 952316  499999999999999
  8 24 49 76101119127127120110102 98102113129144153152140118 89 59 33 172711 2E6 62512816281549999999999999911 0 982353 1299999999999999
 12 19 37 59 83103116121120114106101101108119133143148143127105 78 53 342711 3E6 7111221659148999999999999991132100999999999999999999999
 23 22 32 49 68 88103113116114109105102104111121131138138130115 94 72 532711 4E6 8 3116173313999999999999999 032 2112 710299999999999999
 39 32 34 44 58 74 90102109112111108105104106111118125128126118104 88 712711 5E6 9 8112181012899999999999999 115 32125610499999999999999
 57 47 43 45 53 65 78 91102108111111109106104104107110114116114108 98 862711 6E6102411119 011699999999999999 2 7 43142610499999999999999
 74 63 56 52 54 60 69 81 93103110113113110106101 98 97 99101104104102 962711 7E61126114204010499999999999999 313 521649 9799999999999999
 89 80 72 64 60 60 65 74 85 97108115118116110102 93 87 84 85 89 94 991012711 8E612 6118231610199999999999999 431 591816 8499999999999999
100 96 88 79 71 65 64 69 79 91104115121122116106 93 80 71 68 70 78 89 982711 9E61236122999999999999999999999 540 6419 1 6899999999999999
105107104 96 86 76 69 69 75 86100114124128124113 96 78 62 52 52 59 73 89271110E6 05310713 112899999999999999 635 681936 5199999999999999
103113116112102 90 79 73 75 83 96112125132131121103 80 58 42 34 38 52 72271111E6 154116132413399999999999999 720 7320 9 3499999999999999
 94112123125118106 92 82 78 82 94109125136139131113 88 60 37 22 19 30 50271112E6 242125134813999999999999999 8 0 782041 1999999999999999
 76102121131130121107 94 86 85 92106123137144141125100 69 39 17  6 10 27271113E6 325132141214499999999999999 836 842115  699999999999999
 54 84110128135132120107 95 90 93104120136147149138116 84 51 21  1 -4  6271114E6 4 7136143915099999999999999 9 9 902151 -499999999999999
 29 60 91117132136130118105 97 95102116132147153149131103 69 35  7 -8 -7271115E6 45013615 815499999999999999 941 952229 -999999999999999
  8 35 67 97119131132125114104 99101111126142153155144122 90 56 24  0-10271116E6 5351331540155999999999999991013 992310-1099999999999999
 -4 14 42 73100119127127120111104102107119133147154151136111 80 47 19  1271117E6 62412816141549999999999999910461022354 -599999999999999
 -5  3 23 49 77100116122121115108103104111123135145149142126102 73 44 21271118E6 7161221653149999999999999991122103999999999999999999999
  7  5 14 33 56 80100112117116111106103105111121131138139132116 95 71 47271119E6 813117173713999999999999999 041  412 910399999999999999
 29 18 17 26 43 63 84100111115113109104101102106113121125126120108 92 73271120E6 911115183412699999999999999 133 16131810199999999999999
 55 40 32 32 39 53 71 89103112115113108101 96 94 96100105110112110103 93271121E610 411520 211299999999999999 232 3115 5 9499999999999999
 80 66 54 47 46 52 64 80 96109116118114107 97 88 82 80 82 87 93 99103103271122E61048118222610399999999999999 338 4517 3 8099999999999999
 98 90 79 68 61 59 64 75 90105116122122115104 89 75 65 61 62 69 79 91100271123E61126123999999999999999999999 445 591816 6099999999999999
106106101 91 80 73 71 76 87101115126130126115 98 78 59 46 41 44 54 70 87271124E6 03210712 113099999999999999 548 7119 8 4199999999999999
102112115111101 90 82 81 86 98113126135136128111 88 63 41 27 23 30 45 67271125E6 153115123713799999999999999 644 811953 2399999999999999
 89108120123118108 97 90 89 96109124136143140126104 76 47 24 11 11 22 43271126E6 252123131314399999999999999 734 882034  999999999999999
 69 95115127129122111100 94 95104118133145148140121 93 61 32 10  1  5 21271127E6 342129134914899999999999999 821 942113  099999999999999
 46 75102122131131122111101 97100111126141150149136112 81 48 19  1 -4  5271128E6 426132142515199999999999999 9 4 972151 -499999999999999
 26 54 84109126132129119108100 98105117133146152146128100 68 36 11 -3 -2271129E6 5 713215 215299999999999999 943 982228 -499999999999999
 12 36 65 93115127130124114104 98 99108123138148150139117 88 56 27  7 -1271130E6 5451301538151999999999999991021 9823 4 -199999999999999
  5 23 48 76101118126125117108 99 96100112126140147144129105 75 46 22  82712 1E6 6221261613147999999999999991057 962339  599999999999999
  6 16 36 61 86106118122119111102 95 95102114127138141134117 92 65 40 222712 2E6 6581221649141999999999999991134 94999999999999999999999
 13 16 30 50 73 94110118118113105 97 93 95102114125132131122104 81 58 392712 3E6 734119172613399999999999999 014 131214 9399999999999999
 26 23 29 44 63 83101112117115109101 94 91 93101110118122119109 93 74 562712 4E6 81011718 712299999999999999 049 2313 3 9199999999999999
 42 34 35 43 58 75 92106114116112106 98 91 88 90 95102108110107 99 86 712712 5E6 848116185711099999999999999 126 3414 8 8899999999999999
 58 49 45 48 57 70 85100111116116111103 95 87 83 83 86 91 96 99 97 92 842712 6E6 9281172011 9999999999999999 2 5 451534 8299999999999999
 74 65 59 58 61 69 81 95107115119117110101 90 81 74 72 73 78 85 90 92 912712 7E610 81192210 9299999999999999 250 5817 2 7299999999999999
 87 81 75 71 70 73 80 91103113120121118109 96 82 70 61 57 59 66 75 85 912712 8E61048122999999999999999999999 349 7018 7 5799999999999999
 95 95 91 87 82 81 83 90100110120125125118106 89 71 55 44 40 45 56 70 842712 9E6 026 95112712599999999999999 458 811854 4099999999999999
 96103105102 97 92 90 91 98108118127130127117 99 78 55 36 26 24 33 49 69271210E6 15110512 513099999999999999 6 5 901936 2499999999999999
 89104113115112105 99 96 98105115126134136129114 90 63 37 18  8 11 25 47271211E6 248115124413699999999999999 7 5 962017  899999999999999
 72 96113122123118110103101104112123135142140129108 79 48 20  1 -6  2 21271212E6 336124132414299999999999999 7571012058 -699999999999999
 48 78103121128127120111105103108118131143148143127101 67 33  5-12-15 -2271213E6 42012914 514899999999999999 8441032140-1599999999999999
 22 53 84109125131127119110104104112124138149152144123 92 56 21 -5-19-17271214E6 5 3131144715399999999999999 9271032223-2099999999999999
 -1 27 60 90114127129124114106102104114128143153153140116 83 47 14-10-20271215E6 54513015311549999999999999910 910123 7-2099999999999999
-14  6 36 68 97117126126118108100 98103114130144152149134108 75 41 11 -8271216E6 6261271616152999999999999991052 982350-1399999999999999
-13 -3 19 48 78103118124120111101 94 93 99112127140145140124100 69 39 15271217E6 7 412417 4145999999999999991138 92999999999999999999999
  1  0 12 35 62 88109120121115104 93 87 87 94106119130134129114 92 67 42271218E6 739122175713499999999999999 033 -11230 8699999999999999
 24 15 18 32 53 78100115121118109 97 86 79 79 85 96107116120115104 87 68271219E6 810121185712099999999999999 114 151331 7899999999999999
 50 37 33 39 53 72 93110121122116105 91 79 71 70 74 82 92100104103 96 86271220E6 841123201510599999999999999 155 331445 7099999999999999
 73 61 54 53 60 73 90107120125123115101 86 72 63 59 60 66 75 84 91 94 93271221E6 9141262213 9499999999999999 236 531612 5999999999999999
 89 82 75 71 72 78 90104117127129125114 99 82 65 53 46 45 51 60 71 82 90271222E6 951129999999999999999999999 322 711735 4599999999999999
 95 96 93 89 87 87 93102114125131132126114 97 77 57 42 33 31 37 48 63 78271223E6 045 96103613299999999999999 421 861842 3199999999999999
 92101105105101 98 98102110120129135134127114 94 71 48 30 20 19 27 42 61271224E6 222106113013599999999999999 535 971937 1899999999999999
 81 98109115114109105103106113122132137137129112 89 63 38 19  9 10 22 41271225E6 319115122713899999999999999 6541032024  899999999999999
 64 87106118122119112106104106113124134140139128109 82 53 27  9  1  6 22271226E6 4 0122132114199999999999999 8 210421 6  199999999999999
 46 72 97115124125119111103101104114126138143140126102 72 42 17  1 -2  7271227E6 435126141014399999999999999 8561012145 -399999999999999
 28 55 83106121127124115105 98 97103115129141145138120 93 61 31  8 -3 -1271228E6 5 7127145314599999999999999 940 962221 -499999999999999
 14 38 67 94114125126119108 97 92 93103118133143144132110 81 49 22  4 -2271229E6 5361271533145999999999999991018 912254 -299999999999999
  6 26 52 80104120125121111 99 89 86 92104121135142139123 98 68 39 16  4271230E6 6 31251611142999999999999991053 862326  299999999999999
  5 19 42 69 94113123122114101 89 81 82 91106122134137130111 85 57 32 15271231E6 6271241649138999999999999991128 802355 1099999999999999
