140138128114100 91 91 99116136155168171165149129107 87 71 64 64 73 8910727 1 1G3 015141115017199999999999999 535 901926 6399999999999999
124136140137128118111109114126141155165167160146127104 81 63 52 51 60 7827 1 2G3 2 3140124516799999999999999 6461092036 5099999999999999
100122140150150144133122117118126139152162165160147126 99 73 51 38 38 5027 1 3G3 336151135616599999999999999 8191162132 3699999999999999
 73101129151164165155140125115115122136151163168164148122 91 60 36 24 2727 1 4G3 43316615 316899999999999999 9361142218 2499999999999999
 45 75109143167179175159138119108108118136155170175167145113 77 44 21 1327 1 5G3 51517915551759999999999999910311062259 1399999999999999
 22 47 84125160183189178155129108 98102118141164179181167138100 60 27  727 1 6G3 5491891637182999999999999991113 982335  499999999999999
  6 23 57101144178195192172142114 94 89100124152176188183161125 82 41 1127 1 7G3 6211961714188999999999999991148 89999999999999999999999
 -2  5 33 75122164192200186158125 97 83 85105135166188193180149106 61 2327 1 8G3 651200174819399999999999999 0 9 -21220 8199999999999999
 -1 -4 14 50 98145181200196173139106 82 76 88116150179195192170132 86 4227 1 9G3 720201182219699999999999999 041 -61251 7599999999999999
 10 -5  2 31 75123166193200185155119 88 72 75 96129163187195184154111 6527 110G3 748200185619599999999999999 110 -51322 7199999999999999
 27  3  0 19 56103148182198193168133 99 75 67 79106141171189189170135 9127 111G3 815198193119199999999999999 139 -11353 6799999999999999
 50 19  7 15 44 85129167191195179148113 83 67 68 8611614817318417715311727 112G3 84219620 918499999999999999 2 6  71427 6599999999999999
 76 42 22 20 38 72113151179192185162129 96 72 63 71 9212114916817416313827 113G3 9 9192205217499999999999999 234 1915 3 6399999999999999
103 69 44 34 42 66100136166184186171144112 84 66 63 73 9411914315816215027 114G3 937187214416299999999999999 3 4 341546 6299999999999999
127 98 73 57 55 67 91122150172181176157129101 77 63 61 70 8911113214615027 115G310 8181224915199999999999999 338 541641 6099999999999999
142125104 86 77 78 91111135156171174165146121 95 74 60 56 62 77 9711813527 116G31046174999999999999999999999 421 761754 5699999999999999
143141131118106 99100108122140155165167158142119 95 72 54 46 47 59 8010427 117G3 018143113916799999999999999 525 981921 4599999999999999
125141148146138128119115116124136150160163159145124 97 69 45 30 27 39 6127 118G3 218148125816399999999999999 7141152041 2799999999999999
 91121146162166160147132120115118129143157167167155132 99 63 31 11  5 1827 119G3 354166143116899999999999999 9 81152148  599999999999999
 46 84124158180187178158135116106108120140161176180168139 99 54 15-10-1527 120G3 45418715451809999999999999910231052246-1699999999999999
  1 37 84134175200203188160129104 92 96114142171191195179143 94 42 -1-2827 121G3 5412041644196999999999999991117 922336-3299999999999999
-30 -7 38 94150193215212187150114 87 77 87114150183205206184141 85 29-1527 122G3 62221717352089999999999999912 1 77999999999999999999999
-39-35 -3 51113170209223210176133 94 69 65 83118159194214211182133 73 1827 123G3 7 0223182221699999999999999 022-411242 6499999999999999
-23-40-26 15 74137189219222197156110 73 54 59 85126168201215205171119 6127 124G3 73522419 821599999999999999 1 4-401320 5399999999999999
 11-21-27 -3 45104161203220210176131 87 56 46 59 9113317219920719215410427 125G3 8 8221195120799999999999999 142-281357 4699999999999999
 53 12 -8 -1 31 81135181209212190151106 68 46 45 64 9813616918919117213527 126G3 838214203519399999999999999 216 -91434 4399999999999999
 91 51 24 17 34 70116160192205195166126 86 57 44 50 7110213416017317015127 127G3 9 5205212017499999999999999 247 171512 4499999999999999
119 85 58 45 49 72106143174192192174142106 75 54 48 57 7710212714615415027 128G3 930195221015599999999999999 315 441554 4899999999999999
134111 89 74 71 82104132158177184175153125 96 72 58 55 62 77 9611513013727 129G3 956184231613799999999999999 343 711646 5599999999999999
135125113101 95 98109126145161170169158139116 94 76 65 60 63 72 8610111527 130G31025171999999999999999999999 413 9518 5 6099999999999999
124128127123119117118124134145154158156147133116 98 82 69 60 58 63 74 8927 131G3 11512811 815999999999999999 5 81171949 5899999999999999
106120132138139137132128128131137143147148144135122105 85 67 53 47 50 6327 2 1G3 346139123914899999999999999 7411272110 4799999999999999
 82104126144154155149138127120120125133142149150144129108 82 59 41 34 3927 2 2G3 438156144115099999999999999 93611922 6 3499999999999999
 56 82112140161170166152133116107107116130146158161153133104 72 44 26 2127 2 3G3 51017015491619999999999999910301062249 2099999999999999
 31 56 91128159179181168145119100 92 97114136158171172158129 93 56 26 1027 2 4G3 53918216331749999999999999911 7 922325  999999999999999
 12 32 67109150179191183160129100 82 80 94120150174185179155117 75 36  927 2 5G3 6 61911710185999999999999991138 792357  099999999999999
  0 12 43 87134173195196176142107 80 68 75100134167190194178144 99 54 1727 2 6G3 63219817441959999999999999912 8 67999999999999999999999
 -3 -1 23 65115160192203190158119 83 61 59 78113152184200195169126 77 3327 2 7G3 657203181720199999999999999 026 -51236 5799999999999999
  4 -5 10 46 95145184204200174134 93 62 49 58 88129169196203188152104 5627 2 8G3 721205185020399999999999999 053 -513 5 4899999999999999
 19  0  5 33 78128172199205187150107 69 45 44 65102145180200198173132 8427 2 9G3 744206192520299999999999999 119 -11335 4299999999999999
 41 14  9 27 65112158191204195165123 81 50 37 46 7611615618519618515511227 210G3 8 720520 219699999999999999 144  814 5 3799999999999999
 69 36 22 30 58 99143179198198176139 97 60 38 36 54 8712616018218516913727 211G3 829201204218699999999999999 210 221437 3599999999999999
 98 64 43 41 58 91130165188195182153114 76 48 36 41 62 9412815617117115327 212G3 852195212717399999999999999 236 391512 3599999999999999
124 93 70 61 67 89119150174186183163132 97 66 46 39 47 67 9412214515715527 213G3 917187222315899999999999999 3 5 601557 3999999999999999
141120100 87 85 95114137158172176167146119 90 66 50 44 49 64 8510812814127 214G3 947176234614399999999999999 339 8417 1 4499999999999999
143137126116110110117128142155162163154138118 95 74 57 47 45 52 68 8911027 215G31032164999999999999999999999 4281091841 4499999999999999
128139143142138133129128130136143149152150142128108 85 62 43 33 34 47 6927 216G3 21614412 815299999999999999 6491282024 3299999999999999
 96122144159164160149137126120120127138149156156146124 94 62 33 16 13 2627 217G3 4 2164143115799999999999999 9241192140 1299999999999999
 54 90127159180185175155132112101102114134155172177166138 98 55 19 -4 -727 218G3 45018515501779999999999999910281002238 -899999999999999
 12 48 95142180200200180148116 90 79 84106138169192197181144 94 44  3-2027 219G3 5282031646198999999999999991111 792326-2299999999999999
-18  9 56112165202216204171130 92 65 59 74107148186210211187141 84 30-1027 220G3 6 22161734214999999999999991149 58999999999999999999999
-27-16 22 78138189218220195152104 65 43 45 72115162201221215182130 71 1927 221G3 634223181722299999999999999 0 7-271225 4199999999999999
-14-21  2 50110167209225212174124 75 40 28 41 78127175209222208168114 5827 222G3 7 3225185922299999999999999 044-231259 2899999999999999
 15 -7 -1 33 86144192219220192146 94 50 24 23 47 90139182209212191149 9827 223G3 731223193921499999999999999 117 -91333 2099999999999999
 51 20 12 32 73124173206217202164115 67 33 19 29 6010314718119919416812827 224G3 755217201920099999999999999 147 1214 5 1999999999999999
 86 52 36 42 70112156191208203176134 89 50 27 24 42 7411314817318217214627 225G3 818209205818299999999999999 214 351438 2399999999999999
113 82 63 60 76107143175195197181149109 71 44 32 37 57 8611714316016215127 226G3 839199214116399999999999999 238 591512 3299999999999999
130106 88 81 88107133160179186179157126 94 66 49 44 52 69 9111413214314427 227G3 9 0186223314599999999999999 3 1 811551 4499999999999999
135122110102103113128146162171170158137113 90 72 61 58 63 74 8910511912827 228G3 924172999999999999999999999 3251021649 5899999999999999
131129125122120122128137146153156152142128112 96 83 73 68 67 71 80 9310627 3 1G3 0 6131 95615699999999999999 3571201840 6799999999999999
118127134137138136134132133135138140139136129120108 95 81 69 62 62 68 8127 3 2G3 339138111714099999999999999 7191322033 6199999999999999
 98117134147153152145134125119119123129136140140134120101 80 62 50 48 5727 3 3G3 420154142814199999999999999 9341182141 4899999999999999
 75 99126149164168159143124109101103114129144154156146126 98 70 48 35 3627 3 4G3 44716815391569999999999999910171012226 3499999999999999
 51 78111144169180176157131105 89 84 94114138160172170152122 87 54 31 2227 3 5G3 5121811622173999999999999991049 8423 1 2299999999999999
 31 56 92132167188190173143109 82 69 72 93124156179188178150111 70 36 1627 3 6G3 5361921658188999999999999991117 682332 1399999999999999
 16 36 72117159190201189159120 83 59 53 69102141177197198177138 93 50 2027 3 7G3 5592011732201999999999999991145 53999999999999999999999
  9 21 53 99147185206202176135 91 56 39 46 75118162196210200167121 73 3427 3 8G3 62120718 621099999999999999 0 0  91214 3999999999999999
 12 14 39 82132176205211191152104 61 33 28 48 89138181209213192151102 5627 3 9G3 644212184021499999999999999 027 101242 2799999999999999
 25 16 31 68116164199213203169121 73 35 18 26 59107156195213207177132 8427 310G3 7 6213191621499999999999999 054 151311 1899999999999999
 47 27 32 59102149188209208183139 90 46 18 14 34 7512416919920919415911527 311G3 727212195320999999999999999 120 261341 1399999999999999
 74 48 41 58 92135174200207191156110 63 29 13 20 48 9013517319519617614227 312G3 749207203319899999999999999 146 411413 1299999999999999
104 74 59 65 88123159187199193168129 86 48 23 18 31 6110013816818317915927 313G3 812200211818399999999999999 214 591448 1799999999999999
130102 83 80 92116145171186188174146110 74 45 29 29 43 6910113115516516227 314G3 837189221416699999999999999 243 791532 2799999999999999
147127110102104116135154169175171155131103 75 54 42 41 50 68 9211713714827 315G3 9 7175234015099999999999999 3171011637 4099999999999999
150144135126123124131140149156159155144128109 88 70 55 48 49 59 77 9912027 316G3 955159999999999999999999999 4111231823 4799999999999999
136147151150146140135132131133138143146145139126108 86 64 47 39 44 59 8227 317G3 217151122014699999999999999 74213120 9 3999999999999999
109135155167169162148133119112112120133147157159149127 97 65 39 26 27 4427 318G3 342170144115999999999999999 9281112124 2499999999999999
 74110145173187185169144118 97 87 90107132157177182169140100 60 28 12 1627 319G3 4231881549182999999999999991014 862219 1199999999999999
 39 78123165194204192163127 93 69 62 74103140175198202183144 96 50 17  327 320G3 4572041640203999999999999991052 6223 4  399999999999999
 14 48 96146189212211186145101 63 42 43 67108154194216213185139 86 40 1127 321G3 5282151725218999999999999991127 402342  499999999999999
  5 26 69123174210222207168118 70 35 22 35 71121171209225214178127 75 3427 322G3 55622218 62259999999999999912 1 22999999999999999999999
 13 19 52101155198222219189140 87 41 14 13 38 83137185217224204163113 6627 323G3 623224184622599999999999999 017 121234 1099999999999999
 35 27 45 85136183214222203162109 58 20  5 15 5110015119321521318714510027 324G3 648223192521899999999999999 049 2613 6  499999999999999
 63 45 50 78121166201217210178131 79 36 10  7 29 6911716219420619616612827 325G3 71221820 320699999999999999 117 441337  699999999999999
 91 67 62 79112151186207208187149102 58 26 13 21 48 8812916518719017514727 326G3 733210204019199999999999999 144 6114 7 1299999999999999
115 90 79 85107139170192200189161122 82 48 28 25 40 6810213516117417115627 327G3 755200212017599999999999999 2 9 791439 2499999999999999
133111 97 96108130155176186184166137104 73 50 40 43 59 8210913415215915427 328G3 81818722 615999999999999999 236 941515 3999999999999999
142127115109113125142158169172164146122 97 75 61 56 60 72 8910812613914527 329G3 845172231714599999999999999 3 510916 3 5699999999999999
143138130125123127134142150155154146133117100 86 75 70 70 76 8710111612827 330G3 921156999999999999999999999 3501231727 6999999999999999
137141142141137134132131133136139139137131123112100 88 78 72 73 80 9210727 331G3 151142104513999999999999999 6461311927 7299999999999999
123138149154153147137126119116119125132138140136126111 94 78 67 64 70 8527 4 1G3 322155135414099999999999999 8571162048 6499999999999999
105128148163168162148129111100 98105119135149156152138116 91 70 56 54 6427 4 2G3 358168151115699999999999999 942 972141 5399999999999999
 85113142166180179163138111 89 78 82 98123148167174166144113 82 57 45 4727 4 3G3 4261811558174999999999999991015 782220 4499999999999999
 65 95131164186193180152118 85 64 59 73101136168188190173141103 69 45 3827 4 4G3 4501931637191999999999999991045 592254 3899999999999999
 49 77116156187202196170131 89 57 41 47 73114156190206199172132 90 56 3727 4 5G3 5132031714206999999999999991115 402326 3599999999999999
 39 61 99143182206209188148101 58 30 24 43 83132178209217201165119 77 4727 4 6G3 5372111750218999999999999991145 232356 3799999999999999
 37 50 84128172204216203168119 68 29 10 17 49 99153197221220194152105 6727 4 7G3 6 02161828224999999999999991215  9999999999999999999999
 46 48 72112157195215213186140 87 39  8  0 20 63118170209225214182137 9527 4 8G3 62421719 722599999999999999 027 441247  099999999999999
 65 54 67 99141181208215199161110 59 18 -2  2 32 8013418121121920116612527 4 9G3 649216194721999999999999999 057 541320 -499999999999999
 90 70 71 92127165195209204178135 85 40  9 -1 13 48 9514418320520518515227 410G3 715210203120899999999999999 128 681356 -199999999999999
118 93 84 93117148178197200186155113 69 34 13 10 28 6210414517619218817027 411G3 743201211919399999999999999 2 1 841436  999999999999999
143118103102114135159179188184167137101 67 39 25 26 42 7110513816317517327 412G3 815188222017699999999999999 2361001526 2399999999999999
160142126117119128143157169173167152129102 75 54 41 40 51 72 9912714916227 413G3 857173234516599999999999999 3231171636 3999999999999999
164158148138131129132137145152155154147133114 92 72 56 49 53 67 9011513827 414G31016156999999999999999999999 4561291811 4999999999999999
155165165159150139129123121125133142149151146133112 88 66 52 50 60 8110827 415G3 135166125215299999999999999 7451211942 4999999999999999
136159174178171155136117103 98103117135153165166153129 98 70 50 45 54 7827 416G3 251178143316799999999999999 859 982052 4499999999999999
110143171188190176151122 95 77 73 85108138166183185169139102 68 46 41 5527 417G3 337191153718799999999999999 945 732147 4199999999999999
 84122160189203197173137 98 67 51 53 74108148182202201179141100 65 44 4427 418G3 4122031627204999999999999991024 492232 4199999999999999
 63 99142181206211194158113 70 40 29 40 73117163199216208179137 94 62 4627 419G3 44421217122169999999999999911 0 292312 4699999999999999
 53 81123166201217210180134 85 43 18 16 39 81132179212222207172129 88 6127 420G3 5132181754223999999999999991135 132348 5499999999999999
 55 71106149189215219198157106 57 20  5 14 48 97149193219221199160118 8427 421G3 54122018342239999999999999912 8  4999999999999999999999
 66 69 94133174205219209177130 78 34  7  3 24 6411516520121821118414610927 422G3 6 6219191221999999999999999 021 641240  199999999999999
 83 75 89120158192212212191151103 56 21  5 12 41 8513317520321019616713227 423G3 632215194921199999999999999 052 751312  499999999999999
102 87 90110143176200208197168126 81 42 18 13 29 6210414618019819717815027 424G3 657208202620099999999999999 121 851343 1299999999999999
121101 95106130159184198196177144105 67 38 24 28 49 8211915317818718116227 425G3 72319921 518799999999999999 151 951416 2499999999999999
138117105107121144166183188179157126 92 63 44 38 47 68 9712715417017416627 426G3 752188214817599999999999999 2221041453 3899999999999999
150132118113118132149164174173161140115 89 67 55 54 63 8110512914916116327 427G3 827175224416499999999999999 3 01131537 5399999999999999
157146134125122126134145155160157148132113 94 78 69 67 74 8810712614315427 428G3 914160999999999999999999999 3551221640 6799999999999999
158155148140132127125128134141145146142132119104 90 80 76 79 8910512314027 429G3 0 4158103914799999999999999 54812518 6 7699999999999999
153160161155146134123116114118126136143145141131116100 86 78 78 8710312227 430G3 137161125414599999999999999 7471141929 7799999999999999
142159169170162147128111 99 96102116133148156155145127106 87 76 75 8510427 5 1G3 239171142415799999999999999 847 962034 7499999999999999
128152171181179164140113 90 76 77 90114140162174172157132106 83 72 73 8727 5 2G3 318182152217599999999999999 929 752125 7099999999999999
112141169187193182156122 89 64 53 61 86120154181193186164133101 78 68 7427 5 3G3 35019316 91939999999999999910 4 5322 8 6899999999999999
 95126160187202198175138 96 60 37 34 53 89133173201209196166129 95 73 6827 5 4G3 4192031652209999999999999991038 332248 6899999999999999
 81110146181204210195160113 67 31 15 22 53 99150193218220199163123 90 7227 5 5G3 4472111734222999999999999991113 142326 7099999999999999
 73 94129168200215210182137 85 39  8  0 19 60114168209229223195155116 8727 5 6G3 5162161817230999999999999991148  0999999999999999999999
 75 85113151187212218201163112 59 17 -6 -4 24 7313018221823121918714611027 5 7G3 54621919 023199999999999999 0 3 751226 -999999999999999
 88 84101133170200216212186142 89 40  4-11  0 35 8714218921922520817513827 5 8G3 619217194522699999999999999 041 8313 6-1199999999999999
108 93 97118150182205212200168123 74 31  2 -5 12 49 9914919021321419516527 5 9G3 653212203321799999999999999 119 921348 -599999999999999
133110102110132160186201201185153111 67 31 10  8 27 6210715118520320118327 510G3 732203212420499999999999999 1591021436  699999999999999
157132115112121140162180190187171142106 70 41 24 24 42 7311214917719118927 511G3 818190222219299999999999999 2461111530 2299999999999999
174153134122119125139154168175174161139110 81 56 41 40 54 8011314517018327 512G3 921176232718499999999999999 3471181633 3999999999999999
182171154138125119121128140152161164158144121 96 73 57 54 64 8611414316627 513G31054164999999999999999999999 5191191746 5499999999999999
180181173157140123112107111121135150160162154136112 89 71 64 71 9011714527 514G3 038182124216399999999999999 7 410719 0 6499999999999999
168183186177159136114 96 87 90103123145163172168151127101 81 72 77 9612227 515G3 143186141117299999999999999 817 8720 7 7299999999999999
151176190192179155125 96 75 65 71 90118148173185182164137108 87 78 8410427 516G3 236193151918699999999999999 9 9 6521 6 7899999999999999
132163187199196177145108 75 52 45 56 83120157185199194172141111 90 83 9227 517G3 318200161419999999999999999 953 452157 8399999999999999
115146177199206196167128 86 52 32 31 50 86129170199210200174141111 91 8827 518G3 35520617 1210999999999999991032 292242 8799999999999999
102129162191209208188151106 63 32 17 25 53 96144185211216200170136108 9327 519G3 4292111744217999999999999991110 172322 9199999999999999
 95115146178203213203174131 84 43 17 11 28 6511216019821821619416112810427 520G3 5 12131824220999999999999991146 112359 9599999999999999
 95105130162192210211191155109 63 28 10 14 40 8213017520721920918314911927 521G3 53221319 2219999999999999991220  9999999999999999999999
101100117146177201211202175134 88 48 20 12 25 5710114818721021319716813627 522G3 6 2211193921499999999999999 033 981254 1299999999999999
111101108130160187204205188155114 72 38 20 21 41 7712016219320720218115227 523G3 633207201420799999999999999 1 61011328 1899999999999999
125107105118143170192201194172137 98 62 36 26 35 60 9713617119319918916627 524G3 7 5201205119999999999999999 13910414 2 2699999999999999
140118107111128152175190192180155122 87 58 41 38 52 7911314717518918917627 525G3 740193212919199999999999999 2141071438 3799999999999999
154132116111118135155172182180166141112 83 61 50 53 69 9512615417518418027 526G3 821183221118499999999999999 2541111517 5099999999999999
166147129117115122135151164171168154133109 86 69 63 68 8410813415717317927 527G3 91117123 017999999999999999 34411416 3 6399999999999999
174161144129118115119129142153160159149132112 93 80 76 81 9511613915917327 528G31022160235717799999999999999 4561151659 7699999999999999
177172160144128116109110118130143153156151138121104 92 86 9010312214316227 529G31154156999999999999999999999 62410918 6 8699999999999999
175179174161143123106 96 94103118136152161160150134116101 94 9610812714927 530G3 056179132616299999999999999 738 941917 9399999999999999
168181185178161137111 89 76 76 88110135158172175165147125107 98 9911213227 531G3 150185144117599999999999999 832 742022 9799999999999999
156177190191180156124 92 67 54 57 76107141170188191179157131110 9910211627 6 1G3 237192154119299999999999999 918 532121 9999999999999999
140166188200197178145106 69 42 32 42 7011015218620620719116313311010010427 6 2G3 31920116332099999999999999910 1 322213 9999999999999999
123150179200208199171130 84 45 19 14 32 6911716520222121819716513210910027 6 3G3 3592081722223999999999999991044 1423 210099999999999999
108131162192211214196160112 63 24  2  3 28 7312717821523122419716212910727 6 4G3 4392151810232999999999999991127 -1234810199999999999999
101114141174203218215190148 96 46  8 -9 -1 31 8213918922423522219215612427 6 5G3 5202191857235999999999999991213-10999999999999999999999
105104122152185210221211181135 82 34  1-12  2 39 9314919722723321618314727 6 6G3 6 3221194423499999999999999 0331021259-1299999999999999
119104108129160191212218204171125 74 30  1 -6 12 5210515820122522520517227 6 7G3 648218203122899999999999999 1171041347 -799999999999999
139114105113135164191208211195162117 71 32  8  7 28 6811816620221921519227 6 8G3 738212211722099999999999999 2 31051435  599999999999999
161132112106115137162185199200185154114 74 41 23 26 48 8613117120021120327 6 9G3 83320222 421199999999999999 2521061523 2299999999999999
181152126110106114133155174187188176150116 82 56 43 48 7010414217619820327 610G3 936189225020499999999999999 3481051614 4299999999999999
193171145122107102108123142161174178170150123 95 74 65 70 9011915117819527 611G31050178233919899999999999999 45510217 8 6599999999999999
197186165140118102 94 97109127147163171168154133111 94 86 9010713215918127 612G31215171999999999999999999999 613 9418 8 8699999999999999
193193181160136112 93 82 83 9411313615617017216414712711110310612014116427 613G3 030195134317399999999999999 728 81191410299999999999999
183193192179157130102 80 68 68 8010313015617418117516014112311411612814727 614G3 12419415 218199999999999999 830 66202211399999999999999
169186195192177152121 90 65 53 54 71 9913116218419318717014913011912013227 615G3 21719516 619399999999999999 923 51212511899999999999999
152174191198193174144109 75 50 39 45 6810113917319620419517515013011912127 616G3 3 719816562049999999999999910 9 39222011899999999999999
136158180197202193168133 94 59 37 30 42 7111115218720921219717214512511627 617G3 3522021739213999999999999991051 3023 611699999999999999
122140165189203204189158118 78 45 26 26 46 8112616820121721319316313511727 618G3 4332061818218999999999999991130 24234511299999999999999
113124148175198209203180144102 62 33 21 29 56 9714418521222020818115012427 619G3 51120918532209999999999999912 7 21999999999999999999999
110112130158186206210197168128 85 49 26 22 38 7211716219821721619616613527 620G3 547211192721999999999999999 0211091243 2199999999999999
113106116140170196210207187153111 70 39 24 29 54 9313817820721620618114927 621G3 622211195921699999999999999 0551061316 2399999999999999
121105106123151180201209199173136 95 59 35 29 43 7411515719121021019316427 622G3 657209203021299999999999999 1281031348 2999999999999999
134111102110132160186201202187157120 82 53 38 41 63 9713717319820820017727 623G3 73420421 220899999999999999 2 21021420 3799999999999999
148122105103116139165186196192173143108 76 55 48 59 8511915518420120218827 624G3 814196213420499999999999999 2391021452 4899999999999999
163136114103105120141164181187180161132102 77 63 64 8010713916919020019427 625G3 9 018722 820099999999999999 3201021526 6299999999999999
176152127109102105119139158173178171153128103 85 77 8310012515317719319627 626G3 956178224519699999999999999 41010116 6 7799999999999999
186167143121105 98101113131150164170166152132112 98 9410011613916218119227 627G311 5171232819399999999999999 512 981655 9499999999999999
192180161138116 99 90 9110212014015816816815814312711411011512814716718327 628G31228169999999999999999999999 623 8918 011099999999999999
191189177157133108 88 77 76 8810813315517117617115814312912212413415016927 629G3 019192135917699999999999999 732 75192012299999999999999
184192190177155127 98 74 59 59 72 9712815717919018817515714012912713515127 630G3 119193152019099999999999999 834 57204112799999999999999
170187196195180154121 85 57 40 40 57 8912716419220620519016714513012613327 7 1G3 222197162420799999999999999 930 38215112699999999999999
151173193204202184153112 71 38 21 23 45 8413017420622221819917114412612127 7 2G3 3222051718223999999999999991024 19225012199999999999999
130152178201214210188150103 57 22  5 10 39 8413718622123522620116713711827 7 3G3 41821418 7235999999999999991116  4234211499999999999999
115128155186211223216189145 93 44  8 -7  4 39 9114919923224222719515812627 7 4G3 51022318522429999999999999912 6 -7999999999999999999999
109109128160194220230219187138 84 34  1-10  7 4810516321223924222018314427 7 5G3 6 1230193524499999999999999 0291061254-1099999999999999
114100105130165200224231217181130 76 30  1 -4 20 6612417922124123420616727 7 6G3 651232201524299999999999999 113 991339 -599999999999999
129102 93104133169202223227209172122 72 32 10 14 43 9114519322623622118827 7 7G3 742228205323699999999999999 156 931422  899999999999999
149114 93 90105134168198216216198161117 73 42 29 41 7311816520422622520427 7 8G3 833218212922899999999999999 240 8815 2 2999999999999999
170133103 87 89106133163188203202184152115 81 60 56 7210414318120922021127 7 9G3 92820522 422099999999999999 326 861541 5599999999999999
186153121 97 85 88104128153175188187173148120 96 84 8610313116219020721027 710G31028189223821199999999999999 417 851622 8399999999999999
196171142114 94 85 87 9911914116117417516615013111610911312814917319220127 711G31140176231720299999999999999 519 8417 810999999999999999
199184162136112 93 83 82 9110812814916317016815914713613013314315817518827 712G31314170999999999999999999999 634 81181313099999999999999
194190177158134111 91 78 75 81 9711814116017217617216215214414214815917227 713G3 0 6194145717699999999999999 752 75194314299999999999999
183189186176158135109 86 71 65 71 8911314016518218918517416014814214515527 714G3 11318916 918999999999999999 858 65211014299999999999999
168180188188179159133104 78 60 55 63 8511514717619620219517815914313613827 715G3 230189165720299999999999999 953 55221413599999999999999
150166182193193182159127 94 66 49 46 60 8712316119221021119717415013212627 716G3 3341951734212999999999999991040 4523 012699999999999999
132149171190201199183154117 81 53 38 41 62 9713917920822021319116213511927 717G3 42320218 7220999999999999991121 37233711699999999999999
117130154181201210202179143102 65 40 31 42 7211415919722022320617714511927 718G3 5 42101838224999999999999991157 31999999999999999999999
108114135165194212215200168127 85 50 31 31 52 9013718121322621819215812627 719G3 54021619 722799999999999999 0101081230 2899999999999999
105101117145179206219214191153108 68 39 29 40 7111516120022322520617313727 720G3 615220193522799999999999999 04110113 0 2999999999999999
108 95101125159192214220207176134 90 55 35 36 58 9714318521522621618815127 721G3 64922120 122699999999999999 112 951328 3399999999999999
118 95 91106136171200217215194158116 77 50 41 53 8412616920322222120016727 722G3 725218202722499999999999999 143 901355 4199999999999999
130102 88 92114147179203213204178141101 70 54 56 7811315419021422120918127 723G3 8 2213205222199999999999999 215 871422 5299999999999999
146113 91 86 97122153182200204191163128 95 73 67 7910614117620321621219227 724G3 844204211721799999999999999 250 851450 6799999999999999
161128101 86 87101127155179193193178152123 98 86 8810513216319020721119927 725G3 931195214521199999999999999 328 841521 8599999999999999
175145116 94 84 8710212515017118318317014912711110511112815117519420420127 726G31028185221820599999999999999 415 84155910599999999999999
186162135109 91 83 85 9811814016117417616815414012912613114416117919219727 727G3114317623 119799999999999999 516 82165212699999999999999
192178156132108 89 79 78 8710512815016717517516815814914414415116217518627 728G31327176999999999999999999999 636 77182414399999999999999
191188177158135109 86 70 64 71 8811414116518218918717816515514814915616827 729G3 0 8191151518999999999999999 8 0 64202514899999999999999
180189191184167141110 80 57 47 51 7110113717019520720619317415614314014627 730G3 144191162520899999999999999 912 46215113999999999999999
161178194202197179147108 70 41 27 32 56 9513918121222622120117414813012627 731G3 3112021714226999999999999991014 27225012599999999999999
135156182205217213190150103 58 24 10 18 49 9715019823024122819916413211327 8 1G3 41621817572419999999999999911 9 10233711099999999999999
111127157191219233225196149 94 45 10 -1 14 5410916821724524822518714611227 8 2G3 5112331835250999999999999991157 -1999999999999999999999
 95100125163202232244232195142 84 35  3 -2 22 7113119023325324421216712327 8 3G3 6 0244191125499999999999999 019 941241 -399999999999999
 92 81 94127171212240247229187132 75 31  7 12 45 9815821124425223119014327 8 4G3 648248194525399999999999999 059 811321  599999999999999
101 76 73 94133177216239241218174121 71 35 23 38 7813118522624624021016527 8 5G3 734243201624799999999999999 137 711357 2399999999999999
119 84 67 72 99139180213231227201160114 74 51 50 7411516320523323922118527 8 6G3 821232204523999999999999999 215 661431 4799999999999999
141101 74 65 77106142177204215208183148113 86 75 8411114818621522922319827 8 7G3 9 8216211222999999999999999 254 6515 3 7599999999999999
161122 91 72 71 8511014016918919718916914312010510411814317219821421720327 8 8G310 0197213921899999999999999 336 69153310399999999999999
177144113 90 78 79 9111113415717317917516214713412813214416318219820520027 8 9G311 417922 820599999999999999 426 7716 812899999999999999
185162136113 95 86 85 9310712514415916716816415815214915115916918118919127 810G31243169224919199999999999999 535 8417 414999999999999999
186174157138119103 92 87 89 9911413215016317217517316816316016016417117727 811G315 4175999999999999999999999 711 86192315999999999999999
180178172160145126108 92 82 81 8910512614916918318918717816615615115215927 812G3 010180161118999999999999999 838 80211815199999999999999
167175179178169153130106 85 72 70 8010012815718219920319417815914413714027 813G3 218180164820399999999999999 941 69221413799999999999999
150165179189189178156127 97 73 59 60 7510313817320021321019316814412712227 814G3 3331901719214999999999999991028 58225112299999999999999
131149172191202200182152116 83 58 48 55 7911515719321722320918215012411027 815G3 42020317462239999999999999911 6 48232310999999999999999
112129157186207215205178140100 66 45 42 59 9313718021322922319816212810427 816G3 4572151813229999999999999991139 402352 9799999999999999
 97109137172203221222202167123 81 50 37 45 7311616420422923221317813810527 817G3 53122418382349999999999999912 9 37999999999999999999999
 88 91115151190218230221192149103 64 41 39 59 9814619122423622519315211327 818G3 6 423019 123699999999999999 021 861236 3799999999999999
 85 78 93127168206229231212174128 85 54 42 53 8513017721523523220716812527 819G3 638233192423799999999999999 050 7813 2 4299999999999999
 90 72 76102142184217231225197155110 73 53 54 7711716320322923521818313927 820G3 712232194523599999999999999 119 711327 5099999999999999
100 73 67 82116157195220227212178136 97 71 63 7710915019021923222319615527 821G3 74822720 723299999999999999 148 661352 6399999999999999
114 81 65 69 93129168199217216195161124 94 79 8310614017720722422420417127 822G3 826219202822699999999999999 219 641417 7999999999999999
131 95 72 65 77103137171196207201180150121102 9811013416519421321820818327 823G3 910208205221999999999999999 252 651445 9799999999999999
149114 86 71 70 8410913916618619418716914712811812113515617919820820619127 824G310 1194212020999999999999999 332 69151711899999999999999
166136108 87 76 76 8710713115517318017816715414414014315316718219219719227 825G3111318122 019799999999999999 428 7416 214099999999999999
178158135113 94 82 78 83 9711713915817117617517016416015816116617318018427 826G31317176231818499999999999999 556 78175315899999999999999
183176163145124103 84 73 71 80 9812214716918419119018317216215515415816627 827G31522192999999999999999999999 741 70204615499999999999999
175183184178162138109 81 61 53 59 8011014517720021120919517415414013514127 828G3 146185161821299999999999999 9 3 53215713599999999999999
156175192202199181149109 72 44 33 42 6810815319322123022019516413511711327 829G3 31820316582309999999999999910 5 33224311399999999999999
126152182209224219194153104 59 28 18 32 68119171215241242220183143110 9227 830G3 4182251733244999999999999991055 182322 9199999999999999
 95118156196228243233200149 94 46 17 13 36 82140196237253242208161116 8327 831G3 5 824318 6254999999999999991139 11999999999999999999999
 71 84119166211244254237196140 83 38 16 21 55109169220252255230184132 8827 9 1G3 554254183725799999999999999 0 0 711219 1499999999999999
 60 58 82126177223251255231184128 75 39 27 44 8714319823925624420715510327 9 2G3 63825719 625699999999999999 036 551255 2799999999999999
 64 46 55 88137187228249245216168117 74 50 51 7812517622124724822317812627 9 3G3 721251193325199999999999999 111 461328 4799999999999999
 80 50 43 61100147192225238227196153111 81 71 8311616020223224222919514927 9 4G3 8 4238195824299999999999999 146 421358 7199999999999999
102 66 47 51 75113154191214220206177143113 97 9811815018621423022620416827 9 5G3 847221202023199999999999999 221 461425 9599999999999999
126 89 64 56 65 9012215518319920018616314012311812714717319721421720518027 9 6G3 933201204321799999999999999 257 56145211899999999999999
147114 87 72 70 8110112515017018118117215814613814015016518219620219818427 9 7G3102918321 820299999999999999 338 69152113899999999999999
161136113 95 86 85 9210512314115616616916716215815515716216917818418518027 9 8G312 3169214318599999999999999 437 8416 815599999999999999
169154138122109 99 94 9510211413014515816717217417216816416216216416716927 9 9G31451174231716999999999999999 621 94193016199999999999999
168165158148135120106 96 91 9410412013915817418518718217216015114614715227 910G31550187999999999999999999999 8 8 91211814699999999999999
160167171170161146125105 88 80 83 9611714316918920019818516614613212713227 911G3 217171162120199999999999999 916 80215912799999999999999
145161176185185172150122 95 76 68 75 9412315718720721220117715012611211227 912G3 32618616482129999999999999910 3 68223011099999999999999
125148173193202196176144110 80 62 59 73102140178208222216193160126102 9427 913G3 4 82021713222999999999999991040 582259 9499999999999999
103127160191212216201171131 93 65 52 58 83122165203226228209174134100 8127 914G3 4442171736230999999999999991111 512327 7899999999999999
 82103139179211227223197157114 76 53 50 68104150193224236223190147105 7527 915G3 5172281759236999999999999991140 482355 6599999999999999
 65 79113158200228236220185139 95 63 50 59 89134180218238234206163115 7727 916G3 55023618202399999999999999912 7 50999999999999999999999
 56 58 86130178218239236210167121 81 58 57 80120166208234239219179131 8527 917G3 624241184224099999999999999 023 541233 5599999999999999
 54 45 62100150196229240228193148105 75 64 7610915319522623822719514810027 918G3 65824019 223899999999999999 052 451259 6499999999999999
 62 42 46 74118167208232234212175133 98 79 8110314118121423223020616511827 919G3 735236192323499999999999999 120 411325 7799999999999999
 76 48 40 55 90134178211226220195158123 99 9210513316820022122621218013827 920G3 813226194522699999999999999 151 401352 9299999999999999
 96 63 46 48 6910414418020521320317814912411111313115718520721621119015727 921G3 85621320 921699999999999999 224 45142011099999999999999
120 86 63 54 60 8111114417319219718716814813312913615217119020120319217227 922G3 949197203820399999999999999 3 5 54145312999999999999999
144114 89 72 66 71 8711013615917618217816815714914815316217218218718617827 923G311 4182212118799999999999999 4 2 66154314899999999999999
163143122102 86 76 75 83 9912114316117317817717316716215915916116516917227 924G31317178232117299999999999999 538 75184215999999999999999
171166155139119 99 81 71 72 8310412915417518919419017916615214314014415427 925G315 3194999999999999999999999 728 70205514099999999999999
166176181176161136106 79 61 57 68 9212415818720621120218215613311811512527 926G3 2 3181155021299999999999999 847 56214411599999999999999
145169191203200180146106 71 48 43 58 89130173207226224204171135106 90 9227 927G3 319204162622899999999999999 946 432223 8999999999999999
112145181211226219191148101 61 38 37 59 99149195228240227193149106 75 6427 928G3 4122261658240999999999999991033 3423 0 6499999999999999
 76108153198231244230193143 92 53 34 41 73122175219245244217170119 75 4827 929G3 4592441728248999999999999991115 342336 4499999999999999
 46 70114167215246252230186133 84 51 41 58 99152202238251235195141 88 4727 930G3 5432531757251999999999999991152 41999999999999999999999
 29 39 74126182227252249221174123 80 57 59 86132182224247244215165109 612710 1G3 626254182424999999999999999 010 291227 5499999999999999
 29 23 44 87141193232248238204159115 83 72 85119164207236243226187134 832710 2G3 7 7248184924499999999999999 044 221258 7199999999999999
 43 23 29 58104155199228235219186146112 92 931141501892202352282001571082710 3G3 748236191323599999999999999 118 221328 9099999999999999
 66 37 30 44 771211641992182171981681371151071171421742022202222061731322710 4G3 828220193622399999999999999 151 29135610799999999999999
 92 60 44 45 64 961321661912021971801571361241251391611852032092021811512710 5G3 91120320 020999999999999999 225 42142512399999999999999
117 87 66 58 65 831091371621801861811681531411361411541691841921921811622710 6G310 1186202819399999999999999 3 2 58145813699999999999999
137113 92 80 76 82 951141351541671721701641561501491511581651721751731642710 7G3111317221 617599999999999999 352 76155214899999999999999
151135119105 95 91 921001121281441571651691691651601551521511521551581592710 8G31323169224815999999999999999 516 90185715199999999999999
157151143132119107 98 94 961061201371541681771791751661541421351341381452710 9G31452179999999999999999999999 7 9 94204413499999999999999
153159161156145130112 97 88 89 99116138160179190190180162141124115115125271010G3 148161153319199999999999999 827 87212611499999999999999
141158171177171155133109 89 79 81 95119147175195203196176148120101 94101271011G3 3 017716 220399999999999999 920 792158 9499999999999999
121147172189193182158128 99 78 71 79100132166195211210192160124 94 77 77271012G3 34619416272139999999999999910 0 712228 7599999999999999
 96127162192208206186153117 87 69 68 84115153189214222208176135 95 66 57271013G3 4232101651222999999999999991034 662257 5699999999999999
 69100142183213223212182142104 76 64 72100139179212228221193150103 64 43271014G3 45922317142289999999999999911 5 642326 4099999999999999
 44 70114163205230231210171128 91 69 67 87123166204228231209168118 71 38271015G3 5342341736232999999999999991135 662355 2799999999999999
 27 43 81133184223239231200157115 83 71 80110151193223234221187137 86 44271016G3 61024017592349999999999999912 5 71999999999999999999999
 21 23 51 99153202233240222186142105 82 81100136178212230228202158106 59271017G3 647241182323299999999999999 025 181235 7999999999999999
 26 14 29 66118170211234232208170130101 89 98125162197221226212177131 82271018G3 726236184822799999999999999 057 1413 5 8999999999999999
 42 20 19 42 83133179212226217191156125106104119148180205218213191153109271019G3 8 7226191521899999999999999 131 16133710299999999999999
 68 38 25 32 58 97141179204212201177149126116121139163187203206195171136271020G3 853212194520799999999999999 2 9 24141111699999999999999
 99 66 44 37 47 71104140171191196187168149135130136150167182190189178157271021G3 949196202419199999999999999 255 37145413099999999999999
130101 75 58 52 59 77104133160177184179168156146142144151159168173173166271022G311 4184213117499999999999999 358 5216 814299999999999999
153135113 92 75 65 66 77 98123148168179181176166156147141139141147155161271023G31245181999999999999999999999 527 64185713999999999999999
164161150132110 89 73 66 72 90115142166183190187175159140125117117126141271024G3 0 0164141119099999999999999 7 1 66202811699999999999999
158171176170152125 97 74 63 67 84112145174195203197177150123100 90 93109271025G3 15817615 320399999999999999 816 622117 8999999999999999
135163186196190168135100 72 59 64 85119156190211215200169132 96 71 62 73271026G3 3 8197154221599999999999999 915 592157 6299999999999999
100138176205216206177137 98 70 58 67 95134175208224219192151105 66 43 41271027G3 4 221616162259999999999999910 4 582235 3999999999999999
 62101148192222230214178134 95 69 62 78113156197224231213174124 75 38 21271028G3 4502301647232999999999999991047 622311 2199999999999999
 29 61110163208234236213173128 91 71 73 97136180215233227197149 95 48 17271029G3 5342381716234999999999999991126 692347  999999999999999
 10 29 71125178219239233204162121 90 79 89120161200226232214174121 69 28271030G3 61624017452339999999999999912 1 79999999999999999999999
  7 10 39 87142191225236222190150114 92 91110144183213228221192147 95 49271031G3 656236181222899999999999999 021  51235 8999999999999999
 18  8 22 57106157198223225206173138110 99106131165196217220202167122 762711 1G3 736227183922199999999999999 055  713 7 9999999999999999
 39 18 19 40 781241671992142091871571291111091231491782012112041801441022711 2G3 81421519 621199999999999999 129 16133810799999999999999
 65 38 28 37 62 981371721952011921711461251161201371601821961971841591262711 3G3 854201193619899999999999999 2 3 28141111599999999999999
 92 63 46 44 56 811121441701851871761591401271231301451621771831801651432711 4G3 937188201118499999999999999 239 43144912399999999999999
116 90 70 60 61 74 951211461651751751671531401321301351451561641671631522711 5G31029176205716799999999999999 322 59154413099999999999999
134115 96 82 75 76 861031231431591681691641551451371321321361421481521512711 6G31141169222215299999999999999 419 74173213299999999999999
146135121107 95 87 86 921051221401551661701681601491371261201201251331422711 7G313 7170999999999999999999999 540 85193312099999999999999
148149143133119105 94 89 931041211401581711771751641471281121021011091242711 8G3 039149141317799999999999999 7 6 89203410099999999999999
140153159157146129110 96 88 91103123146167182187180162137111 90 79 83 982711 9G3 214160145618799999999999999 814 882115 7999999999999999
122147166176172157134111 93 85 90107131158181195194179151117 85 64 58 70271110G3 313176152919699999999999999 9 7 852150 5899999999999999
 96129162185193185162133106 88 83 93115145175197205195168130 90 57 39 42271111G3 359193155820599999999999999 950 832223 3799999999999999
 64102144181204208192162128100 83 84100130164194211209187149103 60 29 19271112G3 4402091626212999999999999991030 812256 1999999999999999
 33 68115164201220216192156120 93 82 89114149184209217204171123 73 32  8271113G3 52022116542189999999999999911 7 822330  599999999999999
  8 34 79133183217230217186147112 89 85101132169201219216191148 96 46 10271114G3 6 02301723220999999999999991143 84999999999999999999999
 -5  6 42 94150198226231211176137106 90 93116151186212220207173124 72 27271115G3 640232175522099999999999999 0 5 -51219 8999999999999999
 -2 -8 13 55110164206227224200164128103 95106133166197214213192153104 55271116G3 723229182821699999999999999 043 -91256 9599999999999999
 17 -4 -1 25 70123172207221213187153123105103119146176199208201176136 90271117G3 8 722119 520899999999999999 124 -6133410299999999999999
 48 16  3 11 40 83131173201210199174145121110113129153176192196186161125271118G3 855210194719799999999999999 2 8  3141710999999999999999
 85 50 25 17 27 55 93135170193198187165142124116119133151168179181172151271119G3 948198204218299999999999999 257 17151011699999999999999
122 89 60 40 33 43 67100135165184188179162142127119119127139152162167162271120G3104718922 316799999999999999 354 33162711899999999999999
149127100 75 57 50 57 76104135161179184177162144128116110112120133146156271121G31154184235315999999999999999 5 2 50181411099999999999999
159153138116 93 74 65 67 83107136161178185179164144123104 93 91 99114134271122G313 1185999999999999999999999 617 641942 9199999999999999
152163164153133109 88 75 75 89112139165183190183165139110 86 70 67 78100271123G3 13416514 019099999999999999 730 742042 6799999999999999
128155173179169148122 98 83 81 94118147174192196185160127 91 62 46 46 63271124G3 252179144819699999999999999 836 802130 4499999999999999
 93130164187194183159129103 87 87101127158185201201183150108 68 38 24 30271125G3 353194153020399999999999999 932 852212 2499999999999999
 56 95138177201206192163131104 89 92110140171197208200174133 86 45 17  9271126G3 44420716 7208999999999999991022 882252  999999999999999
 24 58104152191213213193161127101 91 98122154185206210194158112 64 25  3271127G3 53021616422119999999999999911 6 912330  099999999999999
  3 26 68119167203219213187152120 98 93107135169196211206180139 90 44 11271128G3 6122201716211999999999999991145 93999999999999999999999
 -3  6 38 85136182211219205175140111 95 98119150181204209195163118 70 29271129G3 650219174821099999999999999 0 7 -31221 9499999999999999
  4 -1 18 55104153192213212191159126103 95106131163190205202180142 97 54271130G3 727215182020699999999999999 042 -21255 9599999999999999
 21  5 10 36 77124167197208199174142114 98 99116143172193199188161123 802712 1G3 8 2208185319999999999999999 116  41328 9799999999999999
 44 19 13 26 57 98140175196198183157128107 981061261521751891881721431062712 2G3 837199192719099999999999999 149 1314 2 9899999999999999
 69 40 25 28 47 791161521781901851671421191041021121321541721791731551272712 3G3 91319020 517999999999999999 223 24143910199999999999999
 94 65 44 37 45 67 981301591771821731551331141051051161331501621661581412712 4G3 950182205016699999999999999 258 37152510499999999999999
116 90 68 54 53 64 851121391611741741641471291141061061141261391491521472712 5G31033175215215299999999999999 337 52162710599999999999999
133114 93 77 68 69 80 991221441621701691591441271131031001051141261371422712 6G31123171232014399999999999999 424 67175410099999999999999
141132118103 90 82 83 92108128147162169168158143125108 94 88 89 991131282712 7G31220170999999999999999999999 526 821918 8799999999999999
139144140130116103 94 93100114132150164172170159141119 96 78 69 71 841042712 8G3 1 2144131917299999999999999 641 922019 6999999999999999
126144154154144130114102 98103117135155170177174159135106 78 57 48 54 732712 9G3 229155141217799999999999999 757 9821 6 4899999999999999
101131156169170159140120105 99104119141162178184177156124 87 55 33 27 40271210G3 333172145818499999999999999 9 2 992149 2799999999999999
 68105143172187186170146121104 98105124149173189191177147107 65 30 10 10271211G3 425189154019299999999999999 957 982230  799999999999999
 31 69115158190204197175146118100 96107131160185198195173134 87 41  7 -9271212G3 5112041620199999999999999991045 952312 -999999999999999
 -1 29 75128174205215203174141112 95 95112140172196206196165119 68 21-11271213G3 55521517 1206999999999999991130 932355-2199999999999999
-21 -6 33 86142188216220201168132104 91 96119151183204208191154104 51  6271214G3 6392211742209999999999999991213 90999999999999999999999
-22-25 -3 43 99155199220217193157122 97 89100127161191208206183142 90 38271215G3 722222182520999999999999999 038-271255 8999999999999999
 -3-24-21  8 57114167204219209181144111 91 89105134166192205198173130 80271216G3 8 6219191120599999999999999 123-261338 8799999999999999
 32 -3-18 -8 25 75128175204212197166131103 88 90109137166187196187161120271217G3 84921220 119699999999999999 2 7-181422 8799999999999999
 75 33  5 -3 12 47 93141179201202183152121 97 86 91109134158176183174150271218G3 932204205718399999999999999 252 -31511 8699999999999999
115 76 42 22 19 36 69111151181195190169141113 93 84 89103124145161168162271219G3101519522 316899999999999999 338 1816 9 8499999999999999
143114 83 58 43 44 61 91125157179187179159133108 90 80 82 92109128145154271220G31059187232415599999999999999 426 421722 8099999999999999
153141120 97 78 67 69 84108135160177181171152128104 85 72 70 77 92111131271221G31147181999999999999999999999 522 671846 7099999999999999
145150145132115 99 89 90100119141161174176167149125100 77 60 54 59 75 98271222G3 1 1150124217799999999999999 630 8820 3 5499999999999999
122142154156148133117106103109124143161173175167148122 92 65 45 37 43 62271223G3 238157134417699999999999999 74910221 5 3799999999999999
 90120147165170163147128114108112126144162175178168147116 81 50 29 22 31271224G3 354170144517899999999999999 9 51082156 2299999999999999
 55 90126158179184174154131114106111126147167180182169142106 67 34 14 10271225G3 44918415381839999999999999910 81062241  999999999999999
 25 57 97139173193193178152126108101109128152174187185166133 92 51 19  2271226G3 53219516231889999999999999910581012322  099999999999999
  4 27 66112156188202196173143115 98 96109134162184193185159120 75 34  5271227G3 61020317 3193999999999999991138 95999999999999999999999
 -5  6 37 82131173200205190161128101 89 94114144173192195179146102 57 19271228G3 645206174019699999999999999 0 0 -51214 8899999999999999
 -3 -5 16 55104151188205200176143110 88 83 97124157183196191167128 82 40271229G3 717206181419799999999999999 035 -71246 8399999999999999
  8 -5  4 34 78127170197203188158123 94 80 84105137168189195181151108 64271230G3 747203184819599999999999999 1 7 -51317 7999999999999999
 27  4  2 22 59105149183199194170137104 82 76 88115147175189187167132 89271231G3 815199192219199999999999999 136  01349 7699999999999999
