116115108 98 88 82 81 87 99114129139143139129112 94 76 62 55 55 62 74 8827 1 1GB 02011612 214399999999999999 536 811929 5499999999999999
101111115114109103 98 97101109120130138141137126109 89 69 53 44 43 50 6427 1 2GB 217116125614199999999999999 645 972038 4299999999999999
 81 99114123125121115108104105110119129137140137125106 84 61 43 32 32 4127 1 3GB 35112514 014099999999999999 8231042133 3199999999999999
 59 81104122133136131121112105103108118129139143138124102 75 50 30 21 2327 1 4GB 448136145914399999999999999 9431032218 2099999999999999
 37 60 88114134144144135121108100 99106119133144147139121 94 64 36 17 1127 1 5GB 5271451549147999999999999991036 982257 1199999999999999
 18 39 68100128146152146132115100 92 95107123140150151138114 82 49 22  627 1 6GB 5591521632152999999999999991115 922333  399999999999999
  5 20 47 81115141155155142123103 90 86 94111131148157152133103 67 33  927 1 7GB 6281571710157999999999999991148 86999999999999999999999
 -2  6 28 61 98130152159151133110 91 81 83 98119141157160149124 88 51 1927 1 8GB 656159174616199999999999999 0 6 -21218 8099999999999999
  0 -2 13 43 80116144159157142119 96 79 75 85104128150161159141109 72 3627 1 9GB 723160182116299999999999999 037 -41248 7599999999999999
  9 -2  5 28 62100133154160150128103 82 71 74 89112137155161152128 93 5627 110GB 750160185516199999999999999 1 7 -21319 7099999999999999
 24  5  3 19 48 84119146158155138113 89 72 67 76 95119142155156140112 7727 111GB 816159193115799999999999999 137  21352 6799999999999999
 44 20 10 16 39 70105135154157146124 99 77 65 65 78100123142151145126 9827 112GB 84315820 915199999999999999 2 6 101427 6399999999999999
 66 39 23 22 35 61 93123145155151134110 86 68 61 65 8110212213714213311327 113GB 910155205114299999999999999 236 2015 7 6099999999999999
 87 62 42 34 39 57 83111135149151141121 98 76 62 57 64 79 9911712913112227 114GB 939152214213299999999999999 3 7 341553 5799999999999999
105 84 65 53 51 60 78101124140148144131111 88 69 57 53 60 74 9110811812127 115GB1011148225012199999999999999 342 501649 5399999999999999
116104 89 76 69 70 79 95113129140143137123104 83 64 51 47 52 63 79 9510827 116GB1050144999999999999999999999 425 691759 4799999999999999
115115110101 93 88 88 94105118130137139133120101 80 60 44 37 38 48 64 8327 117GB 031116114413999999999999999 528 871920 3699999999999999
101114121121117110104101102108117127135138134122103 79 55 35 23 21 31 4927 118GB 23312213 013899999999999999 7131012038 2199999999999999
 73 98119132137133125115106103105113124135142141129108 79 49 23  6  3 1427 119GB 4 3137142214399999999999999 9 71032144  299999999999999
 37 68100128146152147134118104 97 98108124140151151138112 78 41  9-11-1427 120GB 5 11521533152999999999999991020 962240-1599999999999999
  1 30 69108140160164154135113 95 87 91106127148162162146115 74 31 -5-2527 121GB 5451641632164999999999999991111 862330-2899999999999999
-25 -4 32 77120154171170153128101 82 75 85106133158173171150113 67 21-1527 122GB 6251731726174999999999999991154 75999999999999999999999
-33-27  1 43 91136166177168144114 85 67 66 82108139166180174148107 58 1327 123GB 7 1177181518099999999999999 015-331234 6599999999999999
-20-30-17 16 62110150174176158129 96 69 56 60 81112144169180169140 97 5027 124GB 73517819 118099999999999999 057-301314 5599999999999999
 10-15-17  3 40 85129162175167143110 78 55 48 58 83114145167172158127 8627 125GB 8 7175194617299999999999999 136-191354 4899999999999999
 46 14 -1  5 31 68109145167169153125 92 64 46 45 59 8511414115715814111227 126GB 837171203215999999999999999 213 -11435 4499999999999999
 78 47 26 21 34 61 96129154165157136107 77 54 43 46 62 8511113214214012427 127GB 9 5165211914399999999999999 246 211517 4299999999999999
101 76 55 44 48 64 89118142156156143120 93 68 51 44 49 63 8310311812512327 128GB 932158221312699999999999999 317 4416 4 4499999999999999
111 95 80 69 66 74 90110130145150144129108 85 65 52 47 51 62 77 9210411027 129GB 958150232911199999999999999 345 6617 1 4799999999999999
110105 97 90 86 87 95108122133140140132118101 82 66 54 49 51 58 68 80 9227 130GB1029141999999999999999999999 414 861816 4999999999999999
100105106105103102104108115123129132131125114100 84 69 56 48 46 50 58 7027 131GB 154106111513299999999999999 4561021952 4699999999999999
 84 97108114117116114112112113117121124125123115103 87 70 54 43 37 39 4927 2 1GB 416117125012699999999999999 7421122113 3799999999999999
 65 83102117126128125119112107106108114121126127120107 88 67 47 32 26 3027 2 2GB 455128143412799999999999999 95110622 7 2699999999999999
 44 65 90112129138137128116104 97 96102113124133134126109 85 58 35 19 1627 2 3GB 5221381541135999999999999991037 952247 1599999999999999
 25 46 73102127142146138123106 92 85 89101117133143142130106 76 45 20  827 2 4GB 54714616281449999999999999911 9 852322  799999999999999
 10 27 55 88119142152148132111 91 78 76 87106127145153147127 96 61 29  727 2 5GB 61115217 7153999999999999991137 752352  099999999999999
  1 11 37 71107137154156142119 94 74 66 72 91116140156159146118 82 45 1527 2 6GB 63415717421609999999999999912 4 66999999999999999999999
 -1  2 22 55 93128153161151129101 75 60 59 74 99128151164160138104 65 2927 2 7GB 656161181616499999999999999 021 -21231 5799999999999999
  5 -1 13 41 79117147162159139110 80 58 50 58 80110139160165153124 87 4927 2 8GB 719163184916699999999999999 048 -113 0 5099999999999999
 19  4  9 32 66105139160163149122 89 61 45 45 61 89120147162160141108 7127 2 9GB 741164192416499999999999999 115  41330 4399999999999999
 38 17 13 28 57 93128154164156133101 70 46 37 45 67 97127150158150126 9427 210GB 8 316420 015899999999999999 142 1314 2 3799999999999999
 61 36 25 31 52 84117145160159142114 82 54 37 35 49 7310312914614913611227 211GB 826162204015099999999999999 210 251437 3499999999999999
 84 59 43 41 54 78107134153158148125 96 66 44 33 36 52 7710312513713612427 212GB 850158212713899999999999999 238 401516 3299999999999999
104 82 65 58 62 78100124142152149134110 83 58 40 33 38 54 75 9711512512427 213GB 916152222912699999999999999 3 9 5816 4 3399999999999999
116102 88 79 77 84 98115131142145138122101 77 56 41 35 38 50 67 8510111227 214GB 947145999999999999999999999 343 7717 9 3599999999999999
116114108101 97 97101110120130135136129117100 80 60 45 35 34 40 53 69 8727 215GB 0 7116103313699999999999999 434 961841 3399999999999999
102113119120118114111111112117122127129128120107 88 68 47 32 24 25 36 5427 216GB 244120121112999999999999999 6481102021 2399999999999999
 76 99118130135133127118110105106112120129133131120100 74 47 24 10  8 2027 217GB 412135141413499999999999999 9231052137  799999999999999
 43 72103129145150144131114 99 91 93103118134146147134110 77 42 12 -5 -627 218GB 4551501535148999999999999991022 912233 -899999999999999
 10 40 78115144160160147125101 82 74 80 98122145161162146115 75 33  0-1727 219GB 53016216351649999999999999911 3 742319-1899999999999999
-13 11 48 92132161171162140110 81 62 59 72 98129158174173151113 68 24 -827 220GB 6 21711726176999999999999991141 58999999999999999999999
-20 -8 23 66112151173174155124 88 59 44 48 70103138168182175148106 59 1727 221GB 632176181118399999999999999 0 0-201217 4399999999999999
 -9-12  8 46 91135167178168139102 65 39 31 44 72109146173182169137 94 5127 222GB 7 0178185518299999999999999 038-131253 3199999999999999
 17  1  7 34 74118154175174153118 78 45 26 26 46 78116150171173155123 8327 223GB 727177193617599999999999999 112  01329 2399999999999999
 48 24 19 35 65104140166174161132 95 58 31 21 29 52 8512014816215813810827 224GB 752174201716299999999999999 144 1814 4 2199999999999999
 76 51 39 44 65 95128155168163142110 75 45 26 23 36 61 9111914014714012127 225GB 815168205914799999999999999 213 391441 2399999999999999
 98 75 61 59 71 93119143158160147122 92 63 40 29 32 46 68 9311412813012327 226GB 837161214513199999999999999 239 581519 2899999999999999
109 94 81 76 81 94113132147152146129106 81 58 43 37 42 54 72 9010511411627 227GB 858152224711699999999999999 3 2 7616 3 3799999999999999
112104 97 92 93 99111124135141140131115 97 77 61 51 47 50 58 70 82 9410227 228GB 920141999999999999999999999 323 9217 4 4799999999999999
106107107105105107111118124128130127119108 95 82 69 59 53 52 56 63 73 8427 3 1GB 058107 94813099999999999999 3401051843 5299999999999999
 95104111115117116115115115116117118117115109101 90 77 65 55 49 48 53 6427 3 2GB 418117112011899999999999999 7231152037 4899999999999999
 79 95109120126127123116110105103106110115118117110 98 81 64 49 40 38 4527 3 3GB 433127141511899999999999999 9521032142 3799999999999999
 60 81102121133137132121108 97 91 92 99110121128128119102 80 57 38 28 2927 3 4GB 4541371531129999999999999991023 902224 2799999999999999
 42 64 91116136145142129112 94 81 78 85 99117132141138124100 72 45 25 1927 3 5GB 5151451618141999999999999991049 782258 1999999999999999
 27 48 77108134150151139118 95 75 65 69 84106129147153144122 91 58 31 1527 3 6GB 5361521656153999999999999991114 652327 1399999999999999
 16 33 62 96129151159150128100 73 56 53 66 90119144160160143114 78 44 1927 3 7GB 5571591731162999999999999991140 522355 1299999999999999
 12 23 49 84120149163160139109 76 51 40 47 70101133158169161136100 63 3227 3 8GB 61716418 51699999999999999912 6 40999999999999999999999
 15 18 39 72109143164167151120 84 52 32 31 48 78114147168171155124 86 5127 3 9GB 638168183917299999999999999 022 141234 2999999999999999
 27 21 34 62 98134161170160133 96 59 31 20 29 54 90127157171166143110 7427 310GB 659170191517299999999999999 049 2013 4 2099999999999999
 45 31 35 56 89124153169166145111 72 38 18 16 33 64101136160167155130 9827 311GB 722170195216799999999999999 117 301336 1499999999999999
 68 48 44 56 82113143163167153125 88 52 25 13 18 41 7310913815515714211827 312GB 745168203315899999999999999 145 431410 1299999999999999
 91 69 59 63 80105132153163157136105 70 40 20 15 25 49 7911013314514313027 313GB 8 8163212114699999999999999 215 591450 1599999999999999
110 91 79 76 84101122141153154142120 91 62 38 23 22 33 54 7910412213113027 314GB 834155222513299999999999999 246 751537 2199999999999999
122110 99 93 94102115130141146142129110 86 63 43 32 30 37 53 72 9210811827 315GB 9 5146999999999999999999999 322 921643 2999999999999999
122121116111108109113120127132134131122108 91 72 55 42 35 37 45 60 77 9527 316GB 0 9122 95313499999999999999 4221081819 3599999999999999
110121126127125121117114114116119123125123116104 86 67 49 36 30 34 46 6627 317GB 24212712 912599999999999999 73611420 6 3099999999999999
 88110128138140135126114104 99100106116126132131120101 76 51 31 20 22 3727 318GB 348140142113399999999999999 924 982121 1999999999999999
 61 90119140152151139121102 86 79 83 97115134147148136112 80 49 23 11 1527 319GB 42515315371499999999999999910 8 792215 1099999999999999
 35 66102134156163154134107 81 64 60 71 93121146163163147116 79 43 16  727 320GB 4561631632165999999999999991045 592258  799999999999999
 17 44 81120152169168149118 85 56 42 45 65 96130160176172150114 73 37 1427 321GB 5251711720177999999999999991119 412337 1099999999999999
 12 30 63103142168176163134 96 59 33 25 37 66103141170182173145106 66 3427 322GB 55217618 4182999999999999991154 25999999999999999999999
 19 26 51 88128161178174149112 71 36 16 17 37 72113151176181166135 97 6127 323GB 618179184518299999999999999 012 191228 1499999999999999
 38 33 48 78115150173178162129 87 48 19  8 18 45 83123156174172153122 8827 324GB 643179192517599999999999999 044 3213 1  899999999999999
 61 48 53 74105138164176168142105 65 31 11  9 26 57 9413015516515813711027 325GB 7 717620 416599999999999999 114 471335  799999999999999
 84 66 63 75 99127153168168151120 83 49 23 12 18 39 7010313114915214212327 326GB 730170204315399999999999999 142 6314 8 1299999999999999
102 84 77 81 97119141158163153131100 68 41 24 21 32 53 8110712813813812827 327GB 751163212614099999999999999 2 9 771443 2199999999999999
114 99 90 90 98113131146153150136113 87 62 42 33 34 46 65 8610612012712527 328GB 814153222012799999999999999 235 891522 3299999999999999
119110103 99102110122133141142135121102 81 63 50 45 47 56 70 8610011111727 329GB 838142235111899999999999999 3 4 991613 4499999999999999
118116113110109111116122127130128122112 98 84 71 61 56 56 61 69 80 9210327 330GB 9 9130999999999999999999999 3471091731 5599999999999999
112117120120118116114114115116117117115110102 92 81 71 63 58 59 64 74 8727 331GB 230120103311799999999999999 6511141926 5899999999999999
101113123128128124117110104102103107112115116112103 90 76 63 55 52 57 7027 4 1GB 330129133911699999999999999 9131022050 5299999999999999
 87105122134138134124110 98 89 87 92102113123127124112 95 76 58 47 45 5427 4 2GB 4 013815 412799999999999999 947 872140 4599999999999999
 72 94117136145144133115 96 80 72 75 87104122136140134117 94 70 50 40 4227 4 3GB 4241461555140999999999999991015 722218 3999999999999999
 57 81109134150154144124 98 75 59 57 68 88113136151152140116 87 60 42 3627 4 4GB 4461541636153999999999999991041 562250 3699999999999999
 46 69 99128152162156135106 75 51 40 46 67 97128152164160140110 78 51 3727 4 5GB 5 816217131659999999999999911 8 402321 3699999999999999
 40 58 87120149166166148117 81 49 29 27 43 73109143167173161135101 69 4627 4 6GB 5291681750173999999999999991136 252351 4099999999999999
 40 51 77110142166173160131 93 54 25 12 20 47 84124158176176157126 92 6327 4 7GB 55217318281789999999999999912 6 12999999999999999999999
 48 50 69 99132160175170146109 67 30  7  4 22 55 97137167179171148116 8527 4 8GB 61617519 717999999999999999 022 471239  399999999999999
 63 56 67 91121151171174159127 86 45 13 -2  4 29 6610814516817416213710827 4 9GB 642175194817499999999999999 053 561313 -299999999999999
 84 69 71 86111139162172166142107 67 30  6 -1 11 39 7611414516316415012827 410GB 7 9172203316599999999999999 126 681352 -199999999999999
105 88 81 87104127149163165152126 91 55 26  8  7 22 49 8211513915215214027 411GB 738166212615399999999999999 2 1 811435  599999999999999
123107 96 95103118135150157153138113 83 54 30 18 18 32 55 8310912914014127 412GB 811157223514299999999999999 240 941528 1699999999999999
134123113107107113123134143145140127107 84 61 42 31 30 39 57 7810011813027 413GB 853145999999999999999999999 3321061636 2999999999999999
135133128121116113115119125130133131123110 93 74 56 44 38 42 54 72 9211127 414GB 01113510 913399999999999999 5 911318 5 3899999999999999
127136139135128120112107106109115122127127120107 89 70 53 43 41 50 66 8827 415GB 155139123112799999999999999 7411061939 4199999999999999
111130143147142131116101 91 88 92103117129136134123103 80 59 44 40 48 6627 416GB 256147141913799999999999999 856 882051 3999999999999999
 92118140154155145126103 83 70 68 77 95117137149149136113 86 60 43 39 5027 417GB 336156153015199999999999999 940 672145 3999999999999999
 73102132154164159140113 84 60 48 50 67 94123149163161144117 86 59 44 4427 418GB 4 91641624164999999999999991018 472229 4299999999999999
 60 87119149167170155127 93 60 36 29 40 65 99133161173168147116 84 59 4827 419GB 4391711712173999999999999991054 2923 8 4899999999999999
 54 76106139164176168144108 69 36 17 18 37 70108145170178168143111 81 6127 420GB 5 71761755178999999999999991129 152344 5699999999999999
 57 70 95127156175176158125 85 46 17  6 16 42 80120155175177162135105 7927 421GB 53417818361799999999999999912 2  6999999999999999999999
 66 70 88116146169178168142104 63 28  7  5 22 54 93131161174170151125 9927 422GB 6 1178191517599999999999999 017 661236  399999999999999
 80 76 86107134159173172154122 82 45 17  5 11 34 6810614016216815913911627 423GB 627175195316899999999999999 049 7513 9  599999999999999
 95 85 87102124147165170160136102 65 34 15 11 24 50 8311614315715814612827 424GB 652170203215999999999999999 119 841342 1099999999999999
109 96 92 99115135153163160145118 86 55 31 20 23 39 65 9512214114914613527 425GB 719164211315099999999999999 150 921418 2099999999999999
120106 99100109124140152155147129104 76 52 36 31 37 54 7710112213614013727 426GB 74815522 114099999999999999 223 981456 3199999999999999
127116108104107116127138144143133117 95 74 56 45 43 50 65 8410311913013327 427GB 82114523 413399999999999999 3 31041543 4399999999999999
131125117111109111117124130133131123110 94 78 64 56 54 60 71 8610211612627 428GB 9 6133999999999999999999999 4 41091642 5499999999999999
131131127121115111109111115119122122118110 98 86 74 66 62 65 73 8610011527 429GB 029131103012299999999999999 55510918 2 6299999999999999
126133135131124115107101100102108114118119115107 95 83 72 66 66 73 8610227 430GB 149135124211999999999999999 7531001928 6599999999999999
118132140141135123109 96 87 85 89 99111121127126117104 88 74 66 65 73 8927 5 1GB 239141142012799999999999999 850 852034 6599999999999999
108127142149146134116 95 78 69 69 80 96115131139138127109 90 73 64 65 7727 5 2GB 314149152214099999999999999 927 682124 6399999999999999
 96119140154156146126100 75 57 50 57 75100125145153149134112 89 71 63 6927 5 3GB 343157161115399999999999999 959 5022 6 6399999999999999
 85109134154164159140111 78 51 34 34 49 77109139160166157137110 85 69 6627 5 4GB 4101641654166999999999999991031 322244 6599999999999999
 76 98125151167169155126 89 53 26 15 23 48 84122154173175161135107 83 7027 5 5GB 43817117361769999999999999911 5 152321 6999999999999999
 72 89114142165176168144107 66 29  6  3 20 53 94135166182178159131103 8227 5 6GB 5 71761818182999999999999991140  22358 7499999999999999
 74 83104131158175177161129 87 44 11 -6 -2 23 6110514517318417615412610027 5 7GB 53817919 2184999999999999991218 -7999999999999999999999
 84 83 96119145168179173149112 69 29  0-10  1 30 7011415117418016914712127 5 8GB 611179194818099999999999999 036 811259-1099999999999999
100 90 93109131155172176164136 98 57 21 -1 -6  9 40 7911915117017216014027 5 9GB 647176203817399999999999999 116 891343 -699999999999999
119103 97103119139158169168153124 89 52 22  5  5 21 50 8512014716216215227 510GB 726170213316499999999999999 2 0 971432  399999999999999
135119107104110123140153161157142117 86 55 31 17 18 33 58 8911814115415527 511GB 813161223515699999999999999 2501041527 1699999999999999
146133120110107111121133144149146135115 90 65 44 32 32 44 65 9111613614827 512GB 913149234415199999999999999 3561071630 3199999999999999
151145134122111106106112121130137138132118 99 78 59 47 45 54 71 9311613527 513GB1040139999999999999999999999 5251051742 4599999999999999
147151146135121108 98 94 97105117127134134126111 92 74 61 56 62 76 9711927 514GB 053151122913599999999999999 7 2 941857 5699999999999999
138151154148134116 98 84 78 80 90105122135140136123105 86 71 65 69 8310327 515GB 15015414 514099999999999999 814 7720 7 6599999999999999
126145157158148129106 83 66 59 63 78 99122140149147134115 95 79 72 76 9127 516GB 236159151815099999999999999 9 6 5921 6 7299999999999999
113136155164161145120 91 64 46 41 51 72 99127149159156142121 99 83 78 8527 517GB 315165161616099999999999999 950 412156 7899999999999999
102125148165169159136105 72 44 29 29 45 72105136159168162145122100 86 8427 518GB 35016917 6168999999999999991029 272240 8399999999999999
 94114138159172170152123 87 52 27 16 23 46 79115147168173164144120 99 8827 519GB 42317317501739999999999999911 6 162320 8899999999999999
 91105127151169175165141106 68 35 14 11 25 54 90127157173174160138115 9827 520GB 4551751830175999999999999991141 102357 9299999999999999
 92 99117139161174173156125 88 51 22  9 13 34 6610413916417416915213010927 521GB 52617519 8174999999999999991216  8999999999999999999999
 97 96108128150167174165142109 71 38 16 10 21 47 8111814816717116114212127 522GB 558174194517199999999999999 032 951251 1099999999999999
104 97102117138157169169154127 93 58 31 16 17 34 62 9612915316516315013127 523GB 629171202116699999999999999 1 5 971326 1499999999999999
113102100109125144160166160141113 80 51 30 22 29 49 7810913615416015414027 524GB 7 3166205816099999999999999 139 9914 2 2299999999999999
123108101104114130147157159149128101 72 48 34 32 43 64 9111814015215414627 525GB 738160213815499999999999999 2161011439 3199999999999999
132117107103107118132144151149137118 93 70 51 42 44 57 7710112414114914827 526GB 819151222215099999999999999 2591031520 4199999999999999
140127115106104108117128137142139128111 91 72 58 53 57 69 8810912814114727 527GB 9 8142231314799999999999999 35410316 6 5399999999999999
145137125114105102104111120128133131123109 93 78 68 64 68 80 9611413114227 528GB1015133999999999999999999999 5 51021659 6499999999999999
147145136124111101 95 96101110119126128123113101 88 78 74 77 8710211913527 529GB 0 8147114712899999999999999 626 9518 3 7499999999999999
145149146136121105 91 83 83 89100113124130129122110 97 87 82 84 9310812527 530GB 1 2149132413199999999999999 736 821914 8199999999999999
140151154147133114 93 76 67 67 76 93111128138140134121106 94 87 88 9811427 531GB 149154144314099999999999999 829 662020 8699999999999999
132148158158147127102 77 57 48 51 66 89115137150153145130113 98 90 9210327 6 1GB 231159154515499999999999999 914 472119 9099999999999999
121141157165161144117 86 56 36 29 38 60 90122149164166155137116100 92 9627 6 2GB 311165163716799999999999999 955 292210 9299999999999999
110131152167172161137104 67 35 16 14 29 59 96132161176175161140117100 9427 6 3GB 3501721726178999999999999991037 122257 9499999999999999
101118141162176176159128 89 49 17  0  3 25 6110314317218418016313911510027 6 4GB 4301781814185999999999999991121 -12343 9699999999999999
 97107127151172182176154118 75 33  3 -9 -1 27 6711115117818818016013511227 6 5GB 51118219 11889999999999999912 6 -9999999999999999999999
 99100113136159178184174147108 63 24 -3-11  2 33 7511915718018617515412927 6 6GB 555184194918699999999999999 028 981252-1299999999999999
109 99103119142164180183169140100 57 20 -2 -6 10 43 8412616017918116814727 6 7GB 641184203618299999999999999 114 991341 -799999999999999
124106100106122144164177177162132 94 56 24  6  5 24 56 9513216117517416027 6 8GB 731179212417699999999999999 2 21001430  399999999999999
139119104 99106121141159169168153127 93 60 33 19 22 41 7010513716017016627 6 9GB 826171221217099999999999999 254 991520 1899999999999999
152133114101 96102116133149159158146123 96 68 47 37 41 59 8511514115916627 610GB 92716023 016699999999999999 353 961612 3799999999999999
160146127109 96 91 95107122136147148140123102 80 64 57 61 77 9912414515927 611GB1041149234916399999999999999 5 1 9117 7 5799999999999999
162156141122104 89 83 85 94108123136141138127111 95 81 76 79 9211113114927 612GB1210141999999999999999999999 616 8218 6 7699999999999999
159161153137117 97 80 71 72 80 95113128138141135123109 97 91 9410412013727 613GB 039161134514199999999999999 728 701913 9199999999999999
152161161151133110 87 69 58 58 68 8510612614114714413412110910210311212627 614GB 12916215 914799999999999999 830 57202310299999999999999
142156163161149127102 76 56 45 47 59 8110613014815515314312911610810811727 615GB 218164161515699999999999999 923 44212710799999999999999
131147160166161145120 91 63 42 34 39 56 8211113815716416014713111710911127 616GB 3 416617 61649999999999999910 9 33222210999999999999999
121136153165169160139110 78 49 30 25 35 58 8912114916617016214712911410827 617GB 3471691749170999999999999991050 2523 710899999999999999
112125142159170170156130 97 64 37 22 22 38 6610113416017317216014112210927 618GB 4281711826174999999999999991128 20234610699999999999999
106114130150166174168149119 84 51 27 17 24 47 7911514716817616915213211427 619GB 5 717419 01769999999999999912 4 17999999999999999999999
104106118138158172175164139105 70 39 21 18 32 60 9412915717317416114112127 620GB 544175193317599999999999999 0211031240 1799999999999999
106101108125146164174172155127 92 58 32 20 25 45 7611114216517316715113027 621GB 62017520 417399999999999999 0541011314 2099999999999999
111100100112131152168173165144113 79 49 30 25 37 61 9312615316817015813927 622GB 656173203517199999999999999 127 991347 2599999999999999
119103 97102117137155167168155131101 70 46 33 36 52 7911013916016816314827 623GB 73416921 716899999999999999 2 3 971421 3399999999999999
129110 98 96104120139154162159144119 91 66 48 42 51 70 9712614916316515627 624GB 814163213916699999999999999 242 951454 4299999999999999
139120104 95 95105120137150155149133111 87 67 56 56 67 8811313715516316127 625GB 858155221416499999999999999 326 941530 5499999999999999
148131113 98 91 93103117132143146140126107 88 74 67 71 8410412614515816227 626GB 952146225116299999999999999 418 9116 9 6799999999999999
156142124107 93 86 88 97110124135139135125110 96 85 82 86 9911613515015927 627GB11 2139233416099999999999999 518 861657 8299999999999999
160152137118100 85 78 79 87101116129136136130119107 99 96 9911012414015227 628GB1232137999999999999999999999 624 771758 9699999999999999
159158149133113 92 75 66 66 75 9010812613814214013112111210710811612914327 629GB 02416014 614299999999999999 730 65191610799999999999999
155161159149130106 82 62 50 50 61 8010412714415315314513312211411311913127 630GB 120162152715499999999999999 831 49203811299999999999999
145158165163150127 99 70 46 33 34 48 7310313215416616615714212711611312027 7 1GB 217166163116799999999999999 927 32214911399999999999999
133149164172168152124 91 57 30 16 19 38 6910514016517817716414612711411127 7 2GB 3141721724179999999999999991020 15224611199999999999999
119135155172180175154121 82 44 15  2  8 32 6911114917618818316714412210927 7 3GB 4 81801812188999999999999991110  1233610699999999999999
108119139162181188180155117 73 32  3 -7  4 33 7512015918519318416313711427 7 4GB 5 118818561939999999999999912 0 -7999999999999999999999
102104120143169188194182153111 66 25 -2 -9  7 41 8613116919119317915412727 7 5GB 552194193819599999999999999 0221011247 -999999999999999
105 95101121147173191195180148106 60 22  0 -1 19 5610014417619218816914227 7 6GB 643196201819399999999999999 1 7 951333 -499999999999999
115 95 90 99121148173190191174141100 59 26 10 15 38 7511715518118917915727 7 7GB 734193205618999999999999999 152 901417  999999999999999
129104 88 85 97119145169182181164133 97 62 37 28 37 63 9713416418218216827 7 8GB 826184213218499999999999999 239 8415 0 2899999999999999
144117 95 82 82 94115139159170168153127 98 71 54 51 64 8811814716917817327 7 9GB 92117122 817999999999999999 329 801541 5199999999999999
156133108 88 78 79 90109129147156155143124103 85 75 76 8911013415617017327 710GB1024157224517399999999999999 425 771623 7499999999999999
164147124102 84 75 75 84100117133143144138127113102 96 9911012614415916727 711GB1143145232616899999999999999 528 731710 9699999999999999
166157140119 98 81 71 70 76 8910512113313913913312511811411612413514715827 712GB1326140999999999999999999999 640 69181111499999999999999
163161152136116 96 78 66 63 68 79 9611413014114514313813112612512913714627 713GB 017163151214599999999999999 755 63194212599999999999999
155160159150135115 93 73 59 54 59 72 9111313314715415414713913112712813527 714GB 121161162415599999999999999 9 2 54211512799999999999999
144154160160151135112 87 65 50 45 52 69 9211814115716416115113912812212427 715GB 229161171016499999999999999 956 45221812299999999999999
132144156164164153133107 79 55 40 38 49 7110012915316817116314913312011527 716GB 3281651745171999999999999991040 3723 211599999999999999
120132148162170168153128 97 67 43 31 34 51 7911214316617617315914012211127 717GB 4171711815176999999999999991119 30233710999999999999999
110119136155170176169149119 85 54 33 26 36 60 9312815717617916915012811027 718GB 5 01761844180999999999999991154 26999999999999999999999
102107123144164178180167141106 71 42 26 27 45 7511114517018117615913611327 719GB 538181191118199999999999999 0 81021226 2499999999999999
 99 97109129153173183179159128 91 57 34 26 36 60 9513116117918116814512027 720GB 614184193718299999999999999 038 961257 2699999999999999
100 91 96114138162179183172147113 77 48 32 33 51 8111615017318217515513027 721GB 64918420 218299999999999999 1 9 911326 3099999999999999
106 90 88 99120145167180178161132 98 67 45 38 48 7210413716518017916414027 722GB 724181202818299999999999999 141 871355 3899999999999999
115 94 84 87103126150168175168148118 88 63 50 51 68 9512615517418017115127 723GB 8 1175205318099999999999999 215 831424 4899999999999999
126102 85 80 88106129150165167157135109 84 67 61 70 9011714416617717516027 724GB 842168211917899999999999999 252 801453 6199999999999999
137113 92 79 79 89107129147158157146127105 87 77 78 9011113515617017416627 725GB 928159214817499999999999999 334 771526 7699999999999999
148125103 85 76 77 88105124140149148139125109 98 93 9710912714616116916827 726GB1028150222217099999999999999 423 7516 3 9399999999999999
157139117 96 80 72 73 82 9811513114014313913012011211011412413715016116527 727GB115214323 816599999999999999 524 71165511099999999999999
162151134114 93 76 66 65 72 8610412113514314414113412812512513114014915827 728GB1344145999999999999999999999 639 64182112499999999999999
162160151135114 92 72 58 53 58 72 9211413414815515515014213413013113714627 729GB 015162152715699999999999999 759 53202013099999999999999
155163164157141117 91 65 46 38 42 58 8211113815816916916214913612712513127 730GB 141164163217099999999999999 911 37214612599999999999999
142156168173167149121 88 56 32 21 26 46 7811414717118318116814913111811627 731GB 2591731720184999999999999991011 21224311599999999999999
124141161178185178157123 83 45 18  7 16 42 8012216018519418616614111910527 8 1GB 4 418518 01949999999999999911 3  7232810499999999999999
106120143169189197188161121 76 35  7  0 14 47 9113617419619918315712710327 8 2GB 5 01971837200999999999999991150 -1999999999999999999999
 92 98118147177199206192160116 68 28  4  2 23 6210815418720219617314110927 8 3GB 552206191120399999999999999 0 9 921234  099999999999999
 87 81 93119151183204207190154109 63 27  9 15 43 8413017019620218715712327 8 4GB 640208194420299999999999999 050 801315  999999999999999
 92 74 73 91120154184202201180144102 62 34 25 39 6911015118319919417113927 8 5GB 728204201519999999999999999 131 711353 2599999999999999
105 78 66 71 91121153180193189167134 98 67 49 49 67 9813516818919418115427 8 6GB 815194204519599999999999999 213 651429 4799999999999999
122 91 70 63 71 92120148170179172153126 99 79 71 77 9712515417718818316527 8 7GB 9 5179211318899999999999999 257 6315 3 7199999999999999
138109 84 68 64 74 93117140156162156142124106 95 9410412214416417718017027 8 8GB10 0162214118099999999999999 344 641536 9399999999999999
151126102 82 70 68 77 9211112814114714513712711811411612513915416617116927 8 9GB1113147221317199999999999999 439 68161111499999999999999
158141121101 84 74 72 77 8810211612913714013913513213013213814515416016227 810GB1313140225816299999999999999 548 7217 113099999999999999
159151137121104 88 77 72 73 81 9210712113414214614614414114014014314715227 811GB1532147999999999999999999999 718 72191613999999999999999
155154149139125108 91 77 68 66 72 8510212113815015715615214513813413513927 812GB 026155162815799999999999999 844 66212713499999999999999
145152155153145129110 89 71 60 57 65 8210412814816216616215214013012412527 813GB 21215617 016699999999999999 944 57221812499999999999999
133145155162161150131107 82 61 49 50 62 8511314016117317216214612911711327 814GB 3231631727174999999999999991028 48225211399999999999999
120133150164172168153128 98 70 49 40 47 67 9612815617518017115413211410427 815GB 41317217521809999999999999911 4 40232010399999999999999
106119139160175180172149118 85 56 38 36 51 79113146172184180163139115 9827 816GB 4531801815185999999999999991136 352348 9499999999999999
 94104124149172186185169140104 69 44 33 41 64 98134166185187173148120 9727 817GB 52918718381889999999999999912 5 33999999999999999999999
 86 89107134161183192184160125 88 56 38 37 54 8512215718219118215912910127 818GB 6 319219 019199999999999999 015 851232 3599999999999999
 82 78 90115145172190191176146109 74 49 40 50 7611014617519118816914010827 819GB 636193192119299999999999999 044 771259 4099999999999999
 83 71 76 95124155179191185163130 95 66 51 52 7110113616718719117815111927 820GB 710191194319299999999999999 113 701325 4999999999999999
 89 70 66 78103133162181185173148116 87 66 61 71 9512615718119018316213127 821GB 74618620 519099999999999999 144 651351 6099999999999999
100 75 63 66 84110139164177176160135108 86 75 78 9411914817218518517014427 822GB 824178202818799999999999999 218 621418 7499999999999999
114 86 67 61 69 89115141160168164148127107 93 90 9811613916117718117415527 823GB 9 8168205318299999999999999 255 611448 9099999999999999
128101 79 65 63 73 9111413615115715314112711410710811813415216617417316227 824GB10 5157212217599999999999999 340 62152110699999999999999
143119 96 77 66 65 73 8910712513914614614113312712412613314415516316716427 825GB113014722 316799999999999999 439 6416 612499999999999999
154138118 98 81 69 64 68 79 9511212813914614714514213913814014415015615927 826GB1350147232715999999999999999 6 2 64175113899999999999999
159153142125106 86 69 59 58 65 79 9912013915216016015614914213713714014727 827GB1536161999999999999999999999 741 57203813699999999999999
155160160153137115 90 66 49 43 48 66 9111914516517417316415013612612312927 828GB 132161162417599999999999999 9 2 43214912399999999999999
141156169174168150122 89 59 36 28 35 58 9112615818018818116414212110810827 829GB 3 117417 01889999999999999910 2 28223310699999999999999
119140163181190183160125 85 49 24 17 30 60100141175195196180154125101 8927 830GB 4 51901733197999999999999991050 172312 8999999999999999
 94114142172195204193164123 78 40 17 16 36 73118161192204195170136103 7927 831GB 45820418 4204999999999999991133 132350 7299999999999999
 73 85113148182206212196161116 71 35 19 26 54 95141180204205186152114 8027 9 1GB 5462121834207999999999999991212 18999999999999999999999
 61 62 82116155190211211190153108 67 39 31 47 80122164195208197169130 9127 9 2GB 63221419 320899999999999999 027 581249 3199999999999999
 61 49 58 84121160191207202178142102 69 51 53 7510914818220220218214810827 9 3GB 716208193020599999999999999 1 5 491323 4999999999999999
 73 50 46 60 89126161187196187163131100 77 70 8010413716919219918916212727 9 4GB 8 1196195519999999999999999 143 451355 7099999999999999
 91 62 48 50 68 96128157176180170149125104 92 9310713115717919118817114327 9 5GB 846181201919299999999999999 222 461425 9099999999999999
111 81 61 53 59 7610112714916216315414012411210911513014916717918217215327 9 6GB 937164204318299999999999999 3 4 53145310999999999999999
128102 80 66 62 69 8410312213814714914413712912512613314415616617116815727 9 7GB104414921 817199999999999999 351 62152012499999999999999
141121102 85 75 72 76 8610011412613514014114013813713814214815415815815527 9 8GB1252141214215999999999999999 454 7216 013799999999999999
147136122107 94 84 79 79 84 9310511812913914514814814614414314314414614727 9 9GB1527148233014799999999999999 630 78193314399999999999999
147144138128116102 89 80 75 77 85 9811413114515415815614914213513113113527 910GB16 4158999999999999999999999 815 75212813199999999999999
141146149146137123105 88 74 67 69 79 9711914015616516515714513212111712127 911GB 2 2149162916699999999999999 920 6722 211799999999999999
130142153159156145125103 81 64 58 63 8010413015417017416715213311510510527 912GB 31415916521749999999999999910 4 58223010499999999999999
115132150164170164147122 94 69 54 52 64 88118147170180177161138114 97 9127 913GB 4 11701714181999999999999991038 512256 9199999999999999
 99117140163177180167143112 81 57 47 53 74105138167184185171146117 93 8027 914GB 44018017351879999999999999911 8 472322 7999999999999999
 82 99125153177188184164133 98 68 49 48 64 92127160184191181156125 94 7327 915GB 5141891755191999999999999991135 462348 6799999999999999
 67 79105137167189194181154119 84 59 49 58 82116152180194190168135100 7127 916GB 54819418161959999999999999912 1 49999999999999999999999
 57 62 83116151180195193172140105 74 57 58 76107142173193195178147110 7627 917GB 622197183619799999999999999 015 571228 5599999999999999
 54 49 63 92128163187196185160126 94 71 64 75100132164188197186160123 8627 918GB 656196185819799999999999999 044 481254 6499999999999999
 57 43 48 70103140170189189173146115 90 77 79 9612415418019319017013810127 919GB 732191192019499999999999999 115 431321 7599999999999999
 68 47 41 53 80113146172183178160135110 94 89 9811914516918618917715111827 920GB 812183194318999999999999999 148 411350 8999999999999999
 85 58 44 45 62 8811914716617216514912911310410611813715817518217816113527 921GB 85717220 818299999999999999 225 43142010399999999999999
105 78 57 49 53 69 9211814015515915414313112111812313414916317217316514827 922GB 956159203817399999999999999 311 48145511899999999999999
126101 79 63 56 59 71 9011012814214814814413813413313614215015816216115527 923GB1130149212216299999999999999 412 56154913399999999999999
142126106 88 73 63 62 68 81 9811513114315015215014614314014014314615015227 924GB1356152231915299999999999999 542 61183014099999999999999
151146134119100 82 67 59 59 69 8510612714615816416215514513512912713113927 925GB1514164999999999999999999999 726 58204712799999999999999
148155157150134112 88 66 52 48 57 7710413215617117617015513712011010911727 926GB 141157155317699999999999999 846 48213710899999999999999
133151166172166148120 89 61 43 39 52 78111144171185184169146120 98 87 9127 927GB 3 3172162518799999999999999 943 382215 8799999999999999
108133159180189181157123 86 54 36 37 56 88127162188196185160127 95 73 6627 928GB 4 21891655196999999999999991028 342251 6699999999999999
 78104137170194201189159120 81 50 36 44 70107148182200198176142103 69 5027 929GB 45220217242029999999999999911 9 362327 4899999999999999
 51 72106145181204207189155114 76 51 45 60 92132170197205191159118 77 4727 930GB 5382081752205999999999999991146 44999999999999999999999
 35 44 73112154189207204182147108 76 59 62 84118156187204200175137 94 562710 1GB 622209181920599999999999999 0 3 351221 5799999999999999
 32 29 46 80121161191203194170137104 80 73 84110143175197201186154114 732710 2GB 7 5203184520299999999999999 039 271253 7399999999999999
 42 27 32 55 90129164186192180156128104 90 92108134162185196190167132 942710 3GB 74719219 919699999999999999 115 261324 8999999999999999
 60 38 31 43 681011341621771771641441231081031111281511721861861731471142710 4GB 830179193318899999999999999 151 31135310399999999999999
 82 56 42 43 56 801091351551641621511371231161171271431601731771711551302710 5GB 917164195817799999999999999 229 41142211699999999999999
103 79 61 53 57 70 901121311451511491431351281261291371481591651641551402710 6GB1017151202416599999999999999 311 53145512699999999999999
121100 83 71 66 69 79 941101241351411431411381351341361401461501521501432710 7GB1153143205915299999999999999 4 6 66155113499999999999999
132119105 92 82 77 77 83 921041171291381431451441421381361351361371391392710 8GB1410145224413999999999999999 526 7619 713599999999999999
137132124114102 91 83 79 80 87 991131281411491531511451361281231211241292710 9GB15 6153999999999999999999999 713 79205412199999999999999
135138138133123109 95 83 75 75 83 97116134150159160153141126114107107114271010GB 131139153716199999999999999 831 74212910699999999999999
125137146149144130112 93 77 69 71 82102125147163169164149129110 95 90 96271011GB 25114916 216999999999999999 921 682158 9099999999999999
110129147159160151133109 87 70 64 70 89114140163175173159136110 88 76 77271012GB 341161162517699999999999999 959 642224 7499999999999999
 91114139160172169154130102 78 64 63 77102132159178182170146115 86 65 59271013GB 4211721646182999999999999991031 622251 5999999999999999
 70 94124153175182173151122 92 70 62 70 92122153177187181158125 89 60 46271014GB 45818217 71889999999999999911 1 622318 4599999999999999
 49 70102138168187188172144112 84 68 68 84112144172189189170138 99 63 39271015GB 5331891729192999999999999991130 652347 3299999999999999
 33 47 77115153181193187164134102 79 71 80103134164187194182152113 73 40271016GB 6 91941753194999999999999991159 71999999999999999999999
 24 28 52 88129165188193180154123 97 81 81 97124154179193189166130 89 51271017GB 646194181719499999999999999 018 231229 7999999999999999
 26 19 32 61100140171188187170143116 96 89 96116143169187190177148109 70271018GB 725190184319199999999999999 051 1813 0 8999999999999999
 38 21 21 40 72110145171181176158135114101101113133156176185180161130 93271019GB 8 8182191118599999999999999 127 191333 9999999999999999
 59 35 24 30 50 81115145164171164149132117111114127144162174176167146117271020GB 858171194317799999999999999 2 9 24141011199999999999999
 86 58 39 33 40 59 86114138154159155145133125121125135147159165164154136271021GB10 1159202216699999999999999 259 33145712199999999999999
112 87 65 50 44 49 64 85108129144151151146139133130130135141148152152146271022GB1130152212715299999999999999 4 2 44162112999999999999999
134116 97 78 63 54 55 64 81101121138149153152146139131127125128132138143271023GB1314154234014499999999999999 526 53185012599999999999999
144139127111 92 74 61 57 62 75 95118138153161160152139125114108109116128271024GB1422161999999999999999999999 659 57202210799999999999999
140148150142126104 82 65 56 59 73 96122146164170166151131110 93 85 89102271025GB 14015015 517099999999999999 815 562111 8599999999999999
122143158164157139113 87 65 55 59 77103133159176178166143114 87 68 63 73271026GB 258164154017999999999999999 913 552151 6399999999999999
 94122150171178169147117 88 65 57 65 87118149174186180159127 92 62 44 45271027GB 35617816111869999999999999910 1 572229 4299999999999999
 62 93128161183188175149117 87 67 63 77103136167187191175144105 67 38 26271028GB 4471881641192999999999999991042 6223 5 2699999999999999
 34 60 97137171191192175146114 86 72 74 93123155181194187162124 81 44 20271029GB 5331941710194999999999999991121 702341 1599999999999999
 16 33 65106147179194190169140110 87 80 89112142171190193176144102 60 27271030GB 6161951739194999999999999991156 80999999999999999999999
 11 16 39 76118156182191181159131106 91 91106131158181191184160123 81 44271031GB 65819118 719199999999999999 017 101230 8999999999999999
 19 12 24 52 89128161180182169148124105 98104122146168183184169140103 662711 1GB 738183183518699999999999999 052 1213 3 9899999999999999
 36 20 20 38 67102136161173170156137119107106116134155171178172152122 892711 2GB 81917319 317899999999999999 128 18133510599999999999999
 58 36 28 34 53 811121391561631581451301171111151261421571671671561361092711 3GB 9 1163193316899999999999999 2 4 2814 911199999999999999
 81 57 43 40 49 68 921171371501531481371271191171211301421521571531421232711 4GB 95015320 715799999999999999 244 39145011699999999999999
101 79 63 53 53 62 79 991181341431451421351271221201231291361421441401312711 5GB1051145205214499999999999999 330 52155212099999999999999
117100 84 71 65 65 72 851011171301391431411361301241201191211251291321312711 6GB1211143221513299999999999999 428 64174311999999999999999
126116105 92 81 74 73 78 881011161291401451451401311221141091091121171232711 7GB1328145999999999999999999999 543 73194010899999999999999
127127122113101 90 81 77 80 88102118133145151149141128114101 94 93 991092711 8GB 028127141915199999999999999 7 7 772037 9399999999999999
120130134131122109 95 84 78 80 90106124142154158152138118 99 83 76 78 892711 9GB 2 9134145415899999999999999 815 782115 7599999999999999
106124138145142131114 97 83 77 81 94114135153163162149127101 77 61 58 67271110GB 312145152416499999999999999 9 6 772147 5799999999999999
 86111134151157151136115 95 81 77 86103127149166171161139109 78 53 41 44271111GB 4 0157155117199999999999999 948 772217 4099999999999999
 62 90121148165168157137112 91 79 80 94117142164176172153122 86 53 30 24271112GB 4411691618176999999999999991025 782249 2499999999999999
 36 63 99135163177175158133108 88 80 87106132158176181168139101 61 29 11271113GB 52117816461819999999999999911 1 802322 1099999999999999
 14 36 71111149175184176155128103 87 85 98121148171184179157121 78 39 10271114GB 6 11841716184999999999999991136 842358  099999999999999
  0 12 41 81123159181185172148121 99 89 93111136161180185172143102 59 22271115GB 6421861748185999999999999991212 88999999999999999999999
  0 -2 16 50 92133165182180164140116 99 94103123148170182180161127 86 46271116GB 725183182218399999999999999 037 -41250 9499999999999999
 14 -2  2 24 60101138165177172156134114102101113133154171178170148114 76271117GB 81117719 017899999999999999 119 -3133110099999999999999
 40 14  4 12 35 69106139161169163148129114106108120137154166169159137106271118GB 9 2169194316999999999999999 2 5  4141710599999999999999
 72 42 22 15 24 46 77109137155161155143128116110111121134147156157148129271119GB 959161203715799999999999999 256 15151610999999999999999
104 76 51 34 29 37 56 82110133149155151141128117110109115124134142145140271120GB11 3155215314599999999999999 354 29163610999999999999999
127107 85 65 49 44 49 65 86110132147153151141129115105100102108118128135271121GB1211153233813799999999999999 5 1 44181610099999999999999
136130116 98 79 65 57 60 72 91113133149155153142126109 94 85 84 90102117271122GB1313155999999999999999999999 615 571939 8399999999999999
130138137128112 94 78 68 68 78 96118139154160155141120 97 77 65 63 72 89271123GB 12613914 416099999999999999 730 672039 6399999999999999
111130144147140125106 88 77 75 85104126147162165156135108 80 57 44 45 59271124GB 249148144716599999999999999 836 752126 4399999999999999
 82110136153159151134113 94 82 82 93113136157169168152125 92 60 36 25 31271125GB 354159152517099999999999999 931 8022 9 2599999999999999
 52 82115145163168158139116 96 86 88102124148167174167144111 74 40 18 12271126GB 44716816 1174999999999999991020 852248 1299999999999999
 25 52 87124155172173160138115 96 89 95112136159174176161131 93 55 23  6271127GB 53417416361779999999999999911 3 892326  499999999999999
  7 26 59 98136164177173156133110 95 92103123147167177172150115 75 38 11271128GB 6161771710177999999999999991142 92999999999999999999999
  0  9 35 71111146169176168148125105 94 97112134156172176163135 98 59 26271129GB 655176174417699999999999999 0 3  01218 9499999999999999
  5  3 18 48 86124154170171158137115100 95103121143162172169150119 82 46271130GB 732173181717399999999999999 038  21252 9599999999999999
 19  7 11 32 64101134157167162146126107 97 98109128148163167158136104 692712 1GB 8 8167185016899999999999999 114  61326 9699999999999999
 39 19 14 25 49 81113141157160151134116102 97102115133150159158145121 912712 2GB 844161192516099999999999999 149 1414 2 9799999999999999
 61 37 25 26 41 65 95123144154152141125110100 981051181331461511461311082712 3GB 92115420 415199999999999999 225 231443 9899999999999999
 82 58 41 34 40 57 80106129144149145133119106 99 991051161281371401341202712 4GB10 1149204914099999999999999 3 2 341533 9899999999999999
100 79 61 49 47 55 71 93114132143145139128116104 98 971011101191261281242712 5GB1046145214912899999999999999 342 471639 9699999999999999
113 97 81 68 60 60 69 83101119134142143137126113101 93 90 93 991081161192712 6GB1137143231612099999999999999 429 5918 1 9099999999999999
118111101 89 78 72 73 80 92107123135142143136124110 95 84 79 80 87 971072712 7GB1232143999999999999999999999 528 721919 7899999999999999
116119116109 99 89 83 82 87 98112127139145144136121102 84 70 63 65 74 892712 8GB 1 4119132414699999999999999 640 822018 6299999999999999
105118126126120110 99 91 88 92102116132144150146134114 90 67 51 45 50 642712 9GB 234127141015099999999999999 756 8821 3 4599999999999999
 85108126137139132119105 95 90 95106122139151155147129102 73 47 30 27 37271210GB 339139145115599999999999999 9 0 902144 2699999999999999
 59 87116139151151141125108 95 91 97111130148159159146121 87 53 26 10 12271211GB 430152153116199999999999999 954 912225  999999999999999
 30 59 94128152163160146126106 93 91101118140158167162142109 70 33  6 -6271212GB 5161641611167999999999999991041 9123 6 -699999999999999
  2 27 64104140164172165146123103 91 92106127150167173162135 96 54 15-10271213GB 6 01721652173999999999999991125 902348-1799999999999999
-16 -2 30 72115151172176164142117 98 89 94112136159174175159126 84 39  2271214GB 64317717341779999999999999912 7 89999999999999999999999
-19-19  1 37 82125159176175159135110 93 88 98118143165177173152116 73 30271215GB 726178181917799999999999999 032-221249 8899999999999999
 -4-20-15  9 48 92133163175169150126103 89 88101122146166174167144107 65271216GB 81017519 517499999999999999 117-211334 8799999999999999
 26 -3-14 -4 23 62103140163170161141117 97 86 88102123144161167158134100271217GB 853170195516799999999999999 2 2-141421 8599999999999999
 62 28  6  0 13 40 76113144161163151131109 92 83 86 99118137151155147125271218GB 937164205115699999999999999 249  01515 8399999999999999
 96 65 38 21 19 33 59 91122146158156143123103 87 79 81 92108125138142136271219GB1021158215614299999999999999 337 181617 7999999999999999
120 97 72 52 40 41 54 77103128146154149136117 98 82 73 73 81 95110123129271220GB11 8154231913099999999999999 427 391729 7299999999999999
128118102 85 70 61 63 74 92113132146150145131113 92 75 64 61 67 79 94109271221GB1157150999999999999999999999 522 611849 6199999999999999
120125121112 99 88 80 81 88102119135146149143128108 86 66 53 47 52 64 82271222GB 1 3125125114999999999999999 629 7920 2 4799999999999999
101117127129124114103 95 93 98108123136146149142126104 79 56 39 33 38 52271223GB 245129134814999999999999999 749 9321 4 3399999999999999
 74 98120134140136126113103 98101111125139149151142123 97 68 43 25 19 27271224GB 4 3140144215199999999999999 9 8 982155 1999999999999999
 46 73102128144150145132117104 98101112128143153153141118 88 56 29 12  9271225GB 4581501532155999999999999991010 982239  999999999999999
 22 47 79112139155157148132114100 95101115133149158155138110 76 42 15  2271226GB 5411581617158999999999999991058 952319  199999999999999
  5 24 54 91125150162159145125106 93 92102119139155162154132 99 62 28  4271227GB 6181631658162999999999999991138 912356 -399999999999999
 -3  7 32 68105138159165155136114 96 87 91106127147161163149121 84 47 16271228GB 6511651736164999999999999991212 87999999999999999999999
 -2 -2 15 47 84121149163161146123101 86 83 93112135154164159139107 69 33271229GB 721165181216499999999999999 031 -41245 8399999999999999
  8 -2  6 30 65103135157163153133109 89 79 83 98120142158162151126 91 54271230GB 751163184716299999999999999 1 3 -21316 7999999999999999
 24  6  5 21 50 86120147159156140118 95 80 76 84103126146157155139110 76271231GB 818160192215899999999999999 134  31348 7599999999999999
