 49 43 40 39 43 50 59 70 78 81 80 74 66 56 46 39 34 33 35 39 45 50 53 5527 1 1HK 9 8 812319 5599999999999999 233 391655 3399999999999999
 54 52 50 48 49 52 59 67 75 82 83 81 76 67 57 46 37 31 28 29 34 40 47 5227 1 2HK 956 83999999999999999999999 315 481812 2899999999999999
 56 59 59 58 56 56 59 64 71 78 83 85 83 77 69 57 45 35 27 24 25 30 39 4827 1 3HK 137 591057 8599999999999999 425 561913 2499999999999999
 56 62 65 66 64 62 61 63 67 73 80 85 87 85 79 69 56 42 30 22 20 22 29 4027 1 4HK 244 6612 3 8799999999999999 549 6120 2 2099999999999999
 52 62 69 72 72 68 65 63 64 68 74 81 87 90 87 80 68 53 38 25 17 16 21 3127 1 5HK 324 7213 2 9099999999999999 7 4 632044 1699999999999999
 44 58 68 75 76 74 69 64 62 64 68 75 84 90 93 89 79 65 48 31 19 13 14 2227 1 6HK 355 761351 9399999999999999 8 5 622121 1399999999999999
 35 51 65 74 78 78 73 67 61 60 62 68 77 87 94 94 87 75 58 40 24 13 10 1427 1 7HK 421 791434 9599999999999999 855 602155 1099999999999999
 25 41 58 71 78 79 76 69 61 56 56 60 69 80 90 95 93 83 68 50 31 17  9  927 1 8HK 445 791512 9699999999999999 936 562227  899999999999999
 17 31 49 65 75 79 77 71 63 55 51 53 59 70 82 92 94 89 76 59 40 23 11  827 1 9HK 5 8 791549 95999999999999991013 512258  899999999999999
 12 23 40 57 70 77 77 72 64 55 48 47 51 60 72 84 91 90 81 67 49 31 17  927 110HK 532 781624 92999999999999991048 462326  899999999999999
  9 18 32 49 64 74 77 74 66 57 48 43 43 50 60 73 83 87 83 72 57 40 24 1427 111HK 557 771659 87999999999999991124 422353 1199999999999999
 11 15 26 42 58 70 76 75 69 60 50 42 39 42 50 61 73 80 81 75 63 48 33 2127 112HK 623 761735 829999999999999912 0 39999999999999999999999
 15 16 24 37 52 66 75 76 73 64 54 44 38 37 41 50 61 70 75 74 66 55 42 3027 113HK 648 771815 7599999999999999 018 151239 3799999999999999
 22 21 26 36 49 62 73 77 76 69 60 49 40 36 36 41 49 58 66 69 66 59 50 4027 114HK 713 7819 1 6999999999999999 041 211325 3599999999999999
 32 29 31 37 48 60 71 78 79 75 67 56 46 38 35 35 39 46 54 60 62 61 56 4927 115HK 741 7920 1 6299999999999999 1 5 291424 3499999999999999
 43 39 38 42 50 59 69 77 81 80 74 65 55 45 37 33 32 35 41 48 54 57 57 5527 116HK 812 812133 5799999999999999 131 381543 3299999999999999
 52 49 48 49 54 60 68 76 82 83 81 74 65 55 45 37 31 28 29 34 41 48 54 5727 117HK 852 83999999999999999999999 2 0 481712 2899999999999999
 58 59 58 58 59 63 68 74 80 84 85 83 77 68 58 46 35 27 22 22 26 35 44 5227 118HK 038 59 946 8599999999999999 237 581830 2199999999999999
 59 64 66 66 66 66 68 72 77 82 86 88 86 81 72 60 46 32 21 15 14 19 29 4227 119HK11 4 889999999999999999999991936 14999999999999999999999
 54 64 70 73 72 70 69 69 72 76 81 87 91 91 86 76 62 45 27 14  7  7 14 2727 120HK 318 731230 9299999999999999 618 692032  699999999999999
 43 58 69 75 77 74 70 66 66 68 73 80 89 95 96 91 79 62 41 22  8  1  2 1227 121HK 350 771339 9799999999999999 745 662120  199999999999999
 29 48 64 74 79 78 72 65 60 59 62 68 79 91 99100 93 79 59 36 16  2 -2  127 122HK 420 79143510099999999999999 848 5922 4 -299999999999999
 15 34 55 70 78 80 76 67 57 51 51 55 64 78 92100100 91 75 53 30 11  0 -227 123HK 447 80152610199999999999999 939 502243 -299999999999999
  6 22 44 63 76 80 78 70 58 47 42 42 48 61 77 91 98 95 85 68 46 25  8  127 124HK 511 811613 98999999999999991025 412317  199999999999999
  3 14 33 55 72 80 81 75 63 49 38 33 36 44 58 75 88 92 88 77 60 40 21 1027 125HK 534 811658 929999999999999911 9 332346  799999999999999
  7 13 27 47 66 79 83 79 70 56 41 31 28 32 41 56 72 82 84 78 67 52 34 2127 126HK 558 831742 84999999999999991153 28999999999999999999999
 15 17 26 42 60 76 84 83 76 64 49 35 27 26 30 40 54 67 74 74 68 58 45 3327 127HK 624 851827 7599999999999999 013 151239 2599999999999999
 25 24 30 41 56 72 83 86 82 73 59 45 32 26 26 31 40 51 61 65 64 59 52 4327 128HK 654 861916 6599999999999999 037 241330 2699999999999999
 36 33 35 43 54 67 79 86 86 79 69 56 43 33 29 28 32 39 47 54 57 56 54 5027 129HK 726 872016 5799999999999999 1 1 331430 2899999999999999
 45 42 43 47 54 64 74 83 86 84 76 67 55 45 36 32 31 32 37 43 48 51 52 5227 130HK 8 3 862233 5299999999999999 123 421552 3199999999999999
 52 51 51 53 57 63 70 78 83 84 81 75 67 57 48 40 34 31 31 34 39 44 48 5227 131HK 846 84999999999999999999999 135 511730 3199999999999999
 55 57 58 59 61 63 67 72 78 81 82 80 75 68 60 51 41 34 29 28 30 35 41 4827 2 1HK 947 829999999999999999999991853 28999999999999999999999
 55 60 64 65 65 65 66 68 71 75 79 81 81 77 71 62 51 40 31 25 23 26 33 4227 2 2HK1121 819999999999999999999991951 23999999999999999999999
 52 60 67 70 70 68 65 64 65 68 73 78 82 83 80 73 62 49 36 25 19 19 24 3327 2 3HK 331 701247 8399999999999999 7 1 642035 1899999999999999
 45 57 67 72 73 71 66 62 60 61 65 71 79 85 86 82 72 59 43 29 18 14 16 2427 2 4HK 349 731344 8699999999999999 8 8 602111 1499999999999999
 37 52 64 72 75 73 68 61 55 54 56 63 72 82 88 88 81 69 52 35 20 12 10 1627 2 5HK 4 6 751429 8999999999999999 854 532142 1099999999999999
 28 44 59 70 75 75 69 61 52 47 47 52 62 74 85 90 87 77 61 43 26 13  7 1027 2 6HK 423 7615 8 9099999999999999 931 472211  799999999999999
 20 35 53 67 75 76 71 62 52 43 40 42 51 63 77 87 89 83 70 52 33 18  8  727 2 7HK 441 761544 899999999999999910 5 402238  799999999999999
 14 28 46 62 73 77 74 65 53 42 34 34 40 51 66 80 87 85 76 60 42 25 13  827 2 8HK 5 0 771619 87999999999999991038 3323 2  899999999999999
 12 23 40 57 71 77 76 69 57 43 33 28 30 39 54 69 80 84 79 67 51 34 20 1327 2 9HK 519 781654 84999999999999991110 282325 1299999999999999
 13 21 36 53 68 78 79 73 62 48 34 26 24 30 41 56 71 79 79 71 59 44 29 2027 210HK 539 791730 80999999999999991142 242345 1899999999999999
 18 23 34 50 66 77 81 77 68 54 40 28 22 24 31 44 58 70 75 72 64 52 39 2927 211HK 559 8118 8 75999999999999991216 22999999999999999999999
 25 28 36 49 63 76 83 82 74 62 48 34 25 22 25 34 45 58 67 69 65 58 48 3927 212HK 622 831851 6999999999999999 0 5 251255 2299999999999999
 34 34 40 50 62 74 83 85 80 70 57 44 32 25 24 27 35 45 55 61 62 59 54 4827 213HK 647 851944 6399999999999999 025 331343 2399999999999999
 43 42 46 53 62 72 81 86 85 78 67 55 43 33 27 26 28 33 41 49 54 56 56 5427 214HK 717 8621 8 5699999999999999 045 421452 2699999999999999
 51 50 52 57 63 71 78 84 86 83 76 67 56 45 36 30 26 26 29 35 42 48 52 5427 215HK 754 86999999999999999999999 058 501635 2699999999999999
 56 57 59 61 65 69 74 79 83 84 82 76 69 60 50 40 31 24 21 22 27 35 43 5027 216HK 848 849999999999999999999991815 21999999999999999999999
 56 61 64 65 67 68 70 73 76 80 82 82 79 74 66 55 42 30 20 15 15 20 30 4127 217HK1030 829999999999999999999991929 14999999999999999999999
 52 61 67 69 69 67 66 65 67 70 75 80 84 84 80 71 57 41 26 14  8  9 16 2927 218HK 320 701232 8499999999999999 640 652024  799999999999999
 44 57 67 72 72 68 63 58 57 58 63 71 80 87 89 84 73 57 38 20  8  3  6 1727 219HK 333 731347 8999999999999999 8 5 5721 9  399999999999999
 33 51 65 73 75 71 63 54 47 45 48 56 68 81 90 92 86 73 53 32 14  4  1  827 220HK 351 751442 9299999999999999 856 452146  199999999999999
 23 42 61 73 77 75 67 54 42 35 34 39 51 67 83 91 91 83 68 47 26 10  3  527 221HK 410 771529 9299999999999999 938 342219  399999999999999
 15 34 55 71 79 79 72 59 43 30 24 25 34 49 67 83 90 87 77 61 40 22 10  827 222HK 429 801613 90999999999999991018 242247  799999999999999
 14 28 48 68 80 83 78 66 49 32 20 16 20 32 49 68 81 85 80 69 53 35 20 1427 223HK 449 831655 85999999999999991056 162312 1499999999999999
 16 26 43 63 79 86 84 74 59 40 23 14 13 20 33 51 67 77 78 72 61 46 32 2327 224HK 512 861735 78999999999999991134 122335 2199999999999999
 22 29 41 58 76 87 88 81 68 51 33 19 13 15 23 36 52 65 71 70 63 54 42 3327 225HK 538 891816 71999999999999991213 122358 2999999999999999
 29 33 42 55 71 84 90 86 76 62 45 29 19 16 19 28 39 52 61 64 62 57 49 4227 226HK 6 7 901859 64999999999999991255 16999999999999999999999
 38 39 45 54 66 79 87 88 82 71 57 42 30 23 22 25 32 41 50 56 58 56 52 4927 227HK 638 891950 5899999999999999 020 371343 2199999999999999
 45 45 48 55 64 73 82 86 84 77 66 54 43 34 29 28 30 34 41 47 51 52 52 5227 228HK 711 862127 5299999999999999 037 451448 2899999999999999
 51 51 53 57 62 69 75 80 82 79 72 64 55 46 39 34 31 31 34 38 42 46 49 5227 3 1HK 749 82999999999999999999999 028 511631 3199999999999999
 54 56 58 60 62 65 69 73 76 77 74 70 64 58 50 43 36 32 30 30 33 38 44 4927 3 2HK 842 779999999999999999999991817 30999999999999999999999
 55 59 62 63 63 63 64 66 68 71 72 72 71 67 61 53 44 35 28 25 25 29 36 4427 3 3HK1034 739999999999999999999991925 25999999999999999999999
 52 59 64 66 65 63 60 59 60 62 66 70 73 73 70 63 53 41 30 23 19 21 27 3727 3 4HK 311 661230 7499999999999999 7 4 592010 1999999999999999
 48 58 65 68 67 63 58 53 51 53 57 64 71 76 76 71 62 49 35 23 16 15 19 2927 3 5HK 319 681334 7799999999999999 8 2 512044 1499999999999999
 41 54 64 69 69 65 57 49 44 43 46 54 64 74 79 78 70 58 43 28 16 11 13 2127 3 6HK 330 701419 7999999999999999 841 422114 1199999999999999
 35 50 63 70 71 67 58 47 38 34 35 42 54 67 78 81 77 67 52 35 21 12 10 1627 3 7HK 343 721459 8199999999999999 915 332141 1099999999999999
 28 44 60 70 74 70 61 48 36 27 25 30 42 57 71 81 81 74 61 44 28 16 11 1427 3 8HK 358 741536 8299999999999999 946 2522 7 1199999999999999
 24 40 57 70 76 74 65 52 37 24 18 20 29 44 61 75 82 79 69 54 37 23 15 1527 3 9HK 415 761611 82999999999999991017 182230 1499999999999999
 23 36 53 69 78 78 71 58 41 25 15 12 18 31 49 66 78 80 75 63 48 32 22 2027 310HK 433 791647 80999999999999991048 122251 1999999999999999
 24 35 51 67 79 82 77 65 49 31 16  9 11 20 35 54 69 77 76 69 57 43 31 2627 311HK 451 821724 78999999999999991119  92311 2699999999999999
 28 36 49 65 79 85 83 73 58 40 23 12  8 13 24 40 57 69 73 70 63 52 41 3427 312HK 513 8518 2 73999999999999991153  82331 3399999999999999
 34 40 50 63 77 86 87 80 67 51 34 19 11 11 17 29 43 57 66 68 64 57 49 4227 313HK 537 881845 68999999999999991231 102351 4099999999999999
 40 44 52 62 74 84 89 85 76 62 46 31 20 15 16 22 31 44 54 60 61 58 54 4927 314HK 6 5 891938 61999999999999991317 14999999999999999999999
 46 48 53 62 71 80 86 87 81 71 59 45 33 24 20 20 24 31 40 48 53 55 54 5327 315HK 638 872116 5599999999999999 011 461424 1999999999999999
 52 52 56 61 68 74 80 84 83 77 68 58 48 37 29 24 22 23 28 35 41 47 51 5327 316HK 718 84999999999999999999999 021 521610 2299999999999999
 55 57 58 61 64 68 72 76 78 77 74 68 61 53 43 34 27 22 20 22 28 36 43 5027 317HK 819 789999999999999999999991755 20999999999999999999999
 56 60 61 62 62 62 63 65 67 70 72 73 71 66 59 48 37 26 18 15 17 24 34 4427 318HK1038 7399999999999999999999919 8 15999999999999999999999
 54 61 64 65 62 58 55 53 54 58 63 70 74 75 71 63 51 36 23 14 11 14 24 3727 319HK 232 651245 7599999999999999 7 8 531959 1199999999999999
 50 61 67 68 65 57 49 43 41 43 49 59 69 77 79 75 65 50 33 19 11 10 16 2827 320HK 246 681353 7999999999999999 8 5 412040  999999999999999
 44 59 69 72 69 61 48 37 30 28 32 42 57 71 80 81 76 64 47 29 16 10 13 2227 321HK 3 2 721445 8299999999999999 847 282114 1099999999999999
 38 56 70 76 75 67 53 37 24 17 18 25 40 58 73 81 81 74 60 42 26 16 14 2027 322HK 320 761530 8299999999999999 925 172143 1499999999999999
 33 51 69 79 81 74 61 43 25 12  8 12 23 41 60 75 81 79 70 55 38 25 19 2227 323HK 339 811611 819999999999999910 1  82210 1999999999999999
 31 47 65 80 85 81 70 53 32 15  5  4 11 25 45 64 75 78 74 64 49 35 26 2627 324HK 4 2 861650 78999999999999991036  32235 2599999999999999
 32 44 61 78 88 87 79 63 44 24  8  2  5 14 30 50 66 74 74 68 58 45 35 3127 325HK 428 891728 74999999999999991111  223 0 3199999999999999
 35 44 57 73 86 90 85 73 56 36 18  7  5 10 21 37 54 66 70 68 62 53 44 3827 326HK 457 9118 6 70999999999999991147  42325 3799999999999999
 38 45 55 68 81 89 89 80 66 49 32 17 10 11 17 29 42 55 63 65 62 57 50 4527 327HK 527 901847 65999999999999991225 102350 4399999999999999
 43 46 54 64 75 84 88 84 73 59 44 30 20 16 18 25 34 45 54 59 59 57 53 5027 328HK 558 881935 599999999999999913 7 16999999999999999999999
 48 49 54 61 69 77 83 83 77 67 55 43 32 25 23 25 30 37 45 51 54 54 54 5327 329HK 631 832053 5499999999999999 011 4814 0 2399999999999999
 52 52 54 59 64 70 75 77 76 70 62 53 43 36 31 28 29 31 36 42 46 50 52 5327 330HK 7 8 78999999999999999999999 020 521521 2899999999999999
 54 55 56 58 60 63 67 70 71 69 65 60 53 46 40 34 30 29 30 33 38 43 48 5227 331HK 758 7199999999999999999999917 8 29999999999999999999999
 55 58 59 59 58 58 58 60 62 64 64 63 60 55 49 42 35 29 26 26 29 35 42 4927 4 1HK 225 59 944 6499999999999999 449 581827 2699999999999999
 55 59 61 60 57 54 51 51 52 55 59 62 64 62 58 51 42 33 26 22 23 28 35 4527 4 2HK 212 611159 6499999999999999 645 511918 2299999999999999
 54 60 63 63 59 52 46 42 41 44 50 57 63 66 65 59 50 39 29 21 19 22 29 4027 4 3HK 220 631313 6699999999999999 737 411957 1999999999999999
 51 60 65 66 61 53 43 35 31 33 39 48 58 67 70 67 60 48 36 25 19 19 25 3527 4 4HK 232 6614 4 7099999999999999 815 312029 1899999999999999
 48 60 68 69 65 56 44 32 23 21 26 36 49 63 71 73 69 58 45 32 22 19 22 3227 4 5HK 247 701446 7499999999999999 848 212059 1999999999999999
 45 59 69 74 70 61 47 32 19 13 14 23 37 54 68 76 75 68 56 41 29 23 23 3027 4 6HK 3 4 741526 7699999999999999 920 122126 2299999999999999
 42 57 70 77 76 68 54 36 19  8  5 11 23 42 60 73 78 75 65 52 39 29 27 3127 4 7HK 322 7816 4 7899999999999999 952  52151 2799999999999999
 41 55 70 80 82 76 63 44 25  9  1  2 11 28 48 66 76 78 73 62 49 38 33 3427 4 8HK 343 831642 78999999999999991024  02214 3299999999999999
 42 54 69 81 87 83 72 55 35 16  3 -1  3 15 34 54 69 76 75 68 58 47 39 3827 4 9HK 4 6 871721 76999999999999991058 -12238 3899999999999999
 43 53 66 80 89 89 81 67 48 28 10  1  0  7 21 39 57 69 73 70 63 54 46 4327 410HK 433 9018 2 73999999999999991135  023 2 4399999999999999
 45 53 63 75 87 91 87 76 61 42 23 10  4  5 13 26 43 57 65 67 64 59 52 4727 411HK 5 3 911849 67999999999999991216  32329 4799999999999999
 47 52 60 70 81 89 89 83 71 56 39 23 13  9 11 18 30 43 54 60 61 59 56 5227 412HK 537 901951 619999999999999913 7  92357 5099999999999999
 50 52 58 65 73 81 85 84 77 66 53 39 27 18 15 16 21 30 41 49 54 56 56 5527 413HK 617 862138 56999999999999991415 15999999999999999999999
 53 53 56 60 65 71 76 79 77 71 63 53 42 32 25 20 19 22 29 37 45 50 54 5627 414HK 7 6 792345 5799999999999999 032 531547 1999999999999999
 57 56 56 56 58 60 64 67 70 69 67 62 55 47 38 30 23 20 21 27 35 43 50 5627 415HK 826 70999999999999999999999 150 561716 2099999999999999
 59 60 58 55 53 51 51 53 57 61 64 65 64 59 52 42 32 24 20 21 26 35 45 5427 416HK 045 6011 0 6599999999999999 535 511824 2099999999999999
 61 63 63 58 52 45 41 39 41 46 54 61 65 67 63 56 45 33 24 20 22 29 40 5227 417HK 116 641247 6799999999999999 656 391914 2099999999999999
 61 67 68 64 55 44 34 28 27 30 39 50 61 68 70 67 58 45 33 24 22 25 34 4827 418HK 140 681353 7099999999999999 747 271955 2299999999999999
 61 70 74 71 62 49 34 22 16 16 23 35 50 64 71 73 68 58 44 32 26 26 32 4327 419HK 2 2 741445 7399999999999999 828 152029 2599999999999999
 58 72 79 78 71 57 40 23 11  7 10 20 36 54 68 75 74 68 57 43 33 30 32 4127 420HK 225 791529 7599999999999999 9 5  721 1 3099999999999999
 54 70 81 85 79 67 50 30 13  3  2  8 21 40 59 71 76 74 66 54 42 35 35 4127 421HK 252 851610 7699999999999999 940  12131 3499999999999999
 51 66 80 88 87 77 62 42 21  6 -1  1 11 27 47 64 74 76 72 63 52 43 39 4227 422HK 320 891648 76999999999999991014 -122 2 3999999999999999
 50 62 76 88 91 85 72 54 34 15  3  0  5 17 35 53 68 74 73 68 60 50 44 4427 423HK 351 911724 74999999999999991049  02232 4399999999999999
 49 58 70 83 91 90 80 65 47 27 12  4  5 12 25 42 58 68 71 69 64 56 49 4627 424HK 423 9218 1 71999999999999991125  323 3 4699999999999999
 49 55 65 77 87 90 85 74 58 40 24 13  8 11 20 33 48 60 66 67 65 60 54 4927 425HK 455 901840 689999999999999912 2  82334 4999999999999999
 49 53 61 70 80 86 86 79 66 52 36 23 16 14 19 27 39 50 59 63 63 60 56 5327 426HK 529 871927 63999999999999991243 14999999999999999999999
 51 52 57 64 71 78 82 79 71 60 47 34 25 20 20 24 32 41 50 56 59 59 57 5527 427HK 6 4 822028 5999999999999999 0 6 511330 2099999999999999
 53 52 54 58 64 69 74 75 71 64 54 44 35 28 24 24 28 34 41 48 54 56 57 5627 428HK 644 752158 5799999999999999 043 521428 2499999999999999
 55 54 54 54 57 60 64 67 67 64 59 51 44 37 31 28 27 29 34 41 47 52 56 5727 429HK 736 672331 5899999999999999 152 541544 2799999999999999
 57 56 55 53 52 52 54 57 59 60 59 56 51 45 39 33 29 28 29 34 40 47 53 5827 430HK 9 5 60999999999999999999999 423 5217 0 2899999999999999
 60 60 57 53 49 45 44 45 49 53 56 58 57 53 48 41 35 30 28 30 35 42 50 5727 5 1HK 022 601111 5899999999999999 6 1 4418 1 2899999999999999
 62 63 61 56 49 42 36 35 37 42 48 55 59 60 57 51 43 36 30 29 32 39 47 5727 5 2HK 052 631242 6099999999999999 657 351849 2999999999999999
 64 67 66 61 52 41 32 26 25 29 38 48 58 64 65 61 54 45 37 32 32 37 45 5527 5 3HK 117 681344 6599999999999999 739 241929 3199999999999999
 65 71 72 68 58 45 31 20 15 17 25 37 51 63 69 70 65 56 46 38 35 37 44 5427 5 4HK 140 731434 7099999999999999 815 1520 5 3599999999999999
 65 75 78 75 66 52 35 19  9  7 12 24 40 57 69 75 74 67 57 47 40 39 44 5327 5 5HK 2 4 781518 7599999999999999 850  72038 3999999999999999
 64 76 83 83 76 62 44 24  9  1  2 10 26 45 63 75 78 75 67 56 47 44 46 5227 5 6HK 229 8416 0 7899999999999999 926  021 9 4499999999999999
 63 75 86 90 85 74 56 35 15  2 -3  0 12 31 52 68 77 79 74 65 55 49 48 5227 5 7HK 258 901642 799999999999999910 4 -32139 4799999999999999
 60 72 85 93 93 84 69 50 28  9 -2 -4  2 17 37 57 71 77 77 71 63 54 50 5227 5 8HK 330 941724 77999999999999991044 -42211 5099999999999999
 58 67 80 91 96 93 81 64 44 23  7 -1 -1  7 22 42 59 70 74 72 67 59 53 5227 5 9HK 4 5 961810 74999999999999991127 -22245 5299999999999999
 55 62 72 84 93 95 89 76 59 40 21  8  2  4 13 27 45 59 67 70 68 63 57 5327 510HK 444 9619 2 70999999999999991214  22324 5299999999999999
 53 57 65 74 84 91 90 83 71 55 38 22 12  8 10 18 31 46 58 64 65 64 60 5527 511HK 526 9220 1 659999999999999913 6  8999999999999999999999
 52 53 58 64 72 80 84 83 76 65 52 38 25 17 14 16 23 34 47 56 61 63 62 5927 512HK 615 8421 7 6399999999999999 012 5214 6 1499999999999999
 54 52 52 55 59 65 72 75 74 69 62 52 40 30 23 20 21 27 37 48 56 61 63 6227 513HK 716 752211 6399999999999999 121 521513 2099999999999999
 59 54 51 49 49 52 56 61 65 66 64 60 53 44 35 29 25 26 31 40 50 59 64 6627 514HK 846 6623 4 6699999999999999 324 491621 2599999999999999
 64 60 54 48 43 41 42 45 51 56 60 61 60 55 48 40 33 30 30 36 45 55 63 6827 515HK1057 612348 7099999999999999 517 411721 2999999999999999
 70 67 61 52 42 35 31 31 35 43 51 57 62 62 59 52 44 37 34 35 41 51 61 7027 516HK1241 62999999999999999999999 629 301813 3499999999999999
 74 74 69 60 47 35 26 21 22 28 37 49 58 64 66 63 56 48 41 38 41 48 58 6927 517HK 026 751352 6699999999999999 722 211858 3899999999999999
 77 81 78 70 57 41 27 17 13 15 24 37 51 62 69 70 67 59 50 44 43 47 55 6627 518HK 1 2 811447 7099999999999999 8 6 131940 4399999999999999
 77 85 85 79 68 52 34 18  9  8 13 24 40 56 68 74 74 69 60 52 47 48 53 6227 519HK 137 861532 7499999999999999 845  82020 4799999999999999
 74 85 90 88 79 64 45 26 12  5  6 14 28 46 63 73 77 75 69 60 53 50 53 5927 520HK 212 901612 7799999999999999 922  52059 5099999999999999
 69 81 91 93 87 75 58 38 20  8  4  8 19 35 54 68 76 78 75 68 59 53 53 5727 521HK 247 931648 7899999999999999 958  42138 5299999999999999
 64 75 87 94 93 84 70 51 32 16  7  6 13 26 43 60 72 77 77 72 65 57 53 5527 522HK 323 951723 78999999999999991035  52215 5399999999999999
 60 69 80 91 95 90 79 63 45 27 14  8 10 19 33 50 65 73 76 73 68 61 55 5327 523HK 359 951757 76999999999999991112  82252 5399999999999999
 56 63 73 83 91 92 85 72 56 39 23 14 11 16 26 40 55 67 72 72 69 64 57 5327 524HK 436 931833 73999999999999991149 112330 5399999999999999
 53 57 65 75 84 88 86 77 64 49 34 22 15 16 22 33 46 58 67 70 69 65 60 5527 525HK 512 891913 70999999999999991227 15999999999999999999999
 52 53 58 66 74 81 83 79 69 57 43 31 22 18 21 28 38 50 60 65 67 66 62 5727 526HK 550 831957 6799999999999999 011 5213 6 1899999999999999
 53 51 53 58 64 71 75 76 71 62 51 39 30 24 22 26 33 42 52 60 65 66 64 6027 527HK 632 762046 6699999999999999 059 511348 2299999999999999
 55 52 50 51 55 60 65 69 68 64 56 47 38 31 27 27 30 37 46 55 62 65 66 6327 528HK 723 692136 6699999999999999 2 5 501436 2799999999999999
 59 54 50 48 48 50 54 59 62 62 59 54 47 40 35 32 32 35 42 50 58 64 67 6727 529HK 836 622225 6799999999999999 337 481530 3199999999999999
 64 59 53 48 43 42 43 47 52 56 58 58 55 50 45 40 37 37 41 47 55 63 68 7127 530HK1019 582310 7199999999999999 5 4 421630 3799999999999999
 69 65 58 50 42 36 34 35 40 47 54 58 60 59 55 50 45 42 43 47 53 61 69 7427 531HK12 5 602350 7599999999999999 6 8 341727 4299999999999999
 75 72 66 56 45 35 27 25 28 35 44 54 62 65 65 62 56 51 48 49 53 60 69 7627 6 1HK1326 66999999999999999999999 658 251819 4899999999999999
 80 80 75 65 52 38 26 18 17 22 32 45 58 67 72 72 67 61 55 53 54 60 68 7627 6 2HK 028 811426 7299999999999999 742 1619 6 5399999999999999
 84 87 85 77 63 47 30 16 10 10 18 31 48 63 73 78 76 71 64 58 57 60 66 7527 6 3HK 1 6 871516 7899999999999999 825  91949 5799999999999999
 84 92 93 88 76 60 40 22  9  4  6 17 33 52 68 78 81 79 72 65 60 60 64 7127 6 4HK 145 9416 2 8199999999999999 9 9  32032 5999999999999999
 81 91 98 98 89 75 55 34 15  3  0  5 18 37 57 72 80 82 78 71 64 60 61 6627 6 5HK 226 991646 8299999999999999 953  02114 6099999999999999
 75 86 97102 99 88 72 51 29 11  1  0  7 22 42 61 74 80 80 76 68 61 59 6127 6 6HK 3 91021730 81999999999999991040 -12158 5999999999999999
 67 77 89100103 98 85 68 47 25  9  2  2 11 27 47 64 75 78 77 72 64 58 5627 6 7HK 3531031814 78999999999999991126  12245 5699999999999999
 60 66 77 89 99100 93 81 63 43 24 10  5  7 17 33 52 66 74 76 74 67 59 5427 6 8HK 4391001856 76999999999999991212  52337 5399999999999999
 53 57 64 75 86 94 93 86 75 59 40 24 14 11 14 25 40 56 68 74 74 70 63 5527 6 9HK 529 941937 74999999999999991258 11999999999999999999999
 50 50 53 60 70 80 85 85 78 68 55 39 27 19 18 23 33 47 61 70 74 73 68 6027 610HK 622 862018 7499999999999999 036 501343 1899999999999999
 52 47 46 49 54 63 71 76 75 71 63 52 40 31 26 26 32 42 54 66 73 75 73 6727 611HK 725 762058 7599999999999999 147 461428 2699999999999999
 59 51 45 42 43 47 54 61 66 67 65 60 52 44 37 34 35 41 50 61 71 77 78 7527 612HK 846 672141 7899999999999999 315 421515 3499999999999999
 68 59 49 42 38 37 40 46 53 58 61 62 59 55 49 44 42 43 49 58 68 76 81 8127 613HK1038 622228 8199999999999999 444 3716 7 4299999999999999
 77 69 59 48 38 32 30 33 39 46 54 59 62 62 60 55 51 49 51 56 65 74 81 8527 614HK1234 632318 8599999999999999 558 3017 2 4999999999999999
 84 79 70 58 45 34 27 24 27 34 44 53 61 66 68 66 61 57 55 57 62 70 79 8627 615HK1357 68999999999999999999999 658 2418 0 5599999999999999
 89 87 81 70 56 41 29 22 20 24 33 44 56 66 72 73 71 66 61 59 61 67 74 8327 616HK 0 9 891454 7399999999999999 748 201856 5999999999999999
 90 93 90 81 69 53 37 24 18 17 23 34 49 62 72 77 78 74 68 63 62 64 70 7827 617HK 059 931538 7899999999999999 832 171951 6299999999999999
 87 94 96 91 80 66 48 31 20 15 17 25 39 55 69 78 81 80 75 68 63 63 66 7227 618HK 145 961615 8199999999999999 913 152041 6299999999999999
 81 91 97 97 90 77 61 42 26 16 14 18 29 45 62 74 81 82 79 73 66 62 62 6627 619HK 228 981647 8399999999999999 951 142127 6199999999999999
 74 84 94 99 97 87 72 54 36 22 14 15 22 35 52 68 78 82 81 76 69 62 59 6127 620HK 3 9 991716 82999999999999991028 1422 8 5999999999999999
 67 76 87 96 99 93 81 65 47 30 18 14 17 27 42 59 72 79 81 78 71 64 58 5627 621HK 348 991745 819999999999999911 3 142248 5699999999999999
 60 67 78 89 96 95 87 74 57 40 25 17 16 22 34 50 65 75 79 78 73 66 58 5427 622HK 425 971815 79999999999999991137 152326 5399999999999999
 54 59 68 79 89 93 89 79 65 49 33 22 17 20 28 42 57 69 76 78 74 68 60 5427 623HK 5 3 931846 789999999999999912 9 17999999999999999999999
 51 53 59 68 78 86 87 81 70 57 42 29 22 21 26 36 50 63 72 77 76 71 63 5627 624HK 541 871918 7799999999999999 0 7 511240 2099999999999999
 50 49 52 58 67 76 80 79 73 63 50 38 29 25 27 34 45 57 68 75 77 74 68 6027 625HK 621 811951 7799999999999999 051 491311 2599999999999999
 53 48 47 50 56 64 71 74 72 66 57 47 38 32 31 35 43 53 64 73 77 77 73 6527 626HK 7 9 742024 7899999999999999 143 471341 3199999999999999
 57 50 46 45 48 53 60 66 68 67 62 55 47 41 38 39 44 52 62 71 78 80 78 7227 627HK 8 9 682059 8099999999999999 247 451415 3899999999999999
 64 56 49 44 42 43 48 54 60 64 64 61 57 52 48 47 48 53 61 69 77 82 82 7927 628HK 933 642137 8399999999999999 4 3 421457 4799999999999999
 72 64 55 46 40 37 38 42 49 56 61 64 64 62 59 56 56 57 62 68 76 83 86 8627 629HK1130 642223 8699999999999999 517 371552 5699999999999999
 81 74 64 53 42 34 30 31 36 45 54 62 67 69 69 67 64 63 65 69 75 82 87 9127 630HK1320 702319 9199999999999999 621 301659 6399999999999999
 90 85 76 64 50 37 28 23 24 31 41 54 64 72 76 76 73 70 68 69 73 79 86 9227 7 1HK1432 76999999999999999999999 718 2318 8 6899999999999999
 96 95 89 78 63 47 31 21 16 18 27 40 55 68 77 81 81 77 73 71 71 75 81 8927 7 2HK 019 961523 8299999999999999 811 161913 7099999999999999
 97101100 92 79 62 42 25 14 10 14 25 41 59 73 81 85 83 78 72 69 70 75 8227 7 3HK 11810116 7 8599999999999999 9 2 102013 6999999999999999
 92101106104 94 79 59 38 20  9  6 12 25 44 63 77 84 85 82 75 68 66 67 7227 7 4HK 2121061645 8699999999999999 951  621 9 6599999999999999
 81 93104109105 94 77 55 33 16  6  5 13 29 50 68 80 85 84 78 70 62 60 6227 7 5HK 3 31091721 85999999999999991037  522 1 6099999999999999
 68 80 93105108103 91 73 50 29 14  7  8 18 36 57 73 82 84 81 73 63 55 5327 7 6HK 3531081753 85999999999999991119  62252 5399999999999999
 56 64 77 92102104 98 85 67 46 27 14 10 15 27 46 65 78 84 83 77 67 56 4827 7 7HK 4421041823 84999999999999991158 102343 4799999999999999
 47 51 60 74 88 96 96 90 78 61 42 27 18 18 25 39 57 73 83 85 82 73 61 5027 7 8HK 531 971852 85999999999999991234 17999999999999999999999
 43 43 47 57 69 81 88 87 81 70 55 41 30 26 28 37 51 67 80 86 86 80 70 5727 7 9HK 623 881923 8799999999999999 036 4213 6 2599999999999999
 46 40 40 44 53 64 74 78 77 72 64 53 42 36 35 40 49 63 76 86 89 86 79 6727 710HK 719 791957 8999999999999999 135 401337 3599999999999999
 55 45 39 38 42 48 58 65 69 69 66 61 54 47 44 46 51 61 72 83 90 90 86 7827 711HK 827 702036 9199999999999999 244 3814 9 4499999999999999
 67 55 46 40 37 39 44 52 58 63 64 64 61 58 55 54 56 61 69 79 87 92 91 8627 712HK1014 642121 9299999999999999 4 5 371448 5499999999999999
 78 68 57 47 40 36 36 40 47 54 59 63 65 66 64 63 62 64 69 75 83 89 93 9227 713HK1242 662218 9399999999999999 527 361545 6299999999999999
 87 80 70 58 47 39 34 33 37 44 52 59 66 70 72 71 70 68 69 73 78 84 90 9427 714HK1415 722327 9499999999999999 638 3317 8 6899999999999999
 93 89 82 71 59 46 36 31 30 34 42 53 63 71 76 78 77 74 71 71 74 78 85 9127 715HK15 5 78999999999999999999999 737 301832 7199999999999999
 95 96 92 83 71 57 43 32 27 28 33 44 56 68 77 82 82 79 75 71 70 73 78 8527 716HK 036 961540 8299999999999999 826 271943 7099999999999999
 93 98 98 93 83 69 52 38 28 24 26 34 48 62 74 82 85 84 78 72 68 68 71 7727 717HK 134 9916 9 8599999999999999 9 7 242038 6799999999999999
 86 95101100 92 80 63 46 32 23 21 27 38 53 69 80 85 86 81 74 67 63 64 6927 718HK 2211011633 8699999999999999 944 212123 6399999999999999
 77 88 98102 99 89 74 56 38 25 20 21 30 44 61 75 84 86 83 77 68 61 58 6027 719HK 3 21021656 86999999999999991017 1922 2 5899999999999999
 68 79 91100101 95 82 65 47 31 21 19 24 36 52 68 80 85 84 79 70 60 54 5327 720HK 3411021718 85999999999999991048 182238 5399999999999999
 58 68 81 93 99 97 88 74 56 39 26 19 21 30 44 61 75 84 85 81 72 62 53 4927 721HK 417 991742 85999999999999991116 192314 4899999999999999
 50 57 69 82 92 95 91 79 64 47 33 23 22 27 39 55 70 81 85 83 76 65 55 4727 722HK 453 9618 6 85999999999999991143 212350 4599999999999999
 45 49 58 70 82 90 90 83 70 56 41 30 26 28 37 51 66 78 85 85 80 70 59 4927 723HK 530 911831 869999999999999912 7 25999999999999999999999
 43 44 49 59 71 81 85 83 75 63 50 38 32 32 38 49 62 75 84 87 84 76 65 5427 724HK 6 8 851855 8799999999999999 028 431230 3199999999999999
 45 42 44 50 59 70 77 80 76 68 58 48 41 39 42 50 61 73 83 89 88 82 72 6127 725HK 651 801921 8999999999999999 110 421253 3999999999999999
 51 44 42 44 50 58 67 73 74 71 65 57 51 47 48 53 62 72 82 89 91 87 80 7027 726HK 744 741950 9199999999999999 2 0 421316 4799999999999999
 59 50 44 41 43 48 55 63 68 69 68 64 60 57 56 59 64 72 80 88 93 92 87 7927 727HK 858 692025 9399999999999999 3 6 411342 5699999999999999
 70 59 50 43 40 40 44 50 57 63 67 68 67 66 65 66 69 73 79 86 92 95 93 8927 728HK1114 682112 9599999999999999 430 401412 6599999999999999
 81 72 61 51 42 37 35 38 44 52 60 66 70 73 73 73 74 75 79 83 89 93 96 9527 729HK2222 96999999999999999999999 554 35999999999999999999999
 92 85 75 63 50 39 31 28 31 37 47 58 68 75 79 80 79 78 78 80 83 88 93 9827 730HK1456 802353 9999999999999999 7 5 281727 7799999999999999
 99 96 90 79 64 48 34 25 21 24 32 45 59 71 80 84 83 81 77 76 76 80 86 9327 731HK1528 84999999999999999999999 8 5 2119 9 7699999999999999
100103102 94 81 64 45 29 18 15 19 31 47 63 76 84 86 84 78 72 69 70 74 8227 8 1HK 1121041557 8699999999999999 857 152019 6999999999999999
 93103108105 96 81 61 40 23 13 11 18 33 52 70 82 87 87 81 72 64 61 62 6827 8 2HK 2131081624 8899999999999999 942 112114 6099999999999999
 79 93105110106 95 78 56 34 18 11 12 22 40 61 77 87 89 84 75 63 54 51 5327 8 3HK 3 61101648 89999999999999991022 1022 2 5199999999999999
 62 76 92105108103 91 72 50 30 17 13 18 31 51 71 85 90 88 80 67 53 44 4227 8 4HK 3541081711 90999999999999991058 132247 4299999999999999
 47 58 74 91102103 97 84 66 45 28 20 20 28 44 64 82 91 92 86 74 59 44 3727 8 5HK 4411041735 93999999999999991129 192332 3699999999999999
 36 43 55 72 87 96 96 89 76 59 42 30 26 31 42 59 77 91 95 92 82 68 52 3927 8 6HK 527 9718 1 95999999999999991157 26999999999999999999999
 33 34 41 54 69 82 88 86 80 68 55 42 36 37 44 56 73 88 97 97 90 78 63 4827 8 7HK 614 881831 9899999999999999 018 321222 3599999999999999
 37 33 35 42 53 66 76 80 77 72 63 54 46 45 49 57 69 83 95 99 96 87 75 6127 8 8HK 7 4 8019 3 9999999999999999 1 7 331247 4599999999999999
 47 38 35 37 43 53 62 69 72 70 67 62 56 54 55 60 69 79 90 97 98 94 85 7327 8 9HK 8 4 721940 9999999999999999 2 4 351311 5499999999999999
 61 50 42 39 40 44 51 58 63 66 67 66 64 62 62 65 70 76 85 92 96 96 91 8327 810HK 954 672024 9799999999999999 319 391335 6299999999999999
 74 63 54 47 42 41 43 48 54 59 63 66 68 69 70 70 72 75 80 86 91 94 94 9027 811HK2122 94999999999999999999999 453 41999999999999999999999
 84 76 67 58 49 43 40 41 45 51 57 64 69 73 76 76 76 76 77 80 84 88 91 9227 812HK2253 92999999999999999999999 621 40999999999999999999999
 91 86 79 70 59 49 41 37 37 41 49 58 67 74 79 81 80 77 75 75 77 80 85 9027 813HK15 4 81999999999999999999999 727 361838 7599999999999999
 93 93 89 81 70 57 45 36 32 34 40 50 62 72 80 84 83 80 75 71 70 72 77 8427 814HK 027 941526 8499999999999999 815 321949 7099999999999999
 91 96 96 90 81 67 52 39 30 28 32 41 54 68 78 84 86 82 76 69 64 64 67 7527 815HK 129 961545 8699999999999999 853 282036 6399999999999999
 85 94 99 97 89 77 60 44 31 25 25 33 45 61 75 84 87 84 78 68 60 56 58 6427 816HK 216 9916 3 8799999999999999 925 242114 5699999999999999
 75 87 97100 96 85 70 52 36 25 22 27 38 53 69 82 87 86 80 70 59 51 49 5427 817HK 2551001620 8799999999999999 954 222149 4999999999999999
 63 77 90 98 99 91 78 61 43 29 22 24 32 47 64 78 87 88 83 73 60 49 43 4427 818HK 332 991638 88999999999999991021 222222 4399999999999999
 52 65 80 92 98 95 84 69 52 36 26 24 30 42 58 75 86 89 86 77 64 50 41 3827 819HK 4 7 981658 89999999999999991045 242254 3899999999999999
 42 53 68 83 93 95 88 76 60 44 33 28 30 40 55 71 84 91 89 81 69 55 42 3527 820HK 442 951718 919999999999999911 8 282327 3499999999999999
 36 43 56 71 84 91 89 81 68 54 41 34 34 41 53 68 83 91 93 87 75 61 47 3627 821HK 518 911739 93999999999999991129 33999999999999999999999
 33 36 46 59 73 84 87 83 74 62 50 42 40 44 54 67 80 91 95 92 82 69 54 4227 822HK 555 8718 0 9599999999999999 0 0 331148 4099999999999999
 34 34 39 49 62 74 81 82 77 69 59 51 47 49 56 67 79 90 96 96 89 78 64 5027 823HK 635 821825 9799999999999999 036 3312 7 4799999999999999
 40 35 36 42 51 62 71 76 76 72 66 59 55 56 61 68 78 88 95 98 94 86 74 6127 824HK 725 761853 9899999999999999 119 351226 5599999999999999
 50 41 38 39 43 50 59 66 70 70 69 66 63 63 65 71 78 85 93 97 97 92 84 7327 825HK 837 711928 9899999999999999 219 381243 6399999999999999
 62 52 44 40 39 41 46 53 60 64 67 68 69 69 71 74 78 83 88 93 96 95 91 8427 826HK2017 96999999999999999999999 352 39999999999999999999999
 76 66 56 47 41 37 36 40 46 54 60 66 71 74 75 77 78 80 83 86 90 93 93 9127 827HK2144 93999999999999999999999 537 36999999999999999999999
 87 80 71 60 48 38 32 30 32 40 49 60 68 75 79 80 79 78 77 78 81 85 89 9327 828HK1456 802355 9499999999999999 656 291758 7799999999999999
 94 92 86 75 62 47 34 25 23 27 36 49 63 73 81 83 82 77 72 69 69 72 78 8727 829HK15 5 83999999999999999999999 754 231933 6999999999999999
 94 98 97 90 78 61 43 28 20 18 25 37 54 69 80 85 85 79 70 62 58 58 63 7327 830HK 118 991524 8699999999999999 840 182027 5899999999999999
 85 96102101 92 77 57 38 23 16 18 28 44 63 78 87 88 83 72 60 50 46 48 5627 831HK 2171021542 8899999999999999 920 162111 4699999999999999
 69 85 98104101 90 73 52 33 21 18 23 36 56 75 87 92 88 78 63 48 38 35 3927 9 1HK 3 710416 1 9299999999999999 954 182152 3599999999999999
 50 68 86 99102 97 85 67 47 31 23 24 33 49 70 87 95 94 85 71 53 37 28 2727 9 2HK 3531021622 96999999999999991023 222232 2699999999999999
 34 49 68 86 97 98 91 78 61 43 32 29 34 47 65 84 96 99 93 80 63 43 28 2227 9 3HK 437 981646 99999999999999991050 292312 2299999999999999
 24 34 50 69 85 92 91 84 71 56 43 37 39 47 61 79 95102100 89 74 55 37 2527 9 4HK 519 921713102999999999999991114 372353 2299999999999999
 22 26 37 53 69 82 86 83 76 66 54 46 45 51 61 75 90101103 97 84 68 50 3527 9 5HK 6 2 861743104999999999999991138 45999999999999999999999
 26 26 31 41 55 69 77 78 76 70 63 56 52 55 62 73 85 96103101 92 79 64 4927 9 6HK 648 79181510399999999999999 035 2512 2 5299999999999999
 37 32 32 37 46 56 66 71 72 70 67 63 60 60 65 72 80 90 97100 96 87 75 6327 9 7HK 743 72185110099999999999999 124 311224 6099999999999999
 51 42 38 38 42 48 55 62 66 67 67 67 66 66 68 72 77 84 90 94 94 90 83 7427 9 8HK 946 671931 9599999999999999 228 381234 6699999999999999
 64 55 48 44 42 43 47 52 58 62 65 68 70 71 72 73 76 79 83 86 89 89 86 8127 9 9HK2028 89999999999999999999999 4 7 42999999999999999999999
 75 68 60 53 47 43 42 44 48 54 60 66 71 74 76 76 75 75 76 78 81 83 85 8427 910HK1437 762219 8599999999999999 549 421653 7599999999999999
 82 77 71 62 53 45 40 38 40 45 53 61 69 75 79 79 77 73 70 70 71 74 79 8327 911HK1436 79999999999999999999999 659 381851 7099999999999999
 85 84 80 72 62 51 41 35 33 37 45 55 66 75 80 81 79 73 67 63 62 64 70 7727 912HK 015 851450 8199999999999999 746 331946 6299999999999999
 84 87 87 81 71 58 45 35 30 30 37 48 61 73 80 83 81 75 66 57 53 54 59 6727 913HK 119 8815 3 8399999999999999 821 292024 5399999999999999
 78 86 90 88 79 67 52 38 29 27 31 41 55 69 80 85 84 77 67 55 47 44 47 5627 914HK 2 5 901517 8599999999999999 851 272057 4499999999999999
 68 81 90 92 86 75 60 45 32 26 28 36 49 65 78 86 86 80 69 56 43 36 37 4427 915HK 245 921533 8799999999999999 918 262129 3699999999999999
 56 72 85 92 91 83 69 53 39 30 28 33 45 61 76 87 90 85 74 59 44 33 29 3327 916HK 321 931550 9099999999999999 943 2822 0 2999999999999999
 44 60 76 89 93 88 77 63 47 36 31 34 43 58 74 87 92 90 80 65 48 33 25 2527 917HK 357 9316 8 939999999999999910 7 312230 2499999999999999
 33 47 65 81 90 91 83 71 57 44 37 37 44 56 72 86 95 94 86 72 55 38 25 2127 918HK 432 911628 96999999999999991028 3623 1 2199999999999999
 25 36 53 70 84 89 86 78 66 53 44 42 46 56 70 85 95 98 92 80 64 46 30 2227 919HK 5 7 891649 98999999999999991048 422333 2199999999999999
 21 28 41 58 74 84 86 81 72 62 52 48 50 58 69 82 94100 98 88 74 56 40 2727 920HK 544 8617121009999999999999911 8 48999999999999999999999
 23 25 33 46 61 74 80 80 75 68 60 55 55 60 69 80 91 99100 94 82 68 52 3827 921HK 625 81173910199999999999999 0 9 231128 5499999999999999
 29 26 30 38 49 61 71 75 74 70 66 61 60 63 70 78 87 95100 97 89 78 64 5127 922HK 716 75181010099999999999999 052 261148 6099999999999999
 39 33 31 33 39 48 58 65 68 69 68 66 65 66 71 77 83 89 95 96 92 85 75 6427 923HK 843 691848 9699999999999999 151 3112 2 6599999999999999
 53 44 37 35 35 38 44 52 58 63 66 68 69 70 72 75 79 82 86 89 90 87 82 7527 924HK1943 90999999999999999999999 328 34999999999999999999999
 67 58 49 41 36 33 34 39 46 54 60 66 70 73 74 74 75 75 76 79 81 83 84 8227 925HK2140 84999999999999999999999 516 33999999999999999999999
 78 72 63 53 43 34 29 29 34 42 53 62 70 75 77 76 72 69 67 66 68 73 78 8227 926HK14 2 77999999999999999999999 632 281840 6699999999999999
 84 83 77 68 55 41 31 25 26 32 43 56 68 76 80 79 73 66 59 54 54 57 65 7527 927HK 0 8 841416 8099999999999999 726 241938 5399999999999999
 83 88 88 81 69 54 39 28 23 26 35 49 65 77 83 84 78 67 55 45 40 41 48 6027 928HK 125 891432 8499999999999999 8 8 232021 4099999999999999
 74 86 92 90 82 68 51 36 26 25 30 43 60 76 86 89 84 73 57 42 31 28 31 4227 929HK 220 921450 8999999999999999 844 242059 2899999999999999
 58 75 88 93 91 81 65 48 34 29 30 40 55 73 88 94 92 81 65 46 29 20 19 2627 930HK 3 7 941510 9499999999999999 914 282136 1899999999999999
 40 59 78 90 93 88 77 61 46 36 34 40 52 69 87 98 99 91 76 56 35 19 13 152710 1HK 351 931534 9999999999999999 942 342213 1299999999999999
 25 42 63 81 90 90 84 72 58 46 40 43 52 66 83 98103 99 86 68 47 27 14 112710 2HK 432 9116 21039999999999999910 9 402250 1199999999999999
 16 29 47 67 81 87 85 78 68 56 48 47 53 64 78 93104104 95 80 61 40 23 142710 3HK 513 871631105999999999999991035 472327 1399999999999999
 14 22 35 53 70 80 82 79 73 64 56 52 55 63 74 87 99105100 89 73 54 36 242710 4HK 553 8217 31059999999999999911 2 52999999999999999999999
 19 21 29 42 57 70 76 77 74 69 63 58 58 63 71 81 92100101 94 82 67 51 372710 5HK 636 77173610199999999999999 0 7 191129 5899999999999999
 28 26 29 37 47 59 68 72 72 70 67 63 62 64 69 77 85 92 96 94 86 75 63 502710 6HK 730 721811 9699999999999999 050 261155 6299999999999999
 40 34 33 36 42 50 58 64 67 68 67 67 66 66 69 73 78 83 88 89 86 79 71 612710 7HK 913 681849 8999999999999999 144 331216 6699999999999999
 52 44 40 38 39 43 49 55 60 64 66 68 69 69 70 71 73 75 78 81 81 79 75 692710 8HK1942 81999999999999999999999 3 3 38999999999999999999999
 62 55 48 43 40 39 42 46 52 58 63 67 70 72 72 70 69 68 69 71 73 74 74 722710 9HK1327 722131 7499999999999999 444 3917 4 6899999999999999
 69 64 57 50 44 39 37 39 44 50 58 65 71 74 74 72 68 63 61 60 62 66 69 72271010HK1339 742345 7399999999999999 6 0 371839 6099999999999999
 73 71 66 59 50 42 36 34 37 43 52 62 70 75 77 74 68 61 54 51 51 54 61 68271011HK1352 77999999999999999999999 652 341926 5099999999999999
 73 75 73 67 58 48 38 33 33 38 47 58 69 76 80 78 71 61 51 43 40 43 49 59271012HK 1 0 7514 6 8099999999999999 730 3220 1 4099999999999999
 70 77 79 75 67 56 44 35 32 34 42 54 66 77 83 82 75 64 51 39 32 31 37 48271013HK 151 791422 8399999999999999 8 3 322033 3099999999999999
 62 74 81 81 76 65 52 41 34 34 40 51 64 77 85 86 81 69 54 38 26 22 25 36271014HK 233 821440 8799999999999999 832 3321 4 2299999999999999
 51 67 79 85 83 74 62 49 40 37 40 49 62 76 87 91 87 76 60 42 26 17 16 24271015HK 312 851459 9199999999999999 859 372135 1599999999999999
 38 56 73 84 87 82 72 59 48 42 42 49 60 75 88 95 93 84 68 49 30 16 11 15271016HK 349 871520 9599999999999999 925 4122 6 1199999999999999
 26 44 63 79 87 86 79 68 57 48 46 50 60 73 87 97 99 92 78 59 39 21 11 10271017HK 425 881542 9999999999999999 948 462238  999999999999999
 17 31 51 69 82 86 83 75 65 55 51 53 60 71 84 96102 98 87 71 51 31 16 10271018HK 5 2 8616 8102999999999999991012 512313 1099999999999999
 12 22 38 56 72 81 83 79 71 62 56 55 60 69 80 92101102 95 81 63 44 27 16271019HK 541 831637103999999999999991036 552352 1399999999999999
 13 17 27 43 59 72 77 77 73 67 61 58 61 67 76 86 96101 98 89 74 58 41 27271020HK 626 7817101019999999999999911 2 58999999999999999999999
 19 18 23 32 45 59 68 72 72 69 65 62 62 66 72 80 88 95 97 92 82 69 55 41271021HK 725 721747 9799999999999999 039 181131 6199999999999999
 30 24 23 27 34 45 56 63 67 68 67 65 64 65 69 74 79 85 89 89 84 76 66 55271022HK 9 4 681832 9099999999999999 139 2312 5 6499999999999999
 44 35 30 28 29 35 43 52 59 64 66 67 67 66 67 68 70 73 77 80 80 78 73 66271023HK11 7 671940 8099999999999999 3 4 281311 6699999999999999
 58 49 40 34 30 30 34 41 50 58 64 68 70 69 67 65 63 62 63 66 69 72 73 72271024HK1213 7022 1 7399999999999999 436 2917 7 6299999999999999
 68 62 54 45 36 31 30 33 41 51 61 68 73 74 71 66 59 54 50 50 54 59 66 71271025HK1245 74999999999999999999999 547 301833 5099999999999999
 73 72 67 58 47 38 32 31 35 45 56 68 75 79 77 71 61 50 41 37 37 43 52 63271026HK 013 731310 7999999999999999 640 301924 3799999999999999
 72 77 76 71 61 49 38 33 34 40 52 65 77 84 84 78 67 52 38 28 24 27 36 49271027HK 128 771333 8599999999999999 723 3320 5 2499999999999999
 64 75 81 80 73 62 49 40 36 40 49 62 76 87 91 87 76 60 42 26 16 15 20 33271028HK 223 811358 9199999999999999 759 362043 1499999999999999
 50 67 79 84 82 74 61 49 42 42 48 59 73 88 96 95 87 71 52 31 15  8 10 19271029HK 311 841425 9799999999999999 832 412119  899999999999999
 35 55 72 82 85 81 72 60 50 46 49 57 69 85 97101 96 83 64 42 22  9  5 10271030HK 353 85145510199999999999999 9 3 462155  599999999999999
 22 40 61 77 84 85 79 70 59 52 51 56 66 79 94103102 93 77 56 34 16  7  7271031HK 433 85152710499999999999999 935 512231  699999999999999
 14 28 48 67 79 83 82 76 67 58 54 57 64 74 87 99104 99 87 69 49 29 15  92711 1HK 511 8316 01049999999999999910 7 5423 8  999999999999999
 12 21 37 55 70 79 81 78 72 64 58 57 62 70 80 92101101 93 79 62 43 27 162711 2HK 549 811634102999999999999991040 572346 1499999999999999
 14 19 29 44 60 71 76 76 73 68 62 59 60 66 74 84 93 98 95 85 71 55 40 272711 3HK 630 7717 9 98999999999999991114 59999999999999999999999
 21 21 27 37 49 61 69 73 72 69 65 62 61 63 68 75 83 90 91 86 77 64 51 382711 4HK 717 731745 9199999999999999 027 201151 6199999999999999
 29 26 27 33 41 52 61 67 69 69 67 64 62 62 64 68 74 79 83 83 77 69 59 482711 5HK 821 691825 8399999999999999 112 251235 6299999999999999
 39 33 30 32 36 44 52 59 64 67 67 66 64 63 62 63 66 69 72 74 74 70 63 562711 6HK 946 671915 7599999999999999 2 7 301355 6299999999999999
 48 41 36 34 35 38 44 52 58 63 67 68 67 65 63 61 59 59 61 64 66 66 64 612711 7HK11 8 682042 6699999999999999 315 341622 5999999999999999
 55 50 44 39 36 36 39 45 52 59 65 69 70 69 65 61 56 52 51 52 55 59 62 622711 8HK1157 702253 6299999999999999 430 361758 5199999999999999
 61 57 52 47 41 37 37 41 47 55 63 69 73 73 69 63 55 48 42 41 43 48 55 612711 9HK1229 73999999999999999999999 533 371851 4199999999999999
 64 64 61 56 49 42 39 39 44 52 61 69 75 77 75 68 58 47 37 32 32 37 45 55271110HK 032 641255 7799999999999999 623 381930 3199999999999999
 63 68 69 65 58 50 44 41 43 50 59 69 77 82 81 74 63 49 36 26 22 24 33 46271111HK 135 691320 8299999999999999 7 4 4120 4 2299999999999999
 59 69 74 74 68 60 52 46 45 49 57 68 78 86 87 82 71 56 39 24 15 14 21 33271112HK 224 751344 8899999999999999 741 452038 1499999999999999
 50 65 76 80 77 70 61 53 49 50 56 66 78 88 93 90 81 65 46 27 14  8 10 21271113HK 3 6 801410 9399999999999999 814 492112  799999999999999
 37 56 72 81 83 79 70 61 54 53 56 65 76 88 96 98 90 76 57 36 18  6  4 10271114HK 346 831438 9899999999999999 845 522147  499999999999999
 24 43 63 77 84 84 78 69 60 56 57 63 73 85 96102 99 87 70 49 28 11  3  3271115HK 425 8515 810299999999999999 915 562225  299999999999999
 13 29 49 68 80 84 81 75 66 59 58 61 69 80 92102104 96 82 63 42 22  8  3271116HK 5 5 84154210499999999999999 947 5823 5  399999999999999
  6 17 35 55 70 79 80 77 71 63 59 60 65 74 85 96103101 91 76 57 37 19  8271117HK 548 811619103999999999999991020 582349  699999999999999
  6 11 23 40 57 70 76 76 73 67 61 59 61 67 76 86 95 99 95 84 70 52 34 20271118HK 635 761659 99999999999999991058 59999999999999999999999
 12 11 17 28 43 58 68 72 72 69 64 59 58 61 67 74 83 90 92 87 77 64 49 34271119HK 730 721744 9299999999999999 036 111143 5899999999999999
 23 17 17 22 33 46 58 66 69 69 67 62 59 58 60 64 70 76 81 82 78 70 60 48271120HK 832 701838 8299999999999999 129 161245 5899999999999999
 37 28 23 23 28 37 48 59 66 69 69 66 62 58 56 56 57 61 66 70 72 70 65 59271121HK 934 691954 7299999999999999 230 231432 5599999999999999
 50 41 34 30 29 33 41 51 61 68 71 71 68 62 56 52 49 48 50 55 60 63 64 63271122HK1029 7122 2 6499999999999999 337 291646 4899999999999999
 60 54 46 40 35 35 38 46 56 66 72 75 74 70 62 53 45 39 37 38 44 51 57 62271123HK1115 75999999999999999999999 441 3418 6 3799999999999999
 64 63 59 52 45 41 40 44 52 62 72 79 81 78 71 60 48 36 29 26 28 35 45 56271124HK 011 641156 8199999999999999 538 4019 2 2699999999999999
 63 68 68 64 57 50 45 46 50 59 70 80 86 86 81 71 56 40 27 19 17 21 31 45271125HK 134 681234 8799999999999999 627 451948 1799999999999999
 58 68 73 73 68 61 53 50 51 57 66 78 88 92 90 82 68 50 32 18 11 11 18 31271126HK 233 741312 9299999999999999 712 502029 1099999999999999
 48 63 73 78 77 71 63 56 54 56 63 73 85 95 97 92 80 63 43 24 11  7  9 19271127HK 321 781350 9799999999999999 755 5421 8  799999999999999
 35 54 69 78 81 79 72 63 57 57 61 69 80 92100 99 91 76 57 36 18  8  6 11271128HK 4 2 81142710199999999999999 836 562145  599999999999999
 24 42 61 75 81 82 78 70 62 58 59 65 74 86 97102 98 87 70 50 29 14  7  8271129HK 439 8315 510299999999999999 917 582221  699999999999999
 16 31 50 67 78 82 81 75 67 60 58 61 68 78 90 99101 94 80 63 43 24 12  8271130HK 513 82154210299999999999999 956 582258  899999999999999
 12 23 39 57 72 79 80 77 71 63 58 58 62 70 81 92 98 97 87 72 55 36 21 122712 1HK 545 801619 99999999999999991035 572334 1199999999999999
 12 18 31 47 62 73 77 77 73 66 60 56 57 63 71 82 91 94 90 79 64 47 31 202712 2HK 619 781656 94999999999999991115 56999999999999999999999
 15 17 25 38 53 65 73 75 73 68 62 57 55 57 63 71 80 86 87 80 69 55 41 282712 3HK 656 751733 8799999999999999 010 151157 5599999999999999
 21 19 23 32 44 57 66 71 72 69 64 59 55 54 56 62 69 76 79 78 71 61 49 372712 4HK 736 721813 7999999999999999 046 191245 5499999999999999
 28 23 24 29 38 49 60 67 70 70 66 62 57 53 52 54 59 64 69 71 69 63 54 452712 5HK 820 7019 0 7199999999999999 123 231348 5299999999999999
 36 30 28 30 36 44 54 62 68 70 69 65 60 55 52 50 50 53 57 61 63 61 57 512712 6HK 9 7 7020 6 6399999999999999 2 3 281517 5099999999999999
 45 39 35 34 36 42 49 58 65 70 71 70 65 60 54 49 45 44 46 50 54 57 57 562712 7HK 955 712148 5799999999999999 250 341651 4499999999999999
 52 48 44 41 40 42 47 55 63 69 73 74 71 66 59 51 43 38 36 38 43 48 54 572712 8HK1042 742353 5899999999999999 347 4018 0 3699999999999999
 58 57 54 50 47 46 48 54 61 68 74 78 77 73 66 56 46 36 29 28 31 38 46 542712 9HK1126 78999999999999999999999 451 461851 2899999999999999
 60 63 63 60 56 53 52 54 60 67 74 80 83 81 75 65 52 38 27 20 20 25 35 47271210HK 124 6412 8 8399999999999999 550 521934 1999999999999999
 58 67 70 70 66 61 58 57 60 65 73 81 87 89 85 75 62 45 29 17 12 14 22 36271211HK 223 711248 8999999999999999 643 572015 1299999999999999
 51 64 73 77 75 70 64 61 60 64 71 80 88 94 94 87 74 57 37 20  9  6 10 22271212HK 3 9 771328 9499999999999999 730 602057  699999999999999
 39 56 71 79 81 78 71 65 62 63 68 76 86 95100 97 87 71 50 29 12  3  2  9271213HK 351 8114 910099999999999999 814 622139  199999999999999
 24 43 62 75 82 82 77 70 64 61 64 70 79 91100103 97 85 66 44 23  7 -1  1271214HK 431 82145010399999999999999 857 612221 -199999999999999
 10 28 49 67 78 82 80 74 66 60 60 63 71 82 94103103 95 80 60 38 17  4 -1271215HK 511 82153310499999999999999 940 5923 4 -199999999999999
  3 15 34 54 70 78 80 76 69 61 56 57 62 71 83 95102100 90 74 54 33 15  4271216HK 550 801617102999999999999991024 562347  199999999999999
  2  7 21 40 59 71 77 77 72 64 56 52 54 59 69 81 92 96 93 83 67 49 30 15271217HK 628 7717 3 96999999999999991112 52999999999999999999999
  7  7 15 29 47 63 72 76 74 68 59 51 48 50 56 65 76 85 88 84 74 61 45 29271218HK 7 5 761752 8899999999999999 028  612 6 4899999999999999
 18 13 16 24 38 54 67 74 75 71 64 55 48 45 46 51 59 68 76 77 74 66 55 43271219HK 742 751848 7899999999999999 1 8 1313 8 4599999999999999
 31 24 22 26 34 47 61 71 76 75 70 62 53 45 42 42 45 51 59 65 67 65 60 53271220HK 820 761957 6799999999999999 148 221429 4199999999999999
 44 36 32 32 36 44 56 68 76 78 76 70 61 52 44 38 37 38 43 49 55 59 59 57271221HK 9 1 782142 5999999999999999 229 3116 5 3799999999999999
 53 48 43 41 41 46 54 64 73 80 81 78 72 62 52 42 35 31 31 34 41 48 53 57271222HK 948 81999999999999999999999 317 401731 3099999999999999
 58 58 55 51 49 50 54 61 70 78 83 84 81 74 63 51 39 30 25 24 28 35 44 52271223HK 010 581041 8499999999999999 416 491840 2399999999999999
 59 63 64 62 59 56 57 60 66 74 82 87 87 84 76 64 50 35 25 19 18 23 33 44271224HK 150 641139 8899999999999999 524 561935 1899999999999999
 55 64 69 70 68 64 61 61 64 70 77 85 90 91 86 77 63 46 31 19 14 15 22 34271225HK 251 701236 9199999999999999 632 602022 1499999999999999
 48 61 70 75 76 72 66 63 62 65 71 80 89 94 94 88 76 60 41 25 14 11 14 23271226HK 334 761328 9599999999999999 734 6221 4 1199999999999999
 38 55 68 76 80 78 72 66 62 62 66 73 82 92 97 95 87 73 54 35 19 11  9 15271227HK 410 801414 9799999999999999 829 612142  999999999999999
 28 45 62 74 80 81 77 70 63 59 60 65 74 85 95 99 94 83 67 47 28 14  8 10271228HK 440 811456 9999999999999999 916 592217  899999999999999
 19 34 53 68 78 81 79 73 65 58 56 58 65 76 88 96 97 90 76 59 39 22 11  8271229HK 5 7 811536 9899999999999999 958 562250  899999999999999
 13 25 42 60 73 79 79 75 67 58 53 52 57 66 78 89 95 93 83 68 49 31 16  9271230HK 532 801613 95999999999999991037 522321  999999999999999
 11 19 33 51 66 76 78 76 69 60 52 47 49 56 66 78 88 91 85 73 58 40 24 14271231HK 556 781650 91999999999999991114 472350 1199999999999999
