 13 10  8  6  5  6  7  9 11 12 13 13 12 12 12 12 13 14 16 18 20 20 20 1927 1 1I51027 132117 2099999999999999 410  514 1 1299999999999999
 16 13 10  8  5  4  4  5  7  9 11 12 14 14 15 16 16 17 19 20 22 23 23 2227 1 2I52145 23999999999999999999999 533  4999999999999999999999
 20 17 14 10  7  5  3  3  4  6  9 11 14 15 17 18 19 20 21 22 23 24 25 2427 1 3I52221 25999999999999999999999 638  3999999999999999999999
 23 21 17 14 10  6  4  2  2  4  7 10 13 16 18 19 20 21 22 23 24 25 26 2627 1 4I523 4 26999999999999999999999 727  2999999999999999999999
 26 24 21 17 13  9  5  3  2  2  5  8 12 15 18 19 21 21 22 22 23 24 26 2727 1 5I52353 27999999999999999999999 8 8  2999999999999999999999
 27 26 24 21 16 12  7  4  2  1  2  6 10 13 17 19 20 21 21 21 22 23 24 2627 1 6I59999999999999999999999999999 845  1999999999999999999999
 27 27 26 23 19 15  9  5  2  0  0  3  6 11 15 18 19 20 20 20 20 21 22 2427 1 7I5 042 27999999999999999999999 921  0999999999999999999999
 26 27 27 25 22 17 12  6  2 -1 -1  0  3  7 12 15 17 18 18 18 18 18 19 2127 1 8I5 129 271727 1999999999999999 956 -11950 1899999999999999
 23 25 26 26 23 19 14  8  3 -1 -3 -3  0  4  8 12 15 17 17 16 15 15 16 1727 1 9I5 212 261742 17999999999999991031 -32036 1599999999999999
 19 22 24 25 23 20 16 10  5  0 -3 -4 -3  0  5  9 12 14 15 15 14 13 13 1427 110I5 252 2518 2 159999999999999911 4 -42124 1399999999999999
 15 17 20 22 22 20 17 12  6  1 -2 -4 -4 -2  2  6 10 13 14 14 12 11 11 1127 111I5 330 221823 14999999999999991134 -42218 1199999999999999
 11 13 16 18 20 19 17 13  8  3  0 -3 -4 -3  0  5  9 11 13 13 12 11  9  927 112I5 4 8 201842 139999999999999912 0 -42325  999999999999999
  9 10 12 14 16 17 16 13 10  6  2  0 -2 -1  1  4  8 11 13 13 13 11  9  827 113I5 449 171858 13999999999999991222 -2999999999999999999999
  7  7  8 10 13 14 14 13 11  8  5  3  1  1  2  5  8 11 13 14 14 12 10  827 114I5 537 1419 9 1499999999999999 033  71236  199999999999999
  6  6  5  7  9 11 12 12 12 10  8  6  5  5  6  7 10 13 15 16 16 15 12 1027 115I5 645 121923 1699999999999999 136  51238  599999999999999
  7  5  4  4  5  7  9 10 11 11 11 10  9  9 10 11 12 15 17 18 19 18 16 1327 116I5 834 111946 1999999999999999 241  41232  999999999999999
 10  7  4  3  2  3  5  7  9 11 12 12 12 13 13 14 15 17 19 20 21 21 20 1727 117I52021 21999999999999999999999 354  2999999999999999999999
 14 10  6  3  1  0  1  2  5  8 11 13 14 15 16 17 18 19 20 22 23 24 23 2227 118I52112 24999999999999999999999 511  0999999999999999999999
 19 15 10  6  2 -1 -2 -2  0  3  7 11 14 16 17 19 19 20 21 22 24 25 26 2627 119I52221 26999999999999999999999 621 -3999999999999999999999
 24 20 16 10  5  0 -3 -5 -5 -3  2  6 11 15 17 19 20 20 20 21 22 24 26 2727 120I52336 27999999999999999999999 724 -5999999999999999999999
 27 26 22 17 11  4 -2 -6 -8 -8 -5  0  6 11 15 17 19 19 19 19 19 21 23 2527 121I59999999999999999999999999999 822 -8999999999999999999999
 28 28 27 23 17 10  2 -4 -8-10-10 -6  0  6 11 15 17 17 16 16 16 16 18 2127 122I5 046 281647 1799999999999999 916-111930 1699999999999999
 24 27 28 26 22 16  8  1 -6-10-12-11 -6  1  7 11 14 15 14 13 12 12 13 1427 123I5 149 2817 3 159999999999999910 6-122037 1299999999999999
 18 23 26 27 25 21 14  6 -1 -7-11-12-10 -4  3  8 12 14 13 12  9  8  8  827 124I5 249 271725 14999999999999991052-122154  899999999999999
 11 15 20 23 24 22 18 11  4 -2 -7-10-10 -6 -1  5 10 12 13 12  9  6  5  427 125I5 346 241749 13999999999999991132-1023 9  499999999999999
  5  7 12 17 19 20 18 14  9  3 -2 -5 -7 -6 -2  4  9 12 13 12 10  7  4  227 126I5 445 201813 139999999999999912 8 -7999999999999999999999
  1  2  5  9 13 15 16 14 11  6  2 -1 -2 -3  0  4  8 12 14 14 12  9  5  327 127I5 547 161838 1499999999999999 014  11238 -399999999999999
  1 -1  0  3  6  9 11 12 11  8  6  4  2  2  3  5  9 12 14 15 14 12  9  527 128I5 658 1219 2 1599999999999999 114 -11255  299999999999999
  2  0 -1 -1  1  4  6  8  9  8  8  7  6  6  7  9 11 14 16 17 16 15 12  927 129I5 825  91924 1799999999999999 217 -11215  699999999999999
  6  3  1 -1 -1  0  2  4  6  7  8  8  9 10 11 12 13 15 17 18 18 17 16 1327 130I51946 18999999999999999999999 330 -1999999999999999999999
 10  7  4  1  0 -1  0  1  3  5  7  9 10 11 13 14 15 17 18 19 19 19 18 1627 131I52014 19999999999999999999999 456 -1999999999999999999999
 13 10  7  4  2  0 -1 -1  1  3  5  8 10 12 14 15 17 18 18 19 20 20 20 1927 2 1I521 2 20999999999999999999999 616 -1999999999999999999999
 17 14 11  8  4  1 -1 -1 -1  1  3  6  9 12 14 15 16 17 18 19 19 20 20 2027 2 2I52222 20999999999999999999999 713 -1999999999999999999999
 19 17 14 11  7  3  0 -2 -2 -2  1  4  7 10 13 14 16 16 16 17 18 19 19 2027 2 3I52336 20999999999999999999999 757 -2999999999999999999999
 20 19 17 14 10  5  1 -2 -3 -4 -2  1  5  8 11 13 14 14 14 14 15 16 17 1927 2 4I59999999999999999999999999999 835 -4999999999999999999999
 20 20 19 16 12  7  3 -2 -4 -5 -5 -2  2  6  9 11 12 13 12 12 12 13 14 1627 2 5I5 035 201636 1399999999999999 9 9 -51914 1299999999999999
 18 19 19 17 14  9  4 -1 -5 -7 -7 -5 -2  3  7  9 11 11 10  9  9  9 10 1227 2 6I5 125 191639 1199999999999999 941 -720 7  999999999999999
 14 17 18 17 15 11  6  0 -4 -7 -8 -8 -5  0  4  7  9 10  9  7  6  5  6  727 2 7I5 2 9 181651 10999999999999991011 -82058  599999999999999
 10 13 16 16 15 12  8  2 -3 -6 -9 -9 -7 -3  2  6  8  9  8  6  4  3  3  327 2 8I5 250 1717 5  9999999999999991038 -92150  399999999999999
  5  9 12 14 14 13  9  4 -1 -5 -7 -8 -7 -4  1  5  7  9  8  6  4  2  0  027 2 9I5 330 151718  99999999999999911 4 -82241  099999999999999
  1  4  8 11 13 12 10  6  2 -2 -5 -6 -6 -4  0  5  8  9  9  8  5  2  0 -127 210I5 412 131729  9999999999999991125 -62329 -299999999999999
 -1  0  4  7 10 11 10  8  5  1 -2 -3 -3 -2  1  5  9 10 10  9  7  3  0 -227 211I5 5 0 111738 11999999999999991140 -3999999999999999999999
 -3 -2  0  3  7  9 10  9  7  4  2  1  0  1  3  6 10 12 13 12  9  6  2 -127 212I5 6 0 101751 1399999999999999 018 -31141  099999999999999
 -3 -4 -3 -1  3  6  8  8  8  7  5  4  4  5  6  9 11 14 15 14 13 10  6  227 213I5 719  81811 1599999999999999 1 9 -41130  499999999999999
 -1 -3 -4 -4 -1  1  4  6  7  8  8  7  8  8 10 11 13 15 17 17 16 14 10  627 214I51840 17999999999999999999999 210 -4999999999999999999999
  2 -1 -3 -5 -4 -3  0  2  5  7  8  9 10 11 12 13 15 16 18 19 18 17 15 1127 215I51924 19999999999999999999999 324 -5999999999999999999999
  7  3 -1 -3 -5 -6 -5 -3  0  3  6  8 10 11 13 14 15 16 18 19 19 19 18 1627 216I52034 19999999999999999999999 451 -6999999999999999999999
 13  8  4  0 -4 -7 -8 -8 -5 -2  2  5  8 11 12 14 15 15 16 17 18 19 20 1927 217I52213 20999999999999999999999 613 -8999999999999999999999
 18 14 10  5 -1 -5 -9-10-10 -8 -4  1  5  9 11 12 13 13 13 14 15 16 18 2027 218I52341 20999999999999999999999 720-11999999999999999999999
 20 19 15 10  5 -2 -7-11-13-12 -9 -4  1  6  9 10 11 10 10  9 10 11 13 1727 219I51553 11999999999999999999999 817-131847  999999999999999
 20 20 19 15 10  4 -3 -9-12-14-13 -9 -3  2  6  9  9  8  7  5  5  5  7 1027 220I5 053 201554  999999999999999 9 6-1420 0  599999999999999
 15 18 20 18 15  9  2 -5-10-13-14-12 -7 -1  4  7  8  8  5  3  1  0  1  327 221I5 156 2016 8  899999999999999 949-1421 9  099999999999999
  8 13 17 18 16 13  7  0 -6-10-12-12 -9 -3  3  7  8  8  6  2 -1 -3 -4 -327 222I5 257 181626  9999999999999991028-132210 -499999999999999
  0  5 11 14 15 14 10  5 -1 -6 -9-10 -8 -4  2  6  9  9  8  4  0 -4 -6 -727 223I5 358 151647  99999999999999911 2-1023 5 -799999999999999
 -6 -2  3  8 11 12 11  8  3 -1 -4 -6 -6 -3  2  6 10 11 10  7  3 -2 -5 -827 224I5 459 1217 8 11999999999999991130 -62356 -999999999999999
 -9 -7 -3  2  6  8  9  8  6  2  0 -1 -2  0  3  7 10 12 12 10  6  2 -3 -627 225I5 6 1  91729 12999999999999991149 -2999999999999999999999
 -8 -9 -7 -3  1  4  6  7  6  5  3  3  3  3  5  8 11 13 13 12 10  6  1 -227 226I5 7 7  71748 1399999999999999 047 -91133  399999999999999
 -5 -7 -7 -6 -3  0  2  4  5  5  5  5  6  7  8 10 12 14 15 14 12  9  5  227 227I518 4 15999999999999999999999 139 -7999999999999999999999
 -1 -4 -6 -6 -5 -3 -1  1  3  5  5  6  7  9 10 12 13 14 15 15 14 12  9  627 228I51820 15999999999999999999999 240 -6999999999999999999999
  3  0 -2 -4 -5 -4 -3 -1  1  3  5  6  8 10 11 12 13 14 15 15 15 14 12  927 3 1I51841 15999999999999999999999 4 0 -5999999999999999999999
  6  4  1 -2 -3 -4 -4 -3 -2  0  3  5  7  9 11 12 13 14 14 14 14 14 13 1227 3 2I51924 14999999999999999999999 533 -4999999999999999999999
  9  7  4  1 -2 -4 -5 -5 -4 -2  0  3  6  8 10 11 11 12 12 13 13 13 13 1327 3 3I52144 13999999999999999999999 641 -5999999999999999999999
 11  9  7  4  0 -3 -5 -6 -6 -5 -2  1  4  6  8  9  9  9  9 10 10 11 12 1227 3 4I52323 13999999999999999999999 729 -6999999999999999999999
 12 11  9  6  2 -1 -5 -7 -8 -7 -5 -2  2  4  6  7  8  7  6  6  7  8  9 1127 3 5I51537  8999999999999999999999 8 7 -81846  699999999999999
 12 12 10  8  4  0 -4 -7 -9 -9 -8 -4 -1  3  5  6  6  5  4  3  3  3  5  727 3 6I5 027 121530  699999999999999 840 -91941  399999999999999
 10 11 11  9  6  2 -3 -6 -9-10 -9 -7 -3  1  4  5  5  4  2  0 -1 -1  1  327 3 7I5 120 111534  599999999999999 9 9-102028 -199999999999999
  6  9 10 10  8  4 -1 -5 -8-10-10 -8 -4  0  3  5  5  4  1 -1 -3 -4 -3 -127 3 8I5 2 7 101543  599999999999999 936-102112 -499999999999999
  2  6  9 10  9  6  2 -3 -6 -8 -9 -8 -5 -1  3  5  6  5  2 -1 -4 -6 -7 -627 3 9I5 254 101552  69999999999999910 2 -92154 -799999999999999
 -2  2  6  9  9  8  5  0 -3 -6 -7 -7 -5 -1  4  6  7  6  4  0 -4 -7 -9 -927 310I5 342  916 0  7999999999999991025 -72234 -999999999999999
 -7 -2  3  6  8  8  7  4  0 -3 -4 -4 -3  0  4  8  9  8  6  3 -2 -6 -9-1027 311I5 434  91612  9999999999999991045 -42316-1099999999999999
-10 -7 -2  3  6  8  8  6  4  1 -1 -1  0  2  5  9 11 11  9  6  1 -4 -8-1027 312I5 532  81629 11999999999999991053 -1999999999999999999999
-11-10 -6 -1  3  6  7  7  6  4  3  3  3  4  7 10 13 13 12 10  5  0 -5 -827 313I5 636  81652 1399999999999999 0 1-111041  399999999999999
-10-11 -9 -6 -2  2  5  6  7  6  5  5  6  7  9 11 13 15 15 13 10  5  0 -427 314I5 750  71721 1599999999999999 052-111028  599999999999999
 -8-10-10 -9 -6 -3  0  3  5  6  6  7  8  9 10 12 14 15 16 15 13 10  5  127 315I51758 16999999999999999999999 153-10999999999999999999999
 -3 -7 -9-10 -9 -7 -5 -2  1  4  5  7  8  9 11 12 13 14 15 16 15 13 10  627 316I51854 16999999999999999999999 3 8-10999999999999999999999
  2 -2 -6 -8-10-10 -9 -7 -3  0  3  5  7  8 10 11 11 12 13 14 14 14 13 1127 317I52032 14999999999999999999999 437-10999999999999999999999
  8  4 -1 -5 -8-11-12-11 -8 -5 -1  2  5  7  8  9  9  9  9 10 11 13 14 1327 318I52223 14999999999999999999999 6 0-12999999999999999999999
 12  9  5  0 -5 -9-12-13-12 -9 -5 -1  3  5  6  7  6  5  5  5  6  8 10 1327 319I51447  72351 1399999999999999 7 5-131815  599999999999999
 13 12  9  5  0 -5 -9-12-13-12 -8 -4  1  4  5  5  4  3  1  0  0  2  5  927 320I51437  5999999999999999999999 757-131925  099999999999999
 12 13 12  9  5 -1 -6-10-12-12-10 -6 -1  3  5  5  4  2 -1 -3 -4 -4 -2  227 321I5 1 3 131444  699999999999999 841-122023 -599999999999999
  7 11 12 11  9  4 -1 -6 -9-11-10 -7 -2  3  6  7  6  3 -1 -5 -7 -9 -8 -527 322I5 210 121458  799999999999999 919-112116 -999999999999999
  0  6  9 11 10  8  3 -1 -5 -7 -8 -6 -2  3  7  8  8  5  1 -4 -8-11-12-1127 323I5 315 111517  899999999999999 952 -822 4-1299999999999999
 -6 -1  5  8 10  9  6  3 -1 -3 -4 -4 -1  3  7 10 10  8  4 -1 -6-10-12-1327 324I5 416 101539 10999999999999991021 -42249-1399999999999999
-11 -6 -1  4  7  9  8  6  3  1  0 -1  1  4  8 11 12 11  8  3 -2 -7-11-1327 325I5 514  916 1 12999999999999991042 -12333-1399999999999999
-13-10 -6 -1  3  6  8  7  5  4  3  3  4  6  9 12 13 13 11  7  2 -3 -7-1027 326I5 612  81622 13999999999999991039  3999999999999999999999
-12-11 -8 -4  0  3  5  7  6  6  5  6  6  8 10 12 14 14 13 10  6  1 -3 -727 327I5 715  71642 1499999999999999 017-12 954  599999999999999
 -9-10 -9 -7 -3  0  3  5  6  6  6  7  8  9 11 12 14 14 14 12  9  5  1 -327 328I517 0 14999999999999999999999 1 2-10999999999999999999999
 -6 -7 -8 -7 -5 -3  0  2  4  5  6  7  8 10 11 12 13 14 14 13 11  8  4  127 329I51718 14999999999999999999999 154 -8999999999999999999999
 -2 -4 -6 -7 -6 -5 -3 -1  1  3  5  6  8  9 10 11 12 13 13 12 11  9  7  427 330I51741 13999999999999999999999 3 0 -7999999999999999999999
  1 -1 -4 -5 -6 -6 -5 -3 -1  1  3  5  7  8  9 10 10 10 11 11 10 10  8  627 331I51824 11999999999999999999999 425 -6999999999999999999999
  4  1 -1 -3 -5 -6 -6 -6 -4 -2  1  3  5  6  7  7  8  8  8  8  8  8  8  727 4 1I521 2  8999999999999999999999 541 -6999999999999999999999
  6  4  1 -1 -4 -6 -7 -7 -6 -4 -1  1  4  5  6  6  5  5  4  4  5  6  7  727 4 2I51426  623 2  799999999999999 634 -71821  499999999999999
  7  5  3  1 -2 -5 -7 -8 -7 -6 -3  0  2  4  5  4  3  2  1  1  1  2  4  627 4 3I51410  5999999999999999999999 715 -819 5  199999999999999
  7  6  5  3  0 -3 -6 -7 -8 -7 -4 -1  2  4  5  4  3  1 -1 -2 -3 -2  0  327 4 4I5 018  714 7  599999999999999 748 -81944 -399999999999999
  6  7  6  5  2 -1 -4 -6 -7 -7 -5 -1  2  4  5  5  3  0 -3 -5 -6 -6 -4  027 4 5I5 119  71410  599999999999999 818 -72021 -699999999999999
  3  6  7  7  5  2 -1 -4 -5 -5 -4 -1  2  5  7  6  4  1 -3 -6 -8 -9 -8 -527 4 6I5 215  71416  799999999999999 846 -52059 -999999999999999
  0  4  7  8  8  5  2 -1 -2 -3 -3 -1  3  7  9  9  7  4 -1 -6 -9-11-11 -927 4 7I5 310  81428  999999999999999 913 -32137-1199999999999999
 -4  1  6  8  9  8  6  3  1  0  0  1  4  8 11 11 10  7  2 -3 -8-11-13-1227 4 8I5 4 5  91447 1199999999999999 936  02217-1399999999999999
 -9 -3  2  7  9 10  9  7  4  3  3  3  5  9 12 14 13 11  7  1 -5-10-13-1427 4 9I5 5 0 101511 1499999999999999 951  323 1-1499999999999999
-13 -8 -2  3  7  9 10  9  7  6  6  6  7 10 13 15 16 14 11  6  0 -6-11-1327 410I5 556 101541 1699999999999999 949  62349-1499999999999999
-14-12 -8 -2  3  6  9 10  9  8  8  8  9 11 13 16 17 17 15 11  5 -1 -6-1027 411I5 658 101615 1799999999999999 943  8999999999999999999999
-13-13-11 -7 -2  2  5  8  8  8  9  9 10 11 13 15 17 18 17 14 10  5 -1 -627 412I51656 18999999999999999999999 043-13999999999999999999999
 -9-12-12-11 -7 -3  0  4  6  7  8  9 10 11 12 13 15 16 17 16 13 10  5  027 413I51749 17999999999999999999999 145-12999999999999999999999
 -4 -8-10-11-10 -8 -5 -1  2  5  6  8  9 10 10 11 12 13 14 14 14 12  9  527 414I519 4 14999999999999999999999 258-11999999999999999999999
  1 -3 -6 -9-10-10 -8 -5 -2  1  4  6  7  8  8  8  8  9 10 11 12 12 11  927 415I52048 12999999999999999999999 417-10999999999999999999999
  6  2 -1 -5 -8 -9 -9 -8 -5 -1  2  4  6  7  6  6  5  5  5  6  7  9 10 1027 416I51319  72236 1199999999999999 530-101725  599999999999999
  9  7  3  0 -4 -7 -8 -8 -6 -3  0  4  6  6  6  5  3  1  0  0  1  4  7  927 417I513 7  6999999999999999999999 630 -91837  099999999999999
 10  9  7  4  1 -3 -5 -7 -6 -4  0  4  6  7  7  5  2  0 -3 -4 -4 -2  1  527 418I5 0 6 101313  799999999999999 718 -71933 -499999999999999
  8 10 10  8  5  2 -1 -3 -4 -3  0  4  7  9  9  7  4  0 -4 -6 -8 -7 -5  027 419I5 124 101328  999999999999999 758 -42022 -899999999999999
  4  8 10 10  8  6  3  1 -1 -1  1  5  8 11 12 10  7  3 -2 -6 -9-10 -9 -627 420I5 234 101348 1299999999999999 833 -121 6-1099999999999999
  0  5  8 10 10  9  6  4  3  2  3  6  9 13 14 13 11  7  1 -4 -8-11-12-1027 421I5 337 111412 1499999999999999 9 1  22149-1299999999999999
 -5  1  5  9 11 11 10  8  6  6  6  7 10 14 16 16 14 11  6  0 -5 -9-11-1127 422I5 434 111437 1699999999999999 920  62229-1299999999999999
 -8 -3  2  6 10 11 11 10  9  8  8  9 11 14 17 18 17 14 10  4 -2 -6 -9-1127 423I5 527 1115 4 1899999999999999 918  823 9-1199999999999999
-10 -6 -2  3  7 10 11 11 10 10 10 11 12 14 17 18 18 17 13  9  3 -2 -6 -927 424I5 620 111530 1899999999999999 9 5 102350 -999999999999999
 -9 -8 -4  0  4  8 10 11 11 11 11 12 13 14 16 18 19 18 16 12  7  2 -2 -627 425I51556 199999999999999999999999999999999999999999999999999
 -7 -7 -6 -3  1  5  7  9 10 10 11 12 13 14 15 17 18 18 16 14 10  5  1 -227 426I51623 18999999999999999999999 032 -8999999999999999999999
 -5 -6 -6 -4 -2  1  4  7  8  9 10 11 12 13 14 15 16 16 16 14 11  8  4  127 427I51652 16999999999999999999999 119 -6999999999999999999999
 -2 -4 -5 -5 -3 -1  1  4  6  7  9 10 11 11 12 13 13 14 14 13 12  9  6  327 428I51728 14999999999999999999999 212 -5999999999999999999999
  1 -2 -3 -4 -4 -3 -1  1  4  6  7  8  9 10 10 10 11 11 11 11 11  9  8  527 429I51827 11999999999999999999999 311 -4999999999999999999999
  3  1 -1 -3 -3 -3 -2  0  2  4  6  7  8  8  8  8  8  8  8  8  8  8  8  727 430I513 2  82025  899999999999999 413 -31651  899999999999999
  5  3  1 -1 -2 -3 -2 -1  1  3  5  7  8  8  7  6  5  5  4  5  5  6  7  727 5 1I51237  82237  799999999999999 5 7 -318 1  499999999999999
  7  5  4  2  0 -1 -1 -1  1  3  6  7  8  8  7  6  4  2  1  1  2  4  5  727 5 2I51230  9999999999999999999999 551 -11842  199999999999999
  8  7  6  5  3  1  1  1  2  4  6  9 10 10  9  6  4  1 -1 -2 -2  0  3  627 5 3I5 012  81230 1099999999999999 628  11919 -299999999999999
  8  9  9  8  6  5  3  3  3  5  8 10 12 12 11  9  5  1 -2 -4 -5 -4 -1  327 5 4I5 126  91239 1299999999999999 7 2  31956 -599999999999999
  7 10 11 11 10  8  7  6  6  7  9 12 14 15 14 12  8  3 -1 -5 -7 -7 -5  027 5 5I5 231 111257 1599999999999999 734  62035 -799999999999999
  5  9 12 13 13 12 10  9  9  9 11 13 16 18 18 16 12  7  1 -4 -7 -9 -8 -527 5 6I5 329 131323 1899999999999999 8 2  92116 -999999999999999
  0  6 11 14 15 15 14 12 11 12 12 14 17 20 21 20 17 12  6 -1 -6 -9-11 -927 5 7I5 423 151356 2199999999999999 824 1122 2-1199999999999999
 -5  1  7 12 15 16 16 15 14 14 14 15 18 21 23 23 21 17 11  5 -2 -7-10-1127 5 8I5 516 161434 2399999999999999 840 142251-1199999999999999
 -9 -4  2  8 12 15 16 16 15 15 15 16 17 20 23 25 24 22 17 11  4 -3 -8-1027 5 9I5 612 161517 2599999999999999 852 152344-1199999999999999
-11 -9 -4  2  7 11 14 15 15 15 15 16 17 19 21 24 25 24 21 16 10  3 -3 -727 510I516 5 259999999999999999999999999999999999999999999999999
-10-10 -8 -3  2  6 10 13 14 14 14 15 15 16 18 20 22 23 22 20 15  9  3 -227 511I517 0 23999999999999999999999 040-10999999999999999999999
 -6 -8 -9 -7 -3  2  6  9 11 12 13 13 14 14 15 16 18 20 21 20 18 14  9  427 512I518 4 21999999999999999999999 140 -9999999999999999999999
  0 -4 -6 -7 -5 -2  2  6  9 11 12 12 12 12 12 12 13 15 16 17 17 16 13  927 513I51923 17999999999999999999999 242 -7999999999999999999999
  5  1 -2 -4 -4 -3  0  3  7  9 11 11 11 11 10  9  9  9 11 12 14 14 14 1227 514I51118 1221 5 1499999999999999 344 -41558  999999999999999
  9  6  3  1 -1 -1  0  3  6  9 11 12 12 11  9  8  6  5  5  6  9 11 12 1327 515I51125 122255 1399999999999999 442 -11725  599999999999999
 12 10  8  6  4  3  2  4  6  9 12 14 14 13 10  8  5  3  2  2  3  6  9 1127 516I51139 14999999999999999999999 533  21831  199999999999999
 13 13 12 10  8  7  6  6  8 11 13 16 16 16 13 10  6  3  0 -1 -1  1  5  827 517I5 032 131159 1699999999999999 616  61924 -199999999999999
 11 13 14 13 12 11 10 10 10 12 15 18 19 19 17 14  9  5  1 -2 -3 -2  1  527 518I5 158 141222 1999999999999999 650 102011 -399999999999999
  9 13 15 16 15 14 13 13 13 14 16 19 21 22 21 18 14  9  4  0 -3 -4 -2  127 519I5 311 161250 2299999999999999 713 132053 -499999999999999
  6 11 14 16 17 17 16 16 16 16 18 20 23 24 24 22 18 13  7  2 -1 -3 -4 -127 520I5 4 9 171320 2499999999999999 726 162132 -499999999999999
  3  8 13 16 18 19 18 18 18 18 19 21 23 25 26 25 22 17 12  6  1 -2 -3 -227 521I5 458 191353 2699999999999999 739 182211 -399999999999999
  1  5 10 14 17 19 19 19 19 19 20 21 23 25 27 26 25 21 16 10  5  1 -2 -327 522I5 543 191427 2799999999999999 756 192250 -399999999999999
 -1  3  7 12 15 18 19 19 19 19 20 21 22 24 26 27 26 23 19 14  9  4  0 -227 523I515 2 279999999999999999999992330 -2999999999999999999999
 -2  0  4  9 13 16 18 18 18 18 19 20 21 22 24 26 26 24 21 17 12  7  3  027 524I51537 269999999999999999999999999999999999999999999999999
 -1 -1  2  5  9 13 15 17 17 17 18 18 19 20 22 23 24 24 22 19 14 10  6  227 525I51613 24999999999999999999999 011 -1999999999999999999999
  0  0  1  3  6 10 12 14 15 16 16 17 17 18 19 20 22 22 21 19 16 12  8  527 526I51651 22999999999999999999999 052  0999999999999999999999
  2  1  1  2  4  7 10 12 14 15 15 15 16 16 16 17 18 19 19 18 16 13 10  727 527I51734 19999999999999999999999 133  1999999999999999999999
  5  3  2  2  4  6  9 11 13 14 15 15 15 14 14 14 15 16 16 16 15 14 12  927 528I51055 151831 1699999999999999 212  214 1 1499999999999999
  7  5  4  4  5  6  8 11 13 14 15 15 14 14 13 12 12 12 13 14 14 14 13 1227 529I51039 1520 3 1499999999999999 247  41555 1299999999999999
 10  8  7  7  7  8  9 11 13 15 16 16 15 14 12 11 10 10 10 11 12 13 13 1327 530I51038 162218 1399999999999999 319  617 8 1099999999999999
 13 12 10 10 10 10 11 13 15 17 18 18 17 16 13 11  9  7  7  8  9 11 13 1427 531I51043 18999999999999999999999 350 101759  799999999999999
 15 15 14 13 13 13 14 15 17 19 21 21 21 19 16 12  9  7  5  5  6  8 12 1427 6 1I5 015 151058 2199999999999999 424 131843  499999999999999
 17 18 18 17 17 17 17 18 19 21 23 24 24 23 19 15 11  7  4  2  2  5  8 1327 6 2I5 144 181123 2599999999999999 5 7 171927  299999999999999
 16 19 20 21 21 20 20 20 21 23 25 27 28 27 24 20 15 10  5  2  0  1  4  927 6 3I5 255 211158 2899999999999999 554 202012  099999999999999
 14 18 21 23 23 23 22 22 23 24 26 29 31 31 29 26 20 14  8  3 -1 -2 -1  327 6 4I5 352 231240 3199999999999999 637 2221 1 -299999999999999
  9 15 20 23 25 25 24 24 24 25 26 29 31 33 33 31 26 20 13  6  1 -2 -3 -227 6 5I5 443 251327 3399999999999999 716 242153 -399999999999999
  3  9 15 20 23 25 25 24 24 24 25 27 30 33 35 34 31 27 20 12  5  0 -3 -427 6 6I5 530 251419 3599999999999999 751 242246 -499999999999999
 -2  3 10 15 20 23 24 24 23 23 24 25 27 30 33 35 34 31 26 19 11  5  0 -427 6 7I5 618 241514 3599999999999999 827 232341 -499999999999999
 -4 -1  4 10 15 19 22 22 22 22 22 23 24 26 29 32 33 33 30 25 18 11  5  027 6 8I51611 339999999999999999999999999999999999999999999999999
 -3 -3  0  5 10 15 18 20 21 20 20 20 20 21 23 26 29 31 30 27 23 17 11  627 6 9I5 750 211711 3199999999999999 035 -31019 2099999999999999
  2 -1  0  2  7 12 16 18 20 20 19 18 18 18 18 20 23 26 27 26 24 21 16 1127 610I5 829 201818 2799999999999999 126 -11248 1899999999999999
  7  4  3  3  6 10 14 17 19 20 19 18 17 16 15 15 17 19 21 23 23 22 19 1627 611I5 9 3 201939 2399999999999999 215  31422 1599999999999999
 13 10  8  7  8 10 14 17 19 21 21 20 18 16 14 13 12 13 15 17 19 20 20 1927 612I5 933 212124 2099999999999999 3 0  71547 1299999999999999
 17 15 13 12 12 13 15 18 20 22 23 22 20 18 15 13 11 10 10 12 14 17 18 1927 613I510 0 232322 1999999999999999 340 1217 8 1099999999999999
 19 18 18 17 16 17 18 20 22 24 26 26 24 21 18 15 12  9  8  8 10 13 16 1827 614I51028 26999999999999999999999 410 161816  899999999999999
 20 21 21 21 21 21 21 22 24 26 28 29 28 26 22 18 14 11  8  7  8 10 13 1727 615I51057 299999999999999999999991912  7999999999999999999999
 20 22 23 23 24 24 24 25 26 28 30 31 31 30 27 23 18 14 10  8  7  8 11 1427 616I51130 319999999999999999999991959  7999999999999999999999
 18 22 24 25 26 26 26 27 28 29 31 33 33 33 31 27 23 18 13 10  7  7  9 1227 617I512 7 339999999999999999999992041  7999999999999999999999
 17 21 24 26 27 28 28 28 29 30 31 33 35 35 34 31 27 22 17 12  9  7  8 1027 618I51247 359999999999999999999992120  7999999999999999999999
 14 19 23 26 27 28 28 28 29 29 31 32 34 36 36 34 30 26 20 15 11  8  7  827 619I51329 369999999999999999999992159  7999999999999999999999
 11 16 20 24 26 28 28 28 28 28 29 31 33 35 36 35 33 29 24 18 13  9  7  727 620I51411 369999999999999999999992237  7999999999999999999999
  9 13 17 21 24 26 27 27 27 27 28 29 31 33 34 35 34 31 27 21 16 11  8  727 621I51452 359999999999999999999992315  7999999999999999999999
  7 10 14 18 22 24 25 26 25 25 25 26 28 30 32 33 33 32 28 24 18 13 10  727 622I51531 349999999999999999999992352  7999999999999999999999
  7  8 11 15 19 22 24 24 24 24 24 24 25 26 28 30 31 31 29 25 20 16 12  927 623I5 711 2416 9 3199999999999999 933 24999999999999999999999
  7  7  9 13 17 20 22 23 23 23 22 22 23 23 25 27 28 29 28 25 22 18 14 1127 624I5 740 231648 2999999999999999 025  71037 2299999999999999
  9  9 10 12 15 18 21 22 23 23 22 21 21 21 22 23 25 26 26 25 23 20 17 1427 625I5 8 5 231732 2699999999999999 055  91219 2199999999999999
 12 11 11 13 15 18 21 22 23 23 22 21 20 20 20 20 21 23 24 24 23 21 19 1727 626I5 823 231829 2499999999999999 120 111347 2099999999999999
 15 14 14 15 17 19 22 24 25 25 24 23 21 19 18 18 18 20 21 22 22 22 21 2027 627I5 835 2520 1 2299999999999999 137 1415 1 1899999999999999
 19 18 18 18 19 21 24 26 27 27 26 25 23 20 19 17 16 17 18 20 21 22 23 2327 628I5 848 272217 2399999999999999 145 181610 1699999999999999
 22 22 22 22 23 24 26 28 30 30 30 28 26 23 20 17 16 15 15 17 19 21 23 2527 629I5 9 9 30999999999999999999999 148 211713 1599999999999999
 25 25 25 26 26 27 28 30 32 33 33 32 30 27 23 19 16 14 13 13 15 18 22 2527 630I5 942 349999999999999999999991810 13999999999999999999999
 27 28 29 29 29 30 31 32 34 36 37 37 35 32 28 23 18 14 12 10 11 14 18 2227 7 1I51026 3799999999999999999999919 4 10999999999999999999999
 26 29 30 31 32 32 32 33 35 36 38 40 39 37 33 28 23 17 12  9  8  9 13 1827 7 2I51120 409999999999999999999991959  8999999999999999999999
 23 27 30 32 33 33 33 33 34 36 38 40 42 41 39 35 29 22 16 10  7  6  8 1227 7 3I51220 429999999999999999999992054  6999999999999999999999
 18 23 28 31 32 33 33 32 33 34 36 39 42 43 43 40 35 29 21 14  9  5  4  627 7 4I51320 439999999999999999999992149  4999999999999999999999
 11 17 23 28 30 32 31 31 31 31 33 35 38 42 44 43 40 35 28 20 13  7  4  327 7 5I5 522 321420 4499999999999999 741 312242  399999999999999
  6 12 18 23 27 30 30 29 28 28 29 30 33 37 40 43 42 39 34 26 19 12  7  427 7 6I5 550 301519 4399999999999999 840 282332  499999999999999
  4  7 13 19 24 27 29 28 27 26 25 26 27 30 34 38 40 40 37 32 25 18 12  827 7 7I5 619 291618 4099999999999999 954 25999999999999999999999
  6  7 10 16 21 25 27 28 27 25 23 23 23 24 27 31 35 36 36 34 29 23 18 1427 7 8I5 648 281720 3699999999999999 018  61138 2399999999999999
 11  9 11 15 20 24 27 28 28 26 24 22 21 20 21 24 27 30 32 32 30 27 23 1927 7 9I5 718 281832 3299999999999999 1 1  91259 2099999999999999
 16 14 14 16 20 24 27 29 29 28 26 23 21 19 18 19 21 24 26 28 29 28 26 2427 710I5 747 291957 2999999999999999 138 141410 1899999999999999
 22 20 19 20 22 25 28 30 31 31 29 26 23 21 18 17 17 19 21 23 25 27 27 2627 711I5 817 312144 2799999999999999 2 8 191525 1799999999999999
 25 25 24 25 26 28 30 32 33 34 33 31 28 24 21 18 17 16 17 19 22 24 26 2727 712I5 849 34999999999999999999999 219 241645 1699999999999999
 28 28 28 29 29 30 32 34 35 36 36 35 32 29 25 22 19 17 16 17 19 21 24 2727 713I5 924 3699999999999999999999918 0 16999999999999999999999
 28 30 31 32 32 33 34 35 37 38 38 38 36 33 30 26 22 19 17 16 17 19 22 2527 714I510 4 3999999999999999999999919 0 16999999999999999999999
 28 30 32 33 34 35 36 36 38 39 40 40 39 37 34 30 26 22 19 17 16 18 20 2427 715I51052 409999999999999999999991949 16999999999999999999999
 27 30 32 34 35 35 36 37 38 39 40 41 41 40 38 34 30 26 21 18 17 17 18 2127 716I51143 419999999999999999999992032 16999999999999999999999
 25 29 32 34 35 35 35 36 37 38 39 41 42 42 40 37 34 29 24 20 17 16 16 1927 717I51233 429999999999999999999992111 16999999999999999999999
 23 27 30 32 34 34 34 34 35 36 37 39 41 42 42 40 36 32 26 21 18 15 15 1627 718I51320 429999999999999999999992148 15999999999999999999999
 20 24 28 31 32 33 33 32 32 33 34 36 38 40 41 41 38 34 29 23 19 15 14 1427 719I5 5 9 3314 4 4199999999999999 729 322223 1499999999999999
 17 21 25 28 31 32 32 31 30 30 31 33 35 37 40 40 39 36 31 26 20 16 14 1327 720I5 524 321445 4099999999999999 817 302256 1399999999999999
 14 18 22 26 29 30 30 30 29 28 28 29 31 34 36 38 38 36 32 28 22 18 15 1327 721I5 543 301524 3899999999999999 9 6 282326 1399999999999999
 14 16 20 24 27 29 30 29 28 27 26 26 27 29 32 35 36 35 33 29 25 20 17 1527 722I5 6 4 3016 3 369999999999999910 2 262352 1499999999999999
 14 16 19 23 26 28 29 29 28 26 25 25 25 26 28 31 33 34 33 30 27 23 20 1827 723I5 623 291644 34999999999999991111 25999999999999999999999
 17 17 19 23 26 29 30 30 29 27 25 24 23 24 25 28 30 32 32 31 28 26 23 2127 724I5 638 301733 3299999999999999 014 171218 2399999999999999
 20 20 21 24 27 30 31 31 31 29 27 25 23 23 23 24 27 29 30 30 30 28 26 2427 725I5 649 311840 3099999999999999 028 201317 2399999999999999
 24 24 24 26 29 31 33 34 33 32 29 26 24 23 22 22 24 26 28 29 30 30 29 2827 726I5 7 1 342019 3099999999999999 028 241417 2299999999999999
 27 28 28 29 31 34 35 36 36 35 33 30 27 24 22 21 21 23 25 27 29 30 31 3127 727I5 722 36999999999999999999999 018 271523 2199999999999999
 31 31 32 33 34 36 37 39 39 39 37 34 30 27 24 22 20 20 21 23 26 29 31 3227 728I5 756 399999999999999999999991636 20999999999999999999999
 33 34 34 35 36 38 39 40 42 42 41 39 35 31 27 24 21 19 18 19 22 25 28 3127 729I5 845 429999999999999999999991748 18999999999999999999999
 34 35 36 37 38 39 40 41 42 44 44 43 41 37 32 28 23 19 17 16 17 20 24 2827 730I5 952 449999999999999999999991853 16999999999999999999999
 32 35 36 37 38 38 39 40 41 43 45 46 45 43 38 33 27 22 17 14 13 15 18 2327 731I511 8 469999999999999999999991953 13999999999999999999999
 28 32 35 36 37 37 37 38 39 41 43 45 47 47 44 39 33 27 20 15 12 11 13 1727 8 1I51219 479999999999999999999992049 11999999999999999999999
 23 28 32 34 35 35 35 35 35 36 39 42 45 47 47 44 39 33 25 18 13 10 10 1227 8 2I5 423 361323 4899999999999999 650 352141  999999999999999
 17 23 29 32 34 34 33 31 31 32 33 36 40 44 47 47 44 39 32 24 17 12 10 1027 8 3I5 436 341424 4799999999999999 756 312229  999999999999999
 13 19 25 30 32 33 32 30 28 27 28 29 32 38 42 45 45 42 37 30 23 17 13 1127 8 4I5 456 331524 4599999999999999 9 7 272312 1199999999999999
 12 16 22 28 31 33 32 30 27 25 24 24 25 29 35 40 42 42 39 34 28 22 18 1527 8 5I5 519 331626 42999999999999991031 242351 1499999999999999
 14 16 21 27 31 33 33 32 28 25 23 21 21 23 27 32 36 38 38 36 32 27 23 2127 8 6I5 544 331734 38999999999999991142 21999999999999999999999
 19 19 22 27 31 34 35 34 31 28 24 22 20 19 21 25 29 33 34 35 34 31 28 2627 8 7I5 610 351847 3599999999999999 025 191245 1999999999999999
 24 24 25 28 32 35 36 37 35 32 28 24 22 20 19 21 24 27 30 32 32 32 31 3027 8 8I5 638 372010 3299999999999999 053 241348 1999999999999999
 29 29 29 31 33 36 38 39 38 36 33 29 26 23 20 20 21 23 25 28 30 31 32 3227 8 9I5 7 6 39999999999999999999999 1 3 291456 2099999999999999
 32 33 33 34 36 38 39 40 40 39 37 34 30 27 24 22 21 21 22 24 27 29 31 3327 810I5 738 409999999999999999999991617 21999999999999999999999
 34 35 36 37 38 39 40 41 42 41 40 38 35 32 29 25 23 22 21 22 24 27 30 3227 811I5 818 429999999999999999999991741 21999999999999999999999
 34 36 37 38 39 40 40 41 42 42 42 41 39 36 33 29 26 23 22 22 22 25 28 3127 812I5 915 429999999999999999999991847 21999999999999999999999
 33 35 37 38 39 39 40 41 41 42 43 43 42 39 36 33 29 26 23 21 21 23 25 2927 813I51027 439999999999999999999991937 21999999999999999999999
 32 34 36 37 38 38 38 39 40 41 42 43 43 42 39 36 32 28 24 22 20 21 23 2627 814I51133 439999999999999999999992019 20999999999999999999999
 30 33 35 36 37 36 36 37 37 38 40 42 43 43 41 38 35 30 26 22 20 19 20 2327 815I51228 439999999999999999999992055 19999999999999999999999
 27 30 33 35 35 35 34 34 34 35 37 39 41 42 42 40 37 32 27 23 20 18 18 2027 816I5 4 4 351315 4299999999999999 653 342127 1899999999999999
 24 28 31 33 34 33 32 31 31 32 33 35 38 40 41 40 38 34 29 24 20 18 17 1827 817I5 4 9 341359 4199999999999999 743 312157 1799999999999999
 21 26 29 32 33 32 31 29 28 28 29 31 34 37 39 40 38 35 31 26 22 19 17 1727 818I5 422 331440 4099999999999999 832 282224 1799999999999999
 20 24 28 31 32 32 31 29 27 26 26 27 29 33 36 38 38 36 33 28 24 20 18 1827 819I5 437 321521 3899999999999999 924 262249 1899999999999999
 19 23 27 30 32 32 31 29 26 25 24 24 26 29 33 36 37 36 34 30 26 23 21 2027 820I5 450 3216 4 37999999999999991018 242311 2099999999999999
 21 23 27 30 33 33 33 30 27 25 23 22 23 25 29 32 35 35 35 32 29 26 24 2327 821I5 5 1 331653 359999999999999911 8 222327 2399999999999999
 23 25 28 31 34 35 34 33 30 26 24 22 22 22 25 29 32 34 34 34 32 29 27 2727 822I5 510 351753 34999999999999991157 222326 2699999999999999
 27 27 30 33 35 37 36 35 33 29 26 23 22 21 23 25 29 31 33 34 33 32 31 3027 823I5 523 3719 8 34999999999999991248 212312 3099999999999999
 30 31 32 34 37 39 39 38 36 33 29 26 23 22 21 23 25 28 30 32 33 33 33 3327 824I5 543 392042 33999999999999991345 212256 3399999999999999
 33 34 35 36 38 40 41 41 39 37 33 29 26 23 22 21 22 24 27 29 31 33 34 3427 825I5 613 419999999999999999999991453 21999999999999999999999
 35 36 37 38 40 41 42 43 42 40 38 34 30 27 24 21 20 21 22 25 28 30 33 3427 826I5 658 439999999999999999999991614 20999999999999999999999
 36 37 38 39 40 41 42 43 44 43 42 39 35 31 27 23 21 19 19 20 23 26 29 3227 827I5 8 9 449999999999999999999991736 19999999999999999999999
 35 36 38 38 39 40 41 42 43 44 44 43 41 37 32 27 23 19 17 16 18 21 25 2927 828I5 945 449999999999999999999991846 16999999999999999999999
 32 35 36 37 37 37 38 39 40 42 44 45 44 42 38 33 27 22 17 15 14 16 20 2427 829I51112 459999999999999999999991945 14999999999999999999999
 29 32 34 35 35 34 34 34 35 37 40 43 45 45 43 38 33 26 20 16 13 13 15 2027 830I5 319 351225 4599999999999999 6 5 342037 1399999999999999
 25 30 32 34 33 32 30 30 30 31 34 38 42 45 45 42 38 32 25 19 15 13 13 1727 831I5 319 341329 4599999999999999 714 302122 1399999999999999
 22 27 31 33 33 31 28 26 25 25 27 30 36 41 44 44 41 37 30 24 19 16 14 1627 9 1I5 331 331431 4499999999999999 821 2522 3 1499999999999999
 20 26 30 33 33 32 29 25 22 21 21 23 28 34 39 42 42 40 35 29 24 20 18 1727 9 2I5 349 331535 4299999999999999 930 212241 1799999999999999
 20 25 30 33 35 34 31 27 23 20 18 18 21 26 32 37 39 39 37 33 29 25 22 2127 9 3I5 410 351641 39999999999999991032 182314 2199999999999999
 22 25 30 34 36 36 34 31 26 21 18 17 17 20 25 30 34 36 37 35 32 29 27 2627 9 4I5 434 361748 37999999999999991129 162341 2699999999999999
 26 27 31 35 37 38 37 35 30 25 21 18 16 17 20 24 29 32 34 35 34 32 31 3027 9 5I5 5 0 381856 35999999999999991223 162354 3099999999999999
 30 31 33 36 38 40 40 38 35 30 26 22 19 18 18 21 24 27 30 32 33 33 33 3327 9 6I5 526 409999999999999999999991319 18999999999999999999999
 33 34 35 37 39 40 41 40 38 35 31 27 24 21 20 20 21 24 26 29 31 33 33 3427 9 7I5 553 419999999999999999999991422 20999999999999999999999
 35 36 37 38 39 41 41 41 40 38 35 31 28 25 23 21 21 22 24 26 28 31 33 3427 9 8I5 622 419999999999999999999991540 21999999999999999999999
 36 37 38 38 39 40 41 41 41 40 38 35 32 29 27 24 23 22 22 23 26 28 31 3327 9 9I5 7 3 419999999999999999999991710 22999999999999999999999
 35 36 37 38 38 39 39 40 40 40 39 38 36 33 30 27 24 22 22 22 23 26 28 3127 910I5 824 409999999999999999999991819 21999999999999999999999
 33 35 36 37 37 37 37 38 38 39 39 39 38 35 33 30 26 23 21 21 21 23 26 2927 911I510 5 3999999999999999999999919 9 21999999999999999999999
 31 33 34 35 35 34 34 35 35 36 38 39 38 37 35 32 28 25 22 20 20 21 23 2627 912I51123 399999999999999999999991949 20999999999999999999999
 29 32 33 33 33 32 31 31 32 33 35 37 38 38 36 34 30 26 22 20 19 19 21 2427 913I5 252 331221 3899999999999999 630 312021 1999999999999999
 27 30 32 32 31 30 29 28 28 29 31 34 36 37 37 35 32 28 24 21 19 18 19 2227 914I5 250 321311 3799999999999999 716 282050 1899999999999999
 26 29 31 31 31 29 27 25 25 25 27 30 33 36 37 36 33 30 26 22 20 18 19 2127 915I5 256 311357 3799999999999999 8 0 252116 1899999999999999
 25 28 31 31 31 29 26 24 22 22 23 25 29 33 35 36 35 32 28 24 21 20 19 2127 916I5 3 5 311443 3699999999999999 844 222141 1999999999999999
 24 28 31 32 32 30 27 23 21 20 20 21 25 30 33 35 35 34 30 27 24 22 21 2227 917I5 315 321531 3599999999999999 927 1922 3 2199999999999999
 25 28 32 33 33 32 29 25 21 19 18 18 21 26 30 33 35 35 33 30 27 25 24 2427 918I5 325 331622 359999999999999910 9 182221 2499999999999999
 26 29 33 35 35 34 31 27 23 19 17 17 18 22 27 31 33 34 34 32 30 28 27 2727 919I5 338 351718 35999999999999991051 172226 2799999999999999
 28 30 34 36 37 36 34 30 26 21 18 17 17 18 22 27 31 33 34 34 32 31 30 3027 920I5 357 371818 34999999999999991136 162215 3099999999999999
 31 32 35 37 39 39 37 34 29 25 21 18 17 17 19 23 27 30 32 33 33 32 32 3227 921I5 421 391927 33999999999999991227 1622 8 3299999999999999
 33 34 36 38 40 40 39 37 34 29 24 21 18 17 17 19 22 26 29 31 32 33 33 3327 922I5 451 409999999999999999999991325 17999999999999999999999
 34 35 36 38 40 41 41 40 37 34 29 25 22 19 17 17 18 21 24 27 29 31 32 3327 923I5 529 419999999999999999999991436 17999999999999999999999
 34 36 36 37 39 40 40 40 39 37 34 30 26 22 19 17 16 17 19 22 25 28 30 3227 924I5 628 4199999999999999999999916 0 16999999999999999999999
 33 34 35 36 37 37 38 39 40 39 38 35 31 27 23 19 17 15 15 17 20 24 27 3027 925I5 8 4 409999999999999999999991723 15999999999999999999999
 31 33 33 34 34 34 35 36 37 38 39 38 36 32 28 23 19 16 14 14 16 19 23 2727 926I5 952 399999999999999999999991830 14999999999999999999999
 29 31 31 31 31 30 30 31 32 35 37 39 38 36 33 28 23 19 15 14 14 16 20 2427 927I5 2 7 311121 3999999999999999 529 301924 1399999999999999
 28 30 30 30 28 26 25 25 26 29 32 36 38 38 37 33 28 23 18 15 14 15 18 2327 928I5 156 301235 3999999999999999 638 252010 1499999999999999
 27 29 30 30 28 25 22 21 20 22 25 30 35 38 38 36 33 28 23 19 17 16 18 2227 929I5 2 2 301342 3899999999999999 739 202051 1699999999999999
 26 30 31 31 29 25 21 18 16 16 18 23 29 34 37 37 36 32 28 23 21 19 19 2227 930I5 217 321449 3799999999999999 836 162127 1999999999999999
 26 31 33 33 32 28 23 18 15 13 13 16 21 28 33 36 36 35 32 28 25 23 22 232710 1I5 237 331554 3699999999999999 930 132159 2299999999999999
 27 31 35 36 35 32 27 21 16 13 11 12 15 21 27 32 34 35 34 31 29 27 26 262710 2I5 3 2 361656 35999999999999991020 112226 2699999999999999
 28 32 35 37 37 35 32 26 20 16 13 11 12 16 22 27 31 33 34 33 31 30 29 292710 3I5 329 381756 349999999999999911 9 112237 2999999999999999
 30 32 36 38 39 38 35 31 25 20 16 13 12 14 17 22 26 30 32 33 32 32 31 322710 4I5 357 3919 1 33999999999999991158 122150 3199999999999999
 32 33 36 38 39 39 38 34 30 25 20 17 15 14 16 19 23 26 29 31 32 32 32 332710 5I5 424 399999999999999999999991248 14999999999999999999999
 34 34 36 37 39 39 38 36 33 29 25 21 19 17 16 18 20 23 25 28 30 31 32 332710 6I5 451 399999999999999999999991344 16999999999999999999999
 34 35 35 36 37 38 38 37 35 32 29 25 22 20 18 18 18 20 22 25 27 29 30 322710 7I5 519 389999999999999999999991453 18999999999999999999999
 33 34 34 35 36 36 36 36 35 33 31 28 26 23 21 19 18 19 20 22 24 26 28 302710 8I5 557 369999999999999999999991615 18999999999999999999999
 31 32 33 33 33 33 34 34 34 33 32 30 28 26 23 21 19 18 18 19 21 24 26 282710 9I5 725 349999999999999999999991726 18999999999999999999999
 30 30 31 31 30 30 30 31 31 32 32 31 30 28 25 22 20 18 18 18 19 21 24 26271010I5 930 329999999999999999999991818 18999999999999999999999
 28 29 29 29 28 27 27 27 28 29 30 31 30 29 27 24 22 19 18 17 18 20 23 25271011I5 136 2911 8 3199999999999999 6 5 271856 1799999999999999
 27 28 28 27 26 24 23 23 24 25 27 29 30 30 29 26 24 21 19 18 18 19 22 24271012I5 128 281217 3099999999999999 644 231928 1899999999999999
 27 28 28 27 25 22 21 20 20 21 24 27 29 30 30 28 26 23 20 19 18 19 21 24271013I5 129 281314 3099999999999999 721 201955 1899999999999999
 27 28 29 27 25 22 19 17 17 18 20 24 27 29 30 30 28 25 23 21 20 20 22 25271014I5 133 2914 7 3099999999999999 758 172021 2099999999999999
 28 30 30 29 26 23 19 16 14 14 16 20 24 28 30 31 30 28 25 23 22 22 23 25271015I5 142 301459 3199999999999999 835 142044 2299999999999999
 29 31 32 31 29 25 20 16 13 12 13 16 20 26 29 31 32 31 28 26 25 24 25 26271016I5 156 321551 3299999999999999 913 1221 5 2499999999999999
 29 32 34 34 32 28 23 18 14 11 11 12 16 22 27 30 32 32 31 29 27 27 27 28271017I5 216 341642 3299999999999999 952 112117 2799999999999999
 30 33 36 36 35 31 27 21 16 12 10 10 12 17 23 27 30 32 32 31 29 29 29 29271018I5 241 361735 32999999999999991035 102119 2999999999999999
 31 33 36 38 37 35 31 25 20 15 11 10 10 13 18 23 27 30 32 32 31 30 30 31271019I5 311 381832 32999999999999991122  92121 3099999999999999
 32 33 36 38 39 37 34 30 24 19 14 11 10 10 13 18 22 26 29 30 30 30 30 31271020I5 346 399999999999999999999991215 10999999999999999999999
 32 33 35 37 38 38 37 34 29 24 18 14 12 10 11 13 17 21 24 27 28 29 30 30271021I5 427 389999999999999999999991316 10999999999999999999999
 31 32 33 35 36 37 37 35 32 28 23 19 15 12 11 11 13 16 19 22 25 27 28 29271022I5 519 379999999999999999999991425 10999999999999999999999
 30 30 31 32 33 34 35 35 34 31 28 24 20 16 13 11 11 12 15 18 21 24 26 27271023I5 633 359999999999999999999991540 11999999999999999999999
 28 28 28 29 29 30 31 32 33 32 31 28 25 21 17 14 12 11 12 15 18 21 24 25271024I5 814 339999999999999999999991653 11999999999999999999999
 26 26 26 25 25 25 25 27 29 30 31 30 28 25 22 18 15 13 12 13 16 19 22 25271025I5 040 2710 2 3199999999999999 439 251755 1299999999999999
 26 26 25 23 22 20 20 21 23 26 28 30 30 29 26 23 19 16 14 14 15 18 22 25271026I5 027 261136 3099999999999999 554 201846 1499999999999999
 27 27 25 23 20 18 16 15 16 19 23 27 30 30 29 27 24 21 18 17 17 19 22 26271027I5 034 271256 3099999999999999 653 151928 1799999999999999
 28 29 28 25 21 17 14 12 11 13 17 22 26 29 31 30 28 25 22 20 20 20 23 27271028I5 050 2914 8 3199999999999999 745 1120 5 2099999999999999
 30 31 31 28 24 19 14 11  9  9 11 16 22 26 30 31 31 29 26 24 23 23 24 27271029I5 112 311515 3199999999999999 834  82037 2399999999999999
 31 33 34 32 28 23 17 12  9  7  7 11 16 22 27 30 31 31 29 27 26 26 26 28271030I5 139 341614 3199999999999999 921  721 1 2699999999999999
 31 34 36 35 32 28 22 16 11  8  7  8 12 17 23 27 30 31 31 29 28 28 28 29271031I5 2 9 3617 9 319999999999999910 6  721 8 2899999999999999
 31 34 37 37 35 32 27 21 15 11  8  7  9 13 19 24 27 30 31 30 30 29 29 302711 1I5 241 3718 4 31999999999999991050  721 0 2999999999999999
 32 34 36 37 37 35 31 25 20 15 11  9  9 11 15 20 24 27 29 30 30 29 30 302711 2I5 313 379999999999999999999991134  8999999999999999999999
 31 33 35 36 37 36 33 29 24 19 14 11 10 10 13 16 20 24 26 28 29 29 29 302711 3I5 346 379999999999999999999991220 10999999999999999999999
 31 32 33 34 35 35 33 31 26 22 18 14 12 11 12 14 17 20 23 25 26 27 28 282711 4I5 418 3599999999999999999999913 9 11999999999999999999999
 29 30 31 32 33 33 32 31 28 24 21 17 15 13 12 13 14 17 19 22 24 25 26 272711 5I5 453 3399999999999999999999914 2 12999999999999999999999
 27 28 28 29 29 30 30 29 28 25 23 20 17 15 13 13 13 15 17 19 21 23 24 252711 6I5 534 3099999999999999999999915 0 13999999999999999999999
 26 26 26 26 26 26 27 27 26 25 23 21 19 17 15 14 13 14 15 17 19 21 23 242711 7I5 639 279999999999999999999991557 13999999999999999999999
 24 24 24 23 23 23 23 23 24 24 23 22 21 19 17 16 15 14 15 16 18 20 22 232711 8I5 011 24 834 242359 249999999 451 231648 1499999999999999
 24 23 22 21 20 19 19 20 20 21 22 22 22 21 19 18 16 16 16 17 18 20 22 242711 9I51047 222357 2499999999999999 548 191729 1699999999999999
 24 24 22 20 18 17 16 16 17 19 20 22 23 22 22 20 19 18 17 18 19 21 23 25271110I51219 23999999999999999999999 627 1618 4 1799999999999999
 25 25 23 21 18 15 13 13 13 15 18 21 23 24 24 23 22 20 20 20 20 22 25 27271111I5 0 0 251329 2499999999999999 7 3 131835 2099999999999999
 28 27 25 22 19 15 12 10 10 12 15 19 22 24 26 25 25 23 22 22 22 24 26 28271112I5 011 281428 2699999999999999 739 1019 4 2299999999999999
 30 30 28 25 21 16 12  9  8  8 11 15 20 24 26 27 27 26 25 24 24 25 27 29271113I5 029 301520 2799999999999999 816  81931 2499999999999999
 32 32 31 29 25 19 14  9  7  6  7 11 17 22 26 28 29 28 27 26 26 26 28 30271114I5 056 3216 9 2999999999999999 855  61955 2699999999999999
 33 34 34 32 29 23 17 12  7  5  4  7 12 17 23 27 29 30 29 28 27 27 28 30271115I5 129 351657 3099999999999999 938  42015 2799999999999999
 32 35 36 35 33 28 22 15  9  5  3  3  7 12 18 23 27 29 29 28 28 28 28 29271116I5 2 7 361748 29999999999999991025  32033 2899999999999999
 31 34 36 37 36 32 27 20 14  8  4  2  3  7 12 18 22 26 27 28 27 27 27 28271117I5 250 371843 28999999999999991116  22050 2799999999999999
 29 32 34 36 36 35 31 25 19 13  7  4  2  3  7 12 17 21 24 25 26 26 26 26271118I5 337 379999999999999999999991211  2999999999999999999999
 27 29 31 33 35 35 33 29 24 18 12  7  4  3  4  7 11 16 19 22 23 24 24 24271119I5 430 3599999999999999999999913 8  3999999999999999999999
 25 25 27 28 30 32 32 30 27 22 17 12  8  5  4  5  8 12 15 19 21 22 22 22271120I5 531 3299999999999999999999914 7  4999999999999999999999
 22 23 23 23 25 27 28 28 27 25 21 17 13 10  7  6  7  9 13 16 19 21 22 22271121I5 646 282228 229999999999999915 7  6999999999999999999999
 21 20 20 19 19 21 22 24 25 25 23 21 18 15 12 10  9 10 12 15 18 20 22 22271122I5 823 252243 2299999999999999 312 1916 4  999999999999999
 21 20 18 16 15 15 16 18 20 22 23 23 21 19 17 15 13 12 13 15 18 21 23 23271123I51018 2323 1 2399999999999999 442 151657 1299999999999999
 23 21 18 16 13 12 11 12 14 17 20 22 23 22 21 19 18 16 16 17 19 22 24 26271124I512 3 232323 2699999999999999 554 111744 1699999999999999
 26 24 21 17 14 10  8  8  9 12 16 19 22 23 23 23 22 20 20 20 21 23 26 28271125I51336 242350 2999999999999999 652  81824 2099999999999999
 29 27 25 21 16 12  8  6  5  7 11 15 20 23 25 25 25 24 23 23 23 25 27 30271126I51455 25999999999999999999999 743  51856 2399999999999999
 31 31 29 25 20 15 10  6  4  4  7 11 16 21 24 26 27 26 26 25 25 26 28 30271127I5 022 311557 2799999999999999 829  41917 2599999999999999
 32 33 32 29 25 19 14  9  5  3  4  8 13 18 22 25 27 27 27 26 26 27 28 30271128I5 057 331646 2899999999999999 913  31935 2699999999999999
 32 34 34 32 29 24 18 12  7  4  4  5  9 14 19 23 26 27 27 27 27 27 28 29271129I5 134 341728 2899999999999999 955  31956 2799999999999999
 31 33 35 34 32 28 22 16 11  6  4  4  6 10 16 20 24 26 27 27 26 26 27 28271130I5 213 359999999999999999999991036  4999999999999999999999
 29 32 33 34 33 30 25 20 14  9  6  4  5  7 12 16 20 23 25 25 25 25 25 262712 1I5 252 349999999999999999999991117  4999999999999999999999
 27 29 31 32 32 31 27 22 17 12  8  5  4  6  8 13 17 20 22 23 23 23 23 242712 2I5 330 329999999999999999999991158  4999999999999999999999
 25 26 28 29 30 29 27 24 19 14 10  7  5  5  7 10 13 17 19 21 22 22 22 222712 3I5 4 7 309999999999999999999991237  5999999999999999999999
 22 23 24 26 27 27 26 24 20 16 12  9  7  6  6  8 11 14 17 19 20 20 20 202712 4I5 444 279999999999999999999991314  6999999999999999999999
 20 20 21 22 23 23 23 22 20 17 14 11  9  7  7  8 10 12 15 17 18 19 19 192712 5I5 525 242143 19999999999999991348  7999999999999999999999
 19 18 18 18 19 20 20 20 19 17 15 13 11 10  9  9 10 12 14 16 18 19 19 192712 6I5 616 202153 1999999999999999 2 2 181417  999999999999999
 18 17 16 15 15 16 16 17 17 17 16 15 13 12 11 11 12 13 15 17 19 20 20 202712 7I5 743 1722 0 2099999999999999 344 151437 1199999999999999
 19 17 15 14 13 13 13 14 15 16 16 16 15 15 14 14 14 15 17 18 20 21 22 222712 8I51022 1622 9 2299999999999999 459 131450 1499999999999999
 20 18 16 13 11 10 10 11 12 14 15 17 17 17 17 17 17 18 19 20 22 23 24 242712 9I52226 24999999999999999999999 551 10999999999999999999999
 23 21 18 14 11  9  8  7  9 11 14 17 18 20 20 20 20 20 21 22 23 25 27 27271210I52253 27999999999999999999999 634  7999999999999999999999
 26 24 21 17 13  9  6  5  5  8 11 15 18 21 22 23 23 23 23 23 25 26 28 30271211I52330 30999999999999999999999 715  5999999999999999999999
 30 28 25 20 15 11  6  4  3  4  7 12 16 20 23 24 25 25 24 25 25 27 29 31271212I59999999999999999999999999999 758  3999999999999999999999
 32 31 29 25 20 14  8  4  1  0  2  7 12 17 21 24 25 26 25 25 25 26 28 30271213I5 014 32999999999999999999999 843  0999999999999999999999
 33 34 33 30 25 19 12  6  1 -2 -2  1  6 12 18 22 24 25 25 25 25 25 26 28271214I5 1 3 341715 2599999999999999 932 -21935 2599999999999999
 31 34 34 33 30 24 17 10  3 -1 -4 -3  0  6 12 18 21 23 24 24 23 23 24 25271215I5 155 341753 24999999999999991022 -42017 2399999999999999
 28 31 33 34 33 29 23 15  8  2 -3 -5 -4  0  6 12 17 20 22 22 21 21 21 22271216I5 249 341832 22999999999999991114 -521 3 2199999999999999
 23 26 29 32 33 31 27 21 13  6  1 -3 -5 -3  1  7 12 16 19 20 19 19 18 18271217I5 344 3319 9 209999999999999912 5 -522 5 1899999999999999
 19 21 23 27 29 30 28 24 18 12  6  1 -2 -3 -1  3  8 13 16 18 18 17 16 16271218I5 440 301945 18999999999999991254 -3999999999999999999999
 16 16 17 20 23 25 26 24 21 16 11  6  3  0  0  2  6 10 14 16 18 17 16 15271219I5 542 262017 1899999999999999 0 0 161340  099999999999999
 14 13 13 14 16 19 21 21 21 18 15 11  8  5  4  4  6 10 13 16 18 18 17 15271220I5 658 212047 1899999999999999 140 131422  499999999999999
 13 12 10  9 10 12 14 16 17 18 17 15 12 10  9  9  9 11 14 17 19 20 20 18271221I5 838 182116 2099999999999999 3 4  91459  999999999999999
 16 13 10  8  7  7  8 10 13 15 16 16 15 15 14 13 13 14 16 18 21 22 22 21271222I51044 162147 2299999999999999 427  71526 1399999999999999
 19 16 12  9  6  5  4  5  8 10 13 15 17 17 17 17 17 18 19 20 22 24 25 25271223I52222 25999999999999999999999 545  4999999999999999999999
 23 20 16 12  9  5  3  3  4  6 10 13 16 18 19 20 20 21 21 22 24 25 27 27271224I523 1 27999999999999999999999 648  2999999999999999999999
 27 24 21 17 12  8  4  2  2  3  7 11 15 18 20 21 22 23 23 23 24 26 27 29271225I52345 29999999999999999999999 741  2999999999999999999999
 29 28 25 21 16 11  7  3  1  1  4  8 12 16 20 22 23 23 24 24 24 25 27 29271226I59999999999999999999999999999 827  1999999999999999999999
 30 30 28 25 21 15 10  5  2  1  2  5  9 14 18 21 23 23 23 23 24 24 25 27271227I5 032 30999999999999999999999 910  1999999999999999999999
 29 30 30 28 24 19 13  8  4  1  0  2  6 10 15 19 21 22 22 22 22 22 23 25271228I5 118 30999999999999999999999 949  0999999999999999999999
 27 29 30 29 26 22 16 10  5  2  0  0  2  7 12 16 19 21 21 20 20 20 21 22271229I5 2 3 301749 21999999999999991027 -12019 2099999999999999
 24 26 28 28 27 24 19 13  7  3  0 -1  0  3  8 12 16 18 19 19 18 18 18 19271230I5 244 281813 199999999999999911 3 -121 3 1899999999999999
 20 22 24 26 26 24 20 15  9  4  1 -1 -1  1  4  9 13 16 17 17 16 15 15 16271231I5 324 261836 17999999999999991136 -22154 1599999999999999
