 14 12  9  7  6  7  9 10 12 14 14 14 14 14 13 13 14 15 17 20 21 22 21 2027 1 1I71016 152110 2299999999999999 4 5  61419 1399999999999999
 17 14 11  8  6  5  5  6  8 10 12 14 15 16 16 17 17 18 19 21 23 24 24 2327 1 2I72141 24999999999999999999999 525  4999999999999999999999
 21 18 14 11  7  5  3  3  5  7 10 13 15 17 18 19 20 20 21 22 24 25 26 2527 1 3I72218 26999999999999999999999 627  3999999999999999999999
 24 21 18 14 10  6  4  2  3  5  8 11 15 17 19 20 21 22 22 23 24 25 27 2727 1 4I723 1 27999999999999999999999 716  2999999999999999999999
 27 25 21 17 13  9  5  3  2  3  6  9 13 17 19 21 22 22 23 23 24 25 27 2827 1 5I72349 28999999999999999999999 756  2999999999999999999999
 28 27 25 21 17 12  7  4  2  2  3  7 11 15 19 21 22 22 22 22 23 24 26 2827 1 6I79999999999999999999999999999 832  1999999999999999999999
 29 29 28 24 20 15 10  5  2  1  1  4  8 13 17 20 21 22 21 21 21 22 24 2627 1 7I7 037 29999999999999999999999 9 8  1999999999999999999999
 28 29 29 27 23 18 12  7  3  0  0  1  5 10 14 18 20 21 20 20 19 20 21 2327 1 8I7 123 2917 6 2199999999999999 943  01951 1999999999999999
 25 28 29 28 25 21 15  9  4  0 -1 -1  2  6 11 15 18 19 19 18 17 17 18 1927 1 9I7 2 6 291724 19999999999999991017 -12035 1799999999999999
 22 25 27 27 26 22 17 11  6  1 -1 -2  0  3  8 12 16 17 18 17 16 15 15 1627 110I7 245 271744 18999999999999991049 -22120 1599999999999999
 18 20 23 25 25 23 19 14  8  3  0 -2 -1  1  5 10 13 16 16 16 14 13 13 1327 111I7 323 2518 4 16999999999999991120 -222 9 1399999999999999
 14 16 19 21 23 22 19 15 10  5  1 -1 -1  0  4  8 12 14 15 15 14 12 11 1127 112I7 4 1 231823 16999999999999991147 -123 8 1199999999999999
 11 12 14 17 19 20 18 15 12  7  4  1  1  1  3  7 11 14 15 15 14 12 11  927 113I7 442 201840 15999999999999991210  1999999999999999999999
  9  9 10 13 15 17 17 15 13 10  6  4  3  3  4  7 11 14 16 16 15 14 11  927 114I7 530 171856 1699999999999999 018  91227  399999999999999
  8  7  7  8 11 13 14 14 13 12  9  7  6  6  7  9 11 14 17 17 17 16 13 1127 115I7 637 141917 1899999999999999 127  71236  699999999999999
  8  6  5  5  7  9 11 12 13 13 12 11 10 10 10 11 13 16 18 19 20 19 16 1327 116I7 820 131946 2099999999999999 235  51235 1099999999999999
 10  7  5  4  3  4  6  8 11 12 13 13 13 13 14 15 16 17 19 21 22 22 20 1827 117I72027 22999999999999999999999 346  3999999999999999999999
 14 10  7  4  2  1  2  4  6  9 12 14 15 16 17 17 18 19 20 22 23 24 24 2227 118I72120 24999999999999999999999 5 1  1999999999999999999999
 19 15 10  6  2 -1 -2 -1  1  5  9 13 15 17 19 19 20 20 21 22 24 26 27 2727 119I72225 27999999999999999999999 611 -2999999999999999999999
 25 21 16 10  5  0 -3 -5 -4 -1  3  8 13 17 19 20 21 21 21 22 23 25 27 2927 120I72334 29999999999999999999999 713 -5999999999999999999999
 29 27 23 17 10  4 -2 -6 -8 -7 -3  2  8 14 17 19 20 20 20 20 20 22 24 2727 121I79999999999999999999999999999 810 -8999999999999999999999
 30 30 28 24 17 10  2 -4 -8-10 -9 -4  3  9 14 17 19 19 18 17 17 18 20 2327 122I7 040 301626 1999999999999999 9 3-101936 1799999999999999
 27 30 31 28 23 16  8  0 -6-10-11 -9 -3  4 10 15 17 18 17 15 14 13 14 1727 123I7 142 311646 1899999999999999 953-112038 1399999999999999
 21 26 29 29 27 22 15  7 -1 -7-10-10 -7 -1  6 12 15 16 16 13 11 10 10 1027 124I7 240 301710 16999999999999991039-112147  999999999999999
 13 18 23 26 27 24 19 12  5 -1 -6 -8 -8 -4  3  9 13 15 16 14 11  8  6  627 125I7 337 271735 16999999999999991121 -82259  699999999999999
  7 10 15 20 22 23 20 16 10  4 -1 -4 -5 -3  1  7 12 15 16 15 12  8  5  427 126I7 436 2318 0 16999999999999991158 -5999999999999999999999
  3  4  7 12 16 18 18 16 13  8  4  1  0  0  2  7 11 14 16 16 14 10  7  427 127I7 539 181825 1699999999999999 0 5  31230 -199999999999999
  2  1  2  5  8 11 13 14 13 10  7  5  4  4  5  8 11 15 16 17 16 13 10  627 128I7 650 141850 1799999999999999 1 7  11249  499999999999999
  4  1  0  1  3  6  8  9 10 10  9  8  8  8  9 10 13 15 17 18 18 16 13 1027 129I7 817 101916 1899999999999999 212  012 3  899999999999999
  7  4  2  0  0  2  3  5  7  8  9 10 10 11 12 13 15 16 18 19 19 18 16 1427 130I71943 19999999999999999999999 325  0999999999999999999999
 10  7  4  2  0  0  1  2  4  6  8 10 11 13 14 15 16 18 19 20 20 20 19 1727 131I72020 20999999999999999999999 452  0999999999999999999999
 14 11  8  5  2  0  0  0  2  4  7  9 11 13 15 16 17 18 19 20 20 21 21 2027 2 1I72115 21999999999999999999999 6 8  0999999999999999999999
 18 15 11  8  5  2  0 -1  0  2  5  8 11 13 15 17 17 18 19 19 20 21 21 2127 2 2I72227 21999999999999999999999 7 2 -1999999999999999999999
 20 18 15 11  7  4  0 -1 -2 -1  2  6  9 12 15 16 17 17 17 18 19 20 21 2227 2 3I72334 22999999999999999999999 744 -2999999999999999999999
 22 21 18 14 10  6  2 -1 -3 -3  0  3  7 11 14 15 16 16 16 16 16 17 19 2127 2 4I79999999999999999999999999999 821 -3999999999999999999999
 22 22 20 17 13  8  3 -1 -4 -4 -3  0  4  9 12 14 15 15 14 13 13 14 16 1827 2 5I7 029 221616 1599999999999999 855 -41915 1399999999999999
 20 22 21 19 16 11  5  0 -4 -5 -5 -3  1  6 10 12 13 13 12 11 10 11 12 1427 2 6I7 117 221622 1499999999999999 927 -620 3 1099999999999999
 17 20 21 20 17 13  7  2 -3 -6 -7 -5 -2  3  8 11 12 12 11  9  8  7  8 1027 2 7I7 2 1 211633 1299999999999999 957 -72048  799999999999999
 13 17 19 20 18 15 10  4 -1 -5 -6 -6 -4  1  6  9 11 12 10  8  6  5  5  627 2 8I7 242 201646 12999999999999991025 -72135  599999999999999
  8 12 16 18 17 15 11  6  1 -3 -5 -6 -4  0  4  8 11 11 11  8  5  3  2  227 2 9I7 322 181658 11999999999999991050 -62223  299999999999999
  4  7 11 15 16 15 13  9  4  0 -3 -4 -3 -1  4  8 11 12 11  9  6  3  1  027 210I7 4 3 1617 9 12999999999999991112 -42313  099999999999999
  1  3  7 11 13 14 13 10  6  3  0 -1 -1  0  4  8 12 13 13 11  8  4  2  027 211I7 449 141722 13999999999999991128 -1999999999999999999999
 -1  0  2  6 10 12 12 11  9  6  3  2  2  3  5  9 12 14 15 13 11  7  3  127 212I7 544 121740 1599999999999999 0 4 -11133  299999999999999
 -1 -2 -1  2  5  8 10 10 10  8  7  6  6  6  8 10 13 16 16 16 14 11  7  327 213I7 7 0 1018 5 1699999999999999 1 0 -21126  599999999999999
  0 -1 -2 -1  1  4  6  8  9  9  9  8  9 10 11 12 14 17 18 18 17 15 11  727 214I7 842  91839 1899999999999999 2 3 -21111  899999999999999
  3  1 -2 -3 -2 -1  2  4  6  8 10 10 11 12 13 14 16 17 19 20 19 18 16 1227 215I71929 20999999999999999999999 318 -3999999999999999999999
  8  4  1 -2 -4 -4 -3 -1  2  5  8 10 12 13 14 15 16 17 18 20 20 21 20 1727 216I72044 21999999999999999999999 444 -4999999999999999999999
 14  9  5  1 -3 -6 -7 -6 -4  0  4  8 11 13 14 15 16 16 17 18 19 21 22 2127 217I72216 22999999999999999999999 6 3 -7999999999999999999999
 19 15 11  5  0 -5 -8 -9 -9 -6 -1  4  8 11 13 14 15 15 15 15 16 18 20 2227 218I72336 23999999999999999999999 7 8-10999999999999999999999
 22 20 17 11  5 -1 -7-10-12-10 -7 -1  5  9 12 13 13 12 11 11 12 13 16 2027 219I71530 13999999999999999999999 8 3-121853 1199999999999999
 22 23 21 17 11  4 -3 -8-12-13-11 -6  1  6 10 12 12 11  9  7  7  7 10 1427 220I7 044 231536 1299999999999999 851-131956  799999999999999
 18 22 23 21 16 10  3 -4 -9-12-12 -9 -3  3  8 11 12 10  8  5  3  2  3  627 221I7 146 231551 1299999999999999 935-122058  299999999999999
 11 17 20 21 19 15  8  1 -5 -9-11-10 -5  1  7 10 12 11  8  4  1 -1 -2 -127 222I7 246 211610 12999999999999991015-112158 -299999999999999
  3  9 14 18 18 17 12  6  1 -4 -7 -7 -5  0  6 10 12 12 10  6  1 -2 -4 -527 223I7 346 191631 13999999999999991050 -72254 -599999999999999
 -3  1  7 12 15 15 14 10  5  1 -2 -3 -3  0  5 10 13 14 12  9  4  0 -4 -627 224I7 448 151653 14999999999999991120 -32346 -699999999999999
 -6 -4  0  5  9 12 12 11  8  5  2  1  1  3  6 10 14 15 14 12  8  3 -1 -427 225I7 551 121715 15999999999999991140  1999999999999999999999
 -6 -6 -4  0  4  7  9  9  9  7  6  5  5  6  8 11 14 16 16 15 11  7  3 -127 226I7 658  91736 1699999999999999 038 -61119  599999999999999
 -3 -5 -5 -3  0  2  5  7  8  8  7  7  8  9 10 12 15 16 17 16 14 11  7  427 227I71755 17999999999999999999999 133 -5999999999999999999999
  1 -2 -3 -4 -2 -1  2  4  5  7  8  9 10 11 12 14 15 17 17 17 16 14 11  827 228I71814 17999999999999999999999 235 -4999999999999999999999
  4  2 -1 -2 -2 -2 -1  1  3  5  7  9 10 12 13 14 15 16 17 17 17 15 14 1127 3 1I71839 17999999999999999999999 357 -2999999999999999999999
  8  5  3  0 -1 -2 -2 -1  1  3  5  8 10 12 13 14 15 16 16 16 16 16 15 1427 3 2I71947 16999999999999999999999 528 -2999999999999999999999
 11  9  6  3  0 -2 -3 -3 -2  0  3  6  9 11 12 13 14 14 14 15 15 15 16 1527 3 3I72155 16999999999999999999999 631 -3999999999999999999999
 14 11  9  5  2 -1 -3 -4 -4 -2  1  4  7 10 11 12 12 12 12 12 12 13 14 1527 3 4I72319 15999999999999999999999 716 -4999999999999999999999
 15 14 11  8  4  0 -3 -5 -6 -5 -2  2  5  8 10 11 10 10  9  9  9 10 12 1427 3 5I71515 11999999999999999999999 754 -61849  999999999999999
 15 15 13 10  6  2 -2 -5 -7 -7 -5 -1  3  7  9 10  9  8  6  6  5  6  8 1127 3 6I7 020 151513 1099999999999999 826 -71933  599999999999999
 14 15 14 12  9  4  0 -4 -7 -7 -6 -3  1  5  8  9  9  7  5  3  2  2  4  727 3 7I7 111 151518  999999999999999 856 -72015  299999999999999
 11 13 14 13 11  7  2 -3 -6 -7 -7 -4  0  4  7  9  9  7  4  1 -1 -1 -1  227 3 8I7 158 141524  999999999999999 923 -72056 -199999999999999
  6 11 13 14 12  9  5  0 -4 -6 -6 -5 -1  4  8  9  9  8  5  1 -2 -4 -4 -227 3 9I7 244 141531  999999999999999 949 -62137 -499999999999999
  1  6 11 13 13 11  8  3 -1 -3 -4 -4 -1  4  8 10 11  9  6  2 -2 -5 -6 -627 310I7 330 131542 11999999999999991013 -42219 -699999999999999
 -3  2  7 11 12 12 10  6  3  0 -1 -1  0  4  9 12 13 12  9  5  0 -4 -6 -727 311I7 420 121558 13999999999999991032 -123 3 -799999999999999
 -6 -3  2  7 10 11 11  9  6  3  2  2  3  5  9 13 15 14 12  8  3 -1 -5 -727 312I7 515 121619 15999999999999991041  22350 -899999999999999
 -8 -6 -2  3  7  9 11 10  8  6  5  5  6  7 10 13 16 16 15 12  8  3 -2 -527 313I7 618 111645 16999999999999991033  5999999999999999999999
 -7 -7 -6 -2  2  6  8  9  9  8  8  8  9 10 11 14 16 18 17 15 12  8  3 -127 314I7 732 101716 1899999999999999 044 -71024  899999999999999
 -4 -6 -7 -5 -2  1  4  6  8  9  9  9 10 12 13 14 16 18 18 18 16 12  8  327 315I71756 18999999999999999999999 146 -7999999999999999999999
  0 -4 -6 -7 -6 -4 -1  2  5  7  9 10 11 12 13 14 15 17 18 18 17 16 13  927 316I71857 18999999999999999999999 3 3 -7999999999999999999999
  5  1 -3 -6 -7 -7 -6 -3  0  3  6  9 10 12 13 13 14 15 15 16 17 17 16 1427 317I72039 17999999999999999999999 431 -8999999999999999999999
 10  6  2 -3 -6 -8 -9 -8 -5 -1  3  6  9 11 12 12 12 12 12 13 14 16 17 1727 318I72221 17999999999999999999999 550 -9999999999999999999999
 15 11  7  2 -3 -7-10-10 -9 -5 -1  4  7  9 10 10  9  8  8  8  9 11 14 1627 319I71424 102341 1799999999999999 651-101818  899999999999999
 17 15 12  7  2 -3 -8-10-11 -9 -4  1  5  8 10  9  8  6  4  3  3  5  9 1327 320I71419 10999999999999999999999 742-111917  399999999999999
 16 17 15 12  7  1 -4 -8-10 -9 -6 -1  4  8 10 10  8  5  1 -1 -2 -1  2  627 321I7 051 171427 1099999999999999 826-102012 -299999999999999
 12 15 16 15 12  7  1 -4 -7 -8 -7 -3  3  8 10 11  9  6  1 -3 -5 -6 -5 -127 322I7 157 161443 1199999999999999 9 5 -821 3 -699999999999999
  5 10 14 15 14 11  6  1 -2 -4 -5 -2  2  8 11 13 12  8  3 -2 -6 -8 -9 -727 323I7 3 2 1515 3 1399999999999999 940 -52152 -999999999999999
 -2  4  9 13 14 13 10  6  2  0 -1  0  3  8 12 14 14 12  7  1 -4 -8-10-1027 324I7 4 5 141525 149999999999999910 9 -12239-1099999999999999
 -7 -2  4  8 11 13 12  9  6  4  3  3  5  9 13 15 16 15 11  6  0 -5 -8-1027 325I7 5 4 131548 16999999999999991030  32323-1099999999999999
 -9 -6 -1  4  8 10 11 10  9  7  6  7  7 10 13 16 17 17 14 10  5  0 -4 -727 326I7 6 1 111611 17999999999999991025  6999999999999999999999
 -8 -8 -4  0  4  7  9 10 10  9  9  9 10 11 14 16 18 18 17 14  9  4  0 -327 327I7 7 3 101632 1899999999999999 0 8 -8 945  999999999999999
 -6 -6 -5 -2  1  4  7  9  9 10 10 11 12 13 14 16 18 18 17 16 12  8  4  127 328I71651 18999999999999999999999 054 -6999999999999999999999
 -2 -4 -4 -3 -1  1  4  6  8  9 10 11 12 13 15 16 17 18 17 16 14 11  8  427 329I717 8 18999999999999999999999 146 -4999999999999999999999
  2 -1 -2 -3 -2 -1  1  3  6  8  9 11 12 13 14 15 16 16 16 16 15 13 10  827 330I71726 16999999999999999999999 252 -3999999999999999999999
  5  2  0 -2 -2 -2 -1  1  3  5  8 10 11 12 13 14 14 14 14 14 14 13 12 1027 331I71754 14999999999999999999999 417 -2999999999999999999999
  7  5  2  0 -2 -3 -3 -2  0  3  6  8 10 11 12 12 12 11 11 12 12 12 12 1127 4 1I72117 12999999999999999999999 531 -3999999999999999999999
  9  7  5  2 -1 -3 -3 -3 -2  1  4  6  9 10 10 10  9  9  8  8  9 10 11 1127 4 2I714 3 102258 1199999999999999 623 -41825  899999999999999
 11  9  7  4  1 -2 -3 -4 -3 -1  2  5  8  9  9  9  7  6  5  5  5  6  8 1027 4 3I71354  9999999999999999999999 7 2 -41858  599999999999999
 11 11  9  7  3  0 -2 -4 -4 -2  1  4  7  9  9  8  6  4  2  1  1  2  5  827 4 4I7 0 8 111351  999999999999999 736 -41932  199999999999999
 10 11 11  9  6  3  0 -2 -3 -2  0  4  7  9 10  9  7  4  0 -2 -3 -2  0  427 4 5I7 1 7 111353 1099999999999999 8 6 -320 7 -399999999999999
  8 11 12 11  9  6  3  0 -1 -1  0  4  8 11 11 11  8  5  0 -3 -5 -5 -4  027 4 6I7 2 4 1214 0 1199999999999999 835 -22045 -699999999999999
  5 10 12 13 12 10  6  3  1  1  2  4  8 12 14 13 11  7  2 -3 -6 -8 -7 -527 4 7I7 259 131414 1499999999999999 9 1  12124 -899999999999999
  1  6 11 13 14 13 10  7  5  4  4  6  9 13 16 16 14 11  6  0 -5 -8 -9 -827 4 8I7 353 141436 1699999999999999 924  422 6 -999999999999999
 -4  2  8 12 14 14 13 10  8  7  7  8 10 14 18 19 18 15 10  4 -2 -6 -9-1027 4 9I7 446 1415 3 1999999999999999 939  72251-1099999999999999
 -8 -3  3  8 12 14 14 13 11 10 10 10 12 14 18 21 21 19 15 10  3 -3 -6 -927 410I7 541 141534 2199999999999999 939 102341 -999999999999999
 -9 -7 -2  3  8 11 13 14 13 12 12 12 13 15 18 21 22 21 19 15  9  3 -2 -627 411I7 643 141610 2299999999999999 936 12999999999999999999999
 -8 -8 -6 -2  3  7 10 12 13 13 13 13 14 15 17 20 22 22 21 18 14  9  3 -127 412I71651 22999999999999999999999 036 -9999999999999999999999
 -5 -7 -7 -5 -2  2  5  9 11 12 13 14 15 15 16 18 19 21 21 20 18 14  9  427 413I71744 21999999999999999999999 139 -7999999999999999999999
  0 -4 -6 -7 -5 -3  0  4  7 10 12 13 14 15 15 16 16 17 18 19 18 17 13  927 414I719 3 19999999999999999999999 252 -7999999999999999999999
  5  1 -2 -5 -6 -6 -4  0  3  7 10 11 13 13 13 13 13 13 14 15 16 17 16 1327 415I72050 17999999999999999999999 410 -6999999999999999999999
 10  6  2 -1 -4 -6 -5 -3  0  4  8 10 12 12 12 11 10  9  9 10 12 14 15 1527 416I71259 122228 1599999999999999 519 -61729  999999999999999
 14 11  7  3 -1 -3 -5 -4 -2  2  6  9 11 12 11  9  7  5  4  4  6  9 12 1427 417I71251 122352 1599999999999999 617 -51830  499999999999999
 15 14 11  8  4  1 -2 -3 -2  1  5  9 12 13 12 10  7  3  1  0  0  2  6 1027 418I71259 13999999999999999999999 7 4 -31922  099999999999999
 13 15 14 12  9  5  2  0  0  2  5 10 13 14 14 12  8  4  0 -3 -4 -3  0  527 419I7 1 9 151314 1599999999999999 745  02010 -499999999999999
 10 13 15 15 13  9  6  4  3  4  6 10 14 17 17 15 11  6  1 -3 -6 -7 -5 -127 420I7 221 151335 1799999999999999 820  32055 -799999999999999
  5 10 14 15 15 13 10  8  7  7  8 11 15 18 19 18 15 10  4 -1 -5 -7 -8 -527 421I7 326 1514 0 1999999999999999 849  72138 -899999999999999
  0  6 11 14 16 16 14 12 11 10 10 12 16 19 21 21 19 15  9  3 -2 -6 -7 -727 422I7 423 161427 2299999999999999 9 8 102220 -899999999999999
 -4  2  7 12 15 16 16 14 13 13 13 14 16 20 22 23 22 19 14  8  2 -2 -5 -627 423I7 515 161455 2399999999999999 9 6 1323 0 -699999999999999
 -5 -1  4  9 13 15 16 16 15 15 15 16 17 20 22 24 24 22 18 13  7  2 -2 -427 424I7 6 8 161522 2499999999999999 855 152340 -599999999999999
 -4 -2  1  6 10 13 15 16 16 16 16 17 18 20 22 24 24 23 20 16 11  6  2 -127 425I71549 249999999999999999999999999999999999999999999999999
 -2 -2  0  3  7 10 13 15 16 16 16 17 18 19 21 22 23 23 21 19 14 10  6  227 426I71614 23999999999999999999999 022 -3999999999999999999999
  0 -1  0  2  4  7 10 13 14 15 16 17 18 18 20 21 21 22 21 19 16 13  9  627 427I71640 22999999999999999999999 1 8 -1999999999999999999999
  3  1  0  1  3  5  7 10 12 14 15 16 17 17 18 18 19 19 19 18 17 14 11  827 428I71711 19999999999999999999999 159  0999999999999999999999
  5  3  2  1  2  3  5  7 10 12 14 15 15 16 16 16 16 16 16 16 16 15 13 1027 429I71812 16999999999999999999999 259  1999999999999999999999
  8  6  4  2  2  2  3  5  8 10 12 14 14 14 14 14 13 13 13 13 14 14 13 1227 430I71239 142039 1499999999999999 4 1  21710 1399999999999999
 10  8  6  4  3  2  3  4  7  9 12 13 14 14 13 12 10 10  9 10 11 12 13 1327 5 1I71222 142231 1399999999999999 455  21756  999999999999999
 12 10  9  7  5  4  4  4  6  9 12 13 14 14 13 11  9  7  6  6  7  9 11 1327 5 2I71214 142357 1399999999999999 540  41831  699999999999999
 13 13 11 10  8  6  5  6  7  9 12 15 16 15 14 11  8  5  3  2  3  5  9 1227 5 3I71215 16999999999999999999999 619  519 6  299999999999999
 14 15 14 13 11  9  8  8  8 10 13 16 18 18 16 13  9  5  2  0  0  1  5  927 5 4I7 112 151226 1899999999999999 653  81943  099999999999999
 13 16 17 16 15 13 11 10 11 12 14 18 20 21 20 17 12  7  2 -1 -3 -2  0  527 5 5I7 219 171247 2199999999999999 724 102023 -399999999999999
 11 15 18 19 19 17 15 14 13 14 16 19 23 24 24 21 17 11  5  0 -3 -5 -4  027 5 6I7 317 191315 2499999999999999 751 1321 6 -599999999999999
  6 12 17 20 21 20 18 17 16 16 18 20 24 27 27 26 22 17 10  3 -2 -5 -6 -427 5 7I7 410 211349 2799999999999999 814 162153 -699999999999999
  1  8 14 18 21 22 21 20 19 19 19 21 24 27 30 29 27 23 16  9  2 -2 -5 -627 5 8I7 5 2 221427 3099999999999999 831 192242 -699999999999999
 -3  2  9 14 18 21 22 21 20 20 20 21 23 26 30 31 30 27 22 16  8  2 -2 -527 5 9I7 558 221511 3199999999999999 845 202335 -599999999999999
 -5 -2  3  9 14 18 20 21 21 21 21 22 23 25 28 30 31 30 27 22 15  8  3 -227 510I71559 319999999999999999999999999999999999999999999999999
 -4 -4 -1  3  8 13 17 19 20 20 20 21 22 23 24 27 29 29 28 25 21 15  9  427 511I71653 29999999999999999999999 032 -4999999999999999999999
  0 -3 -3  0  4  8 12 16 18 19 19 20 20 21 21 23 24 26 27 26 23 19 14  927 512I71758 27999999999999999999999 133 -3999999999999999999999
  5  1 -1 -1  1  5  9 12 16 18 19 19 19 19 18 18 19 21 22 23 23 21 18 1427 513I71129 191921 2399999999999999 235 -11425 1899999999999999
 10  7  4  2  1  3  6 10 13 16 18 18 18 17 16 15 15 15 16 18 20 20 20 1827 514I711 3 1821 2 2099999999999999 337  116 6 1599999999999999
 15 12  8  6  4  4  6  9 12 16 18 19 18 17 15 13 11 10 11 12 14 17 18 1927 515I71112 192241 1999999999999999 434  41722 1099999999999999
 18 16 13 11  9  7  8  9 12 16 19 20 20 19 16 13 10  8  6  7  9 12 15 1727 516I71128 20999999999999999999999 523  71822  699999999999999
 18 18 17 15 13 12 11 12 13 17 20 22 23 21 19 15 11  7  5  3  4  6 10 1427 517I7 016 181147 2399999999999999 6 5 111914  399999999999999
 17 19 19 18 17 16 15 15 16 18 21 24 25 25 22 19 14  9  5  2  1  3  6 1127 518I7 145 191211 2599999999999999 639 1520 0  199999999999999
 15 18 20 21 20 19 18 18 18 20 22 26 28 28 26 23 18 13  8  4  1  1  3  727 519I7 257 211239 2899999999999999 7 1 182042  199999999999999
 12 17 20 22 23 22 21 21 21 22 24 27 29 31 30 27 23 17 12  7  3  1  1  427 520I7 354 231311 3199999999999999 713 212122  199999999999999
  9 14 19 22 24 24 24 23 23 24 25 27 30 32 32 31 28 23 16 11  6  3  2  327 521I7 442 241344 3299999999999999 726 2322 1  299999999999999
  7 12 17 21 24 25 25 25 24 25 26 27 30 32 33 33 31 27 21 15 10  6  3  327 522I7 527 251419 3399999999999999 746 242240  399999999999999
  5  9 14 18 22 25 25 25 25 25 26 27 29 31 33 34 33 30 25 20 14  9  6  427 523I71454 349999999999999999999992318  4999999999999999999999
  5  7 11 16 20 23 24 25 25 25 25 26 28 30 31 33 33 31 28 23 18 13  9  627 524I71529 339999999999999999999992358  5999999999999999999999
  5  6  9 13 17 20 23 24 24 24 25 25 26 28 29 31 31 31 29 25 20 16 12  827 525I716 3 319999999999999999999999999999999999999999999999999
  7  6  8 11 14 17 20 22 23 23 24 24 24 25 26 28 29 29 28 26 22 18 14 1127 526I71640 29999999999999999999999 038  6999999999999999999999
  8  7  8  9 12 15 18 20 22 22 23 23 23 23 24 24 25 26 26 25 23 20 16 1327 527I71723 26999999999999999999999 118  7999999999999999999999
 11  9  9  9 11 13 16 19 20 22 22 22 22 21 21 21 22 22 23 23 22 20 18 1627 528I71028 221827 2399999999999999 159  91420 2199999999999999
 13 12 10 10 11 13 15 18 20 21 22 22 21 20 19 19 18 19 19 20 21 20 19 1827 529I71022 222012 2199999999999999 238 101557 1899999999999999
 16 14 13 13 13 14 16 18 20 22 23 23 22 20 19 17 16 15 16 17 18 20 20 2027 530I71025 2322 8 2099999999999999 317 1317 0 1599999999999999
 19 18 16 16 15 16 17 19 21 23 25 25 24 22 19 16 14 13 12 13 15 18 20 2127 531I71034 252355 2199999999999999 355 151747 1299999999999999
 21 21 20 19 19 19 19 21 23 25 27 28 27 24 21 18 14 11 10 10 11 15 18 2127 6 1I71051 28999999999999999999999 435 191831 1099999999999999
 23 24 24 23 22 22 22 23 25 27 30 31 31 29 25 21 16 12  9  7  8 10 15 1927 6 2I7 129 241118 3199999999999999 515 221915  799999999999999
 23 26 27 27 26 26 25 26 27 29 31 34 35 33 30 26 20 14  9  6  5  6 10 1527 6 3I7 239 271153 3599999999999999 555 2520 2  599999999999999
 21 25 28 29 29 29 28 28 29 30 32 35 38 38 36 32 26 19 13  8  4  3  5 1027 6 4I7 334 301234 3899999999999999 633 282052  399999999999999
 16 22 27 30 31 31 30 30 30 31 33 35 39 41 40 37 33 26 18 11  6  3  2  527 6 5I7 425 311321 4199999999999999 7 9 302143  299999999999999
 10 17 23 27 30 32 31 31 31 31 32 34 37 41 42 42 38 33 26 18 11  5  2  227 6 6I7 515 321412 4299999999999999 745 302237  299999999999999
  5 11 17 23 28 30 31 31 30 30 31 32 35 38 41 43 42 38 32 25 17 10  6  327 6 7I7 6 5 3115 6 4399999999999999 824 302331  299999999999999
  3  6 12 18 23 27 29 30 30 29 29 30 31 34 37 40 41 40 37 31 24 17 11  627 6 8I7 655 3016 3 4199999999999999 913 29999999999999999999999
  4  4  8 13 19 23 27 28 29 28 28 28 28 29 31 34 37 38 37 34 29 23 17 1227 6 9I7 742 2917 3 3899999999999999 025  41037 2899999999999999
  8  6  7 10 15 20 24 27 28 28 27 26 26 25 26 28 31 33 34 34 31 27 22 1827 610I7 822 281811 3499999999999999 117  61258 2599999999999999
 14 11 10 10 14 18 22 25 27 28 27 26 25 23 22 22 24 26 28 30 30 29 26 2227 611I7 856 281936 3099999999999999 2 7 101429 2299999999999999
 19 16 14 14 15 18 21 25 27 29 28 27 25 23 21 19 19 20 22 24 26 27 27 2527 612I7 925 292116 2799999999999999 254 141549 1999999999999999
 23 21 19 18 18 20 22 25 28 30 30 29 27 25 22 19 17 16 17 18 21 24 25 2627 613I7 952 3023 8 2699999999999999 336 1817 3 1699999999999999
 26 25 24 23 23 23 24 27 29 31 33 32 31 28 24 20 17 15 14 14 16 19 23 2527 614I71019 33999999999999999999999 4 9 2318 8 1499999999999999
 26 27 27 27 27 27 27 29 31 33 35 36 34 32 28 24 20 16 13 12 13 16 20 2327 615I7 128 271049 3699999999999999 422 2719 2 1299999999999999
 26 28 29 30 30 30 30 31 33 35 37 38 38 36 33 28 23 19 15 13 12 14 17 2127 616I71121 389999999999999999999991948 12999999999999999999999
 25 28 30 32 32 32 32 33 34 36 38 40 41 40 37 33 28 23 18 15 13 13 15 1927 617I71158 419999999999999999999992029 12999999999999999999999
 23 27 31 33 34 34 34 34 35 36 38 40 42 42 41 37 33 27 22 17 14 13 14 1727 618I71238 4299999999999999999999921 9 13999999999999999999999
 21 26 30 33 34 35 35 35 35 36 38 40 42 43 43 41 37 32 26 21 16 14 13 1527 619I71320 439999999999999999999992147 13999999999999999999999
 19 23 28 32 34 35 35 35 35 36 37 39 41 43 44 43 40 36 30 24 19 15 14 1427 620I714 2 449999999999999999999992224 13999999999999999999999
 16 20 25 29 33 34 35 34 34 34 35 37 39 41 43 43 42 38 33 28 22 18 15 1427 621I71442 4399999999999999999999923 0 14999999999999999999999
 15 18 22 27 30 33 34 34 33 33 33 34 36 38 40 42 41 39 35 30 25 20 17 1527 622I7 626 341521 4299999999999999 849 332336 1499999999999999
 14 16 20 24 28 31 32 33 32 32 32 32 33 35 37 39 40 39 36 32 27 23 19 1627 623I7 657 331559 4099999999999999 938 32999999999999999999999
 15 16 18 22 26 29 31 32 32 31 31 30 31 32 33 35 37 37 35 33 29 25 21 1827 624I7 726 321638 3799999999999999 0 9 151043 3099999999999999
 17 16 18 21 24 27 30 31 31 31 30 29 29 29 30 31 33 34 34 32 30 27 24 2127 625I7 751 311723 3499999999999999 040 161220 2999999999999999
 19 18 19 21 24 27 29 31 32 31 30 29 28 27 27 28 29 31 31 31 30 28 26 2427 626I7 811 321825 3199999999999999 1 7 181348 2799999999999999
 22 21 21 22 25 27 30 32 33 33 32 30 28 27 26 25 26 27 28 29 30 29 28 2727 627I7 827 3320 1 3099999999999999 130 211459 2599999999999999
 26 25 24 25 26 29 31 33 34 35 34 32 30 27 25 24 23 24 25 27 28 30 30 3027 628I7 846 352159 3099999999999999 149 2416 3 2399999999999999
 29 28 28 28 29 31 33 35 37 37 37 35 33 29 26 24 22 21 22 23 26 28 30 3227 629I7 910 37999999999999999999999 2 3 2817 3 2199999999999999
 32 32 32 32 32 33 35 37 39 40 41 39 37 33 29 25 22 19 19 20 22 25 29 3227 630I7 944 419999999999999999999991759 19999999999999999999999
 34 35 35 35 36 36 37 38 40 42 44 44 42 38 34 29 24 20 17 16 18 21 25 3027 7 1I71026 449999999999999999999991854 16999999999999999999999
 34 36 38 38 38 38 39 40 41 44 46 47 47 44 40 34 28 22 18 15 14 16 20 2527 7 2I71117 479999999999999999999991948 14999999999999999999999
 31 35 38 39 40 40 40 40 41 43 46 48 50 49 46 41 35 28 21 16 13 12 15 1927 7 3I71213 509999999999999999999992042 12999999999999999999999
 26 32 36 39 40 40 40 40 40 42 44 47 50 52 51 48 42 35 27 20 14 11 11 1427 7 4I71312 529999999999999999999992136 11999999999999999999999
 19 26 32 36 39 40 40 39 39 39 41 43 47 50 52 51 48 42 34 26 19 14 11 1127 7 5I7 5 6 401411 5299999999999999 741 392229 1099999999999999
 14 20 27 33 37 39 39 38 37 37 37 39 41 46 49 51 50 47 41 33 25 18 14 1127 7 6I7 537 3915 9 5199999999999999 844 372320 1199999999999999
 12 16 22 29 33 36 38 37 36 34 34 34 36 39 43 47 49 48 44 39 32 25 19 1527 7 7I7 6 8 3816 8 499999999999999910 2 34999999999999999999999
 14 15 19 25 31 34 37 37 35 33 32 31 31 32 35 40 43 45 44 41 36 31 25 2127 7 8I7 638 371711 4599999999999999 0 7 141139 3199999999999999
 18 17 19 24 29 33 36 37 36 34 32 30 29 28 29 32 36 39 40 40 38 34 30 2727 7 9I7 7 9 371824 4099999999999999 051 171259 2899999999999999
 24 22 22 25 29 33 36 38 38 36 34 31 29 27 26 26 29 32 34 36 36 36 33 3127 710I7 740 381951 3799999999999999 130 221411 2699999999999999
 29 28 27 28 30 33 36 39 40 39 37 34 31 28 26 24 24 26 28 31 33 34 34 3427 711I7 811 402136 3499999999999999 2 3 271524 2499999999999999
 33 32 32 32 33 35 38 40 41 42 40 38 35 31 28 25 23 23 24 26 29 31 33 3427 712I7 843 42999999999999999999999 219 321641 2399999999999999
 35 35 36 36 37 38 39 41 43 44 44 42 39 35 32 28 25 23 22 23 25 28 31 3427 713I7 918 449999999999999999999991752 22999999999999999999999
 36 37 38 39 39 40 41 43 44 46 46 45 43 40 36 32 28 25 23 22 23 26 29 3327 714I7 959 469999999999999999999991850 22999999999999999999999
 36 38 39 40 41 42 43 44 45 46 48 48 47 44 41 36 32 28 25 23 22 24 27 3127 715I71044 489999999999999999999991937 22999999999999999999999
 35 38 40 41 42 43 43 44 45 46 48 49 49 48 45 41 36 31 27 24 23 23 25 2927 716I71133 499999999999999999999992018 22999999999999999999999
 33 37 40 41 42 43 43 43 44 45 47 49 50 50 48 45 40 35 30 26 23 22 23 2727 717I71223 509999999999999999999992056 22999999999999999999999
 31 35 39 41 42 42 42 42 43 44 45 47 49 50 50 47 43 38 33 28 24 22 22 2427 718I71310 519999999999999999999992132 22999999999999999999999
 28 33 37 40 41 42 41 41 41 41 43 45 47 49 50 49 46 41 36 30 26 23 21 2227 719I7 454 421353 5099999999999999 728 4122 6 2199999999999999
 25 30 34 38 40 41 40 39 39 39 40 42 44 47 49 49 47 43 38 33 28 24 22 2127 720I7 510 411434 4999999999999999 817 392239 2199999999999999
 23 27 32 36 38 40 40 39 37 37 37 38 40 43 46 47 47 44 40 35 30 26 23 2227 721I7 529 401514 4799999999999999 9 5 3723 8 2299999999999999
 22 25 30 34 37 39 39 38 37 35 35 35 36 39 42 44 45 44 41 37 32 28 25 2327 722I7 549 391553 4599999999999999 959 352335 2399999999999999
 23 25 28 33 36 38 39 38 37 35 34 33 34 35 37 40 42 42 41 38 35 31 27 2627 723I7 6 7 391634 429999999999999911 3 332358 2599999999999999
 25 26 28 32 36 38 39 39 38 35 34 32 32 32 34 36 39 40 40 39 36 33 30 2927 724I7 622 391723 40999999999999991211 32999999999999999999999
 28 28 30 33 36 39 40 40 39 37 35 33 31 31 31 33 35 37 38 38 37 36 33 3227 725I7 637 401830 3899999999999999 014 281314 3199999999999999
 31 31 32 34 37 40 42 42 41 40 37 34 32 30 30 30 32 34 36 37 38 37 36 3527 726I7 655 4220 7 3899999999999999 019 311414 3099999999999999
 35 35 36 37 39 41 43 44 44 43 40 37 34 32 30 29 29 30 32 35 36 38 38 3827 727I7 722 44999999999999999999999 013 351519 2899999999999999
 38 38 39 40 41 43 45 46 47 46 44 41 38 34 31 28 27 27 29 31 34 36 38 4027 728I7 8 0 479999999999999999999991629 27999999999999999999999
 40 41 42 42 43 45 46 48 49 49 49 46 43 38 34 30 27 25 25 26 29 33 36 3927 729I7 850 499999999999999999999991738 25999999999999999999999
 41 43 44 44 45 46 47 48 50 51 52 51 48 44 39 34 29 25 23 22 24 28 32 3727 730I7 953 529999999999999999999991842 22999999999999999999999
 40 43 44 45 46 46 46 48 49 51 53 54 53 50 45 40 33 28 23 20 20 22 26 3227 731I711 2 549999999999999999999991940 20999999999999999999999
 37 41 44 45 45 45 45 46 47 49 52 54 56 55 52 46 40 33 26 21 18 18 21 2627 8 1I71210 569999999999999999999992034 18999999999999999999999
 32 38 41 44 44 44 43 43 43 45 47 51 55 57 56 52 46 39 31 24 19 17 17 2127 8 2I7 4 4 441312 5799999999999999 654 432126 1799999999999999
 27 33 39 42 43 43 42 40 40 40 42 45 49 54 56 55 52 46 38 30 24 19 17 1827 8 3I7 421 431412 5699999999999999 758 402214 1799999999999999
 22 29 35 40 42 42 41 39 37 36 36 38 42 47 52 54 53 50 44 37 29 24 20 1927 8 4I7 443 431512 5499999999999999 9 8 362258 1999999999999999
 21 26 32 38 41 42 42 39 36 33 33 33 35 39 44 49 51 50 47 42 35 30 26 2327 8 5I7 5 7 421615 51999999999999991027 322339 2399999999999999
 23 26 31 37 41 43 43 41 37 34 31 30 30 32 36 41 45 47 47 44 40 35 31 2927 8 6I7 532 431724 47999999999999991138 29999999999999999999999
 27 28 31 36 40 43 44 43 40 36 32 30 28 28 30 34 38 41 43 43 42 39 36 3427 8 7I7 559 441839 4399999999999999 015 271242 2899999999999999
 33 32 34 37 41 44 45 45 43 40 36 32 30 27 27 29 32 35 38 40 40 40 39 3827 8 8I7 628 4520 5 4099999999999999 044 321346 2799999999999999
 37 37 38 39 42 45 46 47 46 44 40 37 33 30 28 27 28 30 33 35 37 39 39 4027 8 9I7 659 47999999999999999999999 052 371456 2799999999999999
 40 41 41 42 44 46 47 48 48 47 45 41 38 34 31 29 28 28 29 32 34 37 39 4027 810I7 734 489999999999999999999991616 28999999999999999999999
 42 43 44 44 45 47 48 49 50 49 48 46 42 39 35 32 30 28 28 29 31 34 37 4027 811I7 818 509999999999999999999991735 28999999999999999999999
 42 44 45 46 47 47 48 49 50 50 50 49 46 43 40 36 33 30 28 28 29 32 35 3927 812I7 915 509999999999999999999991836 28999999999999999999999
 41 43 45 46 47 47 48 48 49 50 51 51 49 47 43 40 36 32 29 28 28 30 33 3727 813I71020 519999999999999999999991923 28999999999999999999999
 40 43 44 46 46 46 46 47 48 49 50 51 51 49 47 43 38 34 30 28 27 28 31 3427 814I71122 5199999999999999999999920 2 27999999999999999999999
 38 41 44 45 45 45 45 45 46 47 49 50 51 51 49 46 41 36 32 29 27 26 28 3227 815I71215 519999999999999999999992037 26999999999999999999999
 36 40 42 44 44 43 43 42 43 44 46 48 50 51 50 48 44 39 34 29 27 25 26 2927 816I7 348 4413 2 5199999999999999 654 4221 9 2599999999999999
 33 37 41 42 43 42 41 40 40 40 42 44 47 50 50 49 46 41 36 31 27 25 25 2727 817I7 356 431346 5099999999999999 741 402139 2599999999999999
 31 35 39 41 42 42 40 38 37 37 38 40 43 47 49 49 47 43 38 33 29 26 25 2627 818I7 4 8 421428 4999999999999999 828 3722 7 2599999999999999
 29 34 38 40 42 41 40 37 35 34 35 36 39 43 46 47 47 44 41 36 31 28 27 2727 819I7 421 4215 9 4799999999999999 916 342232 2699999999999999
 29 33 37 40 42 42 40 38 35 33 32 33 35 38 42 45 46 45 42 38 34 31 29 2827 820I7 432 421552 469999999999999910 7 322254 2899999999999999
 30 33 37 40 42 43 41 39 36 33 31 31 32 34 38 42 44 44 43 40 37 34 32 3127 821I7 443 431639 44999999999999991058 3123 9 3199999999999999
 32 34 37 41 43 44 43 41 38 34 32 30 30 31 34 38 41 42 42 41 39 37 35 3427 822I7 456 441736 43999999999999991150 302310 3499999999999999
 35 36 38 42 44 46 45 44 41 37 34 31 30 30 31 34 37 40 41 41 41 39 38 3727 823I7 514 461851 41999999999999991243 3023 1 3799999999999999
 38 38 40 43 45 47 47 46 44 40 37 33 31 30 29 31 33 36 38 40 41 41 40 4027 824I7 539 472026 41999999999999991342 292249 4099999999999999
 41 41 42 44 46 48 49 49 47 44 41 37 34 31 29 29 30 32 35 37 39 41 41 4227 825I7 613 499999999999999999999991451 29999999999999999999999
 43 44 44 46 47 49 50 50 50 48 45 42 38 34 31 29 28 28 30 32 35 38 41 4227 826I7 7 1 509999999999999999999991610 28999999999999999999999
 43 45 46 46 47 48 50 51 51 51 50 47 43 38 34 30 27 26 26 27 30 34 38 4127 827I7 815 519999999999999999999991727 25999999999999999999999
 43 45 46 46 47 47 48 49 51 52 52 51 48 44 39 34 29 25 23 23 25 29 33 3827 828I7 943 529999999999999999999991833 23999999999999999999999
 41 43 45 45 45 45 46 46 48 50 52 53 52 49 45 39 33 27 23 21 21 24 28 3427 829I711 3 539999999999999999999991929 21999999999999999999999
 38 42 43 44 43 43 42 42 44 46 49 52 54 53 50 45 39 32 26 22 20 20 24 2927 830I7 259 441212 5499999999999999 611 422020 2099999999999999
 35 39 42 43 42 40 39 38 38 40 43 47 52 54 53 50 45 38 31 25 21 20 21 2527 831I7 3 3 431315 5499999999999999 713 3821 6 2099999999999999
 32 37 41 42 42 40 37 34 33 34 36 40 45 50 53 52 49 44 37 30 25 23 22 2427 9 1I7 317 421417 5399999999999999 816 332148 2299999999999999
 29 35 40 42 43 41 37 33 30 29 29 32 37 43 48 50 50 47 42 36 31 27 25 2527 9 2I7 335 431521 5199999999999999 922 292227 2599999999999999
 29 34 40 43 44 43 39 35 30 27 26 26 29 35 41 45 48 48 45 41 36 32 30 2927 9 3I7 358 441629 48999999999999991025 2623 1 2999999999999999
 30 34 40 44 45 45 43 38 33 29 26 24 25 28 33 39 43 45 45 43 40 37 35 3427 9 4I7 422 451738 45999999999999991123 242329 3499999999999999
 34 36 40 44 46 47 46 42 38 33 29 26 24 25 28 32 37 40 42 43 41 40 38 3827 9 5I7 449 471848 43999999999999991219 242337 3899999999999999
 38 39 41 44 47 48 48 46 42 37 33 29 27 25 26 28 32 35 38 40 41 41 41 4127 9 6I7 516 489999999999999999999991316 25999999999999999999999
 41 42 43 45 47 49 49 48 46 42 38 34 31 28 27 27 29 31 34 36 39 40 41 4227 9 7I7 545 499999999999999999999991421 27999999999999999999999
 43 44 45 46 47 48 49 49 48 46 42 39 36 33 30 28 28 29 31 33 36 38 40 4227 9 8I7 619 499999999999999999999991541 28999999999999999999999
 43 44 45 46 47 48 48 49 48 47 45 43 40 37 34 31 29 29 29 31 33 36 38 4127 9 9I7 7 8 4999999999999999999999917 6 29999999999999999999999
 43 44 45 46 46 47 47 47 48 48 47 45 43 40 37 34 31 29 28 29 30 33 36 3927 910I7 830 4899999999999999999999918 9 28999999999999999999999
 41 43 44 45 45 45 45 45 46 47 47 47 45 43 40 36 33 30 28 27 28 31 34 3727 911I710 0 479999999999999999999991855 27999999999999999999999
 40 42 43 43 43 42 42 43 43 45 46 47 46 45 42 38 34 31 28 27 27 28 31 3527 912I7 248 431110 4799999999999999 547 421932 2699999999999999
 38 40 42 42 41 40 39 39 40 41 43 45 46 46 44 40 37 32 29 26 26 26 29 3327 913I7 237 4212 7 4699999999999999 632 3920 4 2699999999999999
 36 39 40 41 40 38 36 36 36 37 40 42 45 45 45 42 39 34 30 27 26 25 27 3127 914I7 238 411256 4599999999999999 712 362034 2599999999999999
 35 38 40 40 39 37 34 33 33 33 35 38 42 44 45 43 41 37 32 29 27 26 27 3027 915I7 244 401343 4599999999999999 752 3221 0 2699999999999999
 34 37 39 40 39 37 34 31 30 30 31 34 38 42 44 44 42 39 35 31 28 27 27 2927 916I7 251 401429 4499999999999999 833 292125 2799999999999999
 33 37 40 41 40 38 34 31 28 27 27 30 34 38 42 43 43 41 38 34 31 29 29 3027 917I7 259 411516 4399999999999999 915 272147 2999999999999999
 33 37 41 42 41 39 36 32 28 26 25 26 29 34 39 42 43 42 40 37 34 32 31 3227 918I7 311 4216 7 4399999999999999 958 2522 3 3199999999999999
 34 38 41 44 43 42 39 34 30 26 25 24 26 30 35 39 41 42 41 39 36 35 34 3427 919I7 327 4417 1 42999999999999991042 2422 7 3499999999999999
 36 38 42 45 45 44 42 38 33 28 26 24 24 27 31 35 39 41 41 41 39 37 37 3727 920I7 349 4518 1 41999999999999991130 2422 2 3799999999999999
 38 39 42 45 47 47 45 41 37 32 28 26 24 25 27 31 35 38 39 40 40 39 39 3927 921I7 416 471912 40999999999999991222 242158 3999999999999999
 40 41 43 45 47 48 47 45 41 36 32 28 26 25 25 27 30 33 36 38 39 40 40 4027 922I7 448 489999999999999999999991322 24999999999999999999999
 41 42 43 45 47 48 48 47 44 41 36 32 29 26 24 24 26 28 31 34 36 38 39 4027 923I7 528 489999999999999999999991434 24999999999999999999999
 42 43 44 44 46 47 48 48 47 44 41 37 33 29 26 24 23 24 26 29 32 35 38 3927 924I7 629 489999999999999999999991556 23999999999999999999999
 41 42 43 43 44 44 45 46 47 46 45 42 38 33 29 25 23 21 22 24 27 31 35 3827 925I7 8 7 479999999999999999999991713 21999999999999999999999
 39 41 41 41 41 41 42 43 45 46 46 45 42 38 34 29 25 21 20 20 23 27 31 3527 926I7 948 469999999999999999999991816 20999999999999999999999
 38 39 39 39 38 37 37 38 40 42 45 46 46 43 39 34 28 24 21 19 20 23 28 3327 927I7 148 3911 9 4699999999999999 535 3719 8 1999999999999999
 36 38 38 37 35 34 32 32 34 36 40 44 46 46 43 39 34 28 24 21 20 21 25 3127 928I7 141 381219 4699999999999999 634 321954 2099999999999999
 35 38 38 37 35 31 29 27 27 29 33 38 43 45 45 43 39 33 28 24 22 22 25 2927 929I7 149 381325 4699999999999999 730 272035 2299999999999999
 35 38 40 39 36 32 27 24 23 23 26 31 37 42 44 44 42 38 33 29 26 25 26 2927 930I7 2 5 401433 4599999999999999 825 232113 2599999999999999
 34 39 41 41 39 35 29 24 21 20 20 23 29 36 40 43 43 41 38 34 31 29 29 302710 1I7 226 411540 4399999999999999 920 192146 2999999999999999
 34 39 42 43 42 39 33 27 22 19 18 19 23 29 35 39 42 42 40 37 35 33 32 332710 2I7 252 431644 42999999999999991012 182213 3299999999999999
 35 39 43 45 45 42 38 32 26 22 19 18 19 23 29 34 38 40 41 39 38 36 36 362710 3I7 320 451746 419999999999999911 2 182220 3699999999999999
 37 40 43 46 46 45 42 37 31 26 22 20 19 21 24 29 33 37 39 39 39 38 38 382710 4I7 349 461852 39999999999999991152 192134 3899999999999999
 39 41 43 45 47 46 45 41 36 31 27 24 21 21 23 26 29 33 36 37 38 38 39 402710 5I7 417 479999999999999999999991244 21999999999999999999999
 40 41 43 45 46 46 45 43 40 36 31 28 25 23 23 24 26 29 32 35 36 38 39 402710 6I7 446 469999999999999999999991341 23999999999999999999999
 41 41 42 43 44 45 45 44 42 39 35 32 29 26 25 24 25 27 29 31 34 36 37 392710 7I7 515 459999999999999999999991451 24999999999999999999999
 40 41 41 42 42 43 43 43 42 40 38 35 32 29 27 25 25 25 26 28 31 33 35 372710 8I7 556 439999999999999999999991611 25999999999999999999999
 38 39 40 40 40 40 40 40 40 40 39 37 34 32 29 27 25 24 24 26 28 31 33 352710 9I7 736 409999999999999999999991718 24999999999999999999999
 37 38 38 38 37 37 37 37 38 38 38 38 36 34 31 28 26 24 23 24 26 28 31 34271010I7 140 38 930 3999999999999999 529 3718 6 2399999999999999
 35 36 36 35 34 34 33 34 34 36 37 37 37 35 33 30 27 25 23 23 24 26 30 32271011I7 121 361055 3799999999999999 6 5 331844 2399999999999999
 34 35 35 34 32 31 30 30 30 32 34 36 37 36 35 32 29 26 24 23 24 25 28 32271012I7 117 3512 0 3799999999999999 637 301915 2399999999999999
 34 35 35 33 31 28 27 26 26 28 31 34 36 37 36 34 31 28 26 24 24 25 28 31271013I7 117 351258 3799999999999999 710 261944 2499999999999999
 34 35 35 34 31 27 25 23 23 24 27 31 34 36 37 36 34 31 28 26 25 26 28 31271014I7 121 351352 3799999999999999 745 2220 9 2599999999999999
 35 37 37 35 32 28 24 21 20 20 22 27 31 35 37 37 36 34 31 29 28 27 29 32271015I7 129 371445 3799999999999999 822 202033 2799999999999999
 36 38 39 37 35 30 25 21 19 18 19 22 27 33 36 38 38 36 34 31 30 30 30 33271016I7 145 391537 3899999999999999 9 1 182052 3099999999999999
 36 40 41 40 38 34 28 23 19 17 16 18 23 29 34 37 38 38 36 34 32 32 32 34271017I7 2 7 411627 3899999999999999 942 1621 3 3299999999999999
 36 40 43 43 41 38 32 26 21 18 16 16 19 24 30 34 37 38 38 36 34 34 34 35271018I7 235 431719 38999999999999991027 1621 8 3499999999999999
 37 40 43 44 44 41 37 31 25 20 17 16 16 20 25 30 34 36 37 37 36 35 35 36271019I7 3 7 451817 37999999999999991116 162112 3599999999999999
 37 39 42 45 45 44 40 36 30 24 20 17 16 17 20 24 29 32 35 36 36 36 36 37271020I7 343 459999999999999999999991210 16999999999999999999999
 38 39 41 43 45 44 43 39 35 29 24 20 18 16 17 20 23 27 30 33 34 35 35 36271021I7 424 459999999999999999999991311 16999999999999999999999
 37 38 39 41 42 43 43 41 38 34 29 25 21 18 16 17 19 22 25 29 31 33 34 35271022I7 517 439999999999999999999991421 16999999999999999999999
 36 36 37 38 39 40 41 41 40 37 33 29 25 21 18 16 16 18 21 24 27 30 32 33271023I7 632 419999999999999999999991535 16999999999999999999999
 34 34 34 34 34 35 36 38 38 38 36 33 30 26 22 19 17 16 17 20 24 27 30 32271024I7 815 399999999999999999999991645 16999999999999999999999
 33 33 32 31 30 30 31 32 34 36 37 36 34 30 26 22 19 17 17 18 21 25 29 31271025I7 023 33 955 3799999999999999 444 301743 1799999999999999
 32 32 31 29 27 25 25 26 28 32 34 36 36 34 31 27 23 20 18 18 20 24 28 31271026I7 014 321120 3699999999999999 548 251833 1899999999999999
 33 33 31 28 25 22 20 20 22 25 29 33 35 36 34 31 28 24 22 21 21 24 28 32271027I7 023 331237 3699999999999999 643 201916 2199999999999999
 34 34 33 30 25 21 18 16 16 18 23 28 33 35 36 35 32 29 26 24 24 25 28 32271028I7 039 351352 3699999999999999 734 161953 2499999999999999
 36 37 36 33 28 23 18 15 13 13 16 22 28 32 35 36 35 33 30 28 27 27 29 33271029I7 1 2 3715 0 3699999999999999 823 132026 2799999999999999
 37 39 39 37 33 27 21 16 12 11 12 16 22 28 32 35 36 35 33 31 30 30 31 33271030I7 130 3916 1 3699999999999999 910 112050 3099999999999999
 37 40 41 40 37 32 26 20 15 12 11 12 17 23 28 33 35 36 35 34 33 32 33 34271031I7 2 1 411656 3699999999999999 957 112058 3299999999999999
 37 40 42 42 41 37 31 25 19 15 12 12 14 19 24 29 33 35 36 35 34 34 34 352711 1I7 234 431750 36999999999999991042 122051 3499999999999999
 37 39 42 43 42 40 35 30 24 19 15 13 13 16 20 25 29 32 34 35 34 34 35 352711 2I7 3 8 439999999999999999999991127 13999999999999999999999
 36 38 40 42 42 41 38 33 28 23 19 16 15 15 18 22 25 29 32 33 34 34 34 352711 3I7 341 429999999999999999999991212 15999999999999999999999
 36 37 38 40 41 40 39 35 31 27 23 19 17 16 17 19 22 25 28 30 32 32 33 342711 4I7 414 4199999999999999999999913 0 16999999999999999999999
 34 35 36 37 38 38 37 36 33 29 25 22 19 18 17 18 20 22 25 27 29 31 32 322711 5I7 448 389999999999999999999991353 17999999999999999999999
 33 33 33 34 35 35 35 34 33 30 27 24 22 20 18 18 18 20 22 25 27 29 30 312711 6I7 529 359999999999999999999991451 18999999999999999999999
 31 31 31 31 31 31 31 32 31 30 28 26 24 21 20 18 18 19 20 22 25 27 28 292711 7I7 643 322354 30999999999999991550 18999999999999999999999
 30 29 29 28 27 27 27 28 28 29 28 27 25 23 21 20 19 19 19 21 23 26 27 292711 8I7 844 292346 2999999999999999 454 271641 1999999999999999
 29 28 27 26 24 23 23 24 25 26 27 27 27 25 24 22 20 20 20 21 23 25 27 292711 9I71034 272344 2999999999999999 540 231724 2099999999999999
 29 28 26 24 22 20 20 20 21 23 25 27 27 27 26 24 23 21 21 21 23 25 28 29271110I712 0 272348 3099999999999999 615 2018 0 2199999999999999
 30 29 27 24 21 18 17 16 17 20 23 26 28 28 28 27 25 24 23 23 24 26 29 31271111I71313 28999999999999999999999 649 161832 2399999999999999
 32 31 29 26 22 18 15 13 13 16 19 24 27 29 30 30 28 27 26 25 26 27 30 32271112I7 0 0 321414 3099999999999999 725 1319 1 2599999999999999
 34 34 32 28 24 19 15 12 11 12 15 20 25 29 31 32 31 30 28 27 27 28 30 34271113I7 021 3415 6 3299999999999999 8 3 111927 2799999999999999
 36 37 35 32 28 22 16 12 10  9 11 16 21 26 30 32 33 32 30 29 29 30 31 34271114I7 049 371554 3399999999999999 845  91949 2999999999999999
 37 39 39 37 32 27 20 14 10  8  8 11 16 22 27 31 33 33 32 31 30 31 32 34271115I7 124 391641 3399999999999999 929  820 9 3099999999999999
 37 40 41 40 37 32 25 18 13  9  7  8 11 17 23 28 31 33 33 32 31 31 32 33271116I7 2 3 411731 33999999999999991017  72028 3199999999999999
 35 39 41 42 40 36 31 24 17 12  8  7  8 12 17 23 27 30 32 32 31 31 31 32271117I7 246 421827 329999999999999911 9  72047 3199999999999999
 33 36 39 41 41 39 35 29 23 16 11  8  7  8 12 17 22 26 28 30 30 30 30 31271118I7 333 4199999999999999999999912 3  7999999999999999999999
 31 33 35 38 39 39 37 33 28 21 16 11  8  7  8 12 16 21 24 27 28 28 28 29271119I7 426 3999999999999999999999913 1  7999999999999999999999
 29 30 31 33 35 36 36 34 31 26 21 16 12  9  8  9 12 16 20 23 26 27 27 27271120I7 527 3699999999999999999999914 1  8999999999999999999999
 27 27 27 27 29 31 32 32 31 29 25 21 17 13 11 10 11 13 17 20 23 25 26 26271121I7 644 332215 269999999999999915 1 10999999999999999999999
 25 24 23 23 23 24 26 28 29 29 27 24 21 18 15 13 12 13 15 19 22 25 26 26271122I7 822 292233 2699999999999999 319 231559 1299999999999999
 25 23 22 20 18 18 19 21 24 26 27 26 24 22 20 17 16 15 16 18 21 25 27 27271123I710 6 272252 2799999999999999 439 181652 1599999999999999
 26 24 21 18 16 14 14 15 18 21 24 26 26 25 24 22 20 19 18 20 22 25 28 29271124I71145 262315 2999999999999999 545 141739 1899999999999999
 29 27 23 19 16 12 10 10 12 15 19 23 26 27 26 25 24 23 22 22 23 26 29 31271125I71319 272342 3299999999999999 641 101820 2299999999999999
 32 30 27 23 18 13  9  7  7 10 14 19 23 26 28 28 27 26 25 25 25 27 30 33271126I71436 28999999999999999999999 731  71852 2599999999999999
 34 34 31 27 22 16 11  8  6  6  9 15 20 24 27 29 29 28 28 27 27 28 30 33271127I7 014 341536 2999999999999999 818  61915 2799999999999999
 36 36 35 32 27 21 15 10  7  5  7 10 16 21 26 29 30 30 29 29 29 29 31 33271128I7 049 361625 3099999999999999 9 2  51932 2999999999999999
 36 38 38 35 31 26 19 14  9  6  6  8 12 18 23 27 30 30 30 29 29 30 30 32271129I7 128 3817 8 3099999999999999 945  61953 2999999999999999
 35 37 38 38 35 30 24 18 12  9  6  7  9 14 19 24 28 29 30 29 29 29 30 31271130I7 2 8 381750 30999999999999991026  62020 2999999999999999
 33 35 37 38 36 33 28 22 16 11  8  7  8 11 16 20 25 27 29 29 28 28 28 292712 1I7 247 381833 299999999999999911 6  72049 2899999999999999
 31 33 35 36 36 34 30 25 20 14 11  8  8  9 13 17 21 24 26 27 27 27 27 272712 2I7 325 369999999999999999999991145  8999999999999999999999
 28 30 31 33 34 33 31 27 22 17 13 10  9  9 11 14 18 21 24 25 25 25 25 252712 3I7 4 2 349999999999999999999991224  9999999999999999999999
 26 27 28 29 30 31 29 27 23 19 15 12 10  9 10 12 15 18 21 23 24 24 24 242712 4I7 439 3199999999999999999999913 1  9999999999999999999999
 24 24 24 25 26 27 27 25 23 20 17 14 12 11 10 12 14 16 19 21 22 23 23 222712 5I7 519 272122 23999999999999991336 10999999999999999999999
 22 21 21 21 22 23 23 23 22 20 18 16 14 12 12 12 13 15 18 20 21 22 22 222712 6I7 615 232138 2299999999999999 2 3 211410 1299999999999999
 21 20 19 18 18 19 19 20 20 20 19 17 16 15 14 14 15 16 18 20 21 23 23 222712 7I7 754 202149 2399999999999999 338 181442 1499999999999999
 21 19 18 16 15 15 15 16 18 19 19 19 18 17 17 16 16 17 19 20 22 24 24 242712 8I710 6 1922 2 2499999999999999 445 151515 1699999999999999
 22 20 18 15 13 12 12 13 15 17 18 20 20 20 20 19 19 19 20 22 23 25 26 262712 9I71218 202222 2699999999999999 536 121552 1999999999999999
 25 22 19 16 12 10  9  9 11 14 17 19 21 22 22 22 22 22 22 23 25 27 29 29271210I71354 222251 2999999999999999 619  91637 2299999999999999
 28 26 22 18 13 10  7  6  7 10 14 18 21 23 25 25 24 24 24 25 26 28 30 32271211I71451 252328 3299999999999999 7 2  61726 2499999999999999
 32 30 26 22 16 11  7  4  4  6  9 14 19 23 25 27 27 26 26 26 27 28 31 33271212I71534 27999999999999999999999 747  41813 2699999999999999
 34 34 31 27 21 15  9  4  2  2  4  9 15 20 24 27 28 27 27 27 27 28 30 33271213I7 011 341613 2899999999999999 833  21856 2799999999999999
 35 37 35 32 27 20 13  7  2  0  0  4  9 16 21 25 27 28 27 27 26 27 28 31271214I7 059 371654 2899999999999999 922  01936 2699999999999999
 34 37 38 36 32 26 19 11  5  0 -2 -1  3 10 16 21 25 26 27 26 25 25 26 28271215I7 150 381734 27999999999999991012 -22018 2599999999999999
 31 34 37 37 35 31 25 17  9  3 -1 -2 -1  4 10 16 21 24 25 25 24 23 24 24271216I7 244 381815 259999999999999911 3 -221 7 2399999999999999
 26 29 33 35 36 34 29 23 15  8  3 -1 -2  0  5 11 16 20 22 23 22 21 21 21271217I7 338 361855 23999999999999991154 -22213 2199999999999999
 22 24 27 30 33 33 31 26 20 14  8  3  0  0  2  7 12 16 20 21 21 20 19 19271218I7 434 331933 22999999999999991244  0999999999999999999999
 18 19 20 23 26 28 29 27 23 18 13  8  5  3  3  5  9 14 17 20 21 20 19 17271219I7 537 2920 8 2199999999999999 0 4 181332  299999999999999
 16 15 15 16 19 21 23 24 23 20 17 13 10  7  6  7  9 13 16 19 21 21 20 18271220I7 653 242040 2199999999999999 141 151418  699999999999999
 16 14 12 11 12 14 17 19 20 20 19 16 14 12 11 10 11 13 16 19 21 22 22 20271221I7 832 202110 2299999999999999 3 3 111459 1099999999999999
 17 14 12  9  8  8 10 12 15 17 18 18 17 16 15 15 15 16 17 20 22 24 24 23271222I71029 182142 2499999999999999 422  81535 1599999999999999
 20 17 13 10  7  5  5  7  9 12 15 17 18 19 19 19 18 19 20 21 23 25 26 26271223I72217 26999999999999999999999 536  5999999999999999999999
 24 21 17 13  9  5  3  3  5  8 12 15 18 20 21 21 21 22 22 23 24 26 28 29271224I72256 29999999999999999999999 638  3999999999999999999999
 28 25 21 17 12  8  4  2  2  4  8 12 16 20 22 23 23 23 24 24 25 27 29 30271225I72340 31999999999999999999999 730  2999999999999999999999
 31 29 26 22 16 11  7  3  1  2  5  9 14 18 21 23 24 24 24 25 25 26 28 30271226I79999999999999999999999999999 816  1999999999999999999999
 32 32 30 26 21 15 10  5  2  1  2  6 11 16 20 23 24 25 24 24 25 25 27 29271227I7 026 32999999999999999999999 858  1999999999999999999999
 31 32 32 29 25 20 14  8  4  1  1  3  8 13 18 21 23 24 24 23 23 24 25 27271228I7 113 3317 8 2499999999999999 937  11937 2399999999999999
 29 31 32 31 28 23 17 11  6  2  1  2  5  9 15 19 22 23 23 22 22 22 23 24271229I7 157 321729 23999999999999991014  12022 2299999999999999
 26 29 31 31 29 26 20 14  8  4  1  1  2  6 11 16 19 21 22 21 20 20 20 21271230I7 239 311754 22999999999999991049  121 5 2099999999999999
 22 25 27 29 29 26 22 17 11  6  3  1  1  4  8 13 16 19 20 20 19 18 17 18271231I7 318 291818 20999999999999991121  12154 1799999999999999
