107114114107 94 80 68 62 65 75 90106121130131124109 89 69 54 47 48 57 7127 1 1IJ 130115134013299999999999999 711 622020 4699999999999999
 86100109112107 97 85 75 71 75 86101117130137136126107 83 60 42 34 35 4527 1 2IJ 249112142313899999999999999 759 712122 3399999999999999
 61 79 97109114111102 90 80 77 81 92108125138145142129106 78 51 30 19 2127 1 3IJ 4 7114151514599999999999999 859 772222 1899999999999999
 33 52 75 97113120118108 94 83 78 82 95113131146154150133105 72 40 16  427 1 4IJ 51412016101549999999999999910 2 782318  499999999999999
  7 23 47 75101120128125112 96 82 77 82 96116137154162156136103 65 29  327 1 5IJ 61112917 61629999999999999911 3 77999999999999999999999
 -9 -3 16 46 79108129137131115 95 79 73 79 96119143161169161136 99 56 1827 1 6IJ 7 213718 016999999999999999 010 -912 1 7399999999999999
 -8-18 -9 15 49 86117138143133113 91 74 69 77 96122147167172161133 92 4827 1 7IJ 750143185217399999999999999 1 0-181254 6999999999999999
  9-15-21 -8 20 57 95126144145132109 85 69 65 76 97124151169172158126 8427 1 8IJ 835147194217399999999999999 147-211345 6599999999999999
 40  4-17-18  0 30 68105133147143126101 78 64 63 76 9912715116716715011727 1 9IJ 918147203116999999999999999 233-201433 6299999999999999
 75 34  3-11 -7 13 45 81114137145137117 92 71 61 63 7810112714916115713827 110IJ 959145211816199999999999999 317-121519 6099999999999999
106 67 32  8  0  9 31 62 94121138140128106 83 65 58 64 8010212514315114527 111IJ103814122 415199999999999999 359  016 4 5899999999999999
125 95 62 35 18 16 29 51 79106126135132117 95 75 61 57 65 8110112113513927 112IJ1113136225213999999999999999 437 151648 5799999999999999
131112 87 61 41 32 36 50 71 94115128131123106 85 67 56 56 64 79 9711412427 113IJ1145131234312799999999999999 513 321735 5599999999999999
126119102 82 63 51 48 55 70 89108122129127115 97 77 61 52 53 61 75 9110527 114IJ1215130999999999999999999999 547 481827 5199999999999999
114115109 97 82 69 62 63 72 86103118128130124110 90 70 54 46 47 55 68 8327 115IJ 043116124713099999999999999 621 611927 4599999999999999
 96105108105 96 85 76 72 75 85 98113126133133124107 86 65 48 38 38 45 5827 116IJ 157108132813499999999999999 7 3 722033 3799999999999999
 74 89101106106 99 90 82 79 83 92106120132139137127108 84 59 39 27 26 3327 117IJ 322107142113999999999999999 8 0 792140 2599999999999999
 48 67 85101110111105 96 87 83 85 95109124138145144132110 82 53 29 15 1227 118IJ 439111152214699999999999999 9 9 832241 1299999999999999
 22 40 63 86106117119112100 88 82 83 93109128144153152138113 79 45 17  127 119IJ 5411201625154999999999999991019 812336 -199999999999999
  0 12 35 63 92115127128117101 86 77 78 90109131150161160143113 75 36  627 120IJ 6311291724163999999999999991123 76999999999999999999999
-10 -9  7 35 69101126137134119 98 79 70 72 86109134156168165145111 68 2727 121IJ 717138182016999999999999999 027-121219 6999999999999999
 -4-18-13  8 41 78112136144136116 92 71 62 66 83109138161173167143105 6027 122IJ 759144191217399999999999999 115-181311 6199999999999999
 19 -9-19-10 16 52 91123144147133109 82 62 55 62 83111141163173164137 9727 123IJ 84114820 217399999999999999 2 0-1914 0 5599999999999999
 52 14 -9-14  0 29 66103132147144126 99 72 55 51 61 8411314216216715512627 124IJ 920148204916899999999999999 244-141446 5099999999999999
 87 46 14 -3 -1 17 47 82115138145136115 87 63 49 49 63 8711514015615714227 125IJ 957145213615999999999999999 325 -41530 4799999999999999
114 78 44 20 10 17 38 67 98124138139125102 76 56 46 50 66 8911413414614427 126IJ1032141222214799999999999999 4 4 101613 4699999999999999
128102 72 46 30 28 39 60 86111129136130113 90 67 50 45 52 67 8811012613327 127IJ11 313623 913399999999999999 439 271656 4599999999999999
129114 93 70 52 44 48 61 81102120131131121102 79 59 47 45 52 67 8510311527 128IJ1132132999999999999999999999 511 441743 4499999999999999
120116104 88 72 61 60 67 81 98115127131127113 94 72 54 44 43 50 64 79 9427 129IJ 0 312012 013199999999999999 541 591837 4299999999999999
105109107 98 87 77 72 74 82 96110123131132124109 89 68 50 40 39 45 57 7127 130IJ 1 8109123513299999999999999 615 721941 3899999999999999
 85 97103103 98 91 84 81 84 92105118128134134125109 88 65 46 34 31 36 4727 131IJ 233104132413599999999999999 7 1 812052 3199999999999999
 63 79 93102105103 96 90 87 89 96108120132138138130112 89 63 40 25 20 2527 2 1IJ 4 1105142913999999999999999 8 9 8622 0 2099999999999999
 38 56 76 94107112110102 93 87 87 94106121135144146137117 90 60 33 14  827 2 2IJ 510112154014699999999999999 930 8623 0  899999999999999
 14 30 53 79101117122117106 92 83 81 88102121139152155145122 90 54 23  327 2 3IJ 6 01221646155999999999999991043 802353 -399999999999999
 -3  6 27 56 86112128131122105 87 74 71 80 98121144160164152125 87 47 1327 2 4IJ 6431321746164999999999999991144 71999999999999999999999
 -7-11  3 30 64 98125139138123100 77 63 61 73 95123150167170155124 82 3927 2 5IJ 724141184017199999999999999 041-111237 6099999999999999
  5-13-12  7 39 76112137147139118 90 65 51 53 68 95126154172172153118 7427 2 6IJ 8 3147193117499999999999999 127-151326 5099999999999999
 32  1-13 -6 18 53 91125146149135108 78 54 43 47 67 9712915717116814610927 2 7IJ 841150202017299999999999999 210-131412 4299999999999999
 66 27  2 -5  7 34 70106135149145125 96 66 44 37 46 6910013115516615813427 2 8IJ 91814921 716699999999999999 251 -51456 3799999999999999
 98 60 28 10 10 27 55 88119140146136112 82 55 38 36 49 7310212914915514527 2 9IJ 952146215315599999999999999 330  81538 3599999999999999
121 89 57 33 24 30 49 76105128141139123 98 70 47 36 38 53 7610212413914027 210IJ1024142223914199999999999999 4 5 241620 3599999999999999
129108 82 58 44 42 53 72 96118133137129111 85 61 43 36 41 56 77 9811612627 211IJ1052137232812799999999999999 438 4217 4 3699999999999999
125115 98 79 64 58 62 75 92111126134132120100 76 55 41 37 43 57 74 9210627 212IJ1119134999999999999999999999 5 7 581752 3799999999999999
113113105 93 81 73 72 79 92107121131133127113 93 71 52 40 37 43 54 69 8427 213IJ 026114114813399999999999999 535 721850 3799999999999999
 96103104100 93 86 82 84 92103116127133133125110 91 70 51 39 34 38 48 6127 214IJ 143105122913499999999999999 610 8220 0 3499999999999999
 76 89 98103102 97 92 89 91 98108119128134134127113 93 70 49 35 28 30 3927 215IJ 318103133113599999999999999 7 8 892115 2899999999999999
 54 71 87100107108103 97 92 92 96106117129137139134119 97 71 46 28 19 2027 216IJ 437108145013999999999999999 837 912221 1899999999999999
 31 49 70 91107116116109 98 89 86 89 99114129142148143127101 70 40 18  827 217IJ 52911716 51489999999999999910 1 862317  799999999999999
 11 25 48 75101119127123111 94 81 75 78 91111132149158153134103 66 32  827 218IJ 61012717101589999999999999911 8 75999999999999999999999
 -2  4 24 53 86114132137127108 86 68 61 67 85110136157167161137101 60 2427 219IJ 64813718 716799999999999999 0 6 -212 3 6199999999999999
  0 -7  4 30 64100129144143126100 73 54 48 58 80111141165173164136 96 5327 220IJ 72514619 017399999999999999 052 -71252 4899999999999999
 17 -4 -6 11 42 79115141151143119 88 59 40 38 52 80114146169175161130 8827 221IJ 8 2151194917599999999999999 135 -81338 3799999999999999
 46 14 -1  3 25 59 97129150152136107 73 45 30 33 52 8211714816817015312027 222IJ 838153203617199999999999999 216 -21422 2999999999999999
 80 42 17  9 19 44 78113139152147125 93 60 35 25 33 55 8611914716115914027 223IJ 912152212316399999999999999 255  915 4 2599999999999999
109 73 43 26 25 40 67 98126144148136110 78 49 29 25 36 60 8911814015014527 224IJ 94514922 915099999999999999 332 231546 2599999999999999
126 98 70 49 41 46 64 88114134143140122 96 66 42 28 29 42 64 9011313013527 225IJ1014144225713599999999999999 4 5 411628 2799999999999999
129112 91 71 59 58 68 86106125137139129110 84 58 39 30 34 47 66 8710611827 226IJ1041140235112199999999999999 435 571713 3099999999999999
121115103 88 77 72 76 88103119131137133120100 76 55 39 33 37 49 65 82 9727 227IJ11 7137999999999999999999999 5 2 7218 5 3399999999999999
106109106 99 90 85 85 91102114126133134128115 95 74 54 41 35 38 47 61 7527 228IJ 059109114113599999999999999 531 8419 9 3599999999999999
 88 98103103100 95 92 93 99108118127133133127114 96 75 56 41 34 35 42 5427 3 1IJ 230104123413499999999999999 615 922024 3399999999999999
 69 84 96104107105100 97 96100107116126133135131119101 79 56 39 29 28 3527 3 2IJ 4 0107135413599999999999999 738 962138 2799999999999999
 49 66 85100111114111103 96 92 93100111123134140139128108 82 55 33 21 1927 3 3IJ 457114152014199999999999999 916 922238 1899999999999999
 28 46 68 92111122123115102 89 81 81 89104122138149149137114 82 51 25 1127 3 4IJ 5361241632151999999999999991031 802330 1099999999999999
 11 25 48 76104125134130115 95 77 66 66 78 99123145159160145117 80 44 1727 3 5IJ 6121341733162999999999999991128 65999999999999999999999
  4  8 27 56 90119139144133110 83 61 49 52 69 96127153169168149115 75 3727 3 6IJ 647144182717199999999999999 016  31217 4999999999999999
 10  1 11 36 70106135151148129100 68 44 34 42 65 97132160175170147110 6827 3 7IJ 723152191817599999999999999 059  113 3 3499999999999999
 31  9  5 21 50 87122148157147120 85 52 30 24 37 6510013616317516714010227 3 8IJ 75815720 617599999999999999 140  41347 2499999999999999
 61 29 14 17 37 69105136155156138107 70 38 20 20 37 6810413816216915713027 3 9IJ 833158205316999999999999999 220 131430 1899999999999999
 93 58 34 25 35 58 90121146156149125 91 56 29 16 21 42 7310713615515714427 310IJ 9 6156214015899999999999999 257 251512 1699999999999999
118 86 59 44 43 57 80108133149150137110 77 46 24 18 27 48 7710613014314327 311IJ 937152222814599999999999999 333 411554 1899999999999999
129107 83 65 58 63 79101123139147141123 96 66 40 25 23 34 54 7910312112927 312IJ10 5147232013099999999999999 4 4 581638 2299999999999999
128116100 84 75 74 83 98116131141141131111 86 60 39 29 30 41 58 78 9611027 313IJ1032142999999999999999999999 433 731725 2899999999999999
117115108 98 89 86 89 99112125135138134122103 80 58 42 34 35 44 58 74 8927 314IJ 02111711 113899999999999999 5 0 861822 3399999999999999
101107109105100 95 95 99108118128134135130118101 80 61 45 37 37 43 55 6927 315IJ 142109114313599999999999999 535 951932 3699999999999999
 83 96104108107104100100103109117125131133130120104 84 64 47 37 34 39 5127 316IJ 316108125513399999999999999 643 992049 3499999999999999
 66 82 97108113112107102 98 98103111120129135135127111 90 66 46 33 29 3427 317IJ 421113142913699999999999999 828 972156 2999999999999999
 47 66 86105117122118108 97 89 86 91101115130140144137119 94 66 42 26 2227 318IJ 5 1122155114499999999999999 952 862250 2299999999999999
 30 48 71 96117130131121104 87 74 70 77 92112133149155147126 96 63 35 1927 319IJ 5351321657155999999999999991052 702337 1699999999999999
 17 29 53 82111133142137119 95 71 56 53 63 85113140159166155130 94 57 2927 320IJ 6 91421754166999999999999991142 52999999999999999999999
 14 16 35 64 98128148151138112 80 53 37 38 54 82116147168173159128 89 5127 321IJ 643152184517399999999999999 021 131229 3599999999999999
 24 14 22 46 80115144158155133100 64 35 22 27 49 83121153173174156123 8327 322IJ 718159193417699999999999999 1 3 141313 2299999999999999
 47 25 20 34 63 98132155163151122 84 47 21 13 23 50 8712515617216914811427 323IJ 753163202217399999999999999 143 201356 1399999999999999
 77 47 31 34 52 82116145161160141108 69 34 13 10 25 55 9112715316515913727 324IJ 827163211016599999999999999 222 301439  999999999999999
106 74 52 44 52 73102131152160152127 92 55 26 11 13 31 61 9412514615414627 325IJ 9 0160215815499999999999999 259 441522 1099999999999999
125 99 76 62 61 73 94119140153153139112 79 47 24 15 21 40 66 9512013614027 326IJ 931155225014099999999999999 333 6016 5 1499999999999999
132115 96 81 75 79 93111130144149143126 99 69 43 26 22 30 47 70 9311212427 327IJ 959149234812799999999999999 4 5 751650 2299999999999999
126120109 97 89 89 96108123136143143133115 91 65 44 32 30 37 52 70 8810427 328IJ1028144999999999999999999999 434 881742 2999999999999999
113117114107101 97 99107117128136139136126109 88 66 48 38 36 42 54 68 8427 329IJ 05911711 313999999999999999 5 7 971843 3699999999999999
 98108113112109105103105110118126132135132123109 90 70 53 42 39 43 53 6727 330IJ 22511312 213599999999999999 6 11031956 3999999999999999
 82 97108114115112107103103106112120128133133127114 95 75 56 43 37 41 5127 331IJ 338115133313399999999999999 73710221 7 3799999999999999
 66 85102115121120114104 96 93 95102113124134138135122102 78 56 40 34 3827 4 1IJ 42212215 513899999999999999 910 9322 7 3399999999999999
 51 70 92112126131125112 96 83 77 79 90106124139148145131107 79 53 35 2927 4 2IJ 4561311618148999999999999991015 772257 2999999999999999
 36 54 79105127139139127106 83 65 58 63 79102127148159156138109 76 48 3027 4 3IJ 52914117181599999999999999911 7 582342 2699999999999999
 27 39 62 92121143152144123 94 65 45 39 49 71101132157168163141108 72 4327 4 4IJ 6 31521812169999999999999991154 39999999999999999999999
 27 29 46 75109139157159144114 79 47 27 24 39 68104139164174165139103 6727 4 5IJ 63816119 217499999999999999 024 261238 2399999999999999
 40 29 37 60 92126153167161138101 62 29 12 15 35 69108144168175162134 9827 4 6IJ 713167195117599999999999999 1 5 291322 1199999999999999
 64 42 38 51 77110142163169156126 86 46 17  5 12 37 7311214616616915412627 4 7IJ 749170203917099999999999999 146 3714 6  599999999999999
 93 65 50 52 68 96126153167165145111 71 34 10  4 16 43 7811414315915914327 4 8IJ 823168212916199999999999999 224 491450  499999999999999
118 90 70 62 69 88113139158164155131 96 59 28 10  9 24 50 8311313714914627 4 9IJ 857164222014999999999999999 3 1 621533  799999999999999
132112 92 79 78 88106127146157156143117 84 52 27 15 18 34 57 8511012813727 410IJ 928158231613799999999999999 336 771618 1599999999999999
134123108 96 90 93104119135147152146130105 77 50 31 24 28 42 63 8510511927 411IJ 959152999999999999999999999 410 9017 7 2499999999999999
126125118108101100105115127137144144137121 99 74 53 38 33 37 49 65 8310027 412IJ 020127103314599999999999999 44410018 2 3399999999999999
113120120116110106106110118127135139138130116 97 76 58 45 40 43 53 67 8327 413IJ 135121112013999999999999999 53110519 6 4099999999999999
 99111118120117112107106109114122129134134129117101 81 63 49 43 45 54 6827 414IJ 248120123813599999999999999 6501062015 4399999999999999
 85102115122123119111103 99 99105113123131135133123107 86 66 51 44 45 5627 415IJ 338124141313599999999999999 824 992118 4399999999999999
 72 91110124130128119105 93 85 85 91103118132141142132114 90 67 49 42 4527 416IJ 415131153514299999999999999 935 842212 4199999999999999
 58 79102123137140132115 95 77 67 67 77 95117137150152141119 92 65 46 4027 417IJ 4471401640153999999999999991029 652259 4099999999999999
 46 65 90117139150148132107 80 57 46 49 65 90119144160161148122 90 61 4327 418IJ 5211511737163999999999999991118 462343 3999999999999999
 40 51 75104133154161152128 95 61 37 27 35 57 89123152168168150121 87 5827 419IJ 55616118291709999999999999912 3 27999999999999999999999
 43 44 61 89121150167168150118 79 43 19 13 26 54 91128158173169149117 8327 420IJ 633170191917499999999999999 026 411248 1399999999999999
 58 47 53 74105137163175168143105 63 27  7  6 24 56 9513316117216614311227 421IJ 71017520 917399999999999999 1 8 471333  499999999999999
 81 61 56 67 91121150171175162131 91 49 16  1  5 27 61 9913415916715813627 422IJ 747176205916799999999999999 148 551417  099999999999999
108 83 68 69 83108135159172170151117 77 39 12  2 10 34 6710213315315814827 423IJ 823173215015899999999999999 228 6715 2  299999999999999
128105 87 79 84100122145162168160137104 67 34 14  9 20 43 7210312814414727 424IJ 857168224514799999999999999 3 7 791548  899999999999999
138123106 94 91 99114132149159159148124 93 61 35 20 19 31 51 7710212313527 425IJ 931161234413799999999999999 344 911635 1899999999999999
137130119108101102110123137148153149136114 87 60 40 29 30 41 59 8010111727 426IJ10 7153999999999999999999999 4221011725 2899999999999999
128130126118110107109116126136143145140128108 85 63 47 39 40 49 65 8210027 427IJ 049130105014699999999999999 5 71071821 3899999999999999
115124127124117111108110115123131137139135124108 88 68 54 46 47 56 69 8627 428IJ 155127115213999999999999999 6111081923 4699999999999999
103117126128124116109104103108115124131136134126111 93 74 59 51 52 60 7427 429IJ 249128131913699999999999999 7351032026 5099999999999999
 92110124132131124113101 93 91 95104116128137139132118 98 78 61 53 54 6427 430IJ 329133144613999999999999999 851 912123 5299999999999999
 81101121135140136123105 88 76 73 79 93110128141146141125102 79 61 53 5627 5 1IJ 4 4140155814699999999999999 950 732213 5299999999999999
 70 90114135148150139118 93 71 57 54 64 84108132149156149130104 78 59 5327 5 2IJ 43815017 0156999999999999991040 5423 0 5399999999999999
 59 78103129151161157138109 78 51 36 37 52 78109138158164155133103 76 5827 5 3IJ 5141611754164999999999999991128 352345 5499999999999999
 55 66 89117145165171160133 97 60 32 19 23 44 76112144165170157132101 7527 5 4IJ 5511711846170999999999999991214 18999999999999999999999
 59 60 75102133160176176158124 83 43 16  6 16 42 78117149169171156129 9927 5 5IJ 630178193717299999999999999 028 5813 0  699999999999999
 75 64 69 88116147171182175150112 68 30  5  0 14 44 8212115116816815112527 5 6IJ 7 9182202817099999999999999 111 641345  099999999999999
 98 78 72 81102130157176181169139 99 56 21  1  1 19 50 8712315016416114527 5 7IJ 748181212016599999999999999 154 721431 -199999999999999
121 98 84 83 95116141163176175158126 87 48 18  4  8 27 57 9112314615615327 5 8IJ 826177221315799999999999999 235 821517  399999999999999
138118101 93 95108127148164171165145114 78 44 21 12 18 38 65 9512214014827 5 9IJ 9 417123 914899999999999999 316 9216 4 1299999999999999
144132117105101106118134149160162153133104 73 46 28 23 31 49 72 9711913527 510IJ 942163999999999999999999999 3581011652 2399999999999999
140137128117109107112123135147153152142123 98 72 51 37 35 43 59 7910011927 511IJ 0 7141102415499999999999999 4431071743 3599999999999999
131135133125116110109114122132141146144135118 97 75 57 47 46 54 68 8610427 512IJ 1 5136111714699999999999999 5381091837 4599999999999999
120131134130122113107106109116125134139139132118 99 80 64 55 55 62 76 9327 513IJ 157134122914099999999999999 6481051933 5499999999999999
111125134135130119108 99 96 99106117127136138133121104 85 69 61 61 69 8427 514IJ 240136135313899999999999999 8 2 962030 6099999999999999
102120134141139129113 98 86 81 84 94108123136142139127109 89 73 64 65 7627 515IJ 316141151214299999999999999 9 6 812123 6399999999999999
 93114133146150143127105 83 68 63 68 82102123140148146133113 91 74 66 6927 516IJ 35215016191499999999999999910 1 632213 6599999999999999
 83104127147159159145122 93 66 49 44 53 72 98125146156154139116 92 74 6727 517IJ 4291611719157999999999999991051 4423 0 6799999999999999
 73 91116141162171165145113 78 48 29 27 40 66 98129153164160142116 91 7427 518IJ 5 91711813164999999999999991139 262347 6999999999999999
 70 80101129156174180168140102 63 31 13 15 33 64100134159169162142115 9027 519IJ 54918019 6169999999999999991226 12999999999999999999999
 75 75 88113142168183184166132 90 48 17  3  8 31 6510413916317116214011327 520IJ 631186195717199999999999999 032 731313  299999999999999
 91 79 82 99125153176187182159122 78 37  8 -1  8 34 7010914216316915813727 521IJ 713188204916999999999999999 118 7814 0 -199999999999999
112 93 85 92110135161180186176149110 67 30  6  1 14 41 7611214316116415227 522IJ 755186214116499999999999999 2 2 851447  099999999999999
132111 97 93102120143164178179166137 99 60 28 10  9 24 50 8311514115615727 523IJ 836181223415899999999999999 247 931534  799999999999999
146128112101101111128147163172170154126 91 57 31 19 21 36 61 9011813915027 524IJ 918173232715199999999999999 3311001621 1899999999999999
149139125112105107117131147159164158142116 86 58 38 30 35 50 72 9712013727 525IJ10 1164999999999999999999999 41710517 8 3099999999999999
145143134122112107110119131143152154148133110 85 62 47 43 49 63 8210412327 526IJ 019145104915599999999999999 5 81071756 4399999999999999
136141138129118109105108115126137144146141127108 87 69 57 55 61 75 9311227 527IJ 1 7141114814699999999999999 6 61051845 5499999999999999
128138141136125113103 99101108118129138141137126110 91 75 66 65 72 8610327 528IJ 14914113 114199999999999999 712 991936 6499999999999999
121135143143134120105 93 87 89 97109122133140138129113 96 81 72 72 81 9627 529IJ 227144142014099999999999999 817 872029 7199999999999999
114132145150146133114 94 79 71 73 84 99117133142143134118100 85 76 78 8927 530IJ 3 3150153514399999999999999 917 712121 7699999999999999
106126145157159150130105 80 62 54 57 71 92115135147149140123103 87 79 8227 531IJ 3421591640150999999999999991011 532212 7999999999999999
 96116139158169167152126 95 65 44 36 42 61 87116140154156146126105 88 8127 6 1IJ 42417017391579999999999999911 2 3623 2 8199999999999999
 87103127151171179174153120 82 48 26 20 31 54 86119146162163150128105 8827 6 2IJ 5 71801834164999999999999991152 202352 8399999999999999
 83 92111137163181187176149111 69 34 12  9 24 52 8812415216716615112810427 6 3IJ 5521871927169999999999999991240  8999999999999999999999
 89 86 98120147172189190175143101 57 22  3  4 22 54 9212915617016715012627 6 4IJ 637192201817099999999999999 040 861328  199999999999999
104 91 91105128155178191189169134 90 48 16  1  5 26 60 9813315916916414627 6 5IJ 72219221 916999999999999999 128 891416  099999999999999
123104 94 97112135160180189183160124 81 42 14  4 12 35 6810413715816615927 6 6IJ 8 7189215916699999999999999 215 9415 3  499999999999999
141121104 98103119140162178183173149113 74 40 19 13 24 47 7811113915616027 6 7IJ 852183224916099999999999999 3 2 981550 1399999999999999
152136118105102109124143160172173162137105 71 43 28 26 39 61 8911714015327 6 8IJ 936174233615599999999999999 3491021635 2599999999999999
154145130115105104112125141156164163150128 99 71 50 39 42 55 7610012314127 6 9IJ1023165999999999999999999999 4371041720 3999999999999999
149148138124111103104111123137149155152141121 97 75 59 53 57 71 9011113027 610IJ 020150111515599999999999999 52810318 3 5399999999999999
143147143131117105 99 99107118131141147145134118 98 80 68 66 72 8510312127 611IJ 1 0147121514799999999999999 624 981848 6599999999999999
137146147139126110 98 91 91 98110123134141140132118101 86 77 77 84 9811527 612IJ 136148132714199999999999999 726 901935 7699999999999999
132145151149138121102 87 79 79 87100115129138140134121106 92 84 85 9410927 613IJ 212152144514099999999999999 829 782026 8499999999999999
127143155159152136115 92 74 64 64 74 90109127139144139126111 97 89 9110127 614IJ 252159155814499999999999999 928 632120 8999999999999999
118138155166167156135108 80 58 47 48 61 82106128144150145132114 99 92 9527 615IJ 33616817 3150999999999999991023 462215 9299999999999999
107126148166176175160133 99 67 42 31 34 51 76105132151157152136117100 9327 616IJ 42317718 2157999999999999991116 3023 9 9399999999999999
 97112134157177186181161129 90 53 27 17 23 44 7410813815816415613811710027 617IJ 51118618561649999999999999912 7 16999999999999999999999
 93 99117141166185193185160122 80 41 15  7 17 42 7711314516416915913811627 618IJ 6 0193194716999999999999999 0 1 931256  799999999999999
 99 94102122147173191196184155114 70 31  8  3 17 45 8212015116917115813627 619IJ 649196203617299999999999999 053 941345  299999999999999
113 98 95106126152177193195179147105 61 26  6  5 22 53 9012715517016915427 620IJ 737196212417199999999999999 143 951432  399999999999999
131110 98 97110131156178191189171138 96 56 25 10 14 33 6410013315816816327 621IJ 824192221116899999999999999 231 961518 1099999999999999
147126107 98100113134157176185180160127 89 54 30 20 28 48 7811013915816327 622IJ 910185225516499999999999999 319 9716 3 2099999999999999
156139120104 98102116135155170175168148118 85 56 39 35 45 66 9312014315627 623IJ 957176233615899999999999999 4 5 981645 3499999999999999
157148131113101 97103117134151162165156137111 84 62 51 52 64 8310712914627 624IJ1045165999999999999999999999 452 971726 5099999999999999
154151139123107 97 95102114130144153154146129107 86 71 65 69 8210012013827 625IJ 013154113815599999999999999 542 9518 5 6499999999999999
149152146132115100 91 90 97109123136144145138124107 91 80 78 84 9811513227 626IJ 047152123914699999999999999 637 901845 7899999999999999
146153152142126108 92 83 82 88101115128137140135124110 97 89 89 9711112727 627IJ 121154135214099999999999999 737 811930 8899999999999999
143154158154140121100 82 72 70 77 90107122134139137127115103 97 9810612127 628IJ 159158151113999999999999999 840 702023 9699999999999999
137153163165157140117 92 71 58 56 64 8010011913414214213312010810110211227 629IJ 244165162514399999999999999 941 56212210199999999999999
127145162172173162141113 83 58 43 42 52 71 9511913914914913912511110310427 630IJ 3351741729150999999999999991039 41222210299999999999999
115132152170181181167141107 72 44 29 28 41 65 9512314615715614412711110227 7 1IJ 4291831825158999999999999991133 26232110199999999999999
103116136159179190188171140101 62 32 16 18 35 64 9813015416516214712710827 7 2IJ 5221911915166999999999999991224 15999999999999999999999
 99102117139164185196192171136 93 51 21  8 13 34 6710513916217116514612327 7 3IJ 61519720 317199999999999999 016 991313  799999999999999
105 96101118142169190200192168129 84 43 15  5 14 39 7511414716917416414227 7 4IJ 7 6200204917499999999999999 1 9 9614 1  599999999999999
118100 93101120146172192199188161120 76 38 14  9 22 50 8612415417117215827 7 5IJ 755199213317499999999999999 159 931447  899999999999999
136112 96 92102122148173190193180151111 71 38 20 19 36 6510013315917016727 7 6IJ 843194221517199999999999999 247 921531 1799999999999999
150127106 93 92104124149171184184168139103 68 42 31 35 54 8211314116016627 7 7IJ 930186225416699999999999999 333 911612 3099999999999999
158140118100 90 93106126147165175172155129 97 69 51 46 55 7410012614816027 7 8IJ1017175233016199999999999999 418 901651 4699999999999999
160148129109 94 88 93106124143157164159143120 95 74 63 64 75 9411613715227 7 9IJ11 5164999999999999999999999 5 3 881727 6299999999999999
158153139120102 89 86 91104121136148152147134115 96 83 77 82 9411213114627 710IJ 0 2158115815299999999999999 552 8618 2 7799999999999999
155156147131112 95 84 81 87 99114128139143139129115101 92 91 9711012614227 711IJ 03315713 214399999999999999 646 811839 9099999999999999
154159156144126105 88 76 74 79 9110612013113713612811710710110110912213727 712IJ 1 7159141913799999999999999 748 74192510099999999999999
151161163158143123100 80 67 63 69 81 9711312713613713212311310810811612927 713IJ 150164154213899999999999999 854 63202410799999999999999
144158168170162145121 95 71 56 51 56 70 8911012814014313912911811111111827 714IJ 243170165514399999999999999 958 51213111099999999999999
132149164175177168148120 89 61 43 37 44 61 8511113314715214613312011010927 715IJ 3431781754152999999999999991057 37223810899999999999999
117132152170183186175151118 81 50 30 24 34 56 8511514115716015213511810627 716IJ 4421861844161999999999999991150 24233910499999999999999
104114132155176191193180152113 73 39 18 15 29 56 9012415216716715413311327 717IJ 5391941930169999999999999991241 14999999999999999999999
100 99110132158182197198182149107 64 30 11 12 30 61 9913516217417015212727 718IJ 634200201417499999999999999 034 971328  999999999999999
105 93 94108133161186201199179144 99 56 24 10 15 38 7211114616917716814627 719IJ 725202205617799999999999999 126 911414  999999999999999
119 97 87 91108135164188200195172135 91 52 25 16 26 51 8612415517317516127 720IJ 814201213617699999999999999 214 861458 1699999999999999
136110 90 83 90110137165186195186161125 85 51 31 28 42 6910313616117216827 721IJ 9 2195221317399999999999999 3 0 831539 2799999999999999
150125100 84 81 91112138163180185174149115 81 55 43 46 63 9011914616316827 722IJ 948185224816899999999999999 344 811617 4299999999999999
158138114 93 81 81 94114137158171172159136108 82 64 59 67 8510913415316327 723IJ1034173231916499999999999999 427 801652 5999999999999999
161147126104 86 79 82 95114134150159158146127105 86 76 77 8810612714515727 724IJ1123160234816199999999999999 511 781725 7599999999999999
161153137116 96 82 77 81 94110127140147145136121105 94 90 9510712314015327 725IJ1219148999999999999999999999 6 0 771756 9099999999999999
160158148130109 90 77 73 78 8910411913113713713112011010310310912113614927 726IJ 018160132813899999999999999 657 73183310299999999999999
159162158145126105 85 72 68 71 81 9611012313213413112411611111211813014327 727IJ 056162145413499999999999999 8 3 68192411199999999999999
155164166160146126102 81 65 59 61 71 8710412013113713613012211611612213227 728IJ 147166161913799999999999999 913 58203411599999999999999
146159169172166150127100 75 56 47 49 61 7910112113714414413612511711411927 729IJ 2521721723145999999999999991018 47215111499999999999999
131146162175179174156129 97 67 45 35 38 53 7610312814615415214012511310827 730IJ 3591791813155999999999999991116 3423 010899999999999999
113127146166182188182161129 92 58 33 23 29 49 7710913815816415714012110527 731IJ 5 218818571649999999999999912 7 23235910099999999999999
100106122146170189197188164127 85 48 23 16 26 50 8412015116917115913611227 8 1IJ 6 01971938172999999999999991255 15999999999999999999999
 95 90 99120147175195202191162122 77 40 17 14 29 59 9613416217717315512827 8 2IJ 654202201817799999999999999 052 901341 1399999999999999
102 85 82 95119150179199203188156114 70 36 18 20 40 7311114717117917014627 8 3IJ 744204205717999999999999999 140 811424 1699999999999999
116 91 76 77 93121152181198199181147105 65 36 25 33 57 9012715717517616127 8 4IJ 832201213317899999999999999 226 7515 5 2599999999999999
134104 81 71 76 95123154179192189168135 98 64 44 40 52 7810914116417416827 8 5IJ 91919322 817499999999999999 310 711544 3999999999999999
148120 93 74 69 78 98125152173181175154124 93 68 56 59 75 9912715116616827 8 6IJ10 5181223916999999999999999 352 691619 5699999999999999
157135108 85 71 70 81101125148163167159141116 93 77 73 81 9812014115816527 8 7IJ105216823 716599999999999999 435 691651 7399999999999999
160145122 98 79 69 71 83102122140151153145130112 97 89 9110111813615216127 8 8IJ1142154233416399999999999999 519 691720 8999999999999999
162153135113 91 76 69 72 83 9911613013914113512511310410210711813314715827 8 9IJ1243141999999999999999999999 610 69175010299999999999999
162159147129108 88 74 67 70 80 9310812113013313112511711211211812914115327 810IJ 0 616214 413399999999999999 711 67182911299999999999999
161163159146128106 86 71 63 64 72 8510011412613213312912311911912313314427 811IJ 051163153813399999999999999 822 63193311899999999999999
155163166162149130107 84 66 56 55 63 77 9411212713713913512812211912213027 812IJ 156166165113999999999999999 935 5421 011999999999999999
142155166171169156135108 80 58 46 44 53 71 9311613514614814113011911311527 813IJ 3111721742148999999999999991038 43221911399999999999999
124138155171179178164139107 75 49 34 34 46 69 9712514615715614512811210327 814IJ 4231801824158999999999999991132 32232310299999999999999
104115135157177189187171141104 67 38 24 27 44 7310613716016816114312010027 815IJ 52619019 3168999999999999991221 23999999999999999999999
 90 93108132160184197195175140 98 58 30 19 26 49 8312015217117516113610827 816IJ 622198194117599999999999999 017 8913 6 1999999999999999
 86 77 83103133164190203197173134 90 51 26 19 32 60 9813516517917515512527 817IJ 713203201818099999999999999 1 6 771349 1999999999999999
 95 73 67 78102135168193203194166126 83 48 28 28 46 7711514917318117014427 818IJ 8 2203205418199999999999999 152 671430 2599999999999999
111 82 63 62 77104138170192198185155117 78 49 37 43 65 9713216017717615927 819IJ 849198212817999999999999999 236 6015 9 3799999999999999
130 97 71 58 61 79108140168185187171143108 77 57 53 64 8811714616717416627 820IJ 93518822 017499999999999999 318 571546 5299999999999999
145115 86 64 57 64 84111139162174172156131103 81 70 73 8811013515616816827 821IJ1022175222916999999999999999 4 0 571618 7099999999999999
154130102 77 62 59 69 88112135152160156142122103 90 86 9410912914816116527 822IJ1110160225516599999999999999 442 581647 8699999999999999
159142119 94 73 62 62 73 9011012814014614213211810710110311212714315516227 823IJ12 6146232216399999999999999 529 61171410099999999999999
161151133111 89 72 64 65 74 8810411913013513312711911311111612613815015927 824IJ1317135235916299999999999999 623 63174511199999999999999
162158147129108 88 72 64 64 71 83 9711112212913112812312011912313214215227 825IJ1451131999999999999999999999 730 63183611999999999999999
159161158147130110 89 71 61 59 64 76 9010612013013413312912412112413013927 826IJ 057161161713499999999999999 846 5920 412199999999999999
150159163162153136113 89 68 55 51 56 68 8610612413714214013212311711712227 827IJ 218164171014299999999999999 957 51213611699999999999999
133146159168170161143116 88 62 46 41 48 64 8711213414815214513211710710427 828IJ 3401701750152999999999999991055 41224710499999999999999
111125144163176180171149118 83 54 36 32 43 65 94124148161160147126106 9227 829IJ 4491801827162999999999999991145 322343 8999999999999999
 90 99119144168186190179152115 77 45 28 28 44 72106139162171164143116 9127 830IJ 54819119 3171999999999999991231 26999999999999999999999
 76 76 90115146175194197182151110 69 38 24 30 51 8512215417417716213410127 831IJ 641198193817899999999999999 032 741314 2499999999999999
 75 61 65 85115150181199199180145102 63 36 28 39 6610213916718117615312027 9 1IJ 731202201418299999999999999 118 611355 2899999999999999
 86 61 51 60 84118154183199195172136 95 60 40 39 55 8512015317518116814027 9 2IJ 819200204818199999999999999 2 2 511434 3799999999999999
105 72 50 46 59 87122156181192184160125 90 63 51 56 7610613716317717515627 9 3IJ 9 5192212117899999999999999 244 461511 5099999999999999
125 90 61 46 47 64 92124154174180170147117 89 71 67 77 9912515116817316427 9 4IJ 952180215117499999999999999 326 441546 6699999999999999
141110 79 56 46 52 70 96124148163165154135112 93 84 86 9911914115916816627 9 5IJ1040166221916899999999999999 4 8 461617 8399999999999999
151127 98 72 55 50 58 75 98120139149150141126111100 9810511913515116216427 9 6IJ1133151224516499999999999999 452 501644 9899999999999999
156140116 91 70 57 55 63 78 9611412813613713212311411011212013214515516127 9 7IJ1237138231616199999999999999 541 55171211099999999999999
159149132111 89 71 60 59 65 77 9210711912813012812411911812112813814815527 9 8IJ14 3130999999999999999999999 641 58175011899999999999999
158155146130111 90 73 62 59 63 73 8710111512513013112812412212312913714527 9 9IJ 0 3158153613199999999999999 754 5919 612299999999999999
153157156148134114 93 74 61 55 58 67 82 9911612913613613212512011812212927 910IJ 119157163613799999999999999 910 55205011899999999999999
140150158160155141120 96 72 56 48 51 63 8110212313814514313412111110610927 911IJ 2511611715145999999999999991014 4822 910699999999999999
119133149163169165150125 95 68 48 40 45 61 85112135151155147131112 96 9027 912IJ 4 916917501559999999999999911 7 4023 7 9099999999999999
 94108129152171180176157127 92 61 40 34 43 65 95126151164163147123 97 7827 913IJ 5131801824166999999999999991153 332357 7299999999999999
 72 80100128157180190183160125 86 53 34 32 47 75109142166174165141110 8027 914IJ 6 81901859174999999999999991237 30999999999999999999999
 60 57 70 96130163187196186158120 79 48 33 36 57 90126158177178161130 9327 915IJ 659196193418099999999999999 043 561318 3299999999999999
 62 45 46 64 96133168191197183152112 74 47 38 48 7310814317018217515111527 916IJ 74719720 918299999999999999 127 431358 3899999999999999
 77 48 35 41 65 99137170189191174142105 72 53 51 66 9312615717718016613627 917IJ 835193204318199999999999999 210 351437 4999999999999999
 99 63 39 32 43 69103139167182180161132100 75 64 69 8711414216517717215227 918IJ 922183211517799999999999999 253 321513 6499999999999999
120 85 54 36 34 49 75107137160170165148123 99 83 80 8910813115316817116127 919IJ1011170214417299999999999999 335 331546 7999999999999999
137106 74 50 38 41 56 80108132149155150136118103 95 9710912614415916616227 920IJ11 2155221216699999999999999 418 371616 9499999999999999
148124 96 69 51 44 49 63 8410512413714213812811710910711312413815115916027 921IJ12 2142224016199999999999999 5 5 44164510799999999999999
153137115 91 69 55 50 55 67 8410111612713213112611911611712313214315115627 922IJ1317132231815699999999999999 558 50171811599999999999999
155146132112 91 72 59 55 58 68 81 9611112212812912712312012112613314114827 923IJ1447129999999999999999999999 7 3 55181812099999999999999
152151145132114 94 76 62 56 57 65 78 9410912213013313012512011812012613427 924IJ 023152155613399999999999999 818 55195911899999999999999
143149152148137120 99 78 62 53 53 62 77 9511412913813913312311410810811427 925IJ 157152163813999999999999999 928 52212810799999999999999
125138150157156146127102 77 58 47 48 60 79102124141148145133116101 92 9227 926IJ 3251581712148999999999999991025 472231 9199999999999999
101117136154166167155132103 73 51 41 45 61 86114139155158148128104 83 7227 927IJ 4351681745159999999999999991114 412322 7299999999999999
 74 88111138162176177162134100 68 45 37 46 68 98129155168165146117 87 6327 928IJ 5331791819168999999999999991158 37999999999999999999999
 53 59 79109142170185184165133 95 62 41 38 52 80114146169176165138103 6827 929IJ 626187185417699999999999999 0 8 531240 3799999999999999
 45 38 49 75111147176190186163127 89 58 43 45 65 96131161179179159126 8627 930IJ 715191192918199999999999999 053 371321 4199999999999999
 51 30 28 45 76114151179190181156120 85 59 50 58 821141471721821741481102710 1IJ 8 419020 418299999999999999 137 2614 1 5099999999999999
 70 38 22 25 46 80118153176183172146113 84 65 63 761011311591761791631332710 2IJ 852183203818099999999999999 220 211439 6299999999999999
 94 57 30 20 28 52 85120150169172159136109 87 76 80 961201451651751691492710 3IJ 941173211017599999999999999 3 3 201515 7699999999999999
118 81 49 29 24 36 59 89119144157158147128108 94 90 981141341531661681572710 4IJ1033159214016899999999999999 346 241548 9099999999999999
135104 73 47 33 33 45 66 911161351451451361231101031051141281431561621582710 5IJ1129146221016299999999999999 432 31162010399999999999999
145123 96 70 50 40 41 53 71 911111261341351291211141121161241351461531552710 6IJ1236135224415599999999999999 521 39165411299999999999999
149136116 93 71 55 47 49 58 73 901061191271301271221181171201271361431482710 7IJ1356130233614999999999999999 619 47174311799999999999999
149143132114 94 75 60 53 53 60 73 881041171261301281241191161181231301372710 8IJ15 9130999999999999999999999 726 52191011699999999999999
143145143133118 99 79 63 54 54 60 73 891071211311341311231151091081111192710 9IJ 1 0145155613499999999999999 837 53204410799999999999999
130140146147140124104 82 64 53 51 59 75 94114131140141132119105 94 91 96271010IJ 236148163114299999999999999 939 512152 9199999999999999
108124140151155149132108 82 61 49 49 60 80104127144151146130109 89 75 72271011IJ 35315517 4151999999999999991031 472245 7299999999999999
 81 98121143160166158137109 79 56 45 48 64 89118143159160148123 95 69 54271012IJ 4561661738162999999999999991117 452333 5299999999999999
 54 67 92121149169175164140107 75 52 44 52 73103134159171166144112 77 49271013IJ 55117518131719999999999999912 0 44999999999999999999999
 35 38 58 89125156177181166138103 71 50 47 60 86119150172178165136 97 59271014IJ 643181184917899999999999999 018 341242 4699999999999999
 31 20 29 54 90129161180181164133 98 69 53 55 73102135164180178158122 80271015IJ 732183192518299999999999999 1 3 201323 5299999999999999
 42 18 12 26 56 94133163179176157126 94 70 61 68 90119149172181172146107271016IJ 82218020 118199999999999999 147 1214 3 6199999999999999
 66 31 11 11 29 60 98134160172167147120 94 77 74 85107134159174176161131271017IJ 911173203617799999999999999 231  91442 7399999999999999
 93 54 25 12 16 36 66101132154162155138116 96 86 88102122145162171166147271018IJ10 3162211017199999999999999 315 111519 8699999999999999
117 81 48 26 18 25 45 72102127144150144130114102 98103116133150161163154271019IJ1058150214216399999999999999 4 1 181555 9799999999999999
133105 74 48 31 27 35 53 77101121135139135125115108108114126138149155153271020IJ1159139221715699999999999999 448 27163210799999999999999
142123 98 72 51 39 37 45 60 79 99116127132129123116112113119128138145148271021IJ13 713223 214899999999999999 540 36171811299999999999999
145134117 96 74 56 46 45 52 65 81 98114124129128123117113113117124132138271022IJ1416129999999999999999999999 639 44182811299999999999999
142140131117 98 78 62 52 50 56 68 84101116126131129122114108106108115123271023IJ 01014215 913199999999999999 744 50195610699999999999999
132138139134121103 83 66 55 52 58 71 88107123133136130119106 96 92 94102271024IJ 142140154713699999999999999 848 522110 9199999999999999
115128139144140128108 86 67 55 52 60 76 96118134143142130112 93 79 73 77271025IJ 3 7144162114499999999999999 943 5222 7 7399999999999999
 89107127143152149135112 87 65 53 52 63 84108132148154146127101 76 58 53271026IJ 4161521655154999999999999991032 512256 5399999999999999
 60 78103130150161157140114 85 62 51 54 70 95123147162162147119 86 56 37271027IJ 5151611731164999999999999991118 502343 3399999999999999
 34 46 71103134158169163142112 82 60 51 59 80109139162173166143107 69 37271028IJ 6 916918 81739999999999999912 2 51999999999999999999999
 19 20 38 68105140164173165141109 79 60 56 68 93124153173178164134 93 52271029IJ 7 0173184617999999999999999 028 171244 5599999999999999
 21  6 11 35 70109144167173162136105 78 63 64 80107138164179177157121 78271030IJ 751174192418199999999999999 114  61327 6299999999999999
 38 10  0 10 37 73112145166169155131102 80 71 76 95121149170179171145107271031IJ 84117020 217999999999999999 159  014 8 7199999999999999
 65 28  5  1 14 42 78114143160161147125102 85 81 901091331561701731591312711 1IJ 933162203917499999999999999 244  01448 8199999999999999
 94 55 24  7  7 23 50 82114138151151138120103 93 931031211401571661621462711 2IJ1027153211516699999999999999 330  51528 9199999999999999
118 84 51 26 14 17 33 58 861121321421411311171061001031131281431541571512711 3IJ1123143215315799999999999999 417 1316 910099999999999999
133107 78 51 31 24 29 43 65 881101261341331261161081061091181301401471482711 4IJ1224135223514899999999999999 5 6 24165410599999999999999
140124101 76 54 39 34 39 53 71 911091231291291231151091071101171261341402711 5IJ1324130233114099999999999999 558 34175210799999999999999
140133119 99 78 59 47 43 48 60 76 941111231281271211121051021041101181272711 6IJ1418129999999999999999999999 655 4319 810299999999999999
133135130119102 82 65 53 50 55 66 83100116128131128118106 96 91 91 981082711 7IJ 04913515 013199999999999999 755 502023 9099999999999999
119129134132123106 87 69 57 54 59 73 91110126136137128113 96 82 74 75 842711 8IJ 215135153513799999999999999 851 542125 7499999999999999
 98114129138138129111 90 71 58 56 64 80101122139146142128106 82 64 55 572711 9IJ 332139161014699999999999999 944 552217 5499999999999999
 70 90112132145146135115 91 70 58 57 69 89114137152156146124 94 65 43 35271110IJ 4371471647156999999999999991032 5623 6 3599999999999999
 40 59 85114138153154141117 91 69 58 60 76100128151165164146116 80 46 24271111IJ 5341551726166999999999999991119 572353 1799999999999999
 17 27 51 83117144160159143117 89 68 59 66 85113142164174167142106 64 29271112IJ 62716118 61749999999999999912 4 59999999999999999999999
  7  4 19 48 85121150164161142115 87 68 64 74 97126154173178165134 93 50271113IJ 719164184617899999999999999 040  31248 6399999999999999
 15 -4 -3 17 49 88125152164158139112 87 72 71 85109137162177176157123 80271114IJ 811164192717999999999999999 127 -61333 6999999999999999
 37  6 -8 -3 20 54 92127151160153133109 88 78 81 96120145166175169146110271115IJ 9 216020 817599999999999999 213 -91416 7799999999999999
 68 30  3 -6  3 27 60 96127148154146128107 91 85 91107128150165169158133271116IJ 955154204816999999999999999 3 0 -615 0 8599999999999999
 98 60 27  6  1 13 36 67 98125142146138123106 95 93100115133149159159146271117IJ1049146212816099999999999999 347  11543 9299999999999999
121 89 56 29 14 13 25 47 74100122135138131118106 98 98106119133145151147271118IJ1143138221115199999999999999 434 111629 9799999999999999
134111 83 55 34 24 25 37 57 80103120130131125114104 99100107117129138141271119IJ123713223 114199999999999999 522 231721 9999999999999999
137125105 81 58 42 35 38 49 67 87106120128128121110101 96 97103112122130271120IJ1326129999999999999999999999 612 351823 9699999999999999
134130120103 82 63 50 45 48 60 76 94111123129126117105 94 88 88 93103113271121IJ 0 413414 912999999999999999 7 4 451933 8799999999999999
123129128119104 86 68 56 52 57 69 85103119130132126113 97 83 75 74 80 92271122IJ 122129144613299999999999999 758 522038 7399999999999999
106119127129122108 90 73 61 58 64 77 95114130138137126108 87 69 58 57 65271123IJ 242129152313999999999999999 851 582136 5699999999999999
 81100117130134128113 94 75 63 61 69 86107127143148143125100 73 51 39 39271124IJ 35413416 114899999999999999 942 612228 3799999999999999
 51 72 96119135141134117 96 76 64 64 75 95118141155158146122 90 57 32 20271125IJ 4571411642158999999999999991032 632317 1999999999999999
 23 40 66 96124142148139120 96 76 65 67 81105131153166165147116 77 41 14271126IJ 5541481724167999999999999991121 64999999999999999999999
  4 10 32 64 99129148153142121 96 76 67 72 89115142164174167144107 64 26271127IJ 64715318 817499999999999999 0 6  312 9 6699999999999999
  0 -8  3 30 65102134153155143120 94 76 70 78 98125151171177165137 96 52271128IJ 740156185217799999999999999 054 -81256 7099999999999999
 14 -9-13  2 31 69107137154154140117 93 77 75 85107133157173175159127 85271129IJ 831156193617699999999999999 142-141343 7499999999999999
 41  7-12-12  6 37 74110138152150135113 93 81 81 93114138159171168149115271130IJ 923153201917299999999999999 229-141429 7999999999999999
 75 35  5 -9 -5 15 45 81113137148144129110 93 84 871001201411571641581372712 1IJ101414821 316499999999999999 316 -91515 8499999999999999
104 67 32  9  0  7 27 55 87115134142137123106 93 88 921051221391511541462712 2IJ11 4142214715599999999999999 4 3  016 1 8899999999999999
125 95 62 34 16 12 21 40 66 93116131135129116102 92 89 951061211341431442712 3IJ1153135223414599999999999999 449 121650 8999999999999999
134115 88 61 39 27 26 36 54 77 99118128130123110 98 89 88 931031161271342712 4IJ1238130232813599999999999999 534 251744 8899999999999999
134125108 86 63 46 38 40 50 67 87106121128126117104 92 84 82 87 971081192712 5IJ1319128999999999999999999999 620 371844 8299999999999999
126127119105 86 68 54 49 52 63 80 98114125129124112 97 83 74 72 77 871002712 6IJ 034127135612999999999999999 7 7 491947 7299999999999999
112121123118105 89 73 61 57 62 74 91108123132133124108 89 72 60 58 63 752712 7IJ 149123143213499999999999999 756 572049 5799999999999999
 91107118123120109 93 77 66 64 70 84101120134141138124103 79 57 44 41 482712 8IJ 3 6124151214199999999999999 848 632146 4199999999999999
 64 84104120127125114 97 81 70 68 76 92112131146150143124 97 67 41 26 242712 9IJ 416128155515099999999999999 941 672240 2399999999999999
 34 55 80105124134131119100 82 71 70 80 99122143157159147122 89 54 25  9271210IJ 5191341641160999999999999991035 692331  799999999999999
  9 23 48 79108130141137123102 83 72 72 85106131153166166149118 79 40 10271211IJ 6151411728168999999999999991127 70999999999999999999999
 -5 -3 16 46 81113137147141124102 82 72 74 90113139161173169147112 69 27271212IJ 7 9147181617399999999999999 021 -71218 7199999999999999
 -2-15 -9 14 47 85119142150143123100 81 72 77 95120146167175167142103 58271213IJ 8 015019 317599999999999999 110-1613 8 7299999999999999
 18-10-19 -9 17 52 91124145151141120 97 80 74 81100125150168173161133 93271214IJ 850151195017399999999999999 158-191357 7499999999999999
 49 12-12-17 -3 24 60 97128146148136115 94 80 76 86105128151165167152122271215IJ 939149203616899999999999999 245-171445 7699999999999999
 83 43 10 -8 -8  8 36 70103129143142129109 91 79 79 90108129148159157140271216IJ1026144212216099999999999999 332-101532 7899999999999999
111 75 40 14  2  5 22 49 80109130139135121103 87 79 81 92109128143150145271217IJ111113922 815099999999999999 416  11619 7999999999999999
128101 70 41 22 15 22 39 64 90114129133127113 96 83 78 81 92107123135139271218IJ1153133225713999999999999999 459 1517 7 7899999999999999
133117 94 68 45 32 30 39 56 78100118128128119105 89 78 74 78 88102116126271219IJ1231129235312999999999999999 541 291759 7499999999999999
129123109 90 69 52 44 45 55 72 91109123128124113 97 82 71 67 71 81 95108271220IJ13 6128999999999999999999999 621 431857 6799999999999999
117121117105 89 72 60 55 59 70 86103118128130122108 90 73 61 57 61 72 86271221IJ 058121134113099999999999999 7 4 551958 5799999999999999
100111117114105 92 77 67 64 69 81 98114128135133123104 83 62 49 44 48 60271222IJ 214117142013599999999999999 752 6421 0 4499999999999999
 77 94108116116109 96 83 73 71 77 90107124137143139124101 74 50 34 28 34271223IJ 33111715 514399999999999999 846 702159 2899999999999999
 49 69 90108120122114101 87 76 74 81 96115133147152145125 97 65 37 18 12271224IJ 442122155515299999999999999 944 742255 1299999999999999
 20 39 64 90112126129120105 89 77 75 84100122142157160150126 92 55 23  3271225IJ 5431291647160999999999999991042 752347 -299999999999999
 -2  9 32 62 93119134136125107 89 76 75 85104128150165167153124 85 44 10271226IJ 6381371738168999999999999991138 74999999999999999999999
-10-12  3 30 65 99126141141128107 86 74 74 86107133156170170153120 77 34271227IJ 729143182917299999999999999 038-131232 7299999999999999
  0-18-17  2 33 70106134146143127104 83 71 73 87111137160173170149112 68271228IJ 817147191917499999999999999 127-201323 7099999999999999
 25 -6-21-16  7 40 79114139148141122 99 79 69 73 89114140161171164141103271229IJ 9 414820 817199999999999999 214-211413 6999999999999999
 60 20 -7-17 -8 17 51 89121141146136116 92 75 68 75 92116140159165155130271230IJ 949146205516599999999999999 3 0-1715 0 6899999999999999
 93 53 19 -2 -6  7 33 66100126141141128106 85 70 67 75 93116138152155143271231IJ1029143214215699999999999999 343 -71546 6699999999999999
