 75 81 84 85 86 88 89 91 94 98102106110112110104 98 90 81 69 59 52 49 5127 1 1IO13 211299999999999999999999922 7 49999999999999999999999
 57 67 78 86 92 98102105106108111112111111110107100 92 82 71 57 45 38 3727 1 2IO11121129999999999999999999992242 37999999999999999999999
 41 51 67 83 95103109114115115115117116114112111106 97 86 75 60 44 32 2627 1 3IO11201179999999999999999999992313 26999999999999999999999
 28 36 52 72 93107115119121119117117118118116115113107 96 81 66 49 31 1927 1 4IO 75512112271189999999999999910301162346 1699999999999999
 16 23 36 57 83107121125125122117113114117119119119117109 94 75 57 37 1827 1 5IO 72712615 5119999999999999991118113999999999999999999999
  8 10 21 41 68 98122131130125118110107110117120122124121109 89 67 46 2527 1 6IO 720132171012499999999999999 021  7115710799999999999999
  7  1  9 26 51 83115134136129120109101100108117122126129123105 81 58 3527 1 7IO 740137175712999999999999999 055  11232 9999999999999999
 13  0  1 14 36 65101129140134123110 98 92 96107117124130131119 96 70 4727 1 8IO 8 5140183813299999999999999 127 -213 6 9299999999999999
 24  5 -2  6 24 50 83117137138127114100 88 86 95107117125132128110 84 5927 1 9IO 832140191613299999999999999 156 -21341 8599999999999999
 36 15  2  4 18 39 67101129138131118104 90 80 83 95106115125129120 97 7127 110IO 9 0138195512999999999999999 223  11417 8099999999999999
 49 28 12  7 16 33 55 84115133133122109 95 82 76 82 94103112121122108 8327 111IO 928135203512499999999999999 250  61457 7699999999999999
 61 42 25 15 17 31 49 71 98123131124112100 87 76 74 81 90 97106115112 9527 112IO 958131211911599999999999999 318 141541 7499999999999999
 73 56 41 29 25 33 48 65 85108124124114103 93 81 72 72 77 83 89 9910610027 113IO103012622 810699999999999999 348 251632 7199999999999999
 85 69 56 46 39 41 51 65 79 96113120116105 95 85 75 67 67 70 74 80 90 9527 114IO11 412123 6 9699999999999999 421 381737 6699999999999999
 91 80 70 63 57 55 59 70 81 92104114115107 96 87 78 68 60 58 60 63 70 8027 115IO1136116999999999999999999999 454 5519 0 5899999999999999
 87 86 81 77 75 73 74 78 87 95102109113110100 89 80 70 59 50 47 47 51 5927 116IO 024 8712 711399999999999999 525 732019 4699999999999999
 71 81 86 87 89 90 91 92 95101106110112112107 96 84 73 62 49 38 32 33 3827 117IO12331129999999999999999999992122 32999999999999999999999
 48 64 80 92 99104107107106106110113115115114108 96 82 68 52 36 22 16 1727 118IO 628108124811599999999999999 8161062218 1599999999999999
 25 40 61 85104115120121118113111113116118118118114101 83 63 43 22  5 -227 119IO 645121143411999999999999999 95611123 8 -299999999999999
  1 14 35 64 96120131133130122112108111116120123126123108 84 59 33  8-1327 120IO 64713316131279999999999999911 31082353-1999999999999999
-19-10  8 35 73112138144140131117103 99105114121129137134114 84 54 24 -627 121IO 6581441722138999999999999991153 98999999999999999999999
-27-30-15  8 43 88131152150139125106 89 87 98111121134147142116 81 49 1627 122IO 723153181814899999999999999 036-311237 8699999999999999
-17-35-31-11 16 57107146157147132113 90 74 77 92106119138152142111 77 4427 123IO 75415819 915299999999999999 117-361320 7399999999999999
 10-21-33-21  1 31 75124154153138120 98 74 62 70 86100116139149134102 7127 124IO 828157195614999999999999999 157-3314 3 6299999999999999
 41  9-16-18 -2 20 51 94135151141124105 83 62 56 66 80 92112133138119 9127 125IO 9 2151204213999999999999999 235-201447 5599999999999999
 66 41 15  1  6 23 43 72109136139125109 91 71 55 54 63 73 8510412012010227 126IO 937141212812399999999999999 312  01534 5299999999999999
 81 64 45 29 25 35 50 67 91116129124109 95 80 63 52 53 59 65 76 9310410027 127IO10 9130221610499999999999999 345 241626 5199999999999999
 88 75 65 55 49 52 63 74 87103116118108 95 84 71 59 52 51 53 58 67 79 8627 128IO10361192315 8799999999999999 410 491738 5199999999999999
 84 79 75 72 70 71 78 86 94102109111106 96 85 76 66 57 50 47 47 50 58 6727 129IO1051112999999999999999999999 412 701937 4799999999999999
 73 75 77 79 83 87 92 98104108110109105 97 88 80 71 63 54 47 41 39 42 4827 130IO10221109999999999999999999992059 39999999999999999999999
 56 65 73 82 89 96102107111114114112107100 92 85 78 70 61 51 42 34 31 3327 131IO 94011499999999999999999999922 3 31999999999999999999999
 40 51 64 79 92102108113116116116114110103 97 92 87 79 69 58 47 35 25 2227 2 1IO 8451169999999999999999999992254 22999999999999999999999
 26 36 50 70 90105113117118117114112110107101 98 96 91 81 68 55 40 26 1627 2 2IO 8 31189999999999999999999992334 14999999999999999999999
 15 22 36 56 82105117121120117111105104105104102102102 95 81 65 49 32 1527 2 3IO 7121211635103999999999999991518102999999999999999999999
  7 11 22 41 68 98119125122116108 99 94 97101103106110109 97 78 60 41 2027 2 4IO 7 1125172611199999999999999 0 9  712 2 9499999999999999
  5  3 12 28 53 86115128126117107 94 84 84 92 99105113119113 94 72 51 2927 2 5IO 71612918 511999999999999999 040  21228 8299999999999999
  9 -1  4 18 39 71105128130120107 92 76 70 77 88 98109122124110 86 63 4027 2 6IO 736131184112599999999999999 1 7 -11256 7099999999999999
 16  0 -1 11 30 57 92122132124109 93 74 60 61 73 86100116129124102 76 5227 2 7IO 757132191613099999999999999 132 -21327 5899999999999999
 28  6 -1  7 24 45 77111131128113 96 77 57 49 56 71 86103123130117 90 6527 2 8IO 820133195213199999999999999 156 -114 0 4999999999999999
 42 18  3  6 21 39 64 97124130118100 82 62 45 43 55 70 85106125125105 7927 2 9IO 845131203112899999999999999 221  21435 4299999999999999
 57 35 16 10 20 37 57 82111127122104 87 69 50 38 42 54 68 85107121115 9327 210IO 913128211212199999999999999 250 101515 3899999999999999
 71 53 35 23 25 39 56 74 97118122108 90 74 58 42 36 42 53 66 8310311210227 211IO 942123215711299999999999999 320 221559 3699999999999999
 84 68 54 43 39 46 61 75 90107117111 95 78 64 50 38 35 40 49 62 78 94 9927 212IO1010117225010099999999999999 352 381650 3599999999999999
 91 79 70 63 58 60 69 81 92102110111100 83 69 57 45 36 33 37 44 55 70 8327 213IO1034112999999999999999999999 420 581752 3399999999999999
 88 85 80 78 77 77 81 90 98105108109104 91 76 63 53 42 33 29 31 37 46 5827 214IO 0 2 88104311099999999999999 426 7719 9 2999999999999999
 71 80 84 87 91 94 96100105110112110107 99 88 74 62 51 40 29 23 22 26 3427 215IO10 21129999999999999999999992040 22999999999999999999999
 47 63 78 90 99106110111111112113112109105 99 90 79 66 52 37 24 14 10 1327 216IO10 711399999999999999999999922 1 10999999999999999999999
 23 38 60 83102114119120117112109108108106105104100 88 71 53 34 16  1 -427 217IO 6431209999999999999999999992257 -4999999999999999999999
  1 14 35 65 96119128128123114103 97 98102104108114113 99 76 53 30  5-1327 218IO 6291281627115999999999999991114 962340-1699999999999999
-16 -5 12 40 78115135135128118101 84 79 86 94101114128127106 78 52 24 -627 219IO 6311371727130999999999999991149 79999999999999999999999
-23-20 -5 17 52 98134144135121104 80 62 62 75 87101124141135108 78 49 1627 220IO 653144181714299999999999999 019-241227 6099999999999999
-15-26-15  4 31 72119146143126108 83 56 42 50 66 82104133148134104 74 4427 221IO 72114819 214899999999999999 056-2613 5 4299999999999999
 10-16-17 -1 20 50 95135147133112 89 61 35 29 43 60 79107137145125 96 6927 222IO 752147194514699999999999999 132-201344 2899999999999999
 40  9 -6  2 20 41 73113140137116 94 70 42 23 25 40 56 78109133133111 8627 223IO 822142202813799999999999999 2 7 -61424 2199999999999999
 64 38 17 14 27 45 65 94123133119 97 76 54 30 19 26 39 55 78106121115 9627 224IO 852133211112299999999999999 239 1315 5 1999999999999999
 78 61 44 35 40 54 69 86108122118100 80 62 43 27 22 29 39 54 76 97105 9727 225IO 918123215710599999999999999 3 7 341550 2299999999999999
 85 74 64 56 57 66 78 89101112113102 84 68 53 39 29 27 31 40 53 71 85 8827 226IO 9361152252 8899999999999999 328 551643 2799999999999999
 84 79 76 73 74 79 89 97103108109101 87 73 61 50 40 33 31 33 39 50 63 7227 227IO 935109999999999999999999999 327 731758 3199999999999999
 76 78 80 83 86 91 97104108110108101 90 78 68 59 51 43 37 33 33 37 44 5427 228IO 9 21109999999999999999999991938 32999999999999999999999
 62 70 79 87 93 99104109111111109103 93 83 75 68 62 54 46 39 33 30 32 3827 3 1IO 8261129999999999999999999992111 30999999999999999999999
 47 58 71 86 97104109112113111107103 96 87 80 77 73 66 57 48 40 31 26 2727 3 2IO 7441139999999999999999999992220 25999999999999999999999
 33 43 58 78 96108112114113109103 98 95 90 84 83 83 79 70 59 49 37 26 2027 3 3IO 71711499999999999999999999923 9 20999999999999999999999
 23 31 45 66 90108115115112106 97 90 88 88 86 86 91 92 84 72 59 47 31 1927 3 4IO 6231151640 92999999999999991423 852346 1699999999999999
 16 22 33 52 79105117117111103 91 80 76 79 82 86 94102 99 86 71 57 39 2227 3 5IO 6261181719102999999999999991154 76999999999999999999999
 13 15 25 41 67 97117119112102 87 71 62 65 72 80 92106113103 85 68 49 2827 3 6IO 639120175411399999999999999 014 121213 6299999999999999
 13 11 19 33 55 86114122115102 86 65 49 47 57 69 83103120119102 81 61 3827 3 7IO 656122182812299999999999999 038 101237 4699999999999999
 16  8 15 28 46 74107124120104 87 65 42 31 38 53 69 91117130120 97 74 5127 3 8IO 71512519 313099999999999999 1 0  813 5 3199999999999999
 26 10 11 24 40 63 96122125109 90 69 43 23 21 34 52 73102129133115 90 6727 3 9IO 737127194013599999999999999 124  81336 1999999999999999
 42 19 12 22 39 57 83113127117 95 73 50 25 11 17 34 53 79112133129106 8327 310IO 8 2127201813599999999999999 151 121410 1199999999999999
 61 37 21 24 39 56 75101122122102 79 57 34 13  7 18 35 56 86116129118 9727 311IO 82912521 012999999999999999 221 201448  799999999999999
 78 58 40 34 44 60 75 93113121110 86 64 44 24  9  9 21 37 59 8811211810627 312IO 856121214611999999999999999 253 341530  799999999999999
 90 76 63 53 54 66 80 92105116113 95 72 53 36 20 11 13 23 38 59 8410110427 313IO 921117224110599999999999999 324 521618 1099999999999999
 96 87 80 74 71 77 88 98105111112102 83 63 47 33 21 15 16 25 38 55 74 8827 314IO 936112999999999999999999999 351 711717 1499999999999999
 93 91 89 89 89 91 96104109111110104 92 76 60 47 36 25 19 19 24 34 47 6327 315IO 0 3 93 9 411199999999999999 256 891832 1899999999999999
 76 86 91 97101104106109112112110104 97 87 75 63 52 41 30 22 18 20 27 3827 316IO 83911399999999999999999999920 8 18999999999999999999999
 53 70 86 98107113115114112110107102 97 92 88 82 72 60 47 34 23 15 14 1927 317IO 6101159999999999999999999992138 13999999999999999999999
 31 48 70 93110118120118112103 97 94 92 90 92 96 94 84 68 53 37 20  9  727 318IO 6 31201522 969999999999999913 9 902236  799999999999999
 15 28 49 79107122124121113 99 85 78 79 82 86 97109109 94 75 57 37 15  227 319IO 5411241630111999999999999991113 782318  199999999999999
  5 16 32 59 96123130123114 99 77 60 58 65 73 86107124121101 80 59 33  827 320IO 5511301721126999999999999991137 572354  099999999999999
  0  8 22 42 76115135130116100 77 50 36 41 54 68 90120137127103 81 57 2727 321IO 61513618 6137999999999999991210 35999999999999999999999
  5  5 19 35 59 98131138122102 80 51 24 18 31 47 67 99132142125101 79 5227 322IO 643139184914299999999999999 029  31245 1799999999999999
 23 10 19 35 52 81117138130107 84 58 27  7  9 26 45 71108137138118 96 7427 323IO 712139193114299999999999999 1 2 101322  599999999999999
 47 26 24 38 54 73101128134115 89 65 38 11  0  9 26 47 78114134128108 8927 324IO 741135201313599999999999999 134 2214 0  099999999999999
 69 48 37 44 60 74 93115129120 96 72 49 24  4  1 13 29 52 84113124114 9927 325IO 8 7129205712499999999999999 2 4 371439  099999999999999
 84 68 56 56 67 80 93107120119102 79 58 38 18  7  8 19 35 58 8610611010227 326IO 828122214511099999999999999 231 541522  699999999999999
 92 83 74 70 76 87 97106114115105 86 67 50 33 20 14 16 25 40 61 82 95 9827 327IO 8391162248 9899999999999999 253 701611 1499999999999999
 94 90 86 84 86 94102108112112104 90 74 60 47 35 27 23 24 31 44 60 75 8527 328IO 829112999999999999999999999 3 2 841713 2399999999999999
 89 92 93 94 96100106110112110104 93 80 68 58 49 41 34 31 31 36 45 57 6827 329IO 8 21129999999999999999999991828 30999999999999999999999
 78 87 94100103106109111111108102 94 83 74 67 61 54 47 41 37 36 38 44 5427 330IO 71811199999999999999999999920 1 36999999999999999999999
 64 76 89100107110111111109104 99 92 85 77 73 71 67 60 53 47 42 38 38 4327 331IO 6291129999999999999999999992129 37999999999999999999999
 52 63 79 96108113113111106 99 92 87 83 78 77 78 78 73 65 58 51 43 37 3727 4 1IO 5291131534 79999999999999991353 772228 3699999999999999
 43 53 67 87105113113110103 93 83 77 76 75 77 82 88 87 79 70 61 51 40 3527 4 2IO 5281141623 889999999999999913 1 7523 7 3599999999999999
 38 45 57 77 99113114109101 88 74 65 64 67 72 81 94100 94 83 72 61 46 3627 4 3IO 53911517 0100999999999999991137 632335 3499999999999999
 35 41 50 67 91111116110 99 85 67 51 47 53 62 74 93109111 99 86 72 55 3927 4 4IO 5511161735112999999999999991149 472358 3399999999999999
 33 37 46 60 82107119113100 84 64 42 31 35 46 61 84110124118102 86 68 4627 4 5IO 6 71191810125999999999999991211 30999999999999999999999
 33 34 44 56 74101121120104 86 65 39 18 15 27 44 66 98128135121102 83 6027 4 6IO 627123184713699999999999999 022 311239 1499999999999999
 39 32 42 55 69 92118127113 90 68 43 16  1  7 24 46 77115140138120100 7927 4 7IO 651127192514299999999999999 050 321310  199999999999999
 54 38 41 55 69 86111128124100 74 50 23 -1 -7  5 25 51 88126144135116 9627 4 8IO 71813020 714499999999999999 120 371346 -899999999999999
 75 53 46 56 72 86104123129113 85 59 34  8 -9 -7  8 29 59 9712913912711027 4 9IO 746130205113999999999999999 152 461425-1199999999999999
 93 75 61 62 75 90102117128122 99 71 47 24  3 -8 -3 13 34 65 9912412811827 410IO 814128214212999999999999999 226 6015 9 -899999999999999
106 94 82 76 82 94105114122123110 86 61 40 21  5 -1  5 19 39 66 9511311627 411IO 837124224611799999999999999 3 0 7616 0 -199999999999999
111105 99 94 93100109115118119113 98 77 57 40 25 13  8 13 24 41 63 8610127 412IO 840119999999999999999999999 335 9317 1  899999999999999
107108108108107108111116117115110102 89 74 59 46 34 24 18 20 29 41 58 7727 413IO 043108 74711799999999999999 4121071813 1899999999999999
 93103110114116116115114113110104 99 93 86 77 67 56 45 34 27 26 31 40 5427 414IO 4271179999999999999999999991941 26999999999999999999999
 72 90105115120121119113107102 96 91 89 89 89 86 77 66 55 44 34 30 33 4127 415IO 45112199999999999999999999921 6 30999999999999999999999
 53 72 94112121123120114102 91 83 80 79 82 90 98 97 88 76 65 52 38 33 3627 416IO 4461231525 99999999999999991159 7922 5 3399999999999999
 44 57 79104121125120113100 82 68 63 65 69 79 97110109 97 85 72 55 40 3627 417IO 44612516231119999999999999911 2 632247 3699999999999999
 42 51 66 91117128123112 99 80 57 44 46 53 63 83109123117103 91 75 55 4127 418IO 5 51281710123999999999999991119 442323 4099999999999999
 42 52 62 79107129130115 99 81 55 31 25 33 46 63 92122133122107 94 74 5327 419IO 5321321755133999999999999991150 252357 4599999999999999
 45 52 64 75 96122135124103 83 59 30 11 13 27 43 69105133137123108 92 7127 420IO 6 01351838139999999999999991224 10999999999999999999999
 54 54 66 78 91113133133113 88 66 38 11  0  8 25 47 79117139136121106 8927 421IO 630136192114099999999999999 029 5113 1  099999999999999
 69 60 67 81 92107126135123 98 73 49 22  1 -2 10 28 55 9112413813111710227 422IO 65813520 513899999999999999 1 2 601339 -399999999999999
 86 72 71 82 95107120131128109 84 60 36 13  0  2 15 36 65 9912513112411227 423IO 722132205313299999999999999 133 691420 -199999999999999
 99 86 80 85 97108117126128116 95 71 50 30 13  6 10 24 45 7310212012311827 424IO 740128214612499999999999999 2 2 8015 4  699999999999999
108 99 92 92 99109117123124117102 82 63 45 30 19 15 21 34 54 7910011311627 425IO 745124225311699999999999999 230 911553 1599999999999999
113108103101104110116120120116105 90 74 59 46 35 27 26 31 43 61 80 9710727 426IO 735121999999999999999999999 2551011644 2699999999999999
111112110109109112115117117112104 93 81 70 59 50 42 37 36 41 51 65 80 9427 427IO 037112 71911799999999999999 3231091736 3699999999999999
103110113115114114114114112107101 93 85 77 70 63 56 50 46 46 50 57 68 8027 428IO 4411159999999999999999999991833 46999999999999999999999
 92103112117118116114111106101 95 90 85 81 78 74 69 63 58 55 54 56 62 7127 429IO 3481189999999999999999999991956 54999999999999999999999
 82 94106115119118113108100 93 87 84 82 81 83 83 81 76 70 66 62 59 60 6627 430IO 4101191452 84999999999999991240 812117 5999999999999999
 74 85 98111118118113105 95 84 76 73 74 77 83 90 93 89 83 77 71 65 62 6427 5 1IO 4261191553 93999999999999991119 7322 7 6299999999999999
 70 78 91106116118112103 91 77 65 60 62 68 78 92103104 98 91 83 74 65 6427 5 2IO 43811816361059999999999999911 7 602241 6499999999999999
 68 75 85100115119113102 89 72 54 44 46 54 66 85107118116107 98 86 72 6527 5 3IO 4511201716119999999999999991119 442312 6499999999999999
 67 74 82 95113123118104 89 70 48 30 27 36 49 70 99125133125114102 85 6927 5 4IO 5111231754133999999999999991142 272343 6599999999999999
 66 74 83 93109126127112 92 72 48 23 11 15 30 50 80116141143132118102 8127 5 5IO 5361291835145999999999999991212 10999999999999999999999
 68 72 83 94106124135126103 78 54 26  3 -3  9 28 55 93132152148135119 9927 5 6IO 6 5135191715399999999999999 016 681246 -399999999999999
 79 73 82 96107121137139120 91 64 37  9-10 -8  7 30 6310614315614813411727 5 7IO 63614120 215699999999999999 051 731325-1199999999999999
 97 82 83 96109120134143135110 79 52 24 -1-13 -7 10 36 7211414515314413127 5 8IO 7 8144205115399999999999999 127 8014 9-1399999999999999
115 99 91 96109121130140142127 99 70 44 19 -1 -9 -1 17 43 7911614114613827 5 9IO 740143214714699999999999999 2 6 911458 -999999999999999
128116106102109120128133137133116 90 65 43 22  6  1  9 26 50 8211313313727 510IO 810137225113799999999999999 2501021552  199999999999999
133127120114112117124127128128122106 86 66 49 32 19 15 21 36 56 8210812527 511IO 820128999999999999999999999 3431121651 1499999999999999
131130128125120118119121119117115110100 85 71 58 45 34 30 35 45 61 8210427 512IO 016131 7 212199999999999999 5 61181755 3099999999999999
120128130130127122116113109105102102102 98 90 80 70 59 50 45 48 55 67 8427 513IO 23213099999999999999999999919 7 45999999999999999999999
103119128130129125117107 99 93 89 88 92 98100 97 90 82 73 64 59 60 65 7427 514IO 3101301354100999999999999991043 882024 5899999999999999
 88106121129129124117105 91 80 75 74 77 86 99106105 99 93 86 77 70 71 7627 515IO 3251301519107999999999999991053 742124 6999999999999999
 83 95112126130124115104 88 71 60 59 62 70 86105115114108103 95 85 79 8127 516IO 3471301617116999999999999991043 5922 9 7899999999999999
 87 93104121131127116103 88 68 49 43 47 54 68 92115125121116111101 89 8627 517IO 41413117 71259999999999999911 2 432247 8599999999999999
 91 98103115130133122105 90 70 47 31 30 39 51 73103127133128122114101 9127 518IO 4441341753133999999999999991132 292323 9099999999999999
 92101107114126137132114 94 75 52 28 18 23 35 53 8211613714013312511410027 519IO 51513718381419999999999999912 8 182358 9499999999999999
 94100110117125136140127105 83 60 35 16 11 20 36 61 9512814514413512411127 520IO 5461401924146999999999999991246 11999999999999999999999
 99 98108118126134142138119 95 71 48 24 10 10 23 43 7210713614814413312127 521IO 61514220 914899999999999999 034 971327  899999999999999
108101105116126133140141131109 85 61 39 20 11 15 30 53 8411714014714113027 522IO 641142205514799999999999999 1101011410 1099999999999999
118108106112123132137140135121 98 76 55 35 21 17 24 40 65 9512314014313627 523IO 7 0140214214399999999999999 1461051453 1699999999999999
126117111112119128134136134126109 89 69 52 37 27 26 35 53 7610212513713727 524IO 7 9136223213899999999999999 2241101535 2599999999999999
131124118115117123128131130125114 99 81 66 53 42 36 38 49 65 8610812513327 525IO 710131232713499999999999999 3 81151615 3699999999999999
133129124120117119122124123120114104 91 78 67 57 49 47 51 61 75 9311112427 526IO 7 5124999999999999999999999 4 81171652 4799999999999999
130130128125120117116116114112109104 96 87 78 71 63 59 59 64 73 84 9911327 527IO 0371319999999999999999999991728 58999999999999999999999
124128129128123117112109106102100100 98 94 88 83 77 72 69 70 75 82 9210427 528IO 1531299999999999999999999991810 69999999999999999999999
116124128128125118110103 97 92 90 91 94 96 96 94 90 85 81 80 80 84 90 9927 529IO 2331281331 97999999999999991011 901912 7999999999999999
109118125127124118109 99 88 81 78 79 84 92100104103100 96 92 89 88 92 9827 530IO 2531271515104999999999999991016 782035 8899999999999999
105113122127125118108 97 83 71 64 65 70 81 96110116115111107101 95 95 9927 531IO 3121271616116999999999999991025 642136 9499999999999999
105111119127128120109 96 80 63 51 49 54 65 8310512313012712311610710010027 6 1IO 33712917 6130999999999999991044 482224 9999999999999999
106112119128134129114 98 81 61 41 32 35 46 63 8911913914414013312210910227 6 2IO 4 71341752144999999999999991112 3223 610299999999999999
106114121128138140128107 86 64 40 21 16 25 41 6510013415415614913912410927 6 3IO 4421411836157999999999999991148 16234710599999999999999
105113123130140148145126 99 74 48 21  4  5 18 40 7111214916516315314012227 6 4IO 5201491920166999999999999991229  2999999999999999999999
109109120131140150156147122 91 63 34  8 -6 -1 17 43 8012415917116515313827 6 5IO 6 015620 417199999999999999 0291071313 -699999999999999
120110114127138148157160146116 84 55 26  2 -8  0 21 50 9013316417116315027 6 6IO 644160205117199999999999999 11311014 1 -899999999999999
135119113119132142150158157140110 80 52 26  4 -2  9 30 59 9813816316615727 6 7IO 730159213916799999999999999 1591131450 -299999999999999
146133120116122133140146152150132105 79 55 32 14 11 22 42 6910513915815927 6 8IO 822152223016099999999999999 2511151541 1099999999999999
151142131120117122128131135141138123102 82 63 44 30 29 40 57 8011013815127 6 9IO 920141232515299999999999999 3511171633 2899999999999999
151146139129119115116117117121127126116101 88 74 60 50 51 59 72 9111513527 610IO1028128999999999999999999999 5 91151725 4999999999999999
145145141135125115108105103102106114116112104 96 87 77 71 72 78 8710111927 611IO 024146115111699999999999999 8411021822 7199999999999999
134140139135128118106 97 91 87 88 94103110112109105100 95 91 91 9610211127 612IO 118141134211299999999999999 926 871925 9199999999999999
123133137134128119108 94 83 75 73 76 85 9811011511611511411010710711111527 613IO 2 2137153711699999999999999 958 73203010699999999999999
120127134135129119109 96 80 67 62 62 68 80 9811412212412512512211811912227 614IO 2371351835126999999999999991020 61212511899999999999999
125127132136133123110 98 82 65 53 50 54 64 8110312213113313413312812412627 615IO 3121361912135999999999999991048 50221212499999999999999
130132133137138131117102 87 68 50 41 42 50 64 8711413414114214113713012627 616IO 3471391845142999999999999991122 40225712699999999999999
130135137139142141130112 94 76 55 38 31 36 49 69 9712714615114814313512727 617IO 42414319 11519999999999999912 0 31234012699999999999999
126132138142144147142127106 86 65 44 29 26 35 53 7811014015615715014113127 618IO 5 31471932158999999999999991241 26999999999999999999999
124125133141145149150142123 99 77 56 36 24 26 39 61 9012415116215714713627 619IO 54315020 716299999999999999 0211231321 2399999999999999
125120125135144148151150138116 91 70 49 31 24 31 48 7310413715816215314127 620IO 622152204216299999999999999 1 21201359 2499999999999999
130121119126137144148150146130106 83 63 45 32 30 42 61 8711814616015714727 621IO 659150211816099999999999999 1411181436 2999999999999999
135125117119128137142146146138119 97 77 60 45 37 41 55 7510112915115715027 622IO 738147215315799999999999999 22211715 9 3799999999999999
140130121116119127133137140139127108 90 74 60 49 47 55 70 8911313715115127 623IO 821140223015299999999999999 3 61161540 4699999999999999
144135126117114118123126129132129117101 86 74 63 57 60 70 8410212314114827 624IO 9 913223 614899999999999999 3561141611 5799999999999999
145139131122114111113115117121124120109 97 87 78 71 69 75 85 9711313014227 625IO10 6124234314499999999999999 4591111643 6899999999999999
144140134126117109105104104107112116114107 99 92 86 82 83 89 9810812113427 626IO1113116999999999999999999999 7231041720 8199999999999999
141140134128120110101 95 93 93 98105111112109105101 97 95 9710311011812827 627IO 020141123911399999999999999 827 9318 6 9599999999999999
136139135128120111100 89 83 81 83 9010011011611611511311110911011512112727 628IO 055139143411699999999999999 9 1 81191410999999999999999
133138137131122111100 87 75 69 68 73 83 9811412312712812712512112112513027 629IO 130138171412899999999999999 932 68203312099999999999999
134138140138128115102 88 72 59 53 56 64 7910012113514114214113613012813227 630IO 2 814018 01429999999999999910 8 53214212899999999999999
137140143145140127109 92 74 55 41 38 44 57 7810613315015615515114213313227 7 1IO 2531451822156999999999999991049 38224013199999999999999
137143147150152145127105 83 60 38 24 23 34 53 8011514716516916415514213227 7 2IO 3481521848169999999999999991133 22233213099999999999999
132139147153158160151128101 74 48 23 10 12 28 52 8612816317817616715313827 7 3IO 4481611920179999999999999991219  9999999999999999999999
127129140150158165169157129 97 67 38 12  0  8 28 57 9614217518517716414727 7 4IO 548169195518599999999999999 02012613 5  099999999999999
130120126139150159170174158127 93 63 32  7  0 12 35 6610915518318417215727 7 5IO 645175203318699999999999999 1 71201350 -199999999999999
139121113122136147158171174155122 91 62 33 11  9 24 47 7912216418217716327 7 6IO 739175211318399999999999999 1551131435  799999999999999
148130112108118130139152166167146117 91 66 40 24 27 42 64 9413416617516627 7 7IO 832169215317699999999999999 2441081520 2399999999999999
153139121106104112120128142156154136114 94 74 54 45 51 65 8311014116316427 7 8IO 925157223416699999999999999 33710316 3 4599999999999999
155143130114102100104108116130141139126112100 86 73 70 77 8710212314515627 7 9IO1022142231415699999999999999 439 991645 7099999999999999
153144134122108 97 94 94 96103116126127120114108100 95 9510110911913214427 710IO1131128235214899999999999999 622 931724 9499999999999999
148143134125114102 91 85 83 85 9210411411911911911811711611812212613213827 711IO1340119999999999999999999999 811 83175411699999999999999
142141135127118107 95 84 76 73 76 83 9510711612212613013213313413613914027 712IO 021142999999999999999999999 9 6 73999999999999999999999
141140137130121111100 88 75 67 65 68 77 9110712013013714114414414414514627 713IO 0 8141225614699999999999999 953 65999999999999999999999
145142139135128117106 93 79 66 58 57 63 74 9211213014114715015114914714827 714IO19381512349148999999999999991036 57221014799999999999999
148146143140136128115101 87 71 57 49 51 60 76 9812314315215515515214714427 715IO19191559999999999999999999991116 4923 314499999999999999
146148147145143140129113 96 79 62 47 42 48 61 8110913715616115915414714027 716IO 1 914819 1161999999999999991155 42234413899999999999999
138143147147148148144129109 90 72 53 39 39 49 67 9212415216616415714813827 717IO 4541481919167999999999999991232 37999999999999999999999
131132140146148152154145126103 83 63 44 35 40 55 7710614016416916115013827 718IO 549154194517099999999999999 02013013 7 3599999999999999
126121128138145150156156142119 96 76 55 39 37 48 66 9112415517016615314027 719IO 633158201317199999999999999 0561211339 3699999999999999
126115115125136144152159154134110 88 68 49 39 44 60 8010814116416815814427 720IO 712159204116999999999999999 13111314 9 3999999999999999
129114107111123134143153158146123101 81 62 48 46 57 74 9612515316616114827 721IO 75015821 916799999999999999 2 71061436 4599999999999999
134119105102110121130141152151135113 94 77 61 53 59 73 8911213915916215127 722IO 830154213816399999999999999 24510115 4 5399999999999999
138125110 99 99107116125138147142124106 91 76 65 64 74 8810512614815815327 723IO 91214722 815899999999999999 328 981534 6399999999999999
141129117103 95 97103109120133139132117103 92 82 76 80 9110411813615115327 724IO 959139223915499999999999999 418 9516 6 7699999999999999
144132122109 97 91 92 96103114126131125114106 99 93 92 9810811813014214927 725IO105413123 914999999999999999 518 911641 9199999999999999
145135124114102 92 86 86 89 9610711912512211711411110810911512313113814427 726IO12 5125233814699999999999999 631 85171910899999999999999
145138127116106 95 84 78 77 80 8810011312112412412512612512613113614114427 727IO2359145999999999999999999999 739 77999999999999999999999
145143133121110 99 87 75 68 67 71 79 9310912213113614014114013914214514727 728IO1749141235514899999999999999 840 67194013999999999999999
148147142132119106 92 77 64 56 54 60 71 8810912914215115415314914614714927 729IO1817154999999999999999999999 939 54212614699999999999999
151151149145136121104 86 68 51 41 41 49 64 8711414015816516516015214514427 730IO 0301511827166999999999999991035 40224214499999999999999
148151153154153144126103 80 58 38 26 28 40 61 8912515717317516915914713727 731IO 3171541837176999999999999991123 25233213599999999999999
136143150155161164155131102 75 49 25 13 19 37 63 9814117418517816715213327 8 1IO 45216419 01859999999999999912 8 13999999999999999999999
122125138148157170176163133101 71 41 15  7 19 41 7111315918718817415813727 8 2IO 554176192919099999999999999 0151211250  699999999999999
116106115131143158178184165131 99 68 35 11 10 28 52 8513217519218216314427 8 3IO 64718520 219299999999999999 0581061331  899999999999999
120 98 94107123138159181184160127 98 67 36 19 25 45 6910414918218616915027 8 4IO 736186203618899999999999999 141 921411 1899999999999999
129103 85 86100115131156177174150122 97 70 45 37 49 67 8912316017917215327 8 5IO 824180211118099999999999999 225 831450 3799999999999999
135114 91 78 82 94106125150166159138118 99 78 62 63 76 9111013816316815527 8 6IO 911166214416999999999999999 312 771526 6199999999999999
138122103 84 76 80 88 99117139149142128116104 92 86 9210211312814615815427 8 7IO10 3149221415899999999999999 4 4 761559 8699999999999999
140125111 96 82 76 78 83 9210812513212812311911411011111712513214014814927 8 8IO11 5132223515099999999999999 510 76162210999999999999999
140128116105 92 82 76 75 77 86 9911111912112312512712813213714114414514527 8 9IO2223146999999999999999999999 650 75999999999999999999999
140130121111102 91 81 74 71 72 79 9010211212112913514014414714915014914627 810IO2056150999999999999999999999 813 71999999999999999999999
140133126118110100 90 80 71 66 67 73 84 9711312713814615115415415315114827 811IO1944154999999999999999999999 921 66999999999999999999999
143137131125119110 99 88 76 66 60 62 69 82 9912013815015515715715415014827 812IO19241579999999999999999999991018 60999999999999999999999
145140135132129123111 98 85 72 59 54 58 68 8410613215115815915815314614127 813IO184015999999999999999999999911 3 54999999999999999999999
141141138136137136126110 96 81 65 52 50 57 71 9111914716116215815114213327 814IO 417138183416399999999999999 2591361141 4923451309999999
131134137138141145141126108 92 74 56 46 49 61 7810413616016615915013912627 815IO 5101461851166999999999999991214 46999999999999999999999
118121129135140149153143123103 85 65 48 45 54 69 9112215316816315113812227 816IO 551153191216899999999999999 0121181244 4499999999999999
108106115126135146158157139116 96 76 56 45 49 63 8110814116516715413912227 817IO 628160193516999999999999999 0411051311 4499999999999999
104 93 98111124137154164154131108 88 66 49 48 59 76 9712815716815914212527 818IO 7 3164195816899999999999999 111 931336 4699999999999999
105 87 83 94109123142160163146122100 79 59 50 58 73 9111514516516314712927 819IO 739165202316799999999999999 143 8214 1 5099999999999999
110 89 76 79 92107124146162157136113 94 74 59 59 73 8910713215716415213327 820IO 817163204916499999999999999 218 751429 5799999999999999
116 97 79 71 79 91105125148157146126107 91 75 68 75 9010512214415915513827 821IO 857157211716099999999999999 257 711459 6899999999999999
120104 87 73 71 78 89104125144148136120106 94 84 84 9410812013515015414227 822IO 942149214515499999999999999 340 701531 8399999999999999
125109 95 81 71 71 77 8710212213613712811811110410010411412413314314914527 823IO103313922 914999999999999999 430 6916 310099999999999999
130114101 89 77 70 69 74 83 9711412712912512212011911912413213814314614527 824IO1143129222314699999999999999 531 68163011899999999999999
136122107 96 85 75 67 66 70 78 9010511812412713013413513614014414714714527 825IO2132147999999999999999999999 642 66999999999999999999999
141131118105 94 83 71 63 60 62 69 81 9711312513514314814914914915014914727 826IO2119150999999999999999999999 8 1 60999999999999999999999
144138130120108 95 81 68 57 51 52 60 73 9211313314815615915715314914614627 827IO18 5159999999999999999999999 921 51999999999999999999999
144142140136128115 97 80 63 48 40 41 51 68 9112014616216616415714813813527 828IO18 11669999999999999999999991022 39225713599999999999999
137140141145148141122100 79 57 38 28 33 47 68 9813516317417016114813211927 829IO 35414818 61749999999999999911 9 28232811899999999999999
120127134143155163153128102 77 50 27 20 31 49 7511315417817816515113110827 830IO 5 01631827181999999999999991150 20999999999999999999999
 97104118130146168177161130102 74 43 20 21 37 59 8913317218517315413410727 831IO 552177185518599999999999999 0 3 971229 1899999999999999
 83 78 92109126152179184161129101 70 38 23 31 51 7410915318318116013811327 9 1IO 639186192518699999999999999 041 7713 6 2299999999999999
 83 62 66 84102125158184181154125 99 68 41 36 51 71 9413016818216814312027 9 2IO 724187195718299999999999999 121 611342 3599999999999999
 92 64 51 61 79 98125160179169144120 97 70 54 59 76 9311514717117014912527 9 3IO 8 8179202717499999999999999 2 1 511416 5399999999999999
102 76 54 49 60 76 96125155165153134116 98 81 76 8610111513415516415213027 9 4IO 854166205516499999999999999 243 481447 7599999999999999
109 89 67 53 53 62 75 95122143148138126116105 9810111212213214415415013427 9 5IO 943148211615499999999999999 329 511514 9899999999999999
115 98 82 66 58 58 64 75 9311412913112712312011711812413213814314714513527 9 6IO1044132211914799999999999999 425 57152411799999999999999
120105 93 81 70 64 62 66 75 8910411512012312612913213614114514714614213427 9 7IO20 8147999999999999999999999 545 62999999999999999999999
123112102 93 84 75 69 65 66 73 83 9510611612613414014514815015014714213527 9 8IO1920150999999999999999999999 718 65999999999999999999999
125116110104 96 88 79 71 66 65 69 78 9010411913414414915315315114714113527 9 9IO1844153999999999999999999999 842 64999999999999999999999
127120116113108100 91 82 72 64 62 66 75 8910712814415215415415014313713227 910IO1823154999999999999999999999 950 62999999999999999999999
127122119120120114103 93 82 70 61 59 65 76 9311613915215515314813912912427 911IO 330120175115599999999999999 2101191040 5999999999999999
122121120123128127117104 93 80 65 57 59 68 8110313015015615214513512211227 912IO 423129175715699999999999999 1531201117 5623371109999999
111114117122132138132118104 90 74 59 55 62 73 9111814415715414413211610127 913IO 5 31381813157999999999999991148 552355 9599999999999999
 95101109117130144146134116100 83 65 55 58 69 83106135156157145130113 9327 914IO 5391471832159999999999999991214 54999999999999999999999
 80 83 94106122142155150131112 94 73 57 55 65 79 97125152160149132113 9127 915IO 613156185216099999999999999 020 801237 5499999999999999
 71 65 76 91108131155162147126106 85 64 55 62 76 92115144161155136116 9427 916IO 647162191316199999999999999 047 6513 1 5599999999999999
 69 54 58 73 91114143164161141119 99 76 60 60 74 90108133157160143120 9927 917IO 723166193716299999999999999 118 531327 5899999999999999
 75 53 46 56 73 94122153166155133113 93 73 65 74 9010512414816015012710427 918IO 8 016620 316099999999999999 151 451356 6499999999999999
 83 60 44 44 58 75 98129155160145126109 91 78 78 9210712113815415413511127 919IO 841161203015699999999999999 227 421427 7699999999999999
 90 71 52 42 47 61 78102131150150136122109 97 91 9811212413414615114111927 920IO 926152205415199999999999999 3 7 421458 9199999999999999
 98 81 64 50 45 51 63 7910312714013812912211511011011912913714314714312827 921IO102014121 914799999999999999 354 45152810999999999999999
107 90 76 63 52 49 54 64 79 9811712813012812712612612913614214514514213327 922IO1140130202714599999999999999 452 49153912699999999999999
118101 87 76 65 56 52 55 62 74 9010711912613113614014114314514714514113427 923IO1959147999999999999999999999 6 4 52999999999999999999999
126114102 91 80 69 59 53 53 58 68 82 9911512914014715015014814614313813327 924IO1726151999999999999999999999 731 52999999999999999999999
128123117109 98 86 73 61 52 49 52 61 76 9611913815015515515114313513012727 925IO1728156999999999999999999999 9 0 49999999999999999999999
124123125126121108 92 77 62 48 43 47 58 7510012915115915815214212711511227 926IO 245127171715999999999999999 04612310 2 4322591129999999
113116123134141134116 98 80 60 43 38 46 60 81112144163162153141123102 9127 927IO 4 31411726164999999999999991047 382316 9099999999999999
 93101110126147156144122102 80 55 38 39 52 68 93130161169157141123 97 7427 928IO 4561561748169999999999999991126 362347 6799999999999999
 68 78 91108135162167150125104 78 50 38 47 63 82112149172166145124 99 6927 929IO 54216918161739999999999999912 2 38999999999999999999999
 48 51 67 85110146173171149125102 74 50 47 62 80100132164173154129104 7427 930IO 627176184617499999999999999 022 471236 4599999999999999
 44 32 42 62 84116155176167144122 99 72 57 64 82 98120150170163137110 842710 1IO 710177191517199999999999999 059 321310 5799999999999999
 54 29 26 41 61 86123159170157137118 97 77 73 86102117137159164146118 932710 2IO 754171194316599999999999999 137 241342 7299999999999999
 67 41 25 29 44 64 92127154158145130115 99 89 941081211331481571491271022710 3IO 83915920 715799999999999999 218 251411 8999999999999999
 80 58 38 30 36 49 68 961251431441351251161081071151271361431491461311102710 4IO 931145201814999999999999999 3 2 30143510699999999999999
 90 73 56 44 40 45 56 73 971181301321291251221211251321391431441411311162710 5IO1039132195114499999999999999 354 40144512199999999999999
 99 84 72 61 52 50 53 61 76 941101201251271291311341381421441431381291172710 6IO19 7144999999999999999999999 459 50999999999999999999999
105 94 85 76 68 62 58 59 65 76 891021141231311361401431451441411351271172710 7IO1818145999999999999999999999 618 58999999999999999999999
108100 95 89 82 75 69 65 64 67 75 86 991131271371431451461431381311241162710 8IO1732146999999999999999999999 745 63999999999999999999999
108103102100 95 89 82 75 69 66 68 75 861001181341431461451411331241171112710 9IO17 5146999999999999999999999 9 7 66999999999999999999999
106103105108107101 94 86 78 70 67 69 77 89106126141146143138129117106101271010IO 32410817 314699999999999999 11310310 4 6799999999999999
100100104111117114106 97 89 79 70 68 73 82 96116136145142135125110 96 88271011IO 411117171414599999999999999 0261001044 672324 879999999
 88 92 99110123126120109 99 88 75 68 70 78 89107129143143134122106 87 74271012IO 4491271729145999999999999991113 682336 7199999999999999
 72 79 89104123136134123111 98 83 70 69 76 86100122141146136121104 82 62271013IO 5231371745146999999999999991137 682357 5599999999999999
 55 62 74 91115138147139124110 93 75 68 73 84 96115138149142124104 82 57271014IO 55714718 41499999999999999912 1 68999999999999999999999
 41 43 56 74 99130153154140123106 85 70 70 82 95110132150149131108 85 59271015IO 632156182715399999999999999 023 401227 6899999999999999
 35 27 37 55 78111146162155138120100 79 71 80 95108126147155141115 91 66271016IO 7 9163185315599999999999999 053 271256 7199999999999999
 39 21 22 37 58 86124156164151134115 95 79 80 95110123141155151127 99 74271017IO 748164191915699999999999999 126 191327 7899999999999999
 49 26 16 23 41 63 96133158159145129112 96 88 96111125137149154139111 85271018IO 831161194615499999999999999 2 2 161359 8899999999999999
 62 39 22 18 28 46 70102135152149138126114104104114127137145150145125 98271019IO 92015320 815099999999999999 244 17143210299999999999999
 74 55 37 25 24 34 51 74103129142140133127121117120130139143145143132112271020IO102014220 714599999999999999 332 2315 611799999999999999
 89 70 55 41 32 32 41 55 75 99120131134132132131131134139142142138132120271021IO1152134191914399999999999999 430 31154113199999999999999
104 87 73 61 49 41 40 46 57 73 92111124132136139140140139139137132126120271022IO16 0140999999999999999999999 539 40999999999999999999999
112102 91 80 70 59 51 47 50 58 70 87106123135141145145141135129123117112271023IO1625145999999999999999999999 7 1 47999999999999999999999
111110107100 91 80 69 59 53 53 59 70 86107127141146146142132121111105101271024IO1627147999999999999999999999 828 52233510099999999999999
101106113117112101 90 78 65 56 55 62 73 91114136147146141131115 98 87 85271025IO 254117162314899999999999999 933 552254 8599999999999999
 87 93106123129123111 99 85 68 58 60 69 81100126147150141129113 91 71 64271026IO 3581291641151999999999999991019 5823 2 6399999999999999
 67 76 89113135141131118105 88 69 62 69 79 92114141154147130113 91 64 45271027IO 44814217 6154999999999999991056 622330 4399999999999999
 45 55 69 92124148150137123108 87 70 69 80 92107131153156138115 94 66 38271028IO 5341521735158999999999999991132 67999999999999999999999
 25 32 48 68100137158154139124106 85 73 80 94107123146159149124 99 73 43271029IO 61815918 515999999999999999 0 4 2512 6 7399999999999999
 19 14 27 46 73110147161153138122103 85 82 94109121138155157137109 82 55271030IO 7 3161183515999999999999999 041 131239 8199999999999999
 26  9 12 28 50 81121151159148134119101 91 95110123135148156146121 93 68271031IO 74815919 115699999999999999 120  81312 9099999999999999
 41 19 10 17 34 58 91127149152142129116104101110124134143150148131105 802711 1IO 837153192115199999999999999 2 1 10134310199999999999999
 57 36 20 17 25 42 67 98127143143135126117112114124134141144143134115 922711 2IO 930145192214599999999999999 245 16141211299999999999999
 71 53 38 28 27 36 52 751011231351351311261221221261331391411381311181012711 3IO1034136185514199999999999999 333 26143712199999999999999
 83 68 55 45 38 39 47 62 811011181281301301291291301331361371331261171052711 4IO1210130184313799999999999999 424 38144712899999999999999
 92 80 70 61 54 50 51 58 69 841001141231291321331331331331311281211131042711 5IO1559133999999999999999999999 517 49999999999999999999999
 95 88 81 75 68 63 61 62 67 75 871001121231301341351331301261201131061002711 6IO1544135999999999999999999999 614 60999999999999999999999
 95 92 89 86 81 76 72 70 70 73 80 89101114125133135132128121112104 97 932711 7IO1556135999999999999999999999 734 70999999999999999999999
 91 92 94 95 93 88 84 81 77 76 78 84 93105118129133131125116105 94 85 822711 8IO 253 9516 913399999999999999 017 91 858 762319 829999999
 83 87 94101103101 96 92 86 81 80 83 89 99111124132131124113100 84 73 692711 9IO 354103162113299999999999999 950 8023 7 6999999999999999
 71 77 89103112113109103 97 89 83 83 88 95106120131131123112 97 78 61 53271110IO 4361141633132999999999999991026 822316 5399999999999999
 55 63 77 97116125123116109 98 88 84 88 95103116130135127112 96 76 54 39271111IO 5131251651135999999999999991055 842335 3799999999999999
 38 46 61 83112132137131122111 96 85 86 94103113129139134118 98 78 53 30271112IO 5491371713139999999999999991124 85999999999999999999999
 22 28 42 64 96129147146137125109 92 86 92103113126141144129105 82 57 30271113IO 626148174114599999999999999 0 1 221155 8599999999999999
 11 10 23 43 72111144156151139123104 90 90102114126140150143120 91 65 37271114IO 7 5156181015199999999999999 032  91228 8899999999999999
 11 -1  5 23 48 84125154160151137120102 93 99114126138150153137108 77 50271115IO 746161184215499999999999999 1 8 -113 3 9399999999999999
 22  1 -5  6 27 55 94134157158147133117103101111126137146153149126 95 66271116IO 832160191315499999999999999 148 -5134110099999999999999
 40 15 -1 -2 12 34 64102136153152142130118109111122134142147149139115 85271117IO 922155194214999999999999999 232 -3142210999999999999999
 59 37 17  5  7 20 42 70104133146145137130122117120129137140140138126104271118IO1019147195714099999999999999 322  4151011799999999999999
 80 59 41 25 16 19 31 50 75103127138139135132127123125129131129127124114271119IO1127139185813199999999999999 416 15161912399999999999999
 98 80 65 51 38 30 33 43 58 78101122133135135134130124122120118113111110271120IO1314135999999999999999999999 515 30999999999999999999999
106 96 84 74 63 53 46 48 54 65 81101119130134135133127118111105 99 95 96271121IO1442135999999999999999999999 621 462224 9599999999999999
100102 99 92 85 77 68 62 61 66 74 86103120131134132127118105 93 84 79 79271122IO 05710215 013499999999999999 738 612241 7899999999999999
 84 94103106102 96 90 82 75 73 77 84 94108124133133126117104 86 71 63 62271123IO 248106152213499999999999999 850 732243 6299999999999999
 66 77 94109114111107102 93 85 83 88 94102116131135128116103 85 64 48 44271124IO 358114155013699999999999999 942 822252 4499999999999999
 48 57 75100119124121117110 99 91 91 98104112126138135121105 87 64 41 29271125IO 4531241621139999999999999991024 902320 2899999999999999
 30 39 54 80111130133128123114101 95 99108114123136142132112 91 70 43 21271126IO 54213316531429999999999999911 2 952354 1499999999999999
 15 22 35 57 90123140140134126113101 98107117124134144143125101 78 52 25271127IO 6271411726146999999999999991139 98999999999999999999999
  8  7 18 37 66103135147144135124110100103115125133142148139116 89 64 37271128IO 712148175914899999999999999 032  5121710099999999999999
 13  1  5 21 44 78115143150144133120107102109122132139146145130105 77 52271129IO 755150182814799999999999999 113  0125410299999999999999
 27  7  1  9 28 55 90125146149140128116107107116128137142144137118 92 67271130IO 839150185214499999999999999 154  1133210599999999999999
 44 23  9  7 19 40 68101130145144134123114109112122132137139136125105 802712 1IO 923146185913999999999999999 235  6141010999999999999999
 59 40 24 16 19 32 53 79108131140136128121115113117125131132130124111 912712 2IO10 9140184813299999999999999 315 15145111299999999999999
 71 55 41 30 27 33 47 66 89112129133130125120116115118123124122118111 982712 3IO1058133184912499999999999999 352 27154211499999999999999
 82 67 56 46 40 40 48 61 77 96114125128126123119115113114115112109105 982712 4IO1154128183611599999999999999 426 39165811399999999999999
 88 76 67 60 54 51 55 63 73 86102115122124123121116111108105101 98 95 932712 5IO13 5124999999999999999999999 457 51999999999999999999999
 89 83 77 72 67 64 64 68 75 83 94106115120122121117111103 97 91 86 83 832712 6IO14 4122999999999999999999999 527 642218 8399999999999999
 85 85 84 82 79 77 76 77 80 84 91 99109116120120117110101 91 81 74 70 702712 7IO 040 86143212099999999999999 6 9 762223 6999999999999999
 75 82 88 90 91 90 88 87 87 88 92 98104112118119116110101 88 75 63 57 562712 8IO 341 91145112099999999999999 742 872238 5699999999999999
 61 71 85 95101102102100 96 94 95 99103109116120119111101 88 71 55 44 412712 9IO 513102151412199999999999999 910 942254 4199999999999999
 45 55 73 93108114115114109102 98100105109115122124117104 89 72 51 34 26271210IO 55411515441249999999999999910 5 982316 2699999999999999
 28 37 55 81107123128127123113103101105111116124130127114 95 75 53 30 13271211IO 61712816181309999999999999910491002345 1099999999999999
 10 18 33 59 93123138140136127113103102110118125134138130109 85 60 34  9271212IO 6441411657138999999999999991130101999999999999999999999
 -4 -2 12 35 68108138150148139126110101105116126135144145130103 74 45 17271213IO 716151173814699999999999999 020 -5121010199999999999999
 -7-16 -8 11 40 80122150157150137121106100108122133142151148128 96 63 33271214IO 752158182215199999999999999 059-16125210099999999999999
  4-17-21 -8 16 49 92134157158147132116103101112126137146152146121 87 55271215IO 83216019 915299999999999999 141-22133710099999999999999
 26 -1-19-17 -1 25 60103140157153140127112101102114127135143148138112 80271216IO 914157195814899999999999999 226-20142410099999999999999
 52 25  1-11 -6 12 37 71110141151144133122109100103113121126133137127103271217IO 959151205213799999999999999 312-12151710099999999999999
 76 53 31 12  4 12 29 51 81114138143136127118106 99100106109113119123114271218IO1046143215112399999999999999 359  41619 9899999999999999
 95 75 59 42 29 25 33 47 65 90116132134128121113102 95 93 94 94 96103107271219IO113613423 010799999999999999 446 251849 9399999999999999
102 90 79 68 58 49 49 55 66 79 97116126126121115107 96 87 81 78 76 79 87271220IO1229127999999999999999999999 534 482058 7699999999999999
 94 94 90 85 80 75 71 71 76 83 92104115122121115108 99 87 75 66 61 60 65271221IO 033 95131912299999999999999 627 702145 6099999999999999
 74 85 92 93 93 93 92 90 89 93 97102109116120117109101 90 76 61 50 46 47271222IO 351 9314 312099999999999999 735 892221 4599999999999999
 53 67 83 95100104106106104103105108110113118120114103 92 79 62 45 35 32271223IO 633107144512099999999999999 8501032250 3299999999999999
 36 47 65 87103111115118116112110113115116118121121112 98 84 67 47 29 21271224IO 714118152712299999999999999 9521102321 2099999999999999
 22 30 45 70 97114122125125120114112116119120123126123110 93 75 54 32 15271225IO 73112516111269999999999999910441122356  999999999999999
  9 15 28 50 81110127132131127118111111117122124128131125108 86 65 42 18271226IO 7101321657131999999999999991129110999999999999999999999
  3  2 13 32 60 95125139138132123113106109118124128133134124102 78 54 29271227IO 725140174213599999999999999 033  1121210699999999999999
  7 -4  1 17 41 74111137144138128116105101108119126131136135119 94 67 43271228IO 754144182413799999999999999 110 -4125210199999999999999
 19  0 -4  6 26 54 90125144143133120108 98 98108120127132136130109 82 57271229IO 82614619 213699999999999999 146 -51330 9699999999999999
 34 13  0  2 18 40 70105134144137124112100 93 97109119125130131120 96 71271230IO 859144193913299999999999999 220 -114 8 9399999999999999
 49 29 12  7 16 34 57 87118137137127114102 92 89 96107115121126123107 83271231IO 931139201612699999999999999 251  61446 8999999999999999
