 89 93 95 96 96 94 94 96 99104110117123125123118109 97 84 71 61 55 54 6027 1 1J2 319 96125212599999999999999 545 942134 5499999999999999
 68 78 88 96102106109112114116119121124124123120113102 88 73 58 47 41 4227 1 2J212581249999999999999999999992220 40999999999999999999999
 49 60 75 90102111117121123124125126126125124123118109 95 79 63 46 34 3027 1 3J2114112699999999999999999999923 1 30999999999999999999999
 33 43 58 78 98112120126129128127127127127125125125118105 89 71 52 34 2427 1 4J2 82012912 41279999999999999910261262339 2299999999999999
 22 28 41 63 89110123129132131126123124126125126129128118101 83 63 41 2327 1 5J2 8171321627129999999999999991113123999999999999999999999
 14 17 27 46 74104125133135133127119116119123125129134132118 97 76 53 2927 1 6J2 759135171813599999999999999 014 14115311699999999999999
 12  8 15 31 57 91122138141137130119110109115121126135141134115 91 67 4227 1 7J2 74514118 414199999999999999 047  8123110899999999999999
 17  5  7 19 41 73111139148144135123109101105114121130141145132109 83 5727 1 8J2 8 4148184614599999999999999 120  413 910199999999999999
 30  9  2 11 29 56 93130150151142130114100 96104114124135146144126 99 7327 1 9J2 831152192614799999999999999 152  21347 9699999999999999
 46 21  6  8 22 45 76113144154148136122106 95 95105116126138146138115 8827 110J2 9 215420 514699999999999999 224  51427 9499999999999999
 63 39 18 11 20 39 64 95129150152141128114100 92 9610711712713814112710327 111J2 935153204314199999999999999 255 1115 7 9299999999999999
 78 56 36 23 25 39 59 84112138149144132120106 94 91 9710611412413313111527 112J210 7149212413499999999999999 324 221550 9199999999999999
 92 72 55 41 36 44 61 80102125141142133121110 98 89 87 9310110811812412027 113J2103714322 912499999999999999 352 361638 8799999999999999
104 86 71 60 53 55 67 83 99116131138133122111100 89 81 81 85 9210010911427 114J211 313823 311499999999999999 418 521732 8099999999999999
110 98 86 77 70 69 76 89102114125132131123112101 89 78 71 70 73 80 89 9927 115J21124133999999999999999999999 441 691840 7099999999999999
105103 98 92 87 85 88 96107116125130130125115104 91 77 66 58 56 58 66 7727 116J2 018105113613199999999999999 5 0 851959 5699999999999999
 89 98102104103101102105112119125130131128121111 98 82 67 53 44 39 42 5227 117J2 255104114213199999999999999 52110121 8 3999999999999999
 66 81 95107114116116116118121124129131130126120110 95 76 57 41 28 22 2627 118J212 613199999999999999999999922 7 22999999999999999999999
 38 55 76 98117127129128127124122124128130129128124114 94 72 50 29 12  527 119J2 55512913 11309999999999999910 012223 2  599999999999999
 11 26 48 77107131141141137130122118120125128131134133119 96 69 43 17 -427 120J2 62714116211359999999999999911 91182352-1099999999999999
-10 -1 19 47 84121145151147139127114109114121128136144142125 97 67 36  527 121J2 6591511725145999999999999991159109999999999999999999999
-16-19 -6 19 54 98136156157148134117103100108118129143154150128 97 64 2927 122J2 732159181815599999999999999 040-201242 9999999999999999
 -4-22-20 -2 27 69115150162156143124104 91 92103116132150161153127 94 6027 123J2 8 516219 716199999999999999 124-241324 9099999999999999
 23 -7-19-11 11 44 88132158161150132111 91 81 86100115134153161148121 8927 124J2 837163195416199999999999999 2 4-1914 6 8199999999999999
 56 22 -1 -6  8 32 66108144159154138120 98 80 75 83 9611213215015313811227 125J2 910159204015599999999999999 242 -61450 7599999999999999
 84 55 28 14 17 34 58 90125149153142126107 87 73 71 80 9110612514013912427 126J2 941154212714299999999999999 317 131537 7099999999999999
103 82 60 42 37 46 63 84110135147142129114 97 79 69 69 75 84 9711412512227 127J21010147221712599999999999999 349 371629 6899999999999999
110 96 83 70 62 65 76 90106124137139129117104 89 74 66 65 68 74 8610010727 128J21036140231610899999999999999 414 621738 6599999999999999
106100 95 89 85 85 93102112121130134129118107 96 83 71 63 60 60 64 73 8527 129J21055134999999999999999999999 428 841938 5999999999999999
 91 94 95 97 99102107115121125129130127119110101 91 79 68 59 53 51 53 6127 130J2105513099999999999999999999921 3 51999999999999999999999
 72 80 89 97104111117124129131131130126120113105 97 88 76 65 54 45 41 4427 131J2 92913299999999999999999999922 7 41999999999999999999999
 52 63 77 91103114122129133134134131126120115110104 96 86 74 60 46 36 3327 2 1J2 9 613499999999999999999999923 0 33999999999999999999999
 36 46 61 81 99113123131134134132130126121117115113106 96 84 70 53 37 2727 2 2J2 8231349999999999999999999992341 26999999999999999999999
 26 32 45 68 93112125131135133128124122120117117120118109 96 81 63 43 2627 2 3J2 8 81351619120999999999999991427116999999999999999999999
 19 21 32 52 82110127134136133125116113114115117123128125112 95 76 53 3027 2 4J2 753136171312999999999999999 013 1912 311399999999999999
 16 14 22 39 67102129140140135125112103104109114121133138130112 90 67 4027 2 5J2 731141175713899999999999999 039 13122510399999999999999
 18  9 14 29 53 89124145148141129113 98 92 98107117130144146131107 82 5527 2 6J2 740148183814799999999999999 1 5  91256 9299999999999999
 27 10  9 22 43 74113143154148134118 99 86 85 96109123140152148126 98 7127 2 7J2 8 2154191715399999999999999 132  71330 8499999999999999
 43 19 10 18 38 64 98134155154141123104 86 77 83 97113130147155143117 8827 2 8J2 828157195515599999999999999 159 1014 4 7799999999999999
 61 35 19 20 36 60 87120147156146128109 90 75 73 83 9911613414915113310527 2 9J2 854157203415299999999999999 227 171440 7299999999999999
 78 55 36 29 39 60 84109135151148131112 94 78 68 71 8410011613314514012027 210J2 920153211514599999999999999 254 291517 6799999999999999
 95 74 56 46 48 64 85106126142146134115 97 81 68 63 69 82 9611212713512727 211J2 94414722 113599999999999999 320 451558 6399999999999999
109 90 76 66 63 73 90108122134141135118 99 84 71 61 59 65 76 8910311712227 212J210 3141225412299999999999999 343 631643 5899999999999999
115102 91 84 81 85 97112124132136134122104 88 74 63 55 53 58 67 78 9210427 213J21013136999999999999999999999 4 2 811741 5399999999999999
109107102 99 97 99106116126133135133125111 95 81 69 57 49 46 48 54 64 7827 214J2 0 710910 513599999999999999 4 6 9719 6 4699999999999999
 91100105108110112116122128133134133127117105 93 80 66 53 43 37 35 40 5127 215J210 01349999999999999999999992048 35999999999999999999999
 65 82 97109118122125128130131132131128122115107 96 82 67 51 37 25 21 2627 216J210 913299999999999999999999922 0 21999999999999999999999
 38 56 78101119130134134133129126125124122120118114104 88 69 49 29 13  827 217J2 6511359999999999999999999992257  8999999999999999999999
 14 29 52 81111132141141137129120115115117119122127126114 94 71 46 20  227 218J2 63414216241289999999999999911251142346 -299999999999999
 -2  7 27 56 93126145148143133118105100104110118130140139123 99 72 41 1227 219J2 6471491726142999999999999991157100999999999999999999999
 -6 -6  8 33 70111142154150138120101 87 86 95106122141153149129101 69 3527 220J2 7 9154181715499999999999999 030 -81233 8599999999999999
  6 -7  0 19 49 90131155157144126103 81 70 75 88105127151162153129 99 6527 221J2 73415819 416299999999999999 1 8 -71310 7099999999999999
 31  7  2 15 39 73114148160151133109 84 64 58 68 85106133157164149123 9427 222J2 8 1160194916499999999999999 144  11348 5899999999999999
 61 32 16 20 38 64 98134157156139117 92 67 51 52 65 8410713515515613911427 223J2 828159203215999999999999999 216 161427 5099999999999999
 88 61 40 35 47 67 91121147156145123100 77 56 46 51 65 8310613114614212527 224J2 855156211714799999999999999 246 3515 8 4699999999999999
106 86 67 56 61 76 94114135149146128107 87 67 51 46 52 64 8010112213112527 225J2 92015022 413199999999999999 313 561553 4599999999999999
112100 88 79 78 88103116129140142131112 94 78 62 51 49 54 62 75 9210811327 226J2 940143225811399999999999999 334 771643 4899999999999999
109104100 96 95101112122129134136130115 99 86 74 62 54 52 54 58 68 81 9327 227J2 950136999999999999999999999 342 951753 5299999999999999
 98 99101104107112120129133133132127116103 92 83 74 65 58 54 52 53 60 7027 228J2 8361339999999999999999999992018 52999999999999999999999
 81 89 96104112119126132136134130124116106 97 90 84 76 68 60 53 47 47 5227 3 1J2 8131369999999999999999999992139 46999999999999999999999
 62 74 87100112121129133135134129123115107101 96 92 87 79 70 59 48 41 4127 3 2J2 8 21359999999999999999999992238 40999999999999999999999
 46 58 74 93109121129134134130125120114108104103101 97 90 81 69 54 41 3527 3 3J2 7321349999999999999999999992320 35999999999999999999999
 36 45 61 83106121130134133127119114110107105107111110103 92 80 63 45 3327 3 4J2 71713416201119999999999999913571052350 3099999999999999
 30 35 49 72 99122133136133125114105102102104109117123119107 92 74 53 3527 3 5J2 65613617 71239999999999999912 8102999999999999999999999
 27 29 40 60 90119137141136126111 97 90 92 98106118131135125108 88 65 4227 3 6J2 647141174713599999999999999 013 2612 9 9099999999999999
 26 25 35 52 79112139148141128112 93 79 78 87 99113132146144128105 80 5527 3 7J2 7 0148182614799999999999999 036 241234 7799999999999999
 32 24 31 48 71102134152149134115 94 74 65 71 86103124145157148125 98 7127 3 8J2 72115319 515799999999999999 1 1 2413 5 6599999999999999
 46 29 30 45 67 94125150156142119 97 74 57 55 69 89110134156161145117 9027 3 9J2 745156194416299999999999999 128 271337 5499999999999999
 64 43 35 45 66 90116142156148126100 77 57 46 51 70 9211614115915713610827 310J2 8 9156202516199999999999999 156 351411 4599999999999999
 84 62 48 50 68 90112133150151132106 81 60 44 40 51 71 9411814215414712527 311J2 83315321 815499999999999999 224 471447 3999999999999999
102 82 68 63 73 93112128142148137113 87 66 49 37 38 52 71 9211513614313327 312J2 854148215514399999999999999 251 631526 3699999999999999
116100 88 81 83 97115128137142137120 95 72 55 42 35 39 52 68 8610712412927 313J2 9 8142225012999999999999999 317 801611 3599999999999999
122111103 98 97105118130136138135124104 82 65 51 41 36 39 48 61 76 9511027 314J2 9 1138999999999999999999999 337 9717 6 3699999999999999
116114112111111114122131136136133125111 94 77 64 52 43 37 37 42 51 65 8227 315J2 011116 82913799999999999999 3251111827 3799999999999999
 97107113118121124127131134134130124115104 91 80 68 57 46 38 34 34 41 5427 316J2 8191349999999999999999999992026 33999999999999999999999
 72 90105118127131133133131129125121115109103 96 88 77 64 50 37 28 26 3327 317J2 6331339999999999999999999992145 26999999999999999999999
 47 66 89111127135137135129122116112110108108109107 99 86 70 53 35 23 2027 318J2 55313715 51099999999999999913331082242 2099999999999999
 28 45 68 96122137141137129117105 99 99101105113121121111 95 76 53 32 1927 319J2 5571411632122999999999999991135 982329 1799999999999999
 19 30 50 78111135144141131115 98 85 82 86 94107123135135122102 78 52 2927 320J2 6101441727137999999999999991148 81999999999999999999999
 19 23 39 63 96128147147135117 96 75 64 66 77 92113136149145128105 78 4927 321J2 629149181515099999999999999 0 9 191217 6499999999999999
 29 25 35 55 83117145153142123 99 73 53 47 56 72 94122148158149128103 7527 322J2 652153185915899999999999999 044 241250 4799999999999999
 48 35 38 54 77106138155151131106 78 52 36 37 51 72 99131156160146124 9927 323J2 718156194216199999999999999 115 341326 3499999999999999
 72 52 47 58 77100128151156141114 87 60 36 26 33 51 7510513715615413811727 324J2 743157202415899999999999999 145 4714 3 2699999999999999
 95 74 62 66 82101121143155148124 97 71 46 28 25 36 55 7810813614914212727 325J2 8 915521 714999999999999999 213 611441 2499999999999999
110 94 80 78 89105120135148148132106 81 60 40 28 30 42 59 8010712913612827 326J2 833150215213699999999999999 240 771522 2799999999999999
117107 97 92 97110123132139143134113 90 71 55 41 34 38 48 61 8010211812127 327J2 852143224412199999999999999 3 4 9216 6 3499999999999999
116111108105106115125132134135131117 97 80 68 56 47 43 46 52 61 76 9410527 328J2 851135999999999999999999999 3201051658 4399999999999999
109109111114115120127133132129125116102 87 77 69 61 55 51 51 53 59 71 8527 329J2 7261339999999999999999999991828 51999999999999999999999
 96103109116121125129132131126120113103 92 84 78 74 68 62 57 53 52 57 6727 330J2 7201329999999999999999999992046 52999999999999999999999
 80 92104115123128130131128123116109102 96 90 87 84 79 73 66 58 52 50 5527 331J2 6411319999999999999999999992148 50999999999999999999999
 65 80 96111123129131130125118111106101 97 95 95 94 90 84 76 66 56 50 4927 4 1J2 6 11319999999999999999999992231 49999999999999999999999
 56 68 86106122130132129122112104 99 97 96 97102105103 96 88 77 63 52 4827 4 2J2 55013216 9105999999999999991258 9623 2 4899999999999999
 51 61 77 98120132134130120108 95 88 88 91 96105114118112101 88 73 58 4827 4 3J2 5431351653118999999999999991129 882328 4799999999999999
 48 56 70 91115134139133120105 88 76 74 81 90102118130131120104 87 68 5227 4 4J2 5521391733132999999999999991139 742355 4799999999999999
 47 53 67 85109133144139124105 85 66 58 63 77 93113134146141123103 82 6227 4 5J2 61014518121469999999999999912 5 58999999999999999999999
 49 51 64 82103128147148131108 85 62 45 44 57 78100126150158146123100 7727 4 6J2 633150185315899999999999999 023 481235 4299999999999999
 59 52 61 80100122144153142116 88 63 40 29 35 56 81109139161163145120 9627 4 7J2 658153193416599999999999999 054 5213 9 2999999999999999
 75 60 62 78 99118138152150127 96 67 43 24 19 33 58 8611614716516013911527 4 8J2 723154201716699999999999999 125 591345 1999999999999999
 94 76 70 79 98117133147152138108 76 50 28 14 16 34 60 8912014816015113127 4 9J2 74815221 216099999999999999 157 691424 1399999999999999
112 96 84 85 99117131142148142120 89 61 38 21 12 19 38 61 8811814214914027 410J2 810148215115099999999999999 229 8315 6 1299999999999999
125112102 97103117131138142141128103 75 52 34 20 16 24 40 60 8411113113627 411J2 823142225013699999999999999 3 1 971553 1699999999999999
130122116112111119129136137135129113 89 68 51 37 26 23 29 41 57 7810211927 412J2 750137999999999999999999999 3341111649 2299999999999999
125125124123122123128133133129125116101 83 68 56 44 34 30 33 40 52 71 9227 413J2 025125 72913399999999999999 41412218 6 3099999999999999
109119125129130129128128127123118113106 96 85 75 65 54 44 37 35 39 49 6727 414J2 3501309999999999999999999991955 35999999999999999999999
 87104119129134133130125119114109105103100 97 93 86 77 65 53 43 38 40 5027 415J2 4261349999999999999999999992117 38999999999999999999999
 66 86107124134136131123113103 96 93 94 96100104104 99 88 75 61 48 41 4427 416J2 4461361531105999999999999991122 932215 4199999999999999
 54 71 93115131137133123109 94 82 78 79 85 94106116118111 99 84 66 52 4627 417J2 5 21371639118999999999999991110 7823 1 4699999999999999
 51 63 81105127138136125109 90 71 61 61 69 80 98117130130120106 89 69 5627 418J2 5201391730131999999999999991127 602339 5399999999999999
 54 62 76 96120139142131112 90 67 48 42 49 62 81106130142139127110 90 7127 419J2 5411431814143999999999999991155 42999999999999999999999
 61 65 76 93114136147140120 95 69 44 29 29 41 61 86117143151143128110 8927 420J2 6 5147185615199999999999999 012 611228 2799999999999999
 73 70 79 93110131148149131105 77 49 26 16 23 40 64 9512915115414212510727 421J2 632151193615599999999999999 043 6913 3 1699999999999999
 88 77 81 95110127144153143117 88 60 33 14 11 23 44 7110513715415013612027 422J2 7 0153201615499999999999999 113 771340 1099999999999999
103 88 85 95110124138150149130101 73 47 24 11 14 29 51 7911214014914112827 423J2 728152205714999999999999999 143 851419 1099999999999999
115102 93 97110123133143148138113 85 62 40 22 15 22 38 58 8511513614013227 424J2 755148214114099999999999999 214 931459 1599999999999999
122113104102110122130135139137121 97 74 56 40 27 25 33 46 64 8811412912927 425J2 819140223213099999999999999 2451021541 2499999999999999
124120115111112120128130131130122105 84 69 56 44 36 37 43 53 68 8910912027 426J2 822131999999999999999999999 3191101628 3599999999999999
122121121120118120125127124121117107 92 78 68 60 52 46 47 51 58 71 8810527 427J2 044122 64812799999999999999 4 01181723 4699999999999999
114119123125125123124123120115110105 96 86 77 72 66 60 56 55 56 62 73 8827 428J2 3161259999999999999999999991848 55999999999999999999999
103113121127129127123120115109104100 97 91 86 82 78 72 67 62 60 60 66 7727 429J2 3571299999999999999999999992025 60999999999999999999999
 91105117126130129124117109102 97 95 94 93 93 92 89 84 78 72 67 64 65 7127 430J2 4161309999999999999999999992118 63999999999999999999999
 82 96111124130130124114104 94 88 87 89 92 96101102 98 91 84 76 69 67 7027 5 1J2 4251311541102999999999999991046 872157 6699999999999999
 79 90105120131132124112 99 85 76 74 79 86 95106114114107 97 88 78 70 7027 5 2J2 4351321632115999999999999991042 742232 6999999999999999
 77 88101116131135128113 96 78 63 57 62 73 87103119129126115102 90 78 7227 5 3J2 45313517161309999999999999911 2 5723 8 7299999999999999
 75 86 99113129139135118 97 75 55 42 41 53 71 92115136144137121105 90 7727 5 4J2 5161401759144999999999999991132 392345 7499999999999999
 74 83 98112126140144130104 77 53 32 22 29 48 72 99129151156143124106 8927 5 5J2 54314418421579999999999999912 7 22999999999999999999999
 78 80 94110125139148142118 87 58 32 13  8 22 47 7610914216316114412410527 5 6J2 612149192616599999999999999 021 771245  899999999999999
 89 82 90107123136148150135103 69 40 15 -1  1 20 48 8011715016616014212227 5 7J2 642151201016799999999999999 059 821326 -299999999999999
105 91 90102120133144151146122 87 55 28  5 -6  0 22 51 8412215216315313727 5 8J2 712151205716399999999999999 136 8814 9 -799999999999999
121106 97101115130139146148135107 74 46 22  2 -5  5 27 54 8712214815414527 5 9J2 743148214815499999999999999 215 971455 -599999999999999
133121111106112125134139142139122 94 66 43 23  7  3 14 32 56 8711813914327 510J2 813142224614399999999999999 2561061545  399999999999999
138131124116114120128131132132126109 86 65 47 30 18 15 24 38 59 8611313027 511J2 841133999999999999999999999 3441141641 1599999999999999
134134131126121119121122121121120113100 84 70 56 42 31 29 34 44 62 8610827 512J2 011134 65812299999999999999 4511191747 2999999999999999
123130133132127121116114110107107107103 96 87 78 68 56 47 43 45 52 67 8727 513J2 2251339999999999999999999991912 43999999999999999999999
106120129133131124115106 99 94 92 94 97 98 97 95 89 80 70 62 56 56 62 7527 514J2 31313313 5 9899999999999999 956 922035 5599999999999999
 92108122130132126115102 90 80 76 77 82 90 98103105101 93 84 75 68 68 7427 515J2 3411321544105999999999999991016 762137 6799999999999999
 85 99114127132127116101 84 69 60 59 65 75 88103113115112105 95 85 79 7927 516J2 4 21321650115999999999999991037 592225 7899999999999999
 86 96109123132131120103 84 64 48 43 46 57 72 92112124125121113103 92 8727 517J2 42413317401269999999999999911 3 4323 4 8799999999999999
 90 98107119132136127109 88 65 44 30 29 38 53 74101124134133127118105 9527 518J2 4491361820135999999999999991135 282338 9399999999999999
 94100108118130140137120 96 72 47 26 16 20 34 54 8211313614213812911710427 519J2 51814118571429999999999999912 9 16999999999999999999999
 97100109118128140145133109 83 57 31 12  8 18 36 61 9412714514613812711427 520J2 550145193214799999999999999 011 971246  799999999999999
101 98106117126137146144125 97 70 44 20  5  7 21 42 7110713714914513512227 521J2 62314820 814999999999999999 045 981324  499999999999999
109 99101112123132142148138114 85 60 35 14  5 11 28 51 8211814314814013027 522J2 658148204714899999999999999 120 9914 3  599999999999999
118106100107118127135142143127101 75 52 31 14 11 21 38 61 9312514314313527 523J2 733144212814599999999999999 1571001443 1099999999999999
125115106104113122128133138132113 89 68 49 31 20 21 32 48 7110112713913727 524J2 8 7138221413999999999999999 2361041524 1999999999999999
130124115109110117122124127128119100 80 64 49 36 29 33 44 59 8010612613327 525J2 84112923 913499999999999999 32110816 6 2999999999999999
132128124117112113117118117119117106 90 76 64 53 44 41 46 55 68 8810912427 526J2 915119999999999999999999999 4171121648 4199999999999999
129130129125118113112112109108109106 97 85 76 68 59 53 53 58 65 77 9511227 527J2 0331309999999999999999999991731 52999999999999999999999
123128129128123115109105102 99100101 99 93 86 80 73 67 64 64 69 76 8710127 528J2 21212911 310199999999999999 923 991817 6399999999999999
114123128128125117107 99 93 90 90 93 96 97 95 91 86 81 76 74 75 78 86 9627 529J2 2411291244 9799999999999999 929 891912 7499999999999999
108118125128125116105 93 83 78 77 82 88 95100102100 95 89 85 83 83 88 9627 530J2 25912815 310299999999999999 934 772022 8299999999999999
105114122128126117103 89 75 65 61 66 75 87 98108114111105 98 93 90 90 9627 531J2 320128161111499999999999999 955 612127 8999999999999999
105114121128130122106 87 70 54 44 45 56 71 88106121128123114106 99 94 9527 6 1J2 34513017 3128999999999999991026 432221 9399999999999999
103113121128133131115 93 70 49 33 25 31 48 69 92117136141134122112102 9627 6 2J2 41613417501429999999999999911 3 252310 9699999999999999
 99110121129136139130107 79 53 30 13  9 21 42 69 9913015015214112711410227 6 3J2 4521391835154999999999999991145  82355 9799999999999999
 97103117128136143143127 97 65 37 12 -4 -4 14 40 7110814316115814412811327 6 4J2 5311451920162999999999999991229 -6999999999999999999999
100 98109123134143149144121 87 54 25 -1-15 -9 12 41 7711815216515814312627 6 5J2 61215020 516599999999999999 039 971314-1599999999999999
110 99101114128138148152141113 78 46 17 -8-18 -9 14 45 8412515516315413927 6 6J2 654152205016399999999999999 122 9814 1-1899999999999999
123108100106119131140148150134104 71 42 14 -7-13 -1 22 52 9112915315614727 6 7J2 737151213815799999999999999 2 61001448-1399999999999999
134121108103110121129137144142124 96 68 43 18  1 -1 11 32 61 9713014714727 6 8J2 823145222914999999999999999 2531031537 -299999999999999
140130118108105110117122129134130113 91 70 49 28 16 16 27 45 7110212813927 6 9J2 912135232514099999999999999 3471051627 1499999999999999
139134127116106103105107110117122118105 90 75 59 43 35 36 45 59 8110612527 610J210 9122999999999999999999999 4581031719 3599999999999999
133133130123112102 96 94 93 96103108107100 93 84 72 61 56 57 63 74 9211027 611J2 032134111910899999999999999 752 931817 5699999999999999
123129129126117104 92 84 78 77 81 89 96100100 98 94 87 80 77 77 81 8910127 612J2 139129134010099999999999999 849 771927 7699999999999999
114122126126119107 93 79 68 61 61 68 78 89 98104106105101 97 94 93 9610227 613J2 22012716 510699999999999999 931 612046 9399999999999999
110118124125121111 96 79 63 51 46 48 57 71 8610111111511511311010610510827 614J2 25012517341159999999999999910 8 46214710599999999999999
112117122126124115100 83 64 47 35 33 39 51 68 8910811912312412211711311327 615J2 3201261841124999999999999991044 33223311399999999999999
116119122126129123109 90 71 50 32 23 24 34 49 72 9811812813012912511911527 616J2 35512919 5131999999999999991120 22231111599999999999999
116120123126131132121102 81 59 37 20 14 19 32 52 8111113013613513112311527 617J2 4341331913136999999999999991158 14234811299999999999999
112117122126131137134118 95 72 49 26 10  9 18 35 61 9512514014013612811727 618J2 5171371933141999999999999991236  8999999999999999999999
108109116123128136141134113 88 64 39 16  5  9 22 43 7511113714614113312227 619J2 6 014120 114699999999999999 0261071314  599999999999999
109103107116124131141143130105 80 56 31 11  5 13 30 56 9012614614713912827 620J2 642144203314899999999999999 1 51021352  599999999999999
115103100107117125133142140122 96 72 49 26 11 11 23 42 7010613614814413527 621J2 72314321 914999999999999999 145 991429  999999999999999
123110 99100109117124133139132112 87 66 44 25 16 22 36 57 8511814114614027 622J2 8 3140214814799999999999999 227 9815 5 1699999999999999
130119107 99102110116122130133121101 80 61 43 30 27 36 52 72 9912614114127 623J2 844133222814399999999999999 313 991541 2699999999999999
134126116105100103108112117124123110 92 75 61 47 39 42 53 67 8611013013827 624J2 92612523 913899999999999999 4 41001614 3999999999999999
135129122112102 98100102105111116113101 87 75 64 55 53 59 70 83 9911713027 625J21013116234813399999999999999 5 5 981646 5399999999999999
133129123116106 97 93 93 94 98104108105 97 87 79 72 67 69 76 86 9710912227 626J211 8108999999999999999999999 629 921716 6799999999999999
128127123116107 96 87 82 81 84 90 97102102 98 92 87 82 81 84 91 9910811727 627J2 022128122410399999999999999 747 811746 8199999999999999
124125122116106 94 82 73 68 68 73 82 92100104104101 97 94 94 9710311011727 628J2 049125143110499999999999999 830 671825 9499999999999999
123125124119109 95 80 66 56 51 53 63 76 8910211111411210810610510711111827 629J2 1 912516 211499999999999999 911 51194610599999999999999
123126126123116101 83 65 49 38 33 39 53 70 8910812212712411911511211111527 630J2 12812617 112799999999999999 955 33214211199999999999999
122127129129126115 95 72 51 33 19 17 27 45 67 9211813513913412712011311127 7 1J2 2381291749139999999999999991042 16224811199999999999999
116124129132134130114 89 62 38 17  2  2 16 39 66 9913014814914113111911027 7 2J2 4 41341833151999999999999991131  0234010899999999999999
108116125132137142136115 85 55 27  3-12 -8 10 36 7011014315815514312911427 7 3J2 5 51421914159999999999999991219-12999999999999999999999
104104115126135144149140114 81 49 19 -8-20-13  9 40 7912215416315514012427 7 4J2 558149195516399999999999999 02610213 7-2099999999999999
107 97102114127138150155141112 78 45 13-13-21 -9 15 49 9113415916115013427 7 5J2 648155203616399999999999999 111 971353-2199999999999999
116 99 93100113126140153155137107 75 43 12 -9-12  3 28 6210414115815514227 7 6J2 737156211615999999999999999 156 921438-1399999999999999
126108 93 89 98110123137150149130102 74 45 18  3  5 21 45 7811514415214527 7 7J2 827152215615299999999999999 243 891521  299999999999999
132117100 88 87 94104115130141137120 98 75 52 31 23 29 44 65 9312314114327 7 8J2 918142223514499999999999999 335 8616 3 2399999999999999
135124110 94 83 82 87 94104118127124111 96 80 64 51 48 55 67 8410612713627 7 9J21013128231313699999999999999 435 821643 4899999999999999
133125115102 87 78 75 76 81 91104112111105 98 89 79 73 74 80 8910111512727 710J21120113234612999999999999999 6 3 751720 7299999999999999
129125118108 94 80 70 65 63 67 77 90 99102103103100 96 95 9710110611312027 711J21418103999999999999999999999 752 631748 9599999999999999
124123118111100 86 72 61 53 51 55 65 78 89 9810511011111211311411611812027 712J2 013125999999999999999999999 855 50999999999999999999999
122122119113105 93 78 63 50 42 39 45 56 70 8610011111812212412512412412427 713J2 02012220 112599999999999999 947 39999999999999999999999
123122120117110100 86 70 54 40 31 31 38 50 68 8910711812512913112912712627 714J219501319999999999999999999991033 30999999999999999999999
125123121120117109 96 80 63 45 30 23 25 34 50 73 9811712713113313112612327 715J219561339999999999999999999991116 23999999999999999999999
123123122122123120109 92 75 56 36 21 17 22 34 55 8411112813413513212511827 716J2 4 4124194513599999999999999 2241211154 1723431169999999
116119120121126129124108 89 70 48 26 14 13 23 40 6710112713813813412511427 717J2 5 11291929139999999999999991230 12999999999999999999999
107109114118124132136126107 85 63 38 17  9 14 28 51 8512014114413912911627 718J2 549136194514599999999999999 01710713 4  999999999999999
103 98103111119129140140125102 79 54 29 12 10 21 40 6810513714914613512127 719J2 633142201115099999999999999 054 981337  999999999999999
105 93 93101111121135145140120 95 71 46 23 12 17 33 56 8812414815214212827 720J2 715145204115299999999999999 132 9114 8 1299999999999999
113 96 87 91102113125138145135111 86 63 40 22 20 31 50 7510713715114713427 721J2 755145211215299999999999999 211 871439 1999999999999999
120104 89 85 92103113126138140125101 79 58 39 30 35 50 70 9412214314813827 722J2 836141214414899999999999999 251 851510 2999999999999999
124111 96 85 84 92102112124134130114 93 75 58 46 44 55 71 8911013114213827 723J2 918134221314299999999999999 334 831538 4399999999999999
126114102 89 81 83 90 98108119126120104 88 76 65 59 64 77 9110512113313527 724J210 3126224013699999999999999 420 8116 5 5999999999999999
126114103 92 81 76 78 84 91101112117111100 90 82 76 77 85 9610811712613027 725J21056117225913099999999999999 511 761629 7699999999999999
126115104 93 82 72 68 69 74 82 93104109106101 96 92 91 9510311211912512827 726J212 610923 712899999999999999 612 681650 9199999999999999
125117106 94 83 71 61 57 57 62 72 85 9710410710710610510611011612212612827 727J2143010823 612899999999999999 724 56171210599999999999999
126120111100 87 73 60 50 44 43 49 62 77 9210411311711711711812012212612827 728J22328129999999999999999999999 835 42999999999999999999999
128124118110 98 82 66 50 37 29 28 37 52 70 9011012312912812712512312212527 729J21720129999999999999999999999 935 27213712299999999999999
128127124121114100 80 60 41 25 14 14 25 43 67 9412013614013713212511911727 730J2 0231281755140999999999999991030 12224511799999999999999
121125127128128122104 81 56 33 12  0  2 16 39 6810313314814814013011910927 731J2 3401281828149999999999999991122 -1233310899999999999999
109115122128135139131110 82 53 25  1-11 -6 13 41 7711714615615013812310727 8 1J2 45713919 2156999999999999991210-11999999999999999999999
 97100110121132144150139113 82 50 19 -7-16 -6 17 50 9113215715914713111127 8 2J2 554150193516199999999999999 017 971256-1699999999999999
 93 85 92106120137153158143114 81 48 14 -8-11  4 30 6610914616115513911927 8 3J2 64615920 916299999999999999 059 851338-1399999999999999
 97 79 76 87102120140158160141111 79 46 16 -1  3 22 49 8612615315814512627 8 4J2 735162204215999999999999999 141 751418 -299999999999999
105 83 69 70 82 99118140156154134106 78 49 25 17 26 46 7210513715314913227 8 5J2 823158211415499999999999999 225 671456 1799999999999999
113 92 72 62 66 78 93113135147142124102 80 58 42 42 54 72 9412014114613527 8 6J2 912148214514799999999999999 312 621531 4099999999999999
118101 82 65 59 63 72 85104124133127114100 86 72 66 71 82 9611212913913427 8 7J210 5133221213999999999999999 4 3 5816 2 6699999999999999
121106 92 75 62 56 59 65 76 92109116114108102 96 90 90 9710611312213013127 8 8J211 9116223313299999999999999 5 5 561626 8999999999999999
122109 98 85 71 59 54 53 56 65 80 9410210410610810810811211812112412612627 8 9J22237127999999999999999999999 643 53999999999999999999999
121111102 92 81 69 58 50 46 47 55 68 82 9210110911612012312712912912712427 810J22015130999999999999999999999 823 46999999999999999999999
120113105 98 90 79 67 55 46 40 40 47 59 74 8910311512412913313413212912527 811J21955134999999999999999999999 930 39999999999999999999999
120114109104 97 89 78 65 52 40 33 34 41 55 74 9411112313013413513212812427 812J219361359999999999999999999991025 32999999999999999999999
120114111109106 99 89 77 62 46 33 28 30 40 57 8110412113013413413012311927 813J219301359999999999999999999991110 27999999999999999999999
117114112113115111102 89 75 57 38 26 24 29 43 67 9511813113513412811811127 814J2 4 1115191513599999999999999 2111121146 2323571099999999
109110110113119123117104 88 70 49 30 21 23 33 53 8311313313913612911710427 815J2 45712319 2139999999999999991216 20999999999999999999999
 98100105110119130132122104 85 62 39 22 19 27 43 7010313214514213211910227 816J2 542133191414599999999999999 0 9 981244 1899999999999999
 90 88 95104114129140139122100 77 53 30 19 23 38 60 9112514715013912410627 817J2 624142193715199999999999999 038 871311 1899999999999999
 88 78 82 93106121139148140118 93 69 44 25 23 35 54 8011314215414713011127 818J2 7 414820 315499999999999999 112 781339 2299999999999999
 92 75 71 80 95111129146150135110 85 61 40 29 35 53 7510213115115113611627 819J2 743151203015499999999999999 146 7014 7 2999999999999999
 97 79 67 68 82 98115134148146126101 79 58 43 42 55 75 9612014115014012027 820J2 823150205615099999999999999 222 651435 4099999999999999
101 84 68 62 69 83 99116134144136116 94 77 62 55 62 79 9711413114314012327 821J2 9 5144212014499999999999999 259 6215 2 5599999999999999
103 87 72 61 60 69 83 97114130135125108 92 81 73 73 8510111512613513612527 822J2 950135213913799999999999999 338 591528 7299999999999999
106 89 75 64 56 57 66 78 92107121124116105 96 90 89 9410611812613113212627 823J21044125214513299999999999999 422 551549 8899999999999999
110 93 78 67 57 51 53 60 70 83 9811111511110710510310511312212913113012627 824J21155115211613199999999999999 515 5116 110399999999999999
115 99 85 72 61 52 46 46 51 59 73 8810210911211411611712012513013113012727 825J221 6132999999999999999999999 629 46999999999999999999999
119108 95 82 70 58 47 40 37 39 48 62 79 9610911912412612712812912912912627 826J22050129999999999999999999999 8 6 37999999999999999999999
122115107 97 85 71 57 43 32 26 27 37 53 74 9511512813413413212912512212227 827J21734134999999999999999999999 921 25999999999999999999999
121119116112105 92 75 57 39 23 14 17 29 48 7310112613914113713112111411127 828J217461419999999999999999999991019 14225511199999999999999
113116118121123117101 80 57 35 15  5 10 26 49 80113138148144135122107 9827 829J2 34912318 8148999999999999991110  52327 9799999999999999
 98105112121131137129109 84 57 30  8  0  9 29 58 94129150152141125106 8927 830J2 4581371835153999999999999991156  0999999999999999999999
 81 86 98111127144150138114 86 56 26  5  3 16 40 73112145157149132110 8727 831J2 55215019 315799999999999999 0 4 811237  199999999999999
 69 66 77 93112135155159143116 86 54 25  9 14 32 59 94131155156140117 9227 9 1J2 642160193215999999999999999 042 651316  999999999999999
 68 53 55 70 90114141161161141114 85 54 30 23 33 55 8211514615814812510027 9 2J2 72916420 115899999999999999 122 521351 2299999999999999
 75 52 42 50 67 89115144160155134110 84 59 43 44 59 8010413215215113310827 9 3J2 815161202915499999999999999 2 2 421425 4199999999999999
 84 60 42 38 48 66 87114140151143125106 86 69 62 71 8610312214114813711527 9 4J2 9 3151205514899999999999999 245 371455 6299999999999999
 93 72 52 39 39 49 64 83108130136129117105 93 85 86 9710912013114013712027 9 5J2 953137211814099999999999999 330 371523 8499999999999999
100 82 66 50 41 42 50 60 77 9911612011711210810410310911812512813213212227 9 6J21053120213013399999999999999 422 40154210299999999999999
105 90 77 64 52 46 45 49 56 70 8810110710911211511611912513013112912612027 9 7J21932131999999999999999999999 531 45999999999999999999999
108 95 85 77 67 57 50 47 46 51 62 77 90 9910811612312713113413312912311727 9 8J21921134999999999999999999999 744 46999999999999999999999
109 99 91 85 79 71 61 53 46 43 46 56 70 85 9911212313013313513312812111527 9 9J21859135999999999999999999999 9 5 43999999999999999999999
108102 97 93 89 83 74 64 52 43 39 43 53 69 8710512012913413413012511811227 910J2183413499999999999999999999910 3 39999999999999999999999
106102100100 99 94 86 76 63 49 39 37 42 55 74 9711612813313312812011210627 911J218271349999999999999999999991048 37999999999999999999999
103101102105108106 99 88 75 59 44 36 37 46 63 87112129135133127116104 9727 912J2 4 8108181513599999999999999 1211011121 352347 969999999
 96 97100107116119113102 87 70 52 38 35 41 55 77105128139137128115100 8727 913J2 4521191816139999999999999991147 352350 8499999999999999
 84 88 95104117129129118102 84 63 44 35 38 50 69 96124143143133117 99 8127 914J2 5321301832145999999999999991211 35999999999999999999999
 72 75 85 97113131141136119 98 77 55 39 37 48 65 88117142150140122102 8127 915J2 611142185415099999999999999 015 711237 3699999999999999
 64 60 70 86104124144150138116 93 70 49 40 46 63 84109135152148129106 8427 916J2 650151191915399999999999999 045 6013 5 4099999999999999
 63 51 54 70 90112136154153135110 87 65 50 48 63 83104127147152137111 8727 917J2 729156194415399999999999999 117 501334 4799999999999999
 66 48 43 53 73 95119143157149128104 83 66 58 65 84104121139149142118 9227 918J2 81015720 814999999999999999 151 4214 2 5899999999999999
 70 51 39 40 55 76 98123145152141119100 84 73 73 87105121133142142125 9827 919J2 853152202814499999999999999 226 371431 7299999999999999
 74 56 42 35 41 57 77 98121140143130114101 91 87 9310812313113713812810627 920J2 940144204013899999999999999 3 4 351459 8799999999999999
 81 62 48 37 34 42 57 74 9311513013112211310710310411212413213513412811327 921J2103513220 913599999999999999 347 34152410299999999999999
 91 71 57 45 37 35 42 53 67 8510511812211911711611611912613313413212711727 922J21151122194813499999999999999 440 35154311599999999999999
101 83 68 57 46 38 36 39 47 59 76 9510911712112412612612813113212912411827 923J21945132999999999999999999999 553 36999999999999999999999
109 96 83 72 61 50 40 35 34 39 51 68 8810511812713213313112912712412011627 924J21644133999999999999999999999 739 34999999999999999999999
111105 98 90 80 68 54 42 33 28 32 45 64 8510712413513713512912211511110927 925J21655137999999999999999999999 9 3 28999999999999999999999
108108108107101 90 75 59 43 29 24 29 43 64 89115133141138130119107 98 9527 926J2171114199999999999999999999910 2 242252 9599999999999999
 98102109116120115101 83 63 43 27 23 30 47 71100127142143134119102 86 7827 927J2 3591201732144999999999999991051 222314 7899999999999999
 81 89100114128134127110 89 66 42 27 26 38 58 84115140148140123102 80 6427 928J2 4591341756148999999999999991134 252346 6099999999999999
 60 68 82100122141147137116 93 67 43 31 36 51 74102132150148130107 82 5827 929J2 5501481822152999999999999991213 31999999999999999999999
 43 45 60 80104132153156141119 94 67 46 41 51 70 93122147154140115 88 6127 930J2 637157184915499999999999999 022 421248 4099999999999999
 38 28 37 56 80110141160158140117 93 69 54 57 71 91113138154149126 98 702710 1J2 723162191715599999999999999 1 0 281321 5399999999999999
 43 24 21 34 56 83115146160152134114 93 74 68 77 93111130147152136109 812710 2J2 8 7160194415399999999999999 139 201353 6899999999999999
 55 32 18 21 37 58 85118144152142127111 95 84 86 98113126139147141119 922710 3J2 852152201014899999999999999 219 171423 8399999999999999
 68 47 28 20 27 42 61 86115136139131120111101 981051171261331391391251022710 4J2 941140203114099999999999999 3 2 201452 9899999999999999
 79 62 45 32 28 35 46 62 851091241261211181141111121201281311321311251082710 5J21037126203213299999999999999 348 28151811099999999999999
 89 73 61 49 40 38 42 49 62 811001121151171191201201241291311281241201102710 6J21847131999999999999999999999 444 38999999999999999999999
 96 82 73 66 57 49 47 47 50 60 76 931041111181241271281291291251191131072710 7J21835130999999999999999999999 619 47999999999999999999999
 99 89 82 78 72 65 58 52 49 51 59 73 891021131231291311301271221151081032710 8J21656131999999999999999999999 820 49999999999999999999999
 98 93 89 87 84 79 71 62 55 50 51 60 74 90106120129132130125118110103 982710 9J217 4132999999999999999999999 921 50999999999999999999999
 95 94 94 95 94 90 83 74 64 55 51 54 64 79 98116128133131124114103 95 91271010J2 3 7 9517 913399999999999999 114 9410 5 512346 909999999
 91 92 96102104102 95 86 75 63 55 54 60 72 89110127134132124111 97 86 81271011J2 4 21041712134999999999999991037 5323 9 8199999999999999
 83 87 95105113115109 99 87 73 60 55 59 69 84104125137136125111 94 78 69271012J2 44111617241389999999999999911 4 552321 6899999999999999
 70 78 89102118127125114100 85 69 58 58 67 81 98120138142131113 93 74 58271013J2 5191281744142999999999999991131 572345 5499999999999999
 55 63 78 94114133141133116 99 81 66 59 65 79 96115135146139119 96 73 53271014J2 55714118 71469999999999999912 0 59999999999999999999999
 41 45 61 81103129148150136116 96 78 65 65 77 95112131146147129102 76 52271015J2 637152183314999999999999999 015 401231 6399999999999999
 34 29 40 62 87114142158154135113 93 76 69 76 93111127142150139112 82 56271016J2 717159185815099999999999999 048 2813 2 6899999999999999
 34 21 22 41 66 93123151162152131110 93 80 78 91110125138147145124 92 63271017J2 8 0162192314899999999999999 124 191335 7799999999999999
 40 22 14 22 44 69 98128153158145125109 95 88 93109125135142144133106 75271018J2 844159194414599999999999999 2 2 1414 8 8899999999999999
 50 30 16 13 25 47 71 99128148149137122111102100109124134138140135117 89271019J2 933151195514099999999999999 243 13144310099999999999999
 63 43 28 17 17 30 49 70 96123139139130123117112113122132136135132123103271020J21029140191413699999999999999 329 15152111299999999999999
 79 58 43 30 22 23 33 48 67 91115128130128126124121123128131130126122111271021J2114513119 813199999999999999 423 21161112199999999999999
 94 76 61 49 37 30 29 36 46 63 86107121127130131129126125125123119116111271022J21452131999999999999999999999 531 29999999999999999999999
103 91 79 69 58 46 38 35 37 46 61 82103118128134134130124119114109106105271023J21537135999999999999999999999 7 3 35999999999999999999999
104100 95 89 80 68 56 46 40 39 47 63 83103121132137133125115105 97 93 93271024J216 3137999999999999999999999 832 392224 9299999999999999
 96100104105101 92 79 66 53 45 44 53 68 88109127137136127113 98 84 77 76271025J2 246105162413899999999999999 934 432231 7699999999999999
 82 90101112117114103 89 74 59 50 52 62 78 98119135139130115 96 77 62 57271026J2 4 71171646139999999999999991024 502256 5799999999999999
 62 73 88107123130125113 98 80 65 58 62 74 90111131142137120 98 75 54 40271027J2 5 313017101429999999999999911 6 582327 3999999999999999
 41 52 69 91116136142134120103 84 70 67 75 88105125142144129106 80 54 32271028J2 5521421737145999999999999991144 66999999999999999999999
 23 30 46 68 97127147149139123105 86 75 77 89103120138149141117 89 61 35271029J2 63715118 614999999999999999 0 3 231219 7499999999999999
 15 12 25 45 72106138154152139123104 88 82 90104118133147149131102 73 45271030J2 719155183615199999999999999 040 111253 8299999999999999
 20  6  9 25 49 79115145156149135119103 91 92104117129142150142117 87 60271031J2 8 115619 615099999999999999 119  51326 9099999999999999
 35 13  5 12 31 55 86121146151141129116103 97103116127135144145129102 752711 1J2 844151193514699999999999999 2 0  51359 9799999999999999
 52 30 14 10 21 38 62 92124142142133124115106105114125131135139133114 892711 2J2 92914320 313999999999999999 242 10143410499999999999999
 67 49 32 20 21 31 46 68 96122134132127123116112114122127128129129119 992711 3J21020134202513099999999999999 326 19151211299999999999999
 80 65 51 38 31 33 41 53 72 971171251261251241201181201231231211191161052711 4J21132126182512499999999999999 415 3116 211899999999999999
 89 76 67 57 48 43 45 50 59 76 961121201241271271241211201181141101081032711 5J21432127999999999999999999999 511 43999999999999999999999
 95 85 78 72 65 57 54 54 57 65 79 97111120126130129124118114108102 99 982711 6J21517130999999999999999999999 628 53999999999999999999999
 95 90 86 83 78 72 66 62 61 63 71 85100113123129131126118110102 95 91 902711 7J21543131999999999999999999999 759 612239 9099999999999999
 91 92 92 92 89 85 79 73 69 67 70 79 91106119128131128119107 96 86 81 822711 8J2 136 93155713199999999999999 854 672227 8199999999999999
 85 90 96100100 97 91 85 78 73 73 78 88100114126132129119106 91 78 70 702711 9J2 337101161013299999999999999 934 732229 6999999999999999
 76 84 94104111110104 97 89 81 77 80 88 98110123133132121105 88 71 58 55271110J2 42411216281349999999999999910 9 772247 5599999999999999
 62 73 87103118124120111101 92 83 81 87 98108120132137128109 88 68 50 40271111J2 5 51241651137999999999999991045 812316 3999999999999999
 43 56 74 93116133137129116104 92 84 86 96108119131140137118 93 68 46 29271112J2 5461381718141999999999999991122 832349 2499999999999999
 24 35 54 77103130148147134119105 92 86 92106119130140144131104 75 49 27271113J2 6281501747144999999999999991159 86999999999999999999999
 12 13 30 55 83115144159153136119104 91 90101117129139147143121 89 58 32271114J2 710159181714799999999999999 026 101237 8999999999999999
 11  0  8 30 58 90125154163153135118103 94 97112127137145148137108 74 44271115J2 753163184914999999999999999 1 6  01316 9399999999999999
 20  1 -5  8 32 62 96133158161148132117104 99107122134141147144126 94 62271116J2 839162192114799999999999999 148 -51355 9999999999999999
 36 13 -2 -3 12 36 66101135155154142129117108106116128136140142135113 83271117J2 927157195414399999999999999 233 -5143710599999999999999
 56 33 14  1  4 19 41 69103133148146137129120113113121129132134134124102271118J21020148203013599999999999999 321  0152511299999999999999
 77 55 37 20 11 15 28 47 72103128139139135129122116116120122123124122113271119J21124140211912499999999999999 413 11162711599999999999999
 95 77 61 45 31 24 27 37 53 76102123133135134129122115112111110109111111271120J213 4135222911299999999999999 510 24204010999999999999999
104 93 82 70 57 45 40 41 48 61 81103120130134133127117108101 96 93 95 99271121J21422134999999999999999999999 618 392111 9399999999999999
102100 96 90 82 71 61 55 55 60 71 88106121130133129120107 94 83 77 76 81271122J2 011102145913399999999999999 738 542138 7699999999999999
 89 96101103101 94 85 76 70 68 72 83 97111124131131122108 91 75 63 58 61271123J2 258103152713299999999999999 851 6822 7 5899999999999999
 70 82 95107113112106 98 90 83 81 85 94106118129133126112 93 73 55 43 42271124J2 421113155313399999999999999 949 812238 4199999999999999
 49 62 79 99116124123117109100 92 92 97105115126134132119 99 77 54 35 26271125J2 5201241621135999999999999991036 912313 2599999999999999
 29 41 58 82108127134131125116105 99100107115124134138129109 85 60 36 18271126J2 6 71341652138999999999999991117 982351 1399999999999999
 13 21 37 59 89119138141137129117106102107115123132141140123 98 72 46 21271127J2 6471421726142999999999999991154102999999999999999999999
  6  6 18 38 66101131146145138128115105105113122130139146138115 87 60 34271128J2 72414718 314699999999999999 030  4123010399999999999999
 10 -1  4 20 44 76114141150145135123110103107118127135144146132105 77 51271129J2 8 0150184014799999999999999 1 9 -113 610399999999999999
 25  5 -1  9 27 53 89125146149141130118106103111122129137145141122 94 68271130J2 837150191814599999999999999 150 -1134410399999999999999
 44 21  6  6 18 38 65101132147144136126114105106115123129136140131109 842712 1J2 916147195614099999999999999 230  4142410499999999999999
 63 42 22 13 17 30 50 77110135143138131123112106109117121125130131119 982712 2J2 959143203513299999999999999 311 1215 910699999999999999
 77 60 43 28 24 31 43 62 881161341381341291221131081111141161181211191062712 3J21047138211512299999999999999 351 2416 410899999999999999
 89 74 61 47 38 38 45 57 74 971201321341321281211131081081081071091111072712 4J2114413422 111199999999999999 431 37195910799999999999999
 96 84 74 65 55 50 53 60 70 85105121129131130126118110104101 98 971001022712 5J213 2131225910299999999999999 510 502047 9799999999999999
 98 91 84 77 71 65 64 67 73 82 96111123128130128122112102 94 89 87 88 922712 6J21358130999999999999999999999 547 632113 8799999999999999
 95 94 92 88 84 79 76 76 80 86 94105116124128127122113101 89 80 76 76 802712 7J2 022 95142612899999999999999 623 762128 7599999999999999
 87 93 96 97 95 92 89 87 88 91 97105113120126127123113 99 85 73 64 62 662712 8J2 252 97145012799999999999999 711 872148 6199999999999999
 75 85 95103107105102 99 97 97100106113119124128126116100 83 67 54 46 482712 9J2 4 8107151612899999999999999 838 962216 4699999999999999
 58 71 86102115120116111107104102106113120125129130124107 86 66 48 34 29271210J2 459120154713199999999999999 9511022251 2999999999999999
 37 52 70 92114130132127120113107105110119126130134133120 97 71 49 28 15271211J2 54313316251359999999999999910471052331 1399999999999999
 15 28 48 72101129144144134125115106105114124131137141136115 86 58 32 11271212J2 62614617 6141999999999999991135104999999999999999999999
 -1  3 22 47 78113143156151138126113104106117129137144147136109 76 46 18271213J2 7 8156175014799999999999999 014 -2122010399999999999999
 -4-13 -3 20 49 86126155162153138123109102108121133142150150133102 67 36271214J2 750162183415299999999999999 058-1313 310299999999999999
  8-14-18 -3 22 56 96137161162150135119105101111125136145152149127 94 60271215J2 833164191815399999999999999 143-19134710199999999999999
 30  2-15-15  3 30 65106143160157144130115103103113125135144150142118 86271216J2 91616120 415099999999999999 228-18143210199999999999999
 57 29  4 -9 -4 15 41 76115145155149138125111102103112121129138142132109271217J210 2155205214299999999999999 313 -9152210199999999999999
 82 57 33 13  5 13 31 55 87120143147142132121108100101107112119127130120271218J21049148214513099999999999999 359  51622 9999999999999999
101 81 62 43 29 26 34 49 70 97123138140135127116103 95 94 95 98105113116271219J21139140224611699999999999999 444 251747 9499999999999999
109 97 85 72 58 49 49 56 68 85106124133133129121109 96 86 81 80 82 90 98271220J21229134999999999999999999999 530 4820 0 8099999999999999
103101 97 91 84 76 71 73 78 86 99113124129128123113 99 85 73 66 63 66 75271221J2 011103131812999999999999999 617 712059 6399999999999999
 85 94 99101101 98 94 92 93 96102110119124127124117104 88 72 58 49 47 52271222J2 32110114 012799999999999999 713 922146 4799999999999999
 63 76 90101108111111110109108110114118122125126121109 94 76 58 42 34 34271223J2 533112144012699999999999999 8541082229 3399999999999999
 41 54 72 91108117122123122120118119121123124127126117102 84 64 44 28 21271224J2 71012315231279999999999999910101182311 2199999999999999
 23 34 50 74 99118127131131128123121122124125127130127114 95 75 53 31 15271225J2 74113116111309999999999999911 01212351 1199999999999999
 11 17 31 53 83111129135136134127120119122125127132135129111 89 67 42 19271226J2 7501361658135999999999999991140119999999999999999999999
  5  5 15 33 62 97125139141138131120113115120125130138140129107 83 58 32271227J2 746141174514199999999999999 030  4121711399999999999999
  9  0  4 18 42 77114138145142135123111106111119125134143143127102 76 50271228J2 8 1145182914599999999999999 1 8 -1125510699999999999999
 22  3 -1  9 27 57 95130147147140129114102101110119127138146141120 94 68271229J2 827149191114799999999999999 144 -1133410099999999999999
 41 16  2  5 19 42 75114142151145135121106 97100109118128140145134110 85271230J2 858151195314599999999999999 219  21415 9699999999999999
 60 35 15  9 18 35 61 95129149149140128114100 94100109117127138138123 99271231J2 930151203314099999999999999 252  91457 9499999999999999
