153183206217213198176154137132139158184210230237230210180147116 95 86 9127 1 1J9 31521715 123799999999999999 85613222 7 8699999999999999
110139170196213218212197178162153154165183203219225219201173141110 86 7527 1 2J9 45421816 22259999999999999910241522315 7499999999999999
 78 97127163196220232230216196176161155161176195211220216198170135100 7427 1 3J9 6212331712220999999999999991159155999999999999999999999
 61 65 87123166206235250247230203176156147153170193213223218198164124 8527 1 4J9 720251181222399999999999999 015 6013 614799999999999999
 57 45 55 8512917922425526625723219816514313714717119922223122219415310727 1 5J9 8 226619 023199999999999999 1 3 45135113699999999999999
 65 38 33 51 9114520024627327625722218114712812914918121423724122318513627 1 6J9 838278194124299999999999999 144 32142612699999999999999
 85 44 22 27 5710816922626828527624620215812711712916019923425224621716927 1 7J9 9 9286201725399999999999999 220 21145611799999999999999
113 61 24 13 30 7413419825228428826622517613411111313817822025226124420327 1 8J9 938290205126199999999999999 254 13152510999999999999999
147 88 38 12 14 4510016622927429228124619714811310211715319924026426223227 1 9J910 7292212526799999999999999 325  9155510299999999999999
182121 63 23  9 27 71134200256288290265220168123 9810012717121825426825327 110J91034293215926899999999999999 356  91625 9699999999999999
213157 96 45 17 19 51105170232275291278241190139103 9110514118823226026227 111J911 2291223526599999999999999 426 141657 9199999999999999
237190133 77 37 24 40 83142204256284283257212160116 90 9011415420123925727 112J91129287231225899999999999999 457 241731 8799999999999999
249217169115 68 42 43 70118176231268280266230182134 99 84 9312216420723827 113J91157280235424899999999999999 528 3918 7 8499999999999999
248234199153107 72 59 70103151202245268267243203156115 88 82 9612816820527 114J91227270999999999999999999999 6 3 591847 8199999999999999
230235220188149113 89 85101133175216246257247219179137102 82 80 9612616327 115J9 04423613 125799999999999999 643 841936 7899999999999999
197219224212188158131114113128154187217237241228200164126 95 77 75 8911627 116J9 147224134324199999999999999 7341122038 7499999999999999
150183207218215200178157142138146163186208223226215191158123 91 70 64 7427 117J9 315219144222799999999999999 8511382154 6499999999999999
 98132168200220227221205185166154152160176196212219213193161124 87 59 4627 118J9 5 022716 42199999999999999910421512314 4699999999999999
 51 74112157199232249248233208180158146148163186208223222204170126 80 4327 119J9 6282501728224999999999999991221145999999999999999999999
 22 25 51 96152207250274274254220182149131133152183214236239219179125 6927 120J9 731277183824199999999999999 024 21132612999999999999999
 22 -3  0 33 8815722327329829426521917013111311914718822925625823318411927 121J9 821299193626199999999999999 124 -5141511299999999999999
 53  1-24-16 26 93171244295315302261205149109 9511014920024827627424118227 122J9 9 5315202727999999999999999 216-261459 9599999999999999
109 37-16-36-19 33110195268313322296245181123 87 8110715721626629128224027 123J9 945323211529299999999999999 3 3-361539 8099999999999999
174 96 24-23-34 -6 55138223289321317278217150 96 69 7511216923127829627927 124J9102232422 129699999999999999 347-351619 6799999999999999
230160 83 18-18-17 22 90173250302318298249183119 74 58 7612018124028129027 125J91056318224629199999999999999 428-221658 5899999999999999
266213145 75 23  2 16 62131207269303302269213149 93 60 57 8213119024227227 126J91128307233127799999999999999 5 7  11737 5499999999999999
273245194133 77 41 34 58107170232276291275234178121 77 56 62 9314019223427 127J91159291999999999999999999999 543 331816 5599999999999999
255250222178130 90 70 74102148199243268267242200150103 72 61 7310314518727 128J9 018256122827199999999999999 620 681859 6199999999999999
219233227204171138113105115141176213239248238211173132 98 76 71 8310914227 129J9 111233125824899999999999999 6581051947 7199999999999999
175199211209195175156142139148166189210223223211187157127101 85 81 8910727 130J9 220212133222599999999999999 7461392052 8099999999999999
132159181196202199190179170165167174185196202201193177155131109 93 84 8627 131J9 4 8202142620399999999999999 9161652220 8399999999999999
 98118144169191207213211202190178170167171178185190188179162139115 93 7827 2 1J9 61321316161909999999999999911521672348 7499999999999999
 75 84105135169200222233230216196175158151154165180192196189171144113 8427 2 2J9 7182331755196999999999999991311151999999999999999999999
 64 59 70 9813718021824325124221818715813913414416418820621220217714110127 2 3J9 756251185421299999999999999 049 58134913499999999999999
 65 44 43 6310215220324326426324120516613411912314517620722722921017412727 2 4J9 827266193523199999999999999 133 41141711899999999999999
 79 42 26 35 6811917823126727726222618013811010512215719823224824020815927 2 5J9 854277201024999999999999999 2 9 26144310499999999999999
103 53 21 16 39 87149212260284279248200148108 9110013317922525626224019527 2 6J9 919285204326399999999999999 241 1415 9 9099999999999999
136 76 29  8 18 58118186246283290267221165114 83 8010615120525027226522927 2 7J9 943291211627399999999999999 311  81535 7899999999999999
172107 50 14  9 36 89158225274294282242185127 84 67 8012017523026827825627 2 8J910 6294214927999999999999999 339  716 3 6799999999999999
208145 81 32 11 24 67130200258291290260207146 93 62 61 8914019824927727327 2 9J91030295222227999999999999999 4 7 111631 5799999999999999
238183118 61 27 24 53106172236279292272227167109 66 50 6410516121826027427 210J91053292225827599999999999999 436 2117 1 5099999999999999
258216158100 55 37 50 90147209259284277242189130 79 50 48 7512217822926027 211J91117285233626599999999999999 5 5 371732 4599999999999999
263239194141 94 64 61 84128182233266272251208153100 61 45 54 8713518722927 212J91143273999999999999999999999 537 5918 7 4599999999999999
250246220180137103 86 93120160204240257250221177128 84 56 48 63 9613918427 213J9 021252121225799999999999999 613 861849 4899999999999999
218234230209179147125117126148179210232237224195157116 82 60 55 68 9613227 214J9 117235124723899999999999999 6581171946 5599999999999999
169199216218208190170155148151164182201213215205183153121 91 69 60 65 8427 215J9 240219133921699999999999999 8 914821 9 6099999999999999
113147178203217220213200184171164164171182193200198187165137105 77 58 5227 216J9 44622015222009999999999999910311632253 5299999999999999
 62 87122162200228242242228206181160149149160178196207205188158118 78 4627 217J9 6272441723208999999999999991227147999999999999999999999
 30 35 61105157209248269268247212173141124125145175207229233214176124 7127 218J9 726271184023499999999999999 017 29132512299999999999999
 27  5 11 44100167229275294284250201150112 9610613918422925726123518512127 219J9 8 9294193726399999999999999 118  414 7 9699999999999999
 56  7-15 -2 43112189257299309285236175117 80 73 9614420325528428124518327 220J9 847309202528799999999999999 2 8-151444 7299999999999999
109 39 -9-22  2 60139220284315309270207138 82 53 59 9815822527830228924227 221J9 92031721 930299999999999999 251-231520 5199999999999999
171 93 25-13-13 24 92176253304318294239168 99 51 36 5710817824629330628227 222J9 951318215130799999999999999 331-181554 3699999999999999
227153 78 21 -2 12 61135214278310304263199126 65 31 31 6612619726029629727 223J91020312223230199999999999999 4 7 -31629 2799999999999999
264205135 71 30 23 51107178245290300276224156 90 42 24 39 8314621226328627 224J91048301231228799999999999999 442 2217 3 2499999999999999
277239182122 74 52 60 96151213262285276239182120 67 35 32 5610416221825527 225J91113285235426699999999999999 515 511737 2999999999999999
266250213165120 90 83100138186232260264242200147 96 58 42 49 7812217221427 226J91138266999999999999999999999 547 821812 4199999999999999
238241224194159130115118138170205233243234207168125 88 64 58 70 9713417127 227J9 03824212 224399999999999999 6201141850 5899999999999999
200216217205186165149143149165186206218217203179149119 94 80 78 8810813427 228J9 134219122721999999999999999 7 01431940 7799999999999999
160182196201198190181172168170176185192195192181165146126110 98 93 9610727 3 1J9 3 7201125819599999999999999 81616821 6 9399999999999999
124144165183197204205201193184176171170171174175174168157143126110 98 9227 3 2J9 54120615 617599999999999999115217023 8 9299999999999999
 96109129155183206221225219204184166153149152162173182184176159136111 9027 3 3J9 65322517421849999999999999913 3149999999999999999999999
 77 79 94123159196226242242227200170144130130143164187203206194169135 9927 3 4J9 730244184320799999999999999 025 76133012899999999999999
 71 58 64 8912917622025026024922018114311610812014718121223022720516712127 3 5J9 758260192323199999999999999 112 57135410899999999999999
 78 49 41 59 97150205249271268241197149110 90 9512216420924225424020315227 3 6J9 823273195725499999999999999 148 411418 8999999999999999
 97 53 30 35 68121183239275282261218162111 78 72 9413819224026826824018927 3 7J9 845283203027299999999999999 219 291442 7199999999999999
127 70 32 23 44 93157222270290279239181121 74 54 6610516322326828627122727 3 8J9 9 829121 228699999999999999 248 2215 8 5499999999999999
165100 48 23 30 69129198257291290258203137 79 44 42 7212619325228829126027 3 9J9 930295213429499999999999999 316 211534 3999999999999999
205138 76 36 28 52104172237282295274224159 93 45 27 43 8815322127329628327 310J9 95229522 829699999999999999 345 2716 2 2799999999999999
241180115 63 39 47 86146211265291283243182115 57 24 23 5411117924328329127 311J91015292224429299999999999999 414 381631 1999999999999999
267218157100 63 55 78124184240277282256205141 79 34 16 31 7313319925328027 312J91040284232328299999999999999 445 5417 3 1699999999999999
277246197144100 78 83113160212253271260223168109 58 26 22 46 9215020724927 313J911 7271999999999999999999999 519 771738 2199999999999999
266257227185143113103115145185224249252231191142 92 53 33 37 6210515520227 314J9 0 8266113725499999999999999 5571031821 3299999999999999
234246238215185156137133144167195219231226205171131 93 64 50 53 7310714627 315J9 1 5246121423299999999999999 6461331919 4999999999999999
184212226226215198179165159162173187200207204190168140110 85 68 64 74 9627 316J9 231228131120799999999999999 8 91592049 6499999999999999
126160191214226228220205188174164162166176186192191182163136108 82 66 6327 317J9 43922815271939999999999999910481622242 6299999999999999
 75102138178214239249244226199171148137139153174195209209193163125 86 5727 318J9 6102491730211999999999999991221136999999999999999999999
 44 53 83128179227260272262233192151119106114140177213237241222183132 8027 319J9 7 2272184024399999999999999 0 6 4413 810699999999999999
 41 25 37 75132196250284289267223168117 84 77 9713919224026927024219012727 320J9 741291193227399999999999999 1 5 251346 7699999999999999
 67 26 14 35 85153223277302293255195131 79 52 58 9415221726929528724818527 321J9 815303201629699999999999999 152 141420 5099999999999999
114 53 17 16 49111185254298307281226156 89 43 29 5110317324329331029124027 322J9 845308205831099999999999999 232 121453 2999999999999999
170 99 44 20 33 79147221280307297253186113 52 18 21 5812319826630631128027 323J9 914308213731399999999999999 3 9 201526 1599999999999999
222152 87 45 37 63118187252293300271214143 74 25  8 27 7714822227930629827 324J9 941302221630899999999999999 344 361558  899999999999999
259199135 83 57 64101158221271292279235172104 46 14 14 4610317323828129427 325J910 7292225429599999999999999 418 561630 1099999999999999
276233178125 89 79 98139193243273275246196134 76 34 19 32 7213019224427327 326J91032278233327799999999999999 450 7917 2 1899999999999999
274250209163124104107132172215249260247211161108 63 38 36 58 9915220223927 327J91058260999999999999999999999 5231021734 3499999999999999
255250226192158134125135160192222239237215179136 96 66 53 60 8412216420127 328J9 014256112324099999999999999 5581251810 5399999999999999
226235228210186164150148158177198214219209188159127 99 81 76 8410513316427 329J9 1 3235115121999999999999999 6401471853 7699999999999999
191209216214204190177168166170179189196195187172153132114102 9710111413327 330J9 215217122719699999999999999 75116620 2 9799999999999999
15517619420621221020319318217316916817117417717717216214913412011010611127 331J9 4152121424177999999999999991034168215910699999999999999
12314216418820822122421820418516715414815015917018118618217115213111210027 4 1J9 55022417 71869999999999999912131482336 9799999999999999
 9810913216219422223824022720317414712912513415417919921020618916112910127 4 2J9 6372411815210999999999999991248125999999999999999999999
 84 8410013217221324325624922418714811710210713016420022723722719815911727 4 3J9 7 9257185923799999999999999 033 82131510199999999999999
 83 68 74102145195239265268246206157112 84 79 9913918723125826023819614527 4 4J9 736270193526299999999999999 113 671341 7899999999999999
 97 65 57 76117172226266280266227173117 74 56 6710516021826328327323618227 4 5J9 8 0280201028499999999999999 147 5614 7 5699999999999999
124 76 52 58 91145206257285282249194130 74 41 38 6812319025129129827422427 4 6J9 824288204430099999999999999 219 511434 3599999999999999
162102 62 51 72118180240281292268218152 86 37 18 34 8114922127930830126427 4 7J9 848292211931099999999999999 251 5115 3 1899999999999999
205140 87 59 63 97153216267292283241178108 47 11  9 4210217724929731229327 4 8J9 913293215531399999999999999 323 561533  699999999999999
246184124 81 67 85129187244282288260206138 71 20  0 14 5912720226630330527 4 9J9 941289223430899999999999999 356 6716 6  099999999999999
277226167117 87 86113160215260281270231171105 46 10  3 29 8114921827129627 410J91010281231729799999999999999 432 831642  299999999999999
290258210159120103111142186230261267245201144 85 39 14 18 4810116322226427 411J91043268999999999999999999999 5111031723 1299999999999999
280271241201162134125136163199231248245220179130 82 47 31 38 6711316621427 412J9 0 7280112025099999999999999 5571251812 3099999999999999
248261254233203174153146154173197218228222202170132 95 66 53 58 8011615827 413J9 1 926112 922899999999999999 6581461915 5299999999999999
199229245246233213190171160159168182196206206196176148119 92 75 71 8310927 414J9 233247133320799999999999999 8341582044 7199999999999999
144181214237247243228205181161149149158173189202205196175147116 91 77 7927 415J9 41224715462059999999999999910341482223 7699999999999999
 97129169209240257257240211177146126121132155184211225224205172133 98 7427 416J9 52925917252279999999999999911491212343 6999999999999999
 70 86122168216253272268244204158119 95 92112149192231253253230189140 9627 417J9 6212731830256999999999999991236 91999999999999999999999
 67 62 83125180233271285271234182127 84 63 7010315521125728127624519413727 418J9 7 1285192028299999999999999 042 611315 6299999999999999
 89 61 62 91141202255287289262211148 89 50 39 5910817223628330128824718827 419J9 73529220 430299999999999999 129 581351 3899999999999999
128 81 61 71110168229275295281239176109 53 24 27 6312419626130331128723727 420J9 8 6295204531299999999999999 210 601424 2199999999999999
175117 78 69 90138198254288291261206137 72 26 10 29 7814822228231230927527 421J9 835294212431599999999999999 248 681457 1099999999999999
220159108 82 85117169227271289275231169101 44 12 12 4410317624529331029627 422J9 9 328922 231099999999999999 323 791530  799999999999999
255199145106 92108147199248277278249197133 72 28 11 26 6913220126029429927 423J9 932282223930099999999999999 358 9216 2 1199999999999999
275232180136110109133174221257271257219164106 56 26 24 49 9816022026528627 424J910 0271231728799999999999999 4321061635 2199999999999999
280252210167134120129157196233255255231190138 89 52 37 45 7712618123026227 425J91030258235627299999999999999 5 712017 9 3699999999999999
272260231195161139134148175207232243233206166123 85 61 55 7110414819323027 426J911 2243999999999999999999999 5451341745 5599999999999999
251255242217188163149149162184207222224212186153120 92 77 78 9412416019627 427J9 041256113922599999999999999 6301471828 7599999999999999
223239241230211189170159159168182197206206196177153128108 97 9811213516327 428J9 137242123020799999999999999 7331581924 9699999999999999
19121422923322721319517716516016217118119019419118016314412611511211913627 429J9 25323314 519499999999999999 9 9160204711299999999999999
15918520822623423121920017916114914715316518019319819418216314312511611827 430J9 41623416 7198999999999999991045146222211599999999999999
13115318120923124224022419917014412812513515618120421721720317915112711227 5 1J9 5192431729219999999999999991143124233410999999999999999
11012415118521924425424622118614811710010312415719522624324122118815111927 5 2J9 6 32541823244999999999999991222 99999999999999999999999
102103123158199237261263244207160115 83 73 8812317121925527026123018714227 5 3J9 63726519 627099999999999999 0271001255 7399999999999999
107 92100130174221258274264230180124 77 51 53 8213419424928529227223017827 5 4J9 7 8274194629399999999999999 110 921326 4899999999999999
129 96 88106146197246276280254205144 84 41 26 43 8915422327930830527322227 5 5J9 737282202531099999999999999 148 871358 2699999999999999
164116 90 92121169224268287275234173105 47 13 12 4410417925030132130726627 5 6J9 8 728721 432199999999999999 226 871432  899999999999999
208151108 91104142195248282287260207139 71 19 -3  9 5512420327131432430027 5 7J9 839289214632499999999999999 3 4 9115 9 -399999999999999
253195141107100122165218264286278239179110 47  5 -6 18 7214522128331631727 5 8J9 914287223032199999999999999 343 991549 -799999999999999
288239184137112114141186234270281262217156 90 35  3  2 33 9016223228531027 5 9J9 952281231831199999999999999 4261101632 -199999999999999
304273227178140123130158199240265267243199141 83 38 14 19 5210817423527927 510J91035270999999999999999999999 5121221720 1399999999999999
297289260219178147134143168202234253251228188138 89 51 33 41 7212117923127 511J9 011298112525599999999999999 6 61341813 3399999999999999
268283276252217181154143148168195221236236218187146105 73 57 62 8812917827 512J9 111284122923899999999999999 7101421916 5799999999999999
223256272268248218185159144144157179202220226217196164129 99 81 8110013327 513J9 218272135622699999999999999 8301422030 7999999999999999
175216248265265248219186156136130138158185209224226213187154123101 9510627 514J9 328267153722799999999999999 9541302152 9599999999999999
13417221224526426524821717914311810811613917320723224323521117714211410227 515J9 43326717 42439999999999999911 310823 810299999999999999
109135172214249268267246209164122 93 83 9512717021524826425723119315212027 516J9 5272701812264999999999999991157 83999999999999999999999
106112139179223257274267238192140 95 66 61 8212417823126928427424319915427 517J9 61227419 628499999999999999 0121051241 6099999999999999
121107117148192236268277260221168111 66 43 47 7913219525128929928324519627 518J9 652277195329999999999999999 1 51071321 4199999999999999
149118109126163209251276274247198138 82 42 28 44 8815021727230430628123727 519J9 727279203530999999999999999 1501091358 2899999999999999
185141116116140182229265279265226170108 56 26 24 5310717424028931130327027 520J9 8 0279211431299999999999999 2301121433 2199999999999999
222171133116126158203246273275249201141 82 39 20 31 7113220026130031029227 521J9 833277215131099999999999999 3 811615 8 2099999999999999
252203157127122141178223259274264228175116 63 30 24 48 9615922427530230127 522J9 9 6275222730599999999999999 3431211542 2399999999999999
274231184145126131158198238264268247205150 96 53 32 38 7112418624328229727 523J9 93927023 329799999999999999 4181251617 3199999999999999
286254211169139130144174213246262256228183131 84 52 43 59 9815120825528327 524J91014263234028899999999999999 4541301652 4299999999999999
287269234194159138138156188221246254240208165119 81 59 60 8312417522326027 525J91052254999999999999999999999 5321351728 5799999999999999
277274252218183155141146166194222239241224193154115 86 74 8110814719223227 526J9 019278113424299999999999999 61414118 8 7499999999999999
259269261238207176154145151169193216228227212185152121 99 9310312816320127 527J9 1 2269122623099999999999999 7 51451854 9299999999999999
23425426025022920017315314515016518620521721820718615913411611112014217227 528J9 151260133522099999999999999 8 7145195111199999999999999
20523225025424422319616914813814015417419521221821219617415013312613114927 529J9 24825415 321899999999999999 91913721 412699999999999999
17520523124825224221919016013512212413916319121422822721419216714513413527 530J9 3472521629229999999999999991025121222313399999999999999
15017520523325025424121417814211410010412415719522724724923520917815113527 531J9 4422541738250999999999999991118 99233313299999999999999
134149176210239257257238203159117 86 74 8411515920824827127225422118315027 6 1J9 53026018342749999999999999912 3 74999999999999999999999
131131149182219251266259231185133 87 56 50 7011316922727229529226622518027 6 2J9 612267192329799999999999999 0311281245 4999999999999999
144125129154192234265274258218163104 56 29 31 6211818524929631530527122327 6 3J9 65327520 931599999999999999 1201241326 2699999999999999
174137121131163207250278279252202139 77 29  8 20 6312920327031432731026927 6 4J9 733282205532799999999999999 2 612114 9  899999999999999
215165130121138176224265287279243185117 54 11 -3 18 7014322128632533130727 6 5J9 815288214133399999999999999 2511201454 -399999999999999
261206156127124147189238276290275232169101 40  2 -4 24 8315923629732932827 6 6J9 9 0290222933399999999999999 3361211540 -699999999999999
299250195149125128157201247281289267221158 91 35  4  4 38 9917524730132627 6 7J9 947289231732799999999999999 4231231629  099999999999999
319286237184144126133164207250278282258212151 90 40 15 22 5911919025530127 6 8J91038284999999999999999999999 5121251718 1499999999999999
318307272223175139126136167207246270272249206151 96 54 36 46 8313920326027 6 9J9 0 5318113327499999999999999 6 312618 9 3699999999999999
296307292256211166136125135164201236258261241205158111 76 63 7410815821327 610J9 054307123626299999999999999 65912519 3 6399999999999999
260288293276242199159131121130155189223245251238209171132103 9210213117327 611J9 143294134825199999999999999 8 112120 2 9299999999999999
21825627828026222918915112411312014217520923424624022018915713112012614827 612J9 235282151124699999999999999 9 7113211012099999999999999
18221925126926925121918014211410110612816119822924724923521018115514114227 613J9 3302711637251999999999999991014100222713999999999999999
158186218246262261242210170130100 86 9111415219423125626325322919917115327 614J9 4272631754263999999999999991115 85234314999999999999999
149162187217244258256235200157115 84 70 7810615019824227027926924220817627 615J9 52226018562799999999999999912 9 70999999999999999999999
155150163188220246259253228188141 97 66 56 7010615721125828629327724620727 616J9 612260194729399999999999999 0471501256 5699999999999999
172151148164194227253262250218173122 78 51 48 7011417223027630130027723927 617J9 657262202930399999999999999 1381471338 4699999999999999
197162144147170205239262265245205154102 60 40 46 7813119425229330929926827 618J9 73726621 730999999999999999 2211431417 3999999999999999
224180149139151181220253270264235188133 82 47 36 53 9515521927230531028927 619J9 815271214131199999999999999 2571391453 3699999999999999
250203162139138160197237266275259221168112 65 39 40 6811918224428931030327 620J9 851275221431099999999999999 3311351529 3699999999999999
273228182147133143174214252275274248202147 94 55 39 52 9114821126530030727 621J9 928277224730899999999999999 4 413316 3 3999999999999999
289251204162135132152189230263277266232183128 80 51 49 7312017923728230327 622J910 4277231830499999999999999 4371311636 4699999999999999
298270228182146130137164202241267272253214164113 75 58 6710015020725829127 623J91042273235029999999999999999 5121291710 5799999999999999
299283249205164136129143174212246264261237197150107 78 73 9112917923127127 624J91122266999999999999999999999 5491291744 7299999999999999
291288265228186150131131149181216244256249223185144109 91 9411815720324627 625J9 02329312 825699999999999999 6301281822 9099999999999999
27528427424620817014112713115118221423824723821518214812211111814317921827 626J9 05828413 124799999999999999 71612619 511199999999999999
25127127325822919315813312212814817720723024023521618816114013314016119227 627J9 13727514 824099999999999999 8 812220 013399999999999999
22425026426224421518014712311311913916820022624024022620418016015115517127 628J9 222265152924299999999999999 9 8113211215199999999999999
196223245256253235206170136110 9910412515819422724825424522520017816416227 629J9 3182571653254999999999999991011 98223816199999999999999
173194219241253250232200160122 93 79 8511014819323426327426724621718816827 630J9 42025418 6274999999999999991113 79235816199999999999999
161169190217242257254232195150105 71 56 64 9514219724728229628826222619027 7 1J9 52125819 7297999999999999991210 56999999999999999999999
164154163187220249266262235191138 86 48 33 45 8414120626430331730527222827 7 2J9 61926720 031799999999999999 1 215413 4 3399999999999999
185155145158189228262279271239186125 68 27 14 32 7914722028332233231327227 7 3J9 713279204933299999999999999 1551451356 1499999999999999
221173143137156194239277292280240180112 51 11  2 27 8315823630033633931227 7 4J9 8 4292213534299999999999999 2441361446  199999999999999
263207158130131158203252290303285238173101 39  2  0 33 9617625531534433827 7 5J9 855303221934599999999999999 3291271534 -499999999999999
302247188142120127162212263299308284233165 93 35  5 10 5011819827332534327 7 6J9 94630923 234399999999999999 4141191621  299999999999999
328284226168126111126166219270302305278226158 91 40 19 32 7814622228832727 7 7J91037308234233599999999999999 45911117 7 1999999999999999
334309261202148113106127170222270297296268217155 96 56 45 6411217724429627 7 8J91129300999999999999999999999 5441051752 4499999999999999
321317285235179132105105129171220262285282255210158111 82 7910214720325727 7 9J9 020323122428799999999999999 6311021837 7799999999999999
29530729425821016012110210512916921325026926724520916813311411613817622127 710J9 058307132527199999999999999 722100192611399999999999999
26028428726923519114811610110512716220123425325524121618616114815016719527 711J9 138289143725699999999999999 817100202314799999999999999
22725426826624821717914311510110412215318821924225024523020918917617318227 712J9 22327016 725099999999999999 921100214217399999999999999
201223242252250234208175142115 99 9911414117621123925525724823021019218427 713J9 3202531742258999999999999991032 97232118399999999999999
185196213230241241229205174140111 93 9010413217121124526727326524421919627 714J9 4322431854273999999999999991141 89999999999999999999999
181178188205225239242231206172135102 82 79 9613017422126028428827524821627 715J9 543242194528999999999999999 0431781239 7899999999999999
187170168181204229246249235205166123 88 68 70 9313618824027929929727523927 716J9 641250202430199999999999999 1361671326 6699999999999999
201171156161182213242259258237199152106 71 56 6610015221026329831029626327 717J9 727261205731099999999999999 21515614 6 5699999999999999
220179152146161192229260273264233186133 86 55 50 7211717723828731231128527 718J9 8 6273212731599999999999999 2461451442 4999999999999999
242194156137143170210250278283263221167111 67 46 53 8814420826730631830227 719J9 842284215531899999999999999 3161361515 4599999999999999
264214167136129148185231270291285253202143 90 54 46 6811517724129231731427 720J9 917292222231999999999999999 3451281546 4599999999999999
284236184142122129159204251285295277235179121 74 51 59 9414921427230931827 721J9 952295224831999999999999999 4151211616 5099999999999999
299257205155123116135174222266291290262214156104 69 61 8212718724729431527 722J91027294231431699999999999999 4461151646 6099999999999999
308275227174132111117145189237274289278243192139 96 75 8211316422127230427 723J911 4289234031099999999999999 5181101716 7499999999999999
309287246195148116107122157202246275280262224177132101 9311014819724728527 724J91144281999999999999999999999 5511071749 9399999999999999
30129226121616812910710812916621024726926824721217113711711914117822226127 725J9 0 7301122927199999999999999 628104182511699999999999999
28528726923419114811710311013417021024225925723921017815314114716819923327 726J9 037289132426199999999999999 711103191014199999999999999
26127426924721317313711110210913216620223225025224021919617616717118520827 727J9 114274143825399999999999999 8 3102201416799999999999999
232251259252232202166133109 9810312215318922124425525223922020218918519127 728J9 2 3259161625599999999999999 912 98215418599999999999999
205223239247244229202168134105 89 8810413517421424626727226424522220018727 729J9 3162481752272999999999999991032 86234318499999999999999
184193210230244248237211175134 98 73 67 8211516221225728629728826423120027 730J9 44624819 1297999999999999991149 67999999999999999999999
177170179201228252262254226182132 85 53 43 5910015722027431032030627222927 731J9 6 5262195432099999999999999 0571701253 4399999999999999
187159152166198236268283274239186125 69 31 21 44 9416323629733233731326727 8 1J9 7 7284203933999999999999999 1491511348 2199999999999999
213165137135159202251290305291248185114 52 14  9 4110218125931934834330627 8 2J9 8 2305212035099999999999999 2341321437  799999999999999
249188139116123159213269310322300249178102 40  7 11 5312320728533735533527 8 3J9 851322215735599999999999999 3151151523  499999999999999
287222158113 99118165226285324329300242167 92 36 13 29 8015523830734634827 8 4J9 939331223335299999999999999 355 9916 6 1399999999999999
315257188128 93 90119174239296327325290229156 89 45 35 6111719226732134327 8 5J9102633123 634399999999999999 435 871647 3499999999999999
329285222156105 81 89126184247297320311273215150 96 67 6910215922628632227 8 6J91113321233832999999999999999 515 801726 6399999999999999
327300250188130 91 78 95136192248289304291255205153114 9811014519625029227 8 7J912 2304999999999999999999999 555 7818 5 9899999999999999
310300266216162116 88 8510514519524127228227024020216514113515018122125927 8 8J9 0 9310125628299999999999999 638 83184613599999999999999
283287269235191147113 95 9611615019122725226125423420918617217018220423127 8 9J9 04028814 126199999999999999 726 93193616999999999999999
25326426024221317814512010610712314918121123324624723822521020019620021127 810J9 115264153624899999999999999 826105205919699999999999999
22423624123722420317815213111711312214116719522124125125224523221820720227 811J9 2 6241173425399999999999999 947113231920199999999999999
20320921722422622020718716313912011011312915518722124826527026224522320327 812J9 3462261851270999999999999991117110999999999999999999999
190187193205219228229218197169139113 9910011815019123226528428627124421327 813J9 533230193528799999999999999 0501871226 9899999999999999
186171171183205227242244231203166129 98 83 8911415620625328730129326622927 814J9 63824520 830199999999999999 1321691315 8399999999999999
191163153162186218247263260237199153109 79 70 8512217523227930730928824927 815J9 722264203631199999999999999 2 21531353 6999999999999999
203163141142164200241271282269234185131 87 62 64 9314420526330431930626927 816J9 75828221 131999999999999999 2281381425 5999999999999999
219170136125141177224267293294267220162106 67 54 7211517624129432131928927 817J9 831297212532499999999999999 2541251455 5499999999999999
239184138114119150198251291308294254197135 84 56 60 9314921627731732630527 818J9 9 3308214832799999999999999 3201131524 5499999999999999
260202147111102123167223275308310283233170111 71 59 7912619025530532631627 819J9 936313221132799999999999999 3471011551 5999999999999999
279223163116 93101136189247293313302264207146 96 71 7611116623028631932127 820J910 9314223332499999999999999 415 921619 6999999999999999
293243183128 93 87109154212266302308286240183130 93 8410414820626330431827 821J91043310225631899999999999999 443 851648 8499999999999999
301260204147102 82 9012317423027630029526621916812610410913918523828230627 822J91120302232130899999999999999 513 81171910399999999999999
302272224169120 88 8110013918924027629027924720616413512714017221425628527 823J912 2290234829399999999999999 546 81175312799999999999999
293276240193145106 86 8811115019623926727526323720417515715517019823025927 824J91253275999999999999999999999 625 84183515499999999999999
274271250216175135105 92 9611715119122725126025423821619618418319221023027 825J9 02127614 626099999999999999 715 91193818299999999999999
24825525023220417213911410010011514117420823425125725123922321020120020627 826J9 1 7255155825799999999999999 829 98213920099999999999999
217229237237228210183154125104 9510012015118822425327027426624822620619327 827J9 23423817482749999999999999910 9 95234918999999999999999
189196210226238240229205171134101 81 78 9412917522426629330028926222819527 828J9 4412411853301999999999999991139 76999999999999999999999
172165175199228253264256229186136 90 59 53 7211617523628831932330126121327 829J9 6 7265193932499999999999999 0531651246 5299999999999999
169143140160198242278294284247192129 73 38 34 6211718926031434033329824327 830J9 7 7294201734299999999999999 1371381338 3199999999999999
183136113120155208264306321303256188116 56 24 28 6813521528933835132927827 831J9 757321205235299999999999999 2161121423 2199999999999999
211146102 89110160225288330339311253177102 46 23 39 9116724931635134730827 9 1J9 843340212535499999999999999 252 8915 5 2399999999999999
244171109 74 75111172245308344342305240163 93 47 38 6712720528133335032827 9 2J9 928348215535099999999999999 329 701544 3799999999999999
275204132 79 58 73121189262319344333289223151 92 62 6710616924230333633327 9 3J91011345222533999999999999999 4 5 581622 6099999999999999
296235164101 62 56 83137206273318332313267206146104 8910614920926931132427 9 4J91054332225332499999999999999 441 541658 8999999999999999
304258196133 84 60 6610015521827330631028824619515112512314618823728030227 9 5J91139312232130499999999999999 518 58173412199999999999999
298269221166115 81 70 8412017022326428628526423119416615315818121525027427 9 6J91227288234828199999999999999 556 70181215299999999999999
280266235193149113 92 8910613717821824826326224822620418718118720422624527 9 7J91327264999999999999999999999 638 88185918199999999999999
25525323621017814812411011012314717620522824324724323222021020420521122027 9 8J9 018256145824799999999999999 731109202420399999999999999
22823122821720018015914112912513114516618921223224525024723922721520720327 9 9J9 05923117 825099999999999999 855125232120299999999999999
20320721121321220519317615814113012713515217720623325426526425223321219427 910J9 3132131825266999999999999991046127999999999999999999999
18318218920121422222221119216714112211412114117421224727328327625522419427 911J9 52822319 628399999999999999 03918212 411499999999999999
171161166183207230244243227199164129105 9811014018423027029329527724220227 912J9 628245193629799999999999999 1101611253 9899999999999999
166144142160191226255268261234194148109 86 8711015320725829530929726321627 913J9 7 926920 130999999999999999 1361411330 8399999999999999
168134122134167212255284289269229177125 87 73 8612518024028931531228323427 914J9 743290202431799999999999999 2 012214 1 7399999999999999
178131106109139187241285306299265212152101 72 7210115321627531332230025427 915J9 815307204732399999999999999 2241041430 6899999999999999
194137 98 89109155215272310319296248187126 83 68 8512919125530532631427327 916J9 84632021 832699999999999999 249 881458 6899999999999999
213150 99 75 83121180245299325318281224160106 77 7911216723228932232229027 917J9 918327213032699999999999999 315 741526 7499999999999999
235169109 71 65 91143209273316327306259198138 97 8410214720726730932230227 918J9 950328215232299999999999999 342 631554 8499999999999999
254191127 78 57 6810816923629132131828623417612710110413418424229031430727 919J91025324221631599999999999999 410 561624 9899999999999999
271215151 96 61 56 8113019325429931530126421416412911713216821626429630227 920J911 2315224230399999999999999 440 54165611799999999999999
280235179122 79 59 66 9915020926129330028224620416614414216219623727128727 921J91144300231228899999999999999 514 58173314099999999999999
280250205154109 77 68 8211516321325527828126523720618016716918721324226227 922J91237282234726799999999999999 554 68181916699999999999999
267254226187147111 89 83 9612416320423825926525724022020219219120021523127 923J91355265999999999999999999999 648 83193419099999999999999
242244234214187156128107 9810312115018421724225826225524222521020019620027 924J9 040245155226299999999999999 810 98215619699999999999999
209219226227220203179151125106 9910712916219923526227727726424121519217727 925J9 238228173027999999999999999 959 99234317499999999999999
175184201221236241231208174137105 86 8710714519324127929929827824320316827 926J9 4512411828301999999999999991129 84999999999999999999999
147145162193229259272263234189138 94 68 68 9314120125930232031127722717427 927J9 6 727219 932099999999999999 0351431232 6599999999999999
132113119151199250289304291251193131 80 53 58 9315322228532433230825819527 928J9 7 2304194533499999999999999 1151121321 5199999999999999
135 94 83104152215277319329306255187118 68 47 6211017925231133933129022527 929J9 749330201734099999999999999 151 8314 4 4799999999999999
154 94 62 64101165238303341342308247174107 64 55 8214021328332934031325727 930J9 832346204734199999999999999 226 581444 5499999999999999
184112 60 41 60111185262322350341297231160101 71 761141772473053343252832710 1J9 914351211633599999999999999 3 0 411522 6899999999999999
216142 77 39 36 69131208280330346326277213149104 891061522132743153232982710 2J9 956346214532499999999999999 335 331558 8999999999999999
245176108 56 34 46 891542282903263303032541971461161151411872422873093002710 3J91037333221331099999999999999 4 9 34163311299999999999999
263206143 87 51 44 671141772412893123072782341871521361441732152572852902710 4J91119313224129199999999999999 444 4317 913699999999999999
269228175123 81 61 65 931391942442792912822562201871641591711972292572702710 5J912 3291231027099999999999999 520 59174815899999999999999
263238200156117 90 81 911181582012382622692612412171951811801902092292442710 6J91256269234224799999999999999 559 81183717999999999999999
2462362131831521251081051151371671992262442522492372222081971941982072172710 7J91411252999999999999999999999 647104195619499999999999999
2232232152011811611421301251301451651892122312432472432332202071971921932710 8J9 028224155924799999999999999 759125222219299999999999999
1972022062072031931781621481371351411561782032272462562552452262051871752710 9J9 240207172525799999999999999 948135235017299999999999999
172177189203214218213199178156138128130145171203235260271267248220189164271010J9 4572181814271999999999999991119127999999999999999999999
150150164188214234241235214185153127114119140175216254278284270240200161271011J9 6 2241184828599999999999999 028148121611499999999999999
134125136164201237261266251220179139111101114146191239277295289260216166271012J9 646267191529699999999999999 057125125610199999999999999
125104107133177226267288284257213163120 95 95120165218268298303280235179271013J9 721290194030599999999999999 1231021330 9299999999999999
126 90 81100144202258297309292251196142102 87100139194251294311297256197271014J9 75530920 331199999999999999 149 8014 2 8799999999999999
135 86 62 70108167233289320318287235174122 91 90118169229281311309276219271015J9 827323202631499999999999999 215 611432 8799999999999999
153 92 54 46 73127197265314331315272212152108 91105146203261302314292243271016J9 9 1331205131499999999999999 243 4515 2 9199999999999999
177110 58 34 45 87153227290327331302250190137105103130178236285310302264271017J9 935333211731199999999999999 312 34153410099999999999999
205136 75 37 29 56110180251305329319282229173131113123158208259295303280271018J91012329214530499999999999999 343 2816 811399999999999999
232169105 55 30 37 74133203266307319302262213167136130148185230270291285271019J91053319221729299999999999999 417 29164512999999999999999
252201142 88 50 38 53 95153215268298303283247206170150151170203239267276271020J91139304225327699999999999999 456 37172914899999999999999
261227180130 86 59 54 72112163216259283285269241209182168169185209234252271021J91237287233925599999999999999 542 53182516799999999999999
254240211173133 99 77 73 89121163207243266272263244220198183179186200217271022J91353272999999999999999999999 642 73195117999999999999999
230234227209182151121100 91 98121154192227254268267255234210189176173180271023J9 052234152826999999999999999 8 3 91214717399999999999999
193209222227221203177147120102 99113141178217251273278267243212181158147271024J9 258227164927899999999999999 941 99231214799999999999999
152169195221240244232205170133105 94102130171218259285291276243200158127271025J9 44724517462929999999999999911 6 94999999999999999999999
115124152193233263274261229184138102 86 94126175229275301300274228174124271026J9 558274182930499999999999999 0 411512 9 8599999999999999
 91 84104147202255291301284243188134 95 80 95135191249293312299259201138271027J9 65230219 631299999999999999 046 8313 0 8099999999999999
 86 58 62 96154221280316321295245183127 90 82105154215272308313286232164271028J9 739323193931599999999999999 123 561345 8199999999999999
 98 51 34 52101171245304334330294236172119 90 93126181242292314303261197271029J9 822336201131599999999999999 159 341425 8899999999999999
125 64 27 25 57118194268320340325281221160115 98112153210265302309282229271030J9 9 4340204131099999999999999 235 2115 3 9899999999999999
160 92 40 17 29 74142218285326334310262203150117112136181235280301292253271031J9 944335211230299999999999999 310 17154011199999999999999
194127 68 30 22 46 991682392943223182882401871461251311612062522832892672711 1J91023324214329199999999999999 344 21161612499999999999999
222163104 57 33 38 721271922522943092972642201771471381521832232582762702711 2J911 3309221527799999999999999 420 32165313899999999999999
240194141 92 58 48 621001532092572862912752442061731531521691992302532602711 3J91144292224926099999999999999 455 48173315099999999999999
246215173129 92 71 69 891261732182542732732572292001751631651812042272402711 4J91230275232824299999999999999 533 67182016299999999999999
240224196162128102 89 931131461842192462592582452232001811711731841992142711 5J91325261999999999999999999999 616 89192217199999999999999
2222212091881621381191101141311561862152372492502402232041861741711761862711 6J9 021223143525199999999999999 711110205317199999999999999
1972062092041911731541381281281391581832082312452502432272061841671581592711 7J9 154209155325099999999999999 829127222715799999999999999
1671811962082112051911731531391331381541782062312492552482282011721491362711 8J9 35321116572559999999999999910 2133232613599999999999999
1371511731982192292262111871621411301331501772102402602632502221851491212711 9J9 5172291743264999999999999991118129999999999999999999999
110117141176212240253248226194161134121127150185223255272268243203157116271110J9 612253181827399999999999999 0 7110121212199999999999999
 90 86105143191236268277264233191151123113126158201243273281264225173120271111J9 655277184928199999999999999 040 85125511399999999999999
 79 61 70104158216266294296272229180137112111134175224265286281248196135271112J9 733298191828899999999999999 111 60133310899999999999999
 81 46 40 65115181246294314304269217164124106116150199249283292271223160271113J9 810315194729399999999999999 142 3814 910699999999999999
 96 45 21 30 71135208273315324302257201149115108129172224270294288251192271114J9 847325201829599999999999999 214 21144410799999999999999
124 61 20  9 33 86159234294326324292241184138114118148196246284295274227271115J9 926329205129599999999999999 249  8152211299999999999999
162 93 37  7  9 44106182254305326315277225172134119132168216261287286255271116J910 8326212729199999999999999 326  316 111999999999999999
202136 73 26  6 19 62127200265307318301261212166136130148184228265281271271117J9105231922 828199999999999999 4 7  6164412999999999999999
235182121 65 27 16 35 81144212267300306286248204165142141160193230258268271118J91141307225426899999999999999 452 16173413999999999999999
254219170116 69 39 34 55 99157216263289292273240201168149148164192222244271119J91236294235225199999999999999 542 33183314699999999999999
251239210169124 85 60 56 75113163214255278280265236201171152148158180205271120J91338282999999999999999999999 640 55194614799999999999999
226236230210178141107 84 79 92123165209246268273261235202170147138143160271121J9 1 9236144627499999999999999 748 78211013899999999999999
184209226230220197165133108 97104128163204240264271260234199162133118119271122J9 249231155327199999999999999 9 8 97222611699999999999999
136165197225240238221191157128111111129162202239265272260230188146111 92271123J9 42524116522729999999999999910291082326 9099999999999999
 93115152195233257261245213175140117113130164205244270274256219170121 82271124J9 5422621742275999999999999991141112999999999999999999999
 64 70101148202249278283264228183143118114133170215254276274248202145 92271125J9 642284182627999999999999999 015 63124011399999999999999
 54 40 56 97155218269297299275232183140116117141182229265281269232178116271126J9 73330219 528199999999999999 058 40132911399999999999999
 63 30 26 52104172238288312306274226174134115123154199244275280258211150271127J9 818313194228299999999999999 138 24141311599999999999999
 88 39 15 22 60122193259303318303263211161127117133171218259280274240186271128J9 859318201728199999999999999 216 14145211799999999999999
122 63 23 11 30 78146217276310314290245193148123123148190235269278260218271129J9 937316205127999999999999999 253 10152912099999999999999
159 97 46 17 17 48104172239288310303270223174138123133165208248272270242271130J91015311212627499999999999999 329 1316 512399999999999999
194135 79 37 21 33 731321982552923022852482011591321281471822222542672552712 1J9105130222 226799999999999999 4 4 21164012699999999999999
221171116 68 38 34 571021602192662902882642261831481311361601942292522562712 2J91127292223925799999999999999 439 32171713099999999999999
237199151103 66 48 54 841311852342692822722442071701431341441692012282442712 3J912 3282232024599999999999999 515 47175813499999999999999
240218182139100 73 65 791111562032422662702552271931621421381501721992202712 4J91243271999999999999999999999 552 65184513899999999999999
230224203171136106 88 871041351742122432582572412151841581421391491681902712 5J9 0 7230132626099999999999999 633 85194213899999999999999
2082162121951701431201071091251521842152392502472312061781541371331401572712 6J9 110216141825099999999999999 724106205213399999999999999
1771962072081981791581381271271391601872132342442412252001721451261191252712 7J9 234209151624499999999999999 83112522 311999999999999999
142165189207215210196176156142137144161186211232242238221193160129107 982712 8J9 4 9215161624299999999999999 95513723 2 9899999999999999
106128158191217231230216193169149139143159185212235245238216182142105 812712 9J9 52723217 82459999999999999911141392350 7499999999999999
 74 88119160202236253252234205173147135139158188219243251238208164116 76271210J9 6252551754251999999999999991217134999999999999999999999
 52 52 75118171222260277271245208169140128135161197232255257235194140 87271211J9 713278183525999999999999999 032 4913 712799999999999999
 45 26 34 69125189246284297283248203160130121136169211248267260228175114271212J9 757297191526899999999999999 112 25135112199999999999999
 57 17  5 24 72139210269304309286243192147121119142183228264276259216155271213J9 840311195627699999999999999 153  5143411699999999999999
 88 31 -4 -7 23 82157231288317313282232178135114121152198245276280254202271214J9 923319203828299999999999999 235-10151511399999999999999
135 67 12-16-10 31 97176250301322309271217164125112126163212256282278245271215J910 6322212328499999999999999 319-18155811299999999999999
188119 52  3-17 -2 46117195264308319299256201151118112132173221261280271271216J91051319221028199999999999999 4 4-17164311199999999999999
233175108 46  4 -7 15 67138212273307310284238185140114113137178223259273271217J9113531323 127399999999999999 450 -8173111099999999999999
260222166105 51 17 13 40 92159225276300296266221171131110113138176217249271218J91220302235826099999999999999 538 11182210899999999999999
260247212163110 65 40 41 69118177233273289279248204159123106110133168205271219J913 6289999999999999999999999 627 37191910599999999999999
234245236208168124 88 70 73 98140190235265274261231190149117101103122154271220J9 1 3245135427499999999999999 721 682023 9999999999999999
188217232229211180146117102103123156195230253259246218180141110 92 91107271221J9 222233144825999999999999999 8241002133 8999999999999999
136171203224230221199172146130127138163194223243247235209172133100 79 75271222J9 354230154724899999999999999 9421262243 7599999999999999
 90119157194224238237222197170149140145163189216235241230203165123 87 63271223J9 52524016502419999999999999911101402345 5799999999999999
 58 73106150195232253256242215183157142143159186214234240227198156110 70271224J9 6392571749240999999999999991227140999999999999999999999
 45 42 61101153205247271273254222185153136138157187218239243226190143 93271225J9 735275184124499999999999999 039 40132513599999999999999
 51 28 30 58106165223266287282256217175142128135160195228248246222179125271226J9 820288192625099999999999999 126 26141012799999999999999
 73 33 16 27 64121186244283296282247201157128121137170210242257247213162271227J9 85829620 625799999999999999 2 7 16144812099999999999999
104 52 18 11 33 81145211265295296271228178137116120146186227256262241197271228J9 932299204326399999999999999 245 10152111499999999999999
140 81 34 10 15 49106174237282299287251202154120110125161205244265259228271229J910 4299211826699999999999999 320  8155311099999999999999
177117 61 22 10 29 75138205260292294269225175131108110136178222256266249271230J91035297215326699999999999999 353 10162410699999999999999
209154 95 46 20 23 54108173234276292280244196148113102116150195235260259271231J911 3292222926399999999999999 424 17165610299999999999999
