 28 29 31 34 37 38 37 35 32 30 28 29 32 36 40 46 50 52 52 51 47 42 37 3227 1 1K5 5 8 381736 5399999999999999 0 3 2810 8 2899999999999999
 28 26 24 24 26 28 30 31 31 30 29 29 31 34 38 44 49 54 57 58 56 52 46 3927 1 2K5 721 311850 5899999999999999 218 241027 2999999999999999
 32 26 21 19 19 21 24 27 30 30 30 29 29 31 35 40 46 52 58 61 62 60 54 4727 1 3K5 9 3 301949 6299999999999999 335 191125 2999999999999999
 38 29 22 17 14 15 18 23 28 31 32 31 29 29 30 35 41 48 55 62 66 66 63 5527 1 4K5 951 322038 6799999999999999 419 141247 2999999999999999
 46 35 25 17 12 11 13 18 25 31 33 33 31 28 27 29 34 42 51 59 66 70 69 6427 1 5K51021 342121 7199999999999999 452 111354 2799999999999999
 54 42 30 20 12  9  9 14 21 29 34 36 33 29 26 25 28 35 44 54 64 71 74 7127 1 6K51049 3622 0 7499999999999999 521  91447 2599999999999999
 62 51 38 25 15  9  7 10 17 26 34 38 37 32 27 23 23 28 36 47 58 68 74 7527 1 7K51117 382236 7699999999999999 549  71533 2399999999999999
 69 59 46 32 20 11  7  8 14 22 31 38 39 35 29 24 21 22 29 39 51 63 72 7627 1 8K51144 392311 7699999999999999 617  71613 2099999999999999
 74 66 53 39 26 15  9  8 11 19 28 36 40 38 33 26 21 19 22 31 43 55 66 7427 1 9K51211 402343 7699999999999999 643  81652 1999999999999999
 75 70 59 46 33 21 12  9 11 16 25 34 40 41 37 30 23 19 19 24 34 46 58 6827 110K51238 41999999999999999999999 7 8  91729 1899999999999999
 73 72 63 52 39 26 17 12 12 16 23 31 39 42 40 34 27 21 18 20 27 38 49 6027 111K5 016 7413 5 4299999999999999 729 1118 8 1899999999999999
 68 70 65 55 43 31 21 15 13 16 22 29 37 42 43 39 32 26 21 19 23 30 40 5027 112K5 048 701334 4399999999999999 747 131849 1999999999999999
 59 64 63 56 46 36 26 19 16 18 22 28 36 42 45 43 38 32 26 22 21 25 32 4027 113K5 122 6414 6 4599999999999999 8 4 161935 2199999999999999
 48 55 58 55 47 38 30 23 19 19 23 29 35 41 46 47 44 39 33 27 23 23 27 3227 114K5 159 581443 4799999999999999 821 192032 2399999999999999
 38 44 49 50 46 40 33 26 22 22 24 29 35 41 46 49 49 46 41 35 29 25 24 2627 115K5 241 501528 4999999999999999 840 212151 2499999999999999
 29 33 37 41 41 38 34 29 26 24 26 30 34 40 45 50 53 52 50 45 38 32 27 2427 116K5 336 411629 5399999999999999 9 1 242357 2399999999999999
 23 24 26 29 32 33 33 31 29 27 27 29 33 38 43 49 53 57 58 55 50 43 34 2727 117K5 5 9 331747 5899999999999999 925 27999999999999999999999
 21 18 17 18 21 24 28 30 30 30 29 30 32 35 40 45 51 57 62 64 62 56 47 3627 118K5 754 3019 2 6499999999999999 156 1710 4 2999999999999999
 26 17 11  9 10 13 19 25 29 31 32 31 30 31 34 39 46 53 62 69 72 70 63 5127 119K5 937 322010 7299999999999999 316  91157 3099999999999999
 37 24 13  5  2  3  8 16 25 31 34 33 31 29 28 31 37 45 55 66 75 80 77 6827 120K51014 342110 8099999999999999 414  21338 2899999999999999
 54 37 21  8  0 -3 -1  7 17 28 34 36 33 29 25 24 27 34 44 57 70 81 86 8227 121K51045 3622 4 8699999999999999 5 1 -31450 2499999999999999
 71 54 36 18  4 -4 -5 -1  9 22 33 38 37 31 25 20 18 22 31 43 58 73 85 8927 122K51115 382254 8999999999999999 544 -61549 1899999999999999
 84 70 52 33 14  1 -5 -4  3 15 29 39 41 36 29 21 15 14 19 29 43 59 75 8627 123K51145 412341 8999999999999999 621 -51643 1399999999999999
 88 80 66 48 29 12  1 -1  2 11 24 37 44 42 35 26 17 11 11 18 28 42 58 7427 124K51217 44999999999999999999999 654 -11733 1099999999999999
 83 82 73 58 41 24 11  5  5 11 22 34 44 47 42 34 24 16 10 11 18 29 42 5627 125K5 025 841248 4799999999999999 721  41821 1099999999999999
 69 74 71 62 49 34 21 12 11 15 22 33 43 50 49 42 33 24 16 12 14 21 30 4027 126K5 1 6 751320 5099999999999999 743 1019 9 1299999999999999
 52 61 63 58 49 39 28 19 16 19 25 33 42 50 53 49 42 34 26 19 17 19 24 3027 127K5 145 631352 5399999999999999 758 1620 0 1799999999999999
 38 46 50 50 45 38 31 24 20 22 27 34 42 49 54 54 49 43 36 29 24 22 23 2627 128K5 221 511427 5499999999999999 810 2021 1 2299999999999999
 29 34 38 39 37 34 30 26 23 24 28 34 41 47 53 55 54 50 45 39 34 29 27 2627 129K5 254 3915 8 5599999999999999 817 232356 2699999999999999
 26 27 28 29 29 28 27 25 24 25 28 33 39 44 50 53 55 54 52 48 43 38 34 3027 130K5 328 2916 7 5599999999999999 814 24999999999999999999999
 27 24 23 22 22 22 23 24 24 25 27 31 35 40 45 49 53 55 55 54 52 47 42 3627 131K51751 55999999999999999999999 315 22999999999999999999999
 30 25 21 18 17 18 20 22 25 26 28 29 32 35 39 44 48 53 56 58 58 55 50 4427 2 1K51929 58999999999999999999999 4 3 17999999999999999999999
 36 28 21 16 14 14 16 20 25 28 29 29 29 30 32 36 42 48 54 59 62 62 58 5127 2 2K52031 62999999999999999999999 427 13999999999999999999999
 43 33 24 16 12 11 13 18 24 30 32 32 29 27 27 29 34 41 48 56 62 66 65 5927 2 3K51017 322117 6699999999999999 449 111344 2799999999999999
 50 39 28 18 11  9 10 15 22 30 34 35 32 27 24 23 26 32 41 51 60 67 69 6627 2 4K51033 352155 6999999999999999 510  91446 2399999999999999
 57 46 34 22 13  8  8 12 20 29 36 38 35 29 23 20 19 24 33 43 55 64 70 7027 2 5K51054 382229 7199999999999999 532  71533 1999999999999999
 64 53 40 27 16  9  7 10 17 26 36 40 39 33 26 19 16 17 24 35 47 59 69 7227 2 6K51117 4123 0 7299999999999999 554  71615 1599999999999999
 68 59 46 33 21 11  7  9 15 24 34 42 43 38 30 22 15 13 17 26 38 51 63 7127 2 7K51141 432330 7299999999999999 614  71654 1399999999999999
 71 63 52 39 26 15  9  9 14 22 33 42 46 43 36 26 18 12 12 18 29 42 55 6627 2 8K512 5 46999999999999999999999 631  81732 1199999999999999
 70 66 56 43 31 19 12 10 14 21 31 41 48 48 42 33 23 15 11 13 21 33 45 5727 2 9K5 0 0 701229 4999999999999999 645 101810 1199999999999999
 65 65 58 47 35 24 15 12 15 22 31 40 49 52 48 40 30 21 14 12 16 24 35 4627 210K5 032 661255 5299999999999999 659 121850 1199999999999999
 56 60 57 49 38 28 20 15 17 23 31 40 48 54 53 47 38 29 20 14 14 19 27 3627 211K5 1 5 601324 5499999999999999 713 151934 1399999999999999
 45 51 53 48 39 31 23 19 19 24 32 40 48 54 56 53 46 38 29 21 16 17 21 2727 212K5 140 531355 5699999999999999 728 182025 1699999999999999
 34 40 44 43 38 32 26 22 21 25 32 39 47 53 57 57 53 47 39 31 24 20 19 2127 213K5 219 441434 5899999999999999 742 212136 1999999999999999
 25 29 33 35 34 31 27 24 23 25 31 38 44 50 55 58 58 55 50 43 35 28 23 2027 214K5 3 7 351529 5999999999999999 751 23999999999999999999999
 20 20 22 24 26 26 26 25 25 26 30 35 41 46 51 55 58 60 59 55 48 40 32 2527 215K5 447 2617 2 6099999999999999 0 3 20 738 2599999999999999
 20 16 14 15 16 19 22 24 26 28 29 32 36 40 44 49 54 59 63 64 61 55 46 3627 216K51850 64999999999999999999999 221 14999999999999999999999
 25 17 11  8  8 11 16 22 26 29 30 31 31 32 35 39 45 53 60 67 70 68 61 5027 217K520 9 70999999999999999999999 330  7999999999999999999999
 37 24 13  5  2  3  9 17 25 31 33 32 29 27 26 28 33 41 52 63 72 77 74 6527 218K510 4 332110 7799999999999999 414  21349 2699999999999999
 51 36 21  8  1 -1  3 11 22 32 37 36 31 26 21 19 21 28 38 51 65 77 82 7727 219K51020 3722 1 8299999999999999 450 -115 2 1999999999999999
 66 50 32 16  5 -1  0  7 18 31 40 42 37 29 21 14 12 15 24 36 52 68 80 8327 220K51045 422246 8399999999999999 521 -11557 1299999999999999
 76 62 45 28 12  3  1  5 15 28 41 47 45 37 26 16  8  6 11 22 36 52 69 7927 221K51112 472328 8099999999999999 548  11647  699999999999999
 79 69 55 39 22 10  5  7 14 26 40 50 52 46 35 23 12  5  4 11 22 36 53 6727 222K51142 53999999999999999999999 610  51734  499999999999999
 73 70 60 46 31 18 10 10 16 26 38 51 57 55 45 33 21 11  5  6 13 23 37 5127 223K5 0 8 741211 5799999999999999 629  91819  499999999999999
 62 64 58 49 37 25 16 14 19 27 38 50 59 60 54 44 32 21 11  8 10 17 26 3727 224K5 044 641241 6199999999999999 645 1419 4  899999999999999
 47 53 52 46 38 29 21 18 21 29 38 48 58 62 60 52 43 32 22 15 13 16 21 2727 225K5 119 541311 6399999999999999 659 181950 1399999999999999
 35 41 43 40 35 29 24 20 22 29 38 47 55 61 62 58 51 42 33 25 21 20 21 2427 226K5 150 431341 6399999999999999 710 202045 2099999999999999
 28 32 34 33 30 27 24 22 23 28 36 44 52 58 61 60 56 50 43 36 30 27 25 2527 227K5 217 341415 6199999999999999 714 222327 2599999999999999
 25 26 27 27 26 24 23 22 23 27 33 40 47 53 57 58 57 54 50 45 40 35 32 2927 228K5 232 2715 2 5899999999999999 7 0 22999999999999999999999
 26 24 22 22 21 21 22 23 24 27 31 36 41 46 50 53 55 55 54 52 48 44 39 3427 3 1K51633 55999999999999999999999 429 21999999999999999999999
 29 24 21 18 18 19 21 23 26 28 30 32 35 39 42 46 50 53 55 56 54 51 47 4027 3 2K51858 56999999999999999999999 354 18999999999999999999999
 34 27 21 17 15 16 19 23 27 30 31 31 31 32 34 38 43 48 53 56 58 58 54 4727 3 3K52013 59999999999999999999999 4 6 15999999999999999999999
 39 30 22 16 13 14 17 23 29 33 34 32 30 28 27 29 34 40 48 54 60 62 60 5327 3 4K5 952 3421 0 6299999999999999 422 131345 2799999999999999
 45 35 25 17 12 11 15 21 29 35 38 36 31 26 23 22 25 31 40 50 58 63 64 5927 3 5K510 4 382137 6499999999999999 440 111445 2299999999999999
 51 40 29 19 12 10 13 19 28 36 41 41 35 28 21 17 17 22 31 42 53 62 66 6427 3 6K51022 4222 8 6699999999999999 458 101530 1799999999999999
 56 45 34 22 14 10 11 17 26 37 44 46 41 33 23 16 12 14 22 33 46 58 66 6727 3 7K51043 462239 6799999999999999 514 101610 1299999999999999
 61 51 39 27 17 11 11 16 25 36 46 50 47 39 28 18 11  9 14 23 36 50 61 6727 3 8K511 4 5023 9 6799999999999999 529 101648  999999999999999
 64 55 43 31 20 13 12 16 24 35 47 54 54 46 36 24 13  7  8 15 26 39 53 6327 3 9K51127 552341 6599999999999999 542 121726  699999999999999
 64 58 48 36 25 16 14 17 25 35 47 56 60 55 44 32 20 10  5  8 17 29 42 5427 310K51152 60999999999999999999999 556 1418 5  599999999999999
 61 58 50 40 29 20 16 18 26 35 46 57 63 62 53 41 29 17  8  6 11 20 31 4327 311K5 014 611219 6499999999999999 611 161846  699999999999999
 52 55 50 42 33 24 19 20 26 36 46 56 64 66 61 51 40 27 16  9  9 14 22 3127 312K5 049 551248 6699999999999999 627 191931  899999999999999
 41 47 46 41 34 27 22 21 26 35 45 54 62 67 66 60 50 39 28 18 13 13 17 2327 313K5 126 471322 6899999999999999 642 212024 1399999999999999
 29 36 39 37 33 28 25 23 26 33 43 51 59 65 67 65 59 50 41 31 22 18 17 1927 314K5 2 7 3914 2 6799999999999999 654 232147 1799999999999999
 21 25 29 30 29 27 25 25 26 31 39 47 53 59 63 65 63 59 53 44 36 28 23 2027 315K5 3 1 3015 1 6599999999999999 653 25999999999999999999999
 18 18 19 22 23 24 25 25 27 30 35 41 46 51 55 59 62 63 61 57 50 41 33 2627 316K51652 63999999999999999999999 032 18999999999999999999999
 20 16 14 14 16 20 23 26 28 30 32 35 38 42 45 50 55 60 64 65 62 55 46 3627 317K51847 65999999999999999999999 219 13999999999999999999999
 26 18 12 10 11 14 20 26 30 33 33 32 32 32 34 38 43 51 59 66 69 67 59 4827 318K5 941 3320 4 6999999999999999 313 101213 3299999999999999
 36 24 15  9  8 11 17 26 33 37 37 34 29 26 24 25 30 38 49 60 69 73 69 6027 319K5 926 3721 1 7399999999999999 349  814 8 2499999999999999
 47 33 21 12  8  9 15 24 34 42 43 39 32 25 18 15 17 24 34 47 61 72 74 6827 320K5 944 442148 7499999999999999 416  715 8 1599999999999999
 57 43 29 17 10  9 14 23 35 46 51 48 40 30 19 11  8 12 20 32 47 62 72 7227 321K510 9 512230 7399999999999999 438  91559  899999999999999
 64 52 37 24 14 11 14 22 34 47 56 57 50 39 26 14  6  4  9 19 32 48 62 6927 322K51037 582310 6999999999999999 457 111645  499999999999999
 66 56 44 31 20 14 16 23 33 46 59 64 61 50 37 23 11  4  3 10 20 33 48 6027 323K511 6 642347 6399999999999999 515 141730  399999999999999
 62 57 48 37 26 18 18 24 34 46 58 67 68 61 48 35 21 10  4  6 12 22 35 4727 324K51136 69999999999999999999999 534 171814  499999999999999
 54 54 47 39 30 22 20 24 34 45 56 67 72 68 59 46 33 20 11  8 11 17 25 3627 325K5 023 5512 6 7299999999999999 552 201858  899999999999999
 44 47 44 38 32 25 22 24 33 43 54 64 71 72 66 55 44 32 21 15 14 16 21 2827 326K5 057 471235 7299999999999999 6 7 221943 1499999999999999
 35 39 39 36 31 27 24 25 31 41 51 60 68 71 69 62 52 43 33 25 20 20 22 2527 327K5 129 4013 5 7199999999999999 620 232037 2099999999999999
 29 32 34 32 30 27 25 25 29 37 47 55 62 67 67 64 58 50 42 35 29 26 25 2527 328K5 158 341338 6899999999999999 628 242235 2599999999999999
 26 28 29 29 28 26 26 26 28 34 42 49 56 61 63 63 60 55 50 44 38 34 31 2827 329K5 227 291421 6399999999999999 627 25999999999999999999999
 26 25 25 25 26 26 26 27 29 32 37 43 48 53 56 58 58 57 54 50 46 41 37 3227 330K51537 58999999999999999999999 150 25999999999999999999999
 28 25 23 23 23 25 27 29 31 33 35 37 41 44 47 51 54 55 56 55 52 48 43 3727 331K51751 56999999999999999999999 254 23999999999999999999999
 32 26 22 21 21 24 27 31 34 35 35 35 35 36 38 42 46 51 54 57 56 54 49 4227 4 1K51927 57999999999999999999999 315 21999999999999999999999
 35 28 23 19 19 22 27 32 37 39 38 36 32 30 30 33 37 44 50 55 58 58 54 4727 4 2K5 911 392023 5999999999999999 333 191335 3099999999999999
 39 31 24 19 18 20 26 33 40 43 43 39 33 28 24 24 28 35 43 52 58 61 58 5227 4 3K5 923 4421 3 6199999999999999 349 181433 2499999999999999
 44 35 26 20 17 19 25 33 42 48 49 45 37 29 22 18 19 25 34 45 54 61 62 5727 4 4K5 941 492138 6299999999999999 4 5 171517 1899999999999999
 48 39 29 22 18 19 24 33 43 52 55 52 44 33 23 16 13 16 24 35 47 58 63 6127 4 5K510 1 552212 6399999999999999 418 171558 1399999999999999
 53 43 33 24 19 19 24 32 43 54 61 60 52 41 28 17 10  9 14 24 37 50 60 6227 4 6K51024 612246 6299999999999999 432 181638  899999999999999
 57 48 38 28 21 20 24 32 43 55 65 68 62 51 37 23 12  6  7 14 26 39 52 6027 4 7K51049 682322 6099999999999999 447 201718  599999999999999
 59 51 42 33 25 21 24 32 43 55 67 73 71 62 48 33 19  8  4  7 16 27 41 5227 4 8K51118 74999999999999999999999 5 4 2118 0  499999999999999
 56 53 45 37 29 24 25 32 42 54 66 75 78 72 60 46 31 17  7  5 10 18 29 4127 4 9K5 0 0 561149 7899999999999999 524 231845  599999999999999
 49 50 45 39 32 27 26 31 40 52 63 73 80 79 71 59 45 30 17 10  9 13 20 2927 410K5 039 501224 8099999999999999 544 251936  899999999999999
 38 43 43 38 34 29 27 29 37 48 59 68 76 80 77 69 58 45 31 20 14 14 16 2127 411K5 122 4413 4 8099999999999999 6 3 272041 1399999999999999
 27 34 36 36 33 30 28 29 34 43 53 62 69 75 77 74 67 58 47 35 25 20 18 1827 412K5 212 371354 7799999999999999 618 282227 1899999999999999
 20 25 29 31 31 30 29 30 33 38 46 53 60 65 70 72 71 66 59 50 40 31 25 2127 413K5 332 3115 6 7299999999999999 619 29999999999999999999999
 19 19 22 25 28 29 30 31 33 36 40 45 50 54 59 64 67 68 66 61 53 44 35 2827 414K51654 68999999999999999999999 021 19999999999999999999999
 22 19 18 20 24 28 32 34 35 36 37 38 40 43 46 51 57 63 67 67 63 56 46 3727 415K51833 67999999999999999999999 140 18999999999999999999999
 28 22 18 18 22 27 33 38 40 40 38 36 34 33 34 38 44 52 60 66 67 64 56 4627 416K5 823 401947 6899999999999999 229 181258 3399999999999999
 35 27 21 19 21 26 34 41 46 47 44 38 32 27 25 26 30 38 48 58 66 67 62 5427 417K5 838 472043 6799999999999999 259 191414 2599999999999999
 43 33 25 21 22 26 34 44 52 55 53 46 37 28 21 17 19 25 34 46 58 65 65 5927 418K5 9 3 552130 6699999999999999 320 2115 9 1799999999999999
 49 39 29 23 23 27 34 44 55 62 63 56 45 34 23 15 12 15 22 33 46 57 63 6127 419K5 932 632212 6399999999999999 338 221558 1299999999999999
 53 44 34 26 24 27 34 44 56 66 71 67 57 44 30 18 11  9 13 21 33 46 56 5927 420K510 2 712252 5999999999999999 357 241644  999999999999999
 55 48 39 30 25 27 34 44 55 67 75 76 68 56 42 27 15  9  9 14 23 35 47 5427 421K51034 772330 5599999999999999 418 251729  899999999999999
 54 49 42 34 28 27 32 42 53 65 76 81 77 67 53 39 25 14 10 11 17 26 37 4627 422K511 5 81999999999999999999999 441 261812 1099999999999999
 51 49 43 37 31 28 31 39 51 63 73 81 82 75 64 50 37 24 16 13 16 21 29 3827 423K5 0 7 511136 8299999999999999 5 3 281856 1399999999999999
 45 46 43 38 33 29 30 36 47 59 69 78 82 79 71 60 48 35 25 19 18 21 25 3227 424K5 044 4612 7 8299999999999999 524 291941 1899999999999999
 39 42 41 38 34 31 30 34 43 53 64 73 78 79 75 67 56 45 35 27 24 24 25 2927 425K5 119 421240 8099999999999999 544 302033 2399999999999999
 34 38 39 38 35 32 31 32 39 48 57 66 72 76 75 70 62 53 44 36 31 28 28 2927 426K5 157 391316 7699999999999999 6 3 312149 2899999999999999
 31 34 36 36 35 34 32 33 36 43 50 58 65 69 71 69 65 59 51 44 38 34 32 3127 427K5 244 3614 1 7199999999999999 622 322335 3099999999999999
 30 31 33 34 35 35 35 35 36 40 45 50 56 61 64 65 64 61 56 51 45 40 36 3327 428K5 423 3515 4 6599999999999999 635 34999999999999999999999
 31 30 31 33 35 36 37 38 38 39 41 44 48 51 55 59 61 61 59 55 51 46 41 3627 429K51634 61999999999999999999999 1 2 30999999999999999999999
 33 30 30 31 34 37 40 42 42 42 41 41 41 43 46 50 54 57 59 58 55 50 45 4027 430K5 758 421810 5999999999999999 149 2911 6 4199999999999999
 35 31 29 29 32 37 42 46 48 47 44 41 38 36 37 40 45 51 55 58 58 55 49 4327 5 1K5 810 481925 5899999999999999 217 2913 9 3699999999999999
 37 32 29 29 31 37 43 49 53 53 49 44 37 32 30 31 36 42 49 56 59 58 54 4727 5 2K5 829 542019 5999999999999999 237 281411 3099999999999999
 40 34 30 29 31 36 44 52 58 60 57 50 41 32 26 24 26 32 40 50 57 60 58 5227 5 3K5 851 6021 4 6099999999999999 252 291459 2499999999999999
 45 37 32 29 31 36 44 54 63 68 66 59 48 36 26 19 18 22 30 40 51 58 60 5627 5 4K5 915 682146 6099999999999999 3 8 291544 1899999999999999
 49 41 35 30 31 36 44 55 65 74 75 70 58 45 31 19 13 13 19 29 41 52 59 5927 5 5K5 943 762228 6099999999999999 327 301628 1299999999999999
 53 46 39 33 31 35 43 54 66 77 83 81 71 57 41 26 14  9 11 18 29 42 53 5827 5 6K51015 832310 5899999999999999 350 311713  999999999999999
 56 50 43 36 32 34 41 52 64 76 86 89 83 71 55 38 23 11  8 10 18 29 42 5227 5 7K51050 892354 5599999999999999 416 3218 1  899999999999999
 55 51 46 39 34 33 38 48 60 73 84 92 92 84 70 54 37 21 12  9 12 19 30 4227 5 8K51129 93999999999999999999999 444 331854  999999999999999
 49 50 47 42 37 34 36 43 55 67 78 89 94 92 83 69 54 37 23 15 13 15 21 3127 5 9K5 040 501213 9499999999999999 512 341953 1399999999999999
 40 45 45 42 39 35 35 39 48 59 70 80 88 92 89 81 68 54 39 26 19 17 19 2427 510K5 129 4613 3 9299999999999999 541 3421 4 1799999999999999
 31 38 42 42 40 37 35 37 42 51 60 69 77 84 87 85 78 67 55 41 31 25 22 2227 511K5 226 4214 3 8799999999999999 611 352225 2299999999999999
 26 32 37 40 40 39 38 37 39 44 51 58 64 71 77 81 79 74 66 55 44 36 30 2627 512K5 340 401515 8199999999999999 647 372341 2699999999999999
 26 28 33 38 41 42 42 41 40 41 44 48 52 57 64 70 73 74 71 64 56 46 38 3327 513K5 518 421640 7499999999999999 751 40999999999999999999999
 29 29 31 36 41 44 46 46 45 43 42 42 43 45 49 55 62 67 69 67 62 55 47 4027 514K5 631 4618 6 6999999999999999 040 291034 4299999999999999
 34 32 32 36 41 47 51 53 52 49 45 41 38 37 38 42 48 55 61 65 64 60 53 4527 515K5 713 531922 6599999999999999 121 3213 5 3799999999999999
 39 35 34 36 41 48 55 60 61 58 53 46 39 33 31 31 35 42 50 57 62 61 56 5027 516K5 748 612023 6299999999999999 147 341418 3199999999999999
 43 38 36 37 42 49 57 65 69 68 63 54 44 35 28 25 26 31 38 47 55 59 58 5327 517K5 823 692114 5999999999999999 2 7 361515 2599999999999999
 47 41 37 37 41 48 57 66 74 77 74 65 54 42 31 24 21 23 28 37 47 55 57 5527 518K5 857 772159 5799999999999999 229 3616 5 2199999999999999
 50 43 38 36 39 46 55 66 76 82 83 76 65 52 39 28 21 19 22 28 37 48 55 5627 519K5 932 832241 5699999999999999 256 361651 1999999999999999
 52 47 41 37 37 43 53 63 74 83 88 85 76 63 49 36 25 19 19 22 30 40 49 5427 520K510 7 882321 5599999999999999 325 371735 1899999999999999
 54 49 44 39 37 40 48 59 71 81 89 90 85 74 60 46 33 23 20 20 25 33 43 5127 521K51042 912359 5399999999999999 356 371816 1999999999999999
 53 51 46 41 37 38 44 54 66 77 86 91 90 82 70 57 43 31 24 22 24 29 37 4627 522K51117 92999999999999999999999 426 371857 2299999999999999
 51 52 48 44 39 37 40 49 60 71 81 89 91 87 78 66 53 41 31 26 26 28 34 4127 523K5 036 521152 9199999999999999 456 371938 2599999999999999
 47 50 49 46 41 38 38 44 53 64 75 83 88 88 82 73 62 50 40 33 30 30 33 3827 524K5 111 501228 8999999999999999 525 382020 2999999999999999
 44 48 49 47 43 40 39 41 48 57 67 76 82 85 83 77 68 58 48 40 35 33 34 3727 525K5 148 4913 6 8599999999999999 555 3921 6 3399999999999999
 41 45 48 48 46 43 41 41 44 51 59 67 74 79 80 77 71 63 54 46 40 37 36 3727 526K5 229 481348 8099999999999999 628 402159 3699999999999999
 40 43 46 48 48 46 44 43 44 47 53 59 65 70 74 74 71 66 59 52 46 41 39 3827 527K5 322 481438 7499999999999999 7 9 432257 3899999999999999
 39 42 45 48 50 50 49 47 46 47 49 52 56 61 65 68 69 66 62 56 50 45 42 4027 528K5 436 501537 6999999999999999 818 462349 4099999999999999
 40 41 43 47 51 53 54 53 51 49 48 48 49 52 56 60 63 64 62 59 54 49 45 4227 529K5 555 541651 64999999999999991031 47999999999999999999999
 40 41 43 46 51 56 58 59 58 54 50 46 44 44 46 50 55 59 61 60 57 53 48 4427 530K5 647 591816 6199999999999999 026 401232 4499999999999999
 42 41 42 46 51 57 63 66 65 62 56 49 43 39 38 40 45 51 56 59 60 57 52 4827 531K5 724 661933 6099999999999999 054 411345 3899999999999999
 44 42 42 45 51 58 66 71 74 71 64 55 45 37 32 32 35 40 48 55 59 60 57 5227 6 1K5 757 742036 6099999999999999 121 421442 3199999999999999
 47 43 42 45 50 58 67 75 81 81 75 65 53 41 31 26 25 30 37 46 55 60 60 5627 6 2K5 831 822130 6099999999999999 150 421534 2599999999999999
 51 46 43 44 48 56 66 77 86 90 88 78 65 50 36 25 20 20 26 34 45 55 60 5927 6 3K5 9 9 902220 6099999999999999 223 431625 2099999999999999
 55 50 45 43 46 53 63 74 86 95 98 92 80 65 48 32 21 16 17 23 34 46 55 5927 6 4K5 950 9823 8 5999999999999999 259 431717 1699999999999999
 57 53 48 43 43 48 57 69 82 94102103 95 82 65 46 30 19 15 16 23 34 46 5527 6 5K510351042354 5899999999999999 337 431810 1499999999999999
 58 55 50 45 42 43 50 61 74 87 99106105 96 82 64 46 29 19 16 18 25 36 4727 6 6K51123107999999999999999999999 417 4219 4 1699999999999999
 55 56 52 48 43 41 44 52 64 76 89101107104 95 81 63 45 31 22 19 21 28 3927 6 7K5 040 56121510799999999999999 459 4120 0 1999999999999999
 49 54 54 50 46 42 41 45 54 65 76 88 98103101 92 78 62 46 33 26 24 27 3327 6 8K5 125 5413 810399999999999999 543 412055 2499999999999999
 43 51 54 53 49 45 42 42 47 54 63 73 84 93 97 94 86 74 60 47 37 32 31 3327 6 9K5 211 5414 5 9799999999999999 631 412148 3199999999999999
 39 47 53 55 54 50 47 44 44 48 54 60 68 77 85 88 85 79 70 58 48 41 37 3727 610K5 259 5515 4 8899999999999999 729 442236 3799999999999999
 40 45 52 57 58 56 54 50 47 46 48 51 56 62 69 75 78 76 72 65 56 49 44 4227 611K5 354 581610 7899999999999999 847 462314 4299999999999999
 43 46 51 57 61 62 61 58 54 51 48 47 48 50 55 60 65 68 68 65 60 54 49 4627 612K5 458 621729 699999999999999911 1 472342 4699999999999999
 46 48 52 57 63 67 69 67 64 59 53 49 45 44 45 48 52 57 61 62 61 57 53 4927 613K5 6 4 691857 62999999999999991313 44999999999999999999999
 48 49 52 57 63 69 74 75 74 69 62 55 48 42 40 39 42 46 52 56 58 58 55 5127 614K5 7 0 752013 5899999999999999 0 7 481434 3999999999999999
 49 49 51 56 62 69 76 81 82 79 72 63 54 45 39 35 35 38 43 49 55 57 56 5327 615K5 748 822113 5799999999999999 039 491536 3599999999999999
 50 48 49 53 59 67 75 83 87 87 82 74 63 52 42 35 32 32 36 42 50 55 57 5627 616K5 831 8822 0 5799999999999999 118 481625 3299999999999999
 52 49 48 49 55 63 72 81 89 93 91 84 73 61 49 39 32 30 31 36 44 52 57 5827 617K5 912 932239 5899999999999999 2 2 4817 6 3099999999999999
 55 51 48 47 50 57 67 77 87 94 96 92 83 71 58 45 35 30 29 32 39 48 56 5927 618K5 952 962315 5999999999999999 245 471742 2999999999999999
 58 54 49 46 46 51 61 71 82 92 98 98 91 81 67 54 42 33 30 30 35 43 52 5927 619K51031 982348 6099999999999999 327 461817 2999999999999999
 60 57 52 47 45 47 54 64 76 87 95 99 97 89 77 63 50 39 33 31 34 40 48 5627 620K511 8 99999999999999999999999 4 6 451850 3199999999999999
 61 60 55 50 45 44 48 57 69 80 90 97 99 94 84 71 58 46 38 34 34 38 45 5327 621K5 020 611144 9999999999999999 444 441922 3399999999999999
 59 61 58 53 47 44 45 51 61 72 83 92 96 95 88 78 66 54 44 38 36 38 43 5027 622K5 051 611220 9799999999999999 520 441953 3699999999999999
 57 61 60 56 51 46 45 47 54 64 75 84 91 93 90 82 71 60 50 43 39 40 43 4827 623K5 122 611255 9399999999999999 557 452021 3999999999999999
 55 60 62 59 55 50 47 47 50 57 66 75 83 88 88 83 74 65 55 48 43 42 44 4827 624K5 155 621331 8899999999999999 637 462046 4299999999999999
 53 59 62 62 60 55 51 49 49 53 59 66 74 79 82 81 75 67 59 52 47 45 46 4827 625K5 233 631410 8299999999999999 725 4921 9 4599999999999999
 52 57 62 64 64 61 57 54 52 52 54 59 64 70 74 76 74 69 62 56 50 47 47 4927 626K5 318 641455 7699999999999999 827 512134 4799999999999999
 52 56 61 65 67 67 64 60 57 54 53 54 56 60 65 68 70 68 64 59 54 50 49 5027 627K5 414 671552 7099999999999999 956 5322 3 4999999999999999
 52 56 61 66 70 72 71 68 64 59 54 51 51 52 55 59 62 64 63 61 57 54 52 5127 628K5 517 721713 64999999999999991152 512242 5199999999999999
 53 56 60 65 71 75 78 77 73 67 60 53 48 46 46 48 52 57 60 61 60 57 55 5327 629K5 615 781857 61999999999999991324 452333 5399999999999999
 53 55 59 64 71 77 83 85 83 78 69 59 50 43 39 39 42 47 52 58 60 60 58 5627 630K5 7 7 852026 60999999999999991435 39999999999999999999999
 54 54 56 61 68 76 84 91 93 90 82 71 58 47 38 33 32 36 42 50 57 61 61 5927 7 1K5 757 932132 6199999999999999 032 541537 3299999999999999
 56 54 54 57 64 72 82 92 99101 96 86 72 57 43 32 27 27 31 39 49 58 62 6227 7 2K5 8481012223 6299999999999999 129 531632 2699999999999999
 58 55 52 52 57 65 76 88 99107108102 89 73 55 39 28 23 24 29 39 51 60 6327 7 3K5 94010923 6 6399999999999999 225 521724 2399999999999999
 61 57 52 49 50 56 66 78 92104113113105 90 72 54 37 26 21 23 30 42 54 6227 7 4K510321142345 6499999999999999 319 491813 2199999999999999
 64 60 54 49 46 48 55 66 80 94108116115105 90 71 52 36 26 23 26 34 46 5827 7 5K51123116999999999999999999999 411 461858 2399999999999999
 64 64 58 52 46 43 46 54 66 80 95108115112102 86 68 50 36 28 27 32 41 5327 7 6K5 022 65121411599999999999999 5 3 431940 2799999999999999
 63 66 63 57 50 44 42 46 54 65 79 93105110106 95 81 65 49 38 33 34 40 4927 7 7K5 059 6613 311099999999999999 556 422017 3399999999999999
 60 67 68 64 57 50 45 43 47 54 64 76 88 98100 96 86 74 61 49 42 40 43 4927 7 8K5 136 68135110099999999999999 649 432047 4099999999999999
 58 67 71 70 65 59 52 47 46 49 55 62 71 81 87 88 84 77 67 57 50 47 48 5227 7 9K5 214 711439 8999999999999999 747 4621 9 4799999999999999
 58 66 72 74 72 68 62 56 51 50 51 54 59 65 72 76 76 73 68 61 55 52 52 5527 710K5 257 741531 7699999999999999 857 502126 5299999999999999
 59 65 72 76 77 75 72 66 61 56 53 52 53 55 58 63 65 65 64 61 58 55 54 5627 711K5 348 781641 66999999999999991111 522141 5499999999999999
 60 65 71 76 80 81 80 76 71 65 60 55 52 50 50 52 54 57 58 59 58 56 56 5727 712K5 456 811849 59999999999999991333 5022 0 5699999999999999
 59 63 68 74 79 83 85 84 81 76 69 62 56 50 47 45 46 49 52 55 57 57 57 5627 713K5 616 852043 579999999999999915 5 452245 5699999999999999
 57 60 64 70 76 82 86 89 89 85 79 70 62 54 47 43 42 43 46 51 56 58 58 5727 714K5 724 892137 589999999999999916 2 42999999999999999999999
 56 57 60 64 71 78 85 90 93 92 88 80 70 60 50 43 40 39 42 47 54 58 60 5927 715K5 819 9322 6 6099999999999999 013 561639 3999999999999999
 57 55 55 58 64 72 80 88 94 97 95 88 79 67 56 46 40 37 39 43 51 58 62 6227 716K5 9 6 972232 6399999999999999 129 5517 9 3799999999999999
 59 55 53 53 57 64 74 83 92 98100 96 87 75 63 51 42 37 37 40 47 56 63 6527 717K5 9471002259 6599999999999999 228 521737 3699999999999999
 63 58 53 50 51 57 66 77 87 96102101 95 84 71 58 46 39 36 38 44 53 61 6727 718K510251022326 6799999999999999 317 5018 3 3699999999999999
 66 61 55 50 48 50 58 68 80 91100103100 91 78 65 52 43 38 38 42 50 59 6627 719K511 11032353 6999999999999999 4 0 481829 3799999999999999
 69 65 59 52 47 46 51 60 72 84 95101102 95 84 72 59 48 41 39 41 48 56 6527 720K51134103999999999999999999999 441 461852 3999999999999999
 70 69 63 56 49 46 47 53 64 76 87 96100 97 89 77 64 53 45 41 42 47 54 6327 721K5 020 7012 510099999999999999 520 451913 4199999999999999
 70 72 68 61 54 48 46 49 56 67 78 89 95 96 90 80 69 58 49 44 44 48 54 6227 722K5 048 721237 9799999999999999 559 461930 4399999999999999
 69 73 72 66 59 53 48 47 52 60 69 79 88 92 89 82 72 62 53 47 46 49 54 6127 723K5 115 7313 8 9299999999999999 640 471945 4699999999999999
 68 74 75 72 66 59 53 50 50 55 62 70 78 84 85 81 73 64 56 50 48 50 55 6127 724K5 146 751342 8599999999999999 724 4920 0 4899999999999999
 67 73 77 76 72 66 60 55 52 53 56 62 68 74 78 77 72 66 59 54 51 52 56 6127 725K5 220 771421 7899999999999999 817 522017 5199999999999999
 67 73 77 79 78 74 68 62 57 54 54 56 60 64 68 70 69 66 61 57 54 53 56 6127 726K5 3 2 7915 9 7099999999999999 928 532035 5399999999999999
 66 72 77 81 82 80 77 71 65 59 55 53 53 55 58 61 63 63 61 58 56 55 57 6027 727K5 358 821624 63999999999999991123 532057 5599999999999999
 65 70 75 80 84 86 85 81 75 68 61 55 51 49 49 51 54 56 58 59 58 58 58 5927 728K5 512 861858 59999999999999991326 482127 5899999999999999
 62 66 71 77 83 88 91 91 87 80 71 62 53 46 43 42 43 47 52 56 59 60 60 5927 729K5 631 919999999999999999999991449 42999999999999999999999
 60 62 66 71 78 86 93 97 98 94 86 74 61 50 41 36 35 38 43 51 57 61 62 6027 730K5 740 992147 62999999999999991548 35999999999999999999999
 59 58 59 63 70 79 88 98105106101 90 75 60 46 36 30 30 34 42 52 60 64 6327 731K5 8421062218 6499999999999999 1 0 581636 3099999999999999
 60 56 53 54 59 68 79 91103111112105 92 75 58 42 32 27 28 34 45 57 65 6727 8 1K5 9381132248 6799999999999999 217 531718 2799999999999999
 63 57 52 48 49 55 65 79 93107116116107 92 73 55 39 29 26 30 39 51 63 7027 8 2K510291172319 7099999999999999 320 481756 2699999999999999
 68 62 54 47 43 44 52 64 78 95109118115104 88 70 51 37 30 30 36 46 60 7027 8 3K511171182351 7499999999999999 417 431830 2999999999999999
 74 69 60 51 43 39 41 50 62 78 94108114110 98 82 65 48 37 34 37 45 56 6927 8 4K512 3114999999999999999999999 510 391858 3499999999999999
 77 76 69 59 49 41 38 41 50 62 76 92103106100 88 74 59 47 41 41 47 56 6727 8 5K5 024 78124610699999999999999 6 1 381922 4099999999999999
 78 81 77 69 59 50 42 40 43 51 61 74 86 94 94 87 78 66 55 48 46 50 57 6627 8 6K5 057 811327 9599999999999999 652 391940 4699999999999999
 76 83 84 78 70 61 52 45 44 47 53 60 70 78 82 80 75 68 60 53 51 54 60 6727 8 7K5 132 8414 8 8299999999999999 746 441955 5199999999999999
 75 83 86 84 79 72 64 56 51 49 51 54 58 64 69 70 68 64 60 56 54 55 61 6727 8 8K5 2 8 861449 7099999999999999 851 4920 4 5499999999999999
 74 80 85 87 85 80 74 68 61 57 54 54 53 55 57 59 60 59 58 56 55 56 60 6527 8 9K5 251 871539 60999999999999991133 5320 5 5599999999999999
 71 77 82 86 87 85 82 78 72 66 62 58 54 52 51 51 52 53 54 55 55 56 59 6327 810K5 351 8799999999999999999999914 4 51999999999999999999999
 67 72 77 82 85 87 87 85 82 76 70 64 58 53 49 47 47 48 51 53 56 57 58 6027 811K5 534 879999999999999999999991530 46999999999999999999999
 63 66 71 75 80 85 88 89 88 85 79 71 64 56 49 45 43 44 48 52 56 59 59 5927 812K5 710 8999999999999999999999916 6 43999999999999999999999
 59 60 63 68 73 80 86 90 93 92 87 79 70 60 52 45 41 41 45 50 56 60 62 6027 813K5 813 932154 62999999999999991631 41999999999999999999999
 58 56 57 60 65 72 80 88 94 96 93 87 77 66 56 47 41 40 42 48 55 62 65 6327 814K5 9 0 962210 6599999999999999 124 561652 4099999999999999
 59 55 52 52 56 64 73 83 91 97 98 93 84 72 61 50 42 39 40 45 53 62 67 6727 815K5 939 982232 6899999999999999 227 521713 3999999999999999
 63 56 51 48 49 55 64 75 86 95100 98 90 79 66 54 44 39 39 43 51 60 68 7127 816K510131002256 7199999999999999 315 481733 3899999999999999
 67 60 53 47 44 47 55 67 79 90 98100 95 84 72 59 48 41 39 42 49 58 68 7327 817K510441002320 7499999999999999 358 441752 3999999999999999
 72 66 57 49 43 42 48 58 70 83 93 99 97 88 77 64 52 44 40 42 48 56 66 7427 818K51114 992345 7699999999999999 438 4218 9 4099999999999999
 76 71 63 53 45 41 42 50 61 74 86 94 96 91 80 68 57 47 42 42 48 56 65 7427 819K51144 97999999999999999999999 516 411824 4199999999999999
 79 77 69 60 50 43 41 44 53 64 76 87 92 90 82 71 60 51 45 44 48 56 65 7427 820K5 0 9 791214 9399999999999999 555 411837 4399999999999999
 81 81 75 67 57 49 43 42 48 56 67 77 85 87 82 73 63 54 48 46 49 56 64 7327 821K5 035 821245 8799999999999999 635 421850 4699999999999999
 81 84 81 74 65 56 48 44 45 51 59 67 75 80 79 73 65 57 51 48 50 57 65 7227 822K5 1 2 841318 8199999999999999 717 4419 5 4899999999999999
 80 85 85 80 73 65 56 49 46 48 53 59 65 71 73 70 64 58 53 50 51 56 64 7227 823K5 133 861355 7399999999999999 8 6 461918 5099999999999999
 78 84 87 85 80 73 66 58 52 49 50 52 56 60 64 64 62 58 55 52 52 56 62 6927 824K5 210 871440 6499999999999999 912 491929 5299999999999999
 76 81 86 87 86 82 76 69 61 55 51 50 50 51 53 56 56 56 55 54 54 56 60 6627 825K5 3 2 871557 56999999999999991132 501927 5499999999999999
 72 77 82 86 88 88 85 80 73 65 58 52 48 45 45 46 48 51 53 54 55 56 58 6227 826K5 428 889999999999999999999991347 45999999999999999999999
 66 70 75 80 85 89 91 90 86 79 69 59 51 44 39 38 40 43 48 53 56 58 58 5927 827K5 615 919999999999999999999991458 38999999999999999999999
 60 62 66 71 77 85 92 96 97 92 83 71 59 47 39 34 33 36 42 50 56 60 60 5827 828K5 737 972135 60999999999999991544 33999999999999999999999
 56 55 56 59 66 75 85 95102103 97 86 72 56 43 34 29 30 36 45 55 62 64 6127 829K5 8391042152 6499999999999999 1 9 551620 2999999999999999
 56 51 48 48 52 61 73 86 99107107 99 86 69 53 39 30 28 32 40 52 63 69 6727 830K5 9321082217 6999999999999999 228 471652 2899999999999999
 61 52 45 40 40 47 57 71 87102110108 97 82 65 48 36 30 31 38 49 62 72 7427 831K510191102246 7599999999999999 327 401719 3099999999999999
 69 59 48 39 34 35 43 55 70 88102108103 91 76 59 44 35 33 38 47 60 73 8027 9 1K511 31082316 8199999999999999 420 331743 3399999999999999
 78 69 57 45 35 30 33 41 54 70 86 99101 94 82 68 53 42 37 40 48 59 72 8327 9 2K511441022348 8699999999999999 510 3018 5 3799999999999999
 86 80 68 56 43 34 30 33 42 54 69 83 91 91 83 72 60 49 42 43 50 59 70 8227 9 3K51224 92999999999999999999999 559 301824 4299999999999999
 89 88 79 68 55 44 35 33 37 44 54 66 77 81 78 71 63 54 47 46 51 60 70 8027 9 4K5 020 9013 2 8199999999999999 648 331840 4699999999999999
 89 92 87 78 67 56 46 39 39 42 47 54 63 69 70 66 61 55 50 48 52 60 69 7727 9 5K5 052 921339 7099999999999999 739 381853 4899999999999999
 86 91 91 85 77 68 59 50 46 45 46 49 53 57 60 59 57 54 51 50 52 58 66 7427 9 6K5 126 911414 6099999999999999 845 451858 5099999999999999
 81 87 89 88 83 77 70 62 56 52 50 49 49 50 52 52 51 51 50 50 52 56 63 7027 9 7K5 2 4 891452 52999999999999991137 491841 5099999999999999
 76 81 85 86 85 82 77 72 66 61 57 53 50 47 46 46 47 48 49 50 52 55 59 6427 9 8K5 256 869999999999999999999991423 46999999999999999999999
 69 74 78 81 82 83 82 79 75 70 64 58 53 48 44 43 43 45 48 50 53 55 57 5927 9 9K5 442 839999999999999999999991517 43999999999999999999999
 62 66 69 73 77 80 83 83 81 77 71 64 57 50 44 41 41 43 47 51 54 56 57 5727 910K5 644 839999999999999999999991541 40999999999999999999999
 57 58 60 64 70 75 80 84 85 83 78 70 62 53 46 40 39 40 45 51 56 59 59 5727 911K5 754 852126 59999999999999991559 39999999999999999999999
 54 52 52 55 60 68 75 82 86 87 83 76 67 57 48 41 38 39 43 50 57 62 63 6027 912K5 840 872139 6399999999999999 127 521616 3799999999999999
 54 49 46 47 51 58 68 77 85 89 87 81 72 61 50 42 37 37 41 48 57 64 67 6427 913K5 917 892159 6799999999999999 225 461632 3799999999999999
 58 50 44 41 43 49 59 69 80 87 89 85 76 65 54 44 38 36 40 47 56 65 71 7027 914K5 950 892221 7199999999999999 311 411648 3699999999999999
 63 54 45 39 37 40 49 60 73 83 89 88 80 69 58 47 39 36 39 45 55 65 73 7527 915K51020 892243 7599999999999999 352 3717 3 3699999999999999
 70 60 50 40 34 34 40 51 63 76 85 88 83 73 62 51 42 38 39 45 54 65 75 8027 916K51050 8823 6 8099999999999999 431 331716 3799999999999999
 77 68 56 45 36 31 34 42 54 66 78 85 83 76 65 55 45 39 39 45 54 64 75 8327 917K51120 852331 8499999999999999 5 9 311730 3999999999999999
 83 75 64 52 41 33 31 35 45 56 68 78 81 76 67 58 49 42 40 45 54 64 75 8427 918K51152 812357 8799999999999999 548 311745 4099999999999999
 87 83 73 61 49 38 32 32 38 47 58 68 75 74 68 59 51 45 42 45 53 63 73 8327 919K51225 76999999999999999999999 628 3118 1 4299999999999999
 89 88 81 70 59 47 38 33 35 41 49 58 65 69 66 60 53 47 44 45 52 62 72 8027 920K5 025 8913 1 6999999999999999 711 331816 4499999999999999
 87 90 87 79 69 58 47 39 36 38 43 48 55 60 61 58 53 49 46 46 51 59 69 7727 921K5 058 901341 6199999999999999 8 3 361829 4599999999999999
 84 88 89 85 78 69 59 50 43 40 41 42 46 50 52 53 51 48 47 47 50 56 64 7227 922K5 137 891431 5399999999999999 920 401834 4799999999999999
 78 83 86 87 84 78 71 62 54 47 43 41 40 41 43 45 46 47 47 47 49 53 59 6527 923K5 233 879999999999999999999991158 40999999999999999999999
 71 75 80 83 85 84 81 75 67 58 50 44 39 36 36 38 40 43 46 48 50 52 55 5827 924K5 412 859999999999999999999991341 36999999999999999999999
 62 65 70 75 80 84 86 85 79 71 61 51 43 36 32 32 34 39 45 49 52 53 53 5327 925K5 6 8 869999999999999999999991438 31999999999999999999999
 53 55 58 62 69 77 84 89 89 83 74 62 50 40 32 29 30 35 42 50 55 57 55 5227 926K5 728 902057 57999999999999991515 29999999999999999999999
 48 46 46 49 55 65 76 86 92 92 85 73 60 46 36 29 28 32 40 49 58 63 62 5627 927K5 828 932115 6399999999999999 132 451544 2899999999999999
 49 42 37 37 41 50 61 75 87 94 92 83 70 55 42 33 29 31 38 48 60 68 70 6427 928K5 918 942141 7099999999999999 237 3616 7 2999999999999999
 55 44 35 29 29 35 45 59 74 87 92 88 78 64 50 38 32 32 38 47 60 72 78 7527 929K510 3 922211 7899999999999999 330 281628 3199999999999999
 65 53 40 29 23 24 32 43 58 74 85 88 81 70 57 45 36 34 38 47 59 72 82 8427 930K51045 882242 8599999999999999 420 231648 3399999999999999
 77 64 50 36 25 20 23 31 43 57 72 80 80 72 62 51 41 36 39 47 58 71 83 902710 1K51125 812314 9099999999999999 5 8 2017 9 3699999999999999
 87 76 63 48 34 24 21 25 32 43 56 68 73 70 63 54 45 39 40 46 57 69 81 902710 2K512 4 732346 9399999999999999 556 211729 3999999999999999
 92 86 74 61 47 34 26 25 28 35 44 55 63 64 60 54 48 42 41 45 55 66 77 872710 3K51242 64999999999999999999999 644 251747 4199999999999999
 92 91 83 72 60 47 37 31 30 33 38 45 52 56 55 52 48 44 42 44 52 63 73 822710 4K5 018 931319 5699999999999999 736 3018 1 4299999999999999
 88 90 87 79 69 59 49 41 37 36 37 40 44 48 50 48 46 44 42 44 49 58 67 752710 5K5 051 911357 5099999999999999 844 361810 4299999999999999
 82 86 86 82 75 68 59 51 45 42 41 40 41 43 44 44 44 43 43 44 47 53 61 682710 6K5 128 861447 44999999999999991059 4018 3 4399999999999999
 74 79 81 80 77 73 67 60 54 49 46 43 41 40 40 41 42 43 43 44 46 50 55 612710 7K5 216 8199999999999999999999913 8 40999999999999999999999
 66 70 73 75 76 74 71 67 62 57 52 47 42 39 38 38 40 42 44 46 48 49 52 542710 8K5 339 769999999999999999999991419 38999999999999999999999
 57 61 64 68 71 72 73 71 68 63 57 51 45 40 37 36 38 41 45 48 50 51 51 502710 9K5 541 7321 2 51999999999999991447 362325 5099999999999999
 50 52 54 58 63 67 71 72 71 68 62 55 48 41 37 35 36 40 45 50 54 55 53 50271010K5 7 7 722046 559999999999999915 6 35999999999999999999999
 47 45 45 48 54 60 66 71 73 71 66 59 51 43 37 34 34 38 45 52 57 60 58 53271011K5 8 3 7321 0 6099999999999999 120 451522 3499999999999999
 46 41 38 39 44 51 59 67 72 73 70 63 54 45 38 34 33 37 44 52 60 64 63 58271012K5 844 732120 6599999999999999 217 381536 3399999999999999
 50 41 35 32 35 41 50 60 68 73 72 66 58 48 40 34 33 36 42 52 62 69 70 65271013K5 920 732141 7099999999999999 3 2 321550 3399999999999999
 56 45 35 29 28 32 40 51 62 70 73 69 61 52 43 36 33 35 42 51 62 72 76 72271014K5 953 7322 4 7699999999999999 343 2716 4 3399999999999999
 63 51 39 29 24 24 31 41 53 64 71 70 64 55 46 38 34 35 41 51 62 73 80 80271015K51026 712229 8199999999999999 422 231619 3399999999999999
 72 60 47 34 24 20 23 31 42 55 65 69 66 58 49 41 36 35 40 50 61 73 83 86271016K511 1 692256 8699999999999999 5 2 201637 3499999999999999
 81 70 56 42 29 20 19 24 33 44 56 64 65 60 52 44 38 36 39 48 59 71 82 89271017K51137 662326 9099999999999999 542 191656 3699999999999999
 88 80 67 53 38 26 19 20 25 34 45 55 60 59 53 46 40 37 38 46 57 68 79 88271018K51215 60999999999999999999999 626 191717 3799999999999999
 92 88 78 65 51 37 26 21 22 27 35 44 52 54 52 47 42 38 38 43 53 64 74 83271019K5 0 0 921256 5499999999999999 714 211738 3899999999999999
 90 91 85 75 63 50 37 28 25 25 29 35 41 47 48 45 42 40 38 41 48 58 68 76271020K5 038 911344 4899999999999999 815 251755 3899999999999999
 83 87 87 82 74 63 51 40 32 29 28 29 33 38 41 42 41 40 39 40 44 52 60 67271021K5 126 881453 4299999999999999 949 2818 6 3999999999999999
 74 79 83 83 79 73 64 54 44 36 32 29 29 31 34 37 39 40 40 41 43 47 52 58271022K5 231 839999999999999999999991142 29999999999999999999999
 63 68 73 77 79 78 73 66 57 47 39 33 29 27 29 32 36 40 42 44 44 45 47 49271023K5 4 9 7999999999999999999999913 1 27999999999999999999999
 52 55 60 65 71 75 76 74 67 58 49 40 33 28 27 29 34 39 44 48 48 47 45 44271024K5 550 761953 48999999999999991352 27999999999999999999999
 43 43 46 51 58 66 73 76 74 67 58 48 38 31 27 28 32 38 46 52 55 54 49 44271025K5 7 9 7620 9 5599999999999999 011 431425 2799999999999999
 39 35 34 37 43 52 62 71 75 73 66 55 45 36 30 28 31 38 47 56 62 62 58 50271026K5 811 752036 6399999999999999 143 341448 2899999999999999
 40 32 27 26 29 37 48 59 69 73 70 61 51 41 33 30 31 38 47 57 67 71 68 60271027K5 9 2 7321 6 7199999999999999 243 2615 8 3099999999999999
 48 36 26 20 19 24 33 45 57 67 69 65 56 46 37 31 31 37 46 57 69 77 78 72271028K5 948 692138 7999999999999999 335 191529 3199999999999999
 59 46 32 21 15 16 21 31 43 56 64 64 58 50 41 34 32 36 44 56 68 79 85 82271029K51031 652211 8599999999999999 424 151552 3299999999999999
 72 58 43 29 18 13 15 21 31 43 55 60 58 52 44 37 33 34 42 53 65 77 86 89271030K51112 602245 8999999999999999 512 131617 3399999999999999
 82 70 56 40 26 17 14 16 22 32 44 53 55 52 46 40 35 34 39 49 61 73 84 90271031K51153 552320 9099999999999999 6 0 141641 3399999999999999
 88 80 67 53 38 26 18 17 19 25 34 44 50 50 46 41 36 34 36 45 56 68 78 872711 1K51232 502354 8999999999999999 647 1717 5 3499999999999999
 89 85 75 63 50 37 27 22 21 24 29 36 43 46 45 41 38 35 35 41 50 61 72 802711 2K51312 46999999999999999999999 737 211727 3499999999999999
 85 85 80 71 60 48 37 29 26 26 28 32 37 41 42 41 38 36 35 38 45 55 64 722711 3K5 029 861353 4299999999999999 833 261748 3599999999999999
 79 81 80 74 66 56 46 38 33 30 30 31 34 37 39 40 39 37 36 37 41 48 56 642711 4K5 1 7 811444 4099999999999999 947 3018 8 3699999999999999
 70 74 75 73 68 61 54 46 40 36 33 32 33 34 36 38 39 38 38 38 40 44 49 552711 5K5 152 7516 9 39999999999999991117 321828 3899999999999999
 60 65 68 69 67 63 58 52 46 41 37 34 33 33 34 36 39 40 41 41 41 42 45 482711 6K5 251 699999999999999999999991232 33999999999999999999999
 51 55 59 62 63 62 60 56 51 46 41 37 34 32 32 35 38 41 44 45 45 44 43 432711 7K5 411 631927 45999999999999991319 322252 4399999999999999
 44 46 49 53 56 59 59 57 54 49 44 39 35 32 31 33 37 42 46 49 50 49 45 422711 8K5 543 591948 50999999999999991347 31999999999999999999999
 39 38 39 43 47 52 56 57 56 52 47 42 36 32 31 32 36 42 48 53 56 55 50 442711 9K5 7 3 572011 5699999999999999 059 3814 8 3199999999999999
 38 33 32 33 38 44 50 54 56 55 50 44 38 33 31 31 35 41 49 56 61 62 57 50271110K5 8 1 562034 6299999999999999 2 3 321424 3099999999999999
 41 32 27 25 28 34 42 49 54 56 53 47 41 35 31 30 34 40 49 58 66 69 65 57271111K5 848 562059 6999999999999999 251 251441 3099999999999999
 46 35 26 20 20 24 32 41 50 55 55 51 44 37 32 30 33 39 48 59 68 75 74 67271112K5 929 562126 7599999999999999 334 1915 0 3099999999999999
 55 42 29 19 14 15 21 31 42 51 55 53 47 41 35 31 31 37 46 57 69 78 82 77271113K51010 552156 8299999999999999 417 141523 3099999999999999
 66 52 37 23 13 10 13 20 31 42 51 53 50 44 37 32 31 35 44 55 67 79 86 86271114K51050 532229 8799999999999999 5 0 101549 3199999999999999
 78 64 49 32 18 10  8 12 20 32 43 50 50 46 40 34 31 32 39 51 63 75 86 91271115K51132 5123 7 9199999999999999 545  81617 3199999999999999
 87 77 62 46 29 16  9  8 13 21 32 42 47 46 42 36 32 31 35 45 57 69 80 89271116K51216 472349 9299999999999999 634  81647 3199999999999999
 92 86 75 60 44 28 16 10 10 14 22 32 40 43 42 38 34 31 32 38 49 60 72 82271117K513 3 43999999999999999999999 728  91718 3199999999999999
 89 89 83 72 59 43 28 18 13 13 17 23 32 38 40 38 35 32 31 34 41 51 61 70271118K5 037 901355 4099999999999999 830 131751 3199999999999999
 79 85 85 79 70 57 43 30 21 17 17 19 25 31 36 37 36 34 33 33 36 43 50 58271119K5 132 851457 3799999999999999 942 171830 3299999999999999
 66 73 78 78 74 66 56 43 33 25 21 20 22 26 32 36 38 37 36 35 35 37 42 47271120K5 236 791615 38999999999999991055 201928 3599999999999999
 52 58 65 70 71 69 63 54 44 35 28 24 23 25 29 34 39 41 41 40 38 37 37 38271121K5 352 711739 41999999999999991156 232128 3799999999999999
 41 44 50 56 61 64 63 59 52 43 36 30 27 26 28 33 39 44 47 47 45 41 38 35271122K5 518 641836 47999999999999991241 26999999999999999999999
 33 33 36 41 47 53 58 58 55 49 42 35 30 28 29 33 39 46 52 55 54 50 44 37271123K5 643 581918 5599999999999999 026 331312 2899999999999999
 31 27 26 28 32 40 47 52 54 52 46 40 34 30 30 33 39 47 55 61 63 60 53 44271124K5 754 541957 6399999999999999 154 261336 3099999999999999
 35 26 21 19 21 26 34 43 49 51 48 43 37 32 30 32 38 46 55 64 70 70 65 55271125K5 852 512034 7199999999999999 258 1914 1 3099999999999999
 43 31 21 15 13 16 22 31 41 47 48 45 40 34 30 30 35 43 53 63 72 77 75 67271126K5 943 482112 7799999999999999 353 131430 3099999999999999
 55 41 28 17 11 10 13 21 31 40 46 46 42 37 32 29 32 39 49 60 71 79 82 77271127K51028 472150 8299999999999999 442 1015 2 2999999999999999
 66 53 38 24 14  9  9 13 22 32 41 45 44 39 34 30 29 34 44 55 67 77 84 84271128K51110 452228 8599999999999999 528  81536 2999999999999999
 76 64 49 34 21 12  9 10 15 24 35 42 44 41 36 31 28 30 38 49 61 72 81 85271129K51149 4423 5 8599999999999999 610  81610 2899999999999999
 82 73 60 45 31 19 12 10 13 19 28 37 42 42 38 33 29 28 32 42 53 65 75 82271130K51226 422342 8499999999999999 651 101642 2899999999999999
 84 78 68 55 41 28 18 14 14 17 24 32 38 41 39 35 30 27 29 35 46 57 68 762712 1K513 2 41999999999999999999999 730 131714 2799999999999999
 81 80 73 62 50 37 26 19 17 18 22 28 35 39 39 37 32 29 28 31 39 49 59 682712 2K5 019 811337 4099999999999999 8 8 171747 2899999999999999
 74 76 73 66 56 44 34 26 22 21 22 26 31 36 39 38 35 31 29 30 34 41 50 592712 3K5 056 761414 3999999999999999 847 211821 2999999999999999
 66 70 70 66 59 49 40 32 26 24 24 26 30 34 37 39 38 35 32 31 32 37 43 492712 4K5 135 711458 3999999999999999 926 2419 3 3199999999999999
 56 61 64 63 59 52 44 37 31 27 26 27 29 32 36 39 40 39 37 35 34 35 38 422712 5K5 217 641557 409999999999999910 8 2620 6 3499999999999999
 46 51 55 57 56 52 46 40 35 31 28 28 29 31 35 38 41 43 42 41 38 37 36 372712 6K5 3 6 571714 43999999999999991051 2822 2 3699999999999999
 38 42 45 48 50 49 46 42 37 33 30 29 29 30 33 38 42 45 47 47 45 41 38 352712 7K5 410 501821 47999999999999991132 29999999999999999999999
 33 33 36 39 42 44 44 43 40 36 33 30 29 30 32 36 42 47 51 53 52 48 42 362712 8K5 535 4519 6 5399999999999999 020 3312 9 2999999999999999
 31 28 27 29 33 37 40 42 41 39 35 32 30 30 31 35 41 48 54 59 59 56 50 412712 9K5 7 8 421941 6099999999999999 143 271243 3099999999999999
 32 25 21 21 23 28 34 39 41 41 38 35 32 30 30 34 40 47 55 63 67 65 59 49271210K5 822 412016 6799999999999999 241 201318 3099999999999999
 38 27 19 14 14 18 24 32 38 41 41 38 34 31 29 32 37 45 55 64 72 74 70 61271211K5 919 422053 7499999999999999 331 141355 2999999999999999
 48 34 21 12  8  9 14 22 32 39 42 41 37 33 29 29 33 41 51 62 73 80 80 73271212K510 8 422133 8199999999999999 419  81434 2999999999999999
 61 46 30 16  6  3  5 11 22 32 40 42 39 35 30 28 29 35 45 57 70 80 86 84271213K51053 422216 8799999999999999 5 6  31514 2899999999999999
 75 61 43 26 11  2  0  3 11 22 34 40 41 37 32 28 26 29 37 49 62 75 86 90271214K51137 4123 3 9099999999999999 554  01556 2699999999999999
 86 75 59 41 23  9  1 -1  4 13 24 35 40 39 35 29 25 24 29 39 52 65 78 88271215K51219 402352 9199999999999999 643 -11639 2499999999999999
 91 86 73 57 39 21  8  2  2  6 16 27 36 39 37 32 27 23 24 30 40 53 65 78271216K513 0 39999999999999999999999 731  11724 2399999999999999
 87 88 82 70 54 36 21 10  5  6 11 20 31 38 39 35 30 26 23 24 31 40 51 63271217K5 042 891341 3999999999999999 819  51812 2399999999999999
 74 81 82 75 64 50 34 21 13 10 12 17 26 34 39 39 35 31 26 24 26 31 39 48271218K5 134 821424 4099999999999999 9 5 1019 7 2499999999999999
 57 67 73 72 67 57 45 33 23 18 17 19 24 32 39 42 41 37 33 29 26 27 31 36271219K5 227 731511 4299999999999999 946 172014 2699999999999999
 42 50 57 62 62 57 50 41 32 25 22 23 26 31 38 43 45 44 41 37 32 29 28 29271220K5 326 6216 7 45999999999999991020 222152 2899999999999999
 32 36 41 47 50 51 48 43 37 31 27 27 28 32 37 43 48 50 49 46 42 36 32 28271221K5 436 511715 50999999999999991049 27999999999999999999999
 27 27 28 32 37 40 42 41 39 35 31 29 30 32 37 42 48 53 56 55 52 47 40 33271222K5 613 421823 5699999999999999 036 261117 2999999999999999
 27 23 21 21 24 29 33 36 37 36 33 31 30 32 35 40 47 53 59 62 62 57 50 41271223K5 752 371922 6299999999999999 219 211154 3099999999999999
 32 24 19 15 15 18 23 29 34 35 35 32 31 30 32 37 43 51 58 65 68 67 61 52271224K5 9 8 352013 6899999999999999 332 151242 3099999999999999
 41 30 21 14 11 11 15 22 29 34 36 34 32 29 29 32 38 46 55 64 70 73 70 62271225K5 959 362059 7399999999999999 425 101336 2999999999999999
 51 39 26 16 10  7  9 15 23 31 36 36 34 30 28 28 32 40 49 59 68 75 76 71271226K51037 372142 7799999999999999 5 6  71428 2799999999999999
 62 49 35 22 12  7  6 10 17 27 35 38 37 33 28 25 26 32 42 52 63 73 78 77271227K511 9 382223 7999999999999999 541  61515 2599999999999999
 70 59 45 30 18  9  6  7 13 22 32 38 39 36 30 25 23 26 34 45 56 67 76 80271228K51140 3923 2 8099999999999999 612  61558 2399999999999999
 76 67 54 39 25 14  8  7 11 18 28 36 40 38 33 27 22 22 27 36 48 60 70 77271229K51210 402338 7999999999999999 642  71638 2199999999999999
 78 72 61 48 33 21 12  9 10 16 24 33 39 40 36 30 24 21 22 29 39 51 63 72271230K51239 41999999999999999999999 7 9  91716 2099999999999999
 76 74 66 54 40 28 18 12 12 16 22 31 38 41 39 34 27 22 20 23 32 42 53 63271231K5 012 7613 6 4199999999999999 734 121754 2099999999999999
