 83 95109120125123113100 88 82 83 90102116130141145141130113 95 79 69 6427 1 1KA 41312516 314599999999999999 922 812318 6499999999999999
 65 72 82 96108117120116108 99 94 93 98108120132142146143132115 95 77 6427 1 2KA 55412017 7146999999999999991033 93999999999999999999999
 56 55 61 73 89105119126124117107 99 96 99108120133144150147135116 93 7127 1 3KA 720126181215099999999999999 038 5512 1 9699999999999999
 54 45 45 53 69 89110127135133122109 97 92 95106121138151157153137113 8527 1 4KA 81613619 715799999999999999 132 4413 8 9299999999999999
 60 42 33 36 50 71 97122139145138122103 89 84 9010512614616016515713610627 1 5KA 857145195316599999999999999 214 331357 8499999999999999
 74 46 28 24 33 52 80110136152152138115 93 78 76 8810913415717017115712927 1 6KA 931154203417399999999999999 250 241437 7599999999999999
 93 58 31 17 19 35 62 94126150160152130103 79 67 72 9111814616817917315127 1 7KA10 3160211117999999999999999 323 161513 6799999999999999
117 77 41 17 10 20 44 76112143161162145117 87 66 61 73 9812915817818317027 1 8KA1033164214718399999999999999 354 101547 6099999999999999
139 99 58 26  9 11 29 59 95130156166156131 99 71 56 60 8011014216918418127 1 9KA11 1166222118599999999999999 424  71618 5699999999999999
159122 79 40 15  8 19 45 79115146163163144114 82 59 53 65 9012215317518327 110KA1128165225418399999999999999 452  81650 5399999999999999
171142101 60 27 12 15 35 65100133156164153127 95 68 53 55 7310113215917627 111KA1154164232917899999999999999 518 111721 5299999999999999
175156122 82 45 22 17 30 55 87120146160157139110 80 59 52 61 8211013816027 112KA1220161999999999999999999999 545 171755 5299999999999999
169162138103 67 38 26 31 50 77108135153158147124 96 70 56 55 67 8911413827 113KA 0 5169124815899999999999999 612 251832 5399999999999999
154158146121 90 60 41 37 49 71 98123144154151136113 87 66 56 58 71 9011227 114KA 045158131815499999999999999 642 371917 5599999999999999
131143144132110 84 62 51 54 69 90112132146150144128106 83 65 57 59 70 8627 115KA 133145135515199999999999999 717 512015 5699999999999999
104120130131122106 87 72 67 72 85103121135145147140125105 83 66 56 56 6327 116KA 236132144414799999999999999 8 0 672134 5599999999999999
 75 90106118123120110 97 87 83 86 96109122134143146141129109 87 67 53 4727 117KA 4 8123155614699999999999999 9 2 832310 4799999999999999
 49 59 74 92109121125121112102 95 94 98107118131143150149138118 91 65 4427 118KA 6 21251725151999999999999991043 94999999999999999999999
 33 32 41 59 82106126137137128114100 93 92 99113130147160162152128 95 6027 119KA 730138184416399999999999999 036 311233 9299999999999999
 32 15 12 23 46 77110138153153139118 97 83 81 89108131156174179166136 9427 120KA 830155194817999999999999999 142 111344 8099999999999999
 51 16 -4 -6 10 41 80121154170165144113 85 68 67 8010513716819019417714027 121KA 917170204419599999999999999 236 -71436 6599999999999999
 89 39  0-20-17  6 44 91138171183170139100 68 52 54 7510714518020420618227 122KA 959183213520899999999999999 323-211521 5099999999999999
136 79 25-14-28-19 12 57109156185188166126 82 50 38 47 7411115319021220827 123KA1037190222321399999999999999 4 6-2916 3 3899999999999999
177126 66 13-20-26 -9 28 78130172192185152106 63 35 30 46 7711816019421027 124KA111419323 721099999999999999 446-271643 2999999999999999
200163110 52  7-15-12 12 53102149182190171133 86 48 28 30 51 8412316219027 125KA1148190235019899999999999999 522-171723 2799999999999999
198181143 92 43 10  0 12 41 82126162182178152112 70 40 29 37 59 9112515727 126KA1220183999999999999999999999 556  018 3 2999999999999999
176177157121 78 42 23 24 42 73108143167173160131 94 61 41 37 48 69 9512227 127KA 032179125017499999999999999 627 211843 3699999999999999
145156152132103 72 50 44 52 73100128150162159142114 84 60 48 48 59 75 9527 128KA 114156131816399999999999999 654 431927 4699999999999999
113127133128113 93 75 65 67 79 97118137149152144127105 82 65 58 59 66 7627 129KA 2 1133134615299999999999999 720 642022 5799999999999999
 89100109113111103 93 85 83 88 98112125136142141133120103 86 74 67 65 6727 130KA 3 9113142114299999999999999 748 832156 6599999999999999
 72 78 86 94100103104101 99 98102108115123130134134129120108 94 81 71 6427 131KA 530104153013499999999999999 833 98999999999999999999999
 61 62 67 75 85 97107112113111108106106110116123129133133127116100 84 6927 2 1KA 744113172813399999999999999 019 61112310699999999999999
 57 50 50 57 69 86103118125125118108100 97 99107119130139142136122103 8027 2 2KA 826126185114299999999999999 132 4913 5 9799999999999999
 59 44 37 40 52 71 95117133138131117100 87 83 89103121138150153144125 9827 2 3KA 854138194615499999999999999 213 371354 8399999999999999
 69 45 29 26 35 55 82111135147145130107 85 72 72 8410513015116416314812027 2 4KA 921148202816599999999999999 245 261430 7099999999999999
 86 53 28 17 21 38 66 99131152157144119 90 67 58 65 8611414316617516814327 2 5KA 94715721 517599999999999999 314 1615 3 5899999999999999
107 67 34 13 10 24 50 85122150164158134101 70 50 49 65 9412815917918216427 2 6KA1011164213918399999999999999 341  91534 4799999999999999
130 87 46 17  5 13 36 70109144166168149116 79 50 39 47 7210714317318718027 2 7KA1035170221118799999999999999 4 6  516 4 3999999999999999
152110 64 27  7  7 25 57 96134163173162132 93 57 36 35 52 8412215818218727 2 8KA1058173224418899999999999999 430  41633 3399999999999999
170133 87 44 15  6 18 46 83123156174170147109 70 40 28 37 62 9813516718427 2 9KA1121175231718599999999999999 453  617 3 2899999999999999
179152111 66 30 13 17 39 73111145169174158126 87 51 30 29 45 7411014416927 210KA1145175235117799999999999999 517 121734 2799999999999999
177163131 90 52 27 23 37 65100134160172165141106 68 40 28 35 55 8511714627 211KA12 9172999999999999999999999 543 2218 8 2899999999999999
163162144112 77 48 36 42 63 92122148164165151123 89 58 38 33 43 64 9011727 212KA 029165123416799999999999999 610 351848 3299999999999999
139149144126 99 73 55 53 65 87112136153160154137111 82 57 42 40 50 67 8827 213KA 11114913 316099999999999999 640 521938 3999999999999999
109125131127114 96 79 70 73 87105124140149151144128107 83 63 50 47 52 6427 214KA 2 7131134115199999999999999 715 702049 4799999999999999
 79 94107115116111102 93 89 92101113124134140142138129113 93 73 58 49 4727 215KA 340117145214299999999999999 8 4 892244 4799999999999999
 52 62 76 91104114118116110106104105109115123131138142138127107 84 62 4427 216KA 6 611817 41429999999999999910 5104999999999999999999999
 35 35 43 59 81103122132133126115104 97 95100111126141153155145122 91 5927 217KA 736134184215699999999999999 032 341244 9599999999999999
 33 18 15 27 49 80111138151150136114 93 79 76 84102126152170176163133 9227 218KA 824153194817699999999999999 139 151346 7699999999999999
 50 17 -1  0 18 49 89129158170161135102 73 56 56 72 9913316619019417513527 219KA 9 3170204219599999999999999 228 -31430 5499999999999999
 84 35  0-15 -7 19 60108152179182161123 81 49 35 41 6510114318220520517727 220KA 938184212920899999999999999 3 9-151510 3499999999999999
128 71 20-12-19 -2 33 82133174193185151103 57 27 19 34 6610915519421320427 221KA1011194221321399999999999999 347-191549 1999999999999999
168113 55  9-14-11 15 58109158191197175131 78 35 12 13 35 7311916419820927 222KA1043198225420999999999999999 422-161626 1099999999999999
192150 94 41  6 -4 10 43 89137177196188155106 56 20  7 17 45 8412816819227 223KA1113197233319699999999999999 454 -417 2  799999999999999
194170126 76 35 14 17 39 76119159185189169130 82 40 16 13 29 58 9513316327 224KA1140191999999999999999999999 523 121738 1299999999999999
177170143104 65 39 32 45 72107143170181172145106 65 35 22 27 46 7310313127 225KA 01017712 418199999999999999 549 321812 2299999999999999
150155143119 89 63 52 56 75102131155168167151122 89 58 39 35 44 61 8310527 226KA 047155122517099999999999999 612 511848 3599999999999999
122132131120102 83 71 70 81100122142155158149131107 81 61 51 51 59 72 8627 227KA 124133124515899999999999999 633 691929 5099999999999999
 99109113111105 96 87 85 90101116130141146143133119101 84 71 65 64 68 7427 228KA 21411313 814699999999999999 651 852033 6499999999999999
 82 88 94 98100101100 99100105112119126131133131125116105 93 83 76 71 6927 3 1KA 443101135413399999999999999 657 992329 6999999999999999
 69 71 76 82 91100107111113112111111112115118122125125122115105 93 81 7027 3 2KA 8151131640125999999999999991053111999999999999999999999
 61 58 59 66 78 93109120125123116108100 98100108118127134134127114 96 7727 3 3KA 814125183513599999999999999 114 581259 9899999999999999
 60 49 45 50 64 83105124136136127111 95 84 82 89104121137147147137116 9127 3 4KA 833137193114999999999999999 154 451341 8199999999999999
 65 45 35 36 48 70 97124143149140120 96 75 66 69 8410713215216215813911027 3 5KA 854149201316299999999999999 224 341414 6599999999999999
 77 48 29 25 34 56 86119145159154134104 75 55 51 63 8811814816917416113327 3 6KA 916159204817499999999999999 249 251444 5099999999999999
 95 58 30 18 23 43 74110143165167150118 81 51 37 43 65 9813416618318015627 3 7KA 938169212218499999999999999 313 181513 3799999999999999
118 75 38 17 15 31 61 99137166177166135 94 55 30 26 42 7311315218119117727 3 8KA 959177215519199999999999999 336 141542 2599999999999999
143 97 53 23 12 22 49 87128163182179153111 66 32 16 23 48 8713016819119027 3 9KA1022184222819499999999999999 359 121611 1699999999999999
165123 76 37 17 19 40 75116154181187169131 85 42 15 11 28 6010214517819127 310KA104518823 319199999999999999 424 151642 1099999999999999
180147102 58 29 22 36 65103142174188180150107 61 25  9 14 38 7411615417927 311KA11 9188233918399999999999999 449 221714  899999999999999
182163127 85 50 33 38 60 93129161181183164128 85 44 18 12 24 51 8712415427 312KA1134185999999999999999999999 516 321749 1199999999999999
169165142109 75 52 47 61 87118147169177169145109 71 39 22 22 37 63 9312227 313KA 01717012 017799999999999999 544 471829 2099999999999999
144152145125 99 75 64 68 85109134154166166153129 99 68 44 33 35 48 68 9127 314KA 1 1152122916799999999999999 614 631919 3299999999999999
112127133128114 98 85 81 89104122138150154151140122 99 75 56 46 46 53 6527 315KA 2 013313 715499999999999999 649 812034 4599999999999999
 81 96109117118114106100 99104112122130137140141136126109 90 71 58 50 5027 316KA 343118143314199999999999999 740 992236 4999999999999999
 55 66 80 95109119123121116111109108110114121129137141138126107 84 63 4727 317KA 6 612317 9142999999999999991039108999999999999999999999
 39 40 50 68 90113130139137127113101 92 90 95107124142155157145121 91 6027 318KA 718139184015899999999999999 021 381247 9099999999999999
 36 25 26 41 66 97127149157149129104 82 69 67 78 99127154173176161129 8927 319KA 759157194117799999999999999 123 241336 6699999999999999
 50 23 12 19 41 75114149170171152120 84 57 44 48 67 9813516919119116812727 320KA 833173203119499999999999999 2 7 121415 4399999999999999
 79 37 11  6 21 52 94138172187177145101 59 31 23 35 6410414718420319716627 321KA 9 6187211620499999999999999 244  51453 2399999999999999
117 65 25  6 10 34 73120164192195171128 77 34 11 12 32 6911416019520719227 322KA 937197215820799999999999999 319  41529  999999999999999
153101 51 19 10 25 57101148185201190155103 52 15  1 10 38 7912616919720027 323KA10 7201223720299999999999999 351 1016 5  199999999999999
177134 84 43 22 25 49 86130170196198174130 78 33  6  2 19 52 9413717319027 324KA1035200231519199999999999999 421 201639  199999999999999
184155113 71 42 35 48 78116154184195183150104 57 22  7 13 35 6910714316827 325KA11 0195235117599999999999999 449 341712  799999999999999
175161132 96 65 50 54 75107140169185182161125 83 46 23 18 30 54 8511614127 326KA1122186999999999999999999999 516 491745 1899999999999999
155154138112 86 68 65 78101129155172175163138104 70 44 32 35 49 71 9511727 327KA 025157114317699999999999999 540 641818 3199999999999999
133138133119100 85 78 83 99120141157164159143119 92 68 52 47 52 65 81 9827 328KA 1 113812 416499999999999999 6 4 781857 4799999999999999
111120121117108 98 91 92100113129142150150142128110 91 74 64 62 66 74 8427 329KA 147121123115199999999999999 627 911950 6299999999999999
 93101106109109107104103105111118126133136135130122110 97 86 78 73 73 7527 330KA 332110131913699999999999999 6541032144 7399999999999999
 79 84 91 98105111114115114113112113115119123126126124118108 97 87 77 7127 331KA 65011515501269999999999999910 7112999999999999999999999
 68 69 75 85 97111121127126120112104 99 99105113123131133129119105 88 7327 4 1KA 724127175513399999999999999 012 681226 9999999999999999
 63 58 61 71 87106124136139132118101 88 81 84 95112129142146141126105 8227 4 2KA 748139185914699999999999999 1 7 581312 8199999999999999
 63 51 50 58 75 99123142151146129106 83 68 64 74 93118141156160149126 9727 4 3KA 8 9151194416099999999999999 141 491345 6499999999999999
 70 50 42 46 63 89118145161161145116 85 60 48 51 70 9913015717216915011827 4 4KA 831163202217399999999999999 2 7 411415 4799999999999999
 83 54 38 37 51 78111143167174162133 95 59 36 32 45 7411114717518417314427 4 5KA 853174205818599999999999999 233 361445 3199999999999999
105 67 41 32 41 65100137168184179153112 68 34 18 23 46 8412716518919117027 4 6KA 917185213519399999999999999 258 321515 1799999999999999
131 88 52 33 35 54 87126163188192173134 86 41 13  6 22 54 9814318019718927 4 7KA 942193221219799999999999999 325 311547  699999999999999
159115 72 43 34 46 74112152184198190158111 61 21  1  4 28 6611315618719527 4 8KA10 9198225019599999999999999 354 341621 -199999999999999
179143 99 62 43 45 65 98137172195197177138 88 41  9 -1 10 39 8012416218527 4 9KA1037199233018799999999999999 424 411657 -199999999999999
185163126 88 60 51 62 88122156182194187159118 71 32  9  6 22 52 9012915927 410KA11 8195999999999999999999999 455 511737  599999999999999
173168145113 83 66 67 83110139165182185171142104 64 33 17 19 36 63 9512627 411KA 013174114018699999999999999 528 641823 1699999999999999
148156150131107 87 79 85102124146163172170156130 99 67 43 32 34 47 68 9327 412KA 1 4157121817399999999999999 6 3 791919 3199999999999999
116133140136124108 97 94100113128142153158156146127103 78 58 47 46 53 6727 413KA 210140131515899999999999999 647 932037 4599999999999999
 85103119129131126117109105107113121129137143146144133115 93 73 59 52 5327 414KA 34513115 714699999999999999 8 51052221 5199999999999999
 61 76 93112127135134128118110104102104111121133144149145130108 84 64 5127 415KA 52813617 41499999999999999910571022350 4899999999999999
 48 54 69 91114135147147138121104 90 83 83 93109130149161160144118 88 6227 416KA 6331481825162999999999999991224 82999999999999999999999
 46 42 50 70 97126150162159142116 89 69 60 63 79103133159174173154122 8627 417KA 717163192517699999999999999 049 411313 5999999999999999
 56 39 39 53 79112145169177165137101 67 45 39 48 7210514117118718115611827 418KA 754177201518799999999999999 133 371353 3999999999999999
 78 48 36 42 63 96134167187186163124 80 44 25 24 41 7311215218319418315127 419KA 82718921 019499999999999999 210 361431 2299999999999999
108 68 43 38 52 81118157186197185150104 57 24 11 18 43 8012316319019517627 420KA 859197214219699999999999999 245 3815 7 1199999999999999
139 96 61 43 47 69103142177198198174131 81 38 11  7 22 52 9313617219118827 421KA 929201222219399999999999999 318 421543  699999999999999
163124 84 57 50 63 91127163190200188155108 61 24  8 12 33 6710714617518527 422KA 958200225918599999999999999 350 501617  799999999999999
174145108 76 60 63 83114148178194192170132 87 46 20 13 24 50 8412115217127 423KA1024196233517499999999999999 421 581651 1299999999999999
173156128 96 74 68 79104134163184189177149111 71 39 23 25 41 68 9912915127 424KA1050189999999999999999999999 450 681725 2299999999999999
161156138113 90 78 81 97122148170180176159129 95 63 41 34 41 59 8310813027 425KA 010161111518199999999999999 519 7718 0 3499999999999999
144148140124105 91 87 95112134154167169161141115 87 63 50 48 57 73 9311127 426KA 048148114417099999999999999 549 871839 4799999999999999
126134135128116104 97 98107121137150157156146129108 87 70 61 62 69 82 9627 427KA 134136122115899999999999999 624 961927 6099999999999999
109119125126123116109105107113122132140144143136124108 92 79 73 72 76 8427 428KA 244126131914599999999999999 7141052038 7199999999999999
 94104113121125125121116112110111115121127133135133126114100 88 80 76 7727 429KA 42912515 513699999999999999 9111102219 7699999999999999
 82 90101112123130132129122113105101101107116126134137133122108 94 82 7527 430KA 55213216531379999999999999911221002342 7399999999999999
 74 78 89103119133142142135121105 92 85 86 95110126140146142130112 94 7827 5 1KA 63514318 9146999999999999991222 84999999999999999999999
 70 69 77 92112133148155150135112 90 73 67 72 88110133151158152135112 8827 5 2KA 7 615519 415899999999999999 032 6813 3 6799999999999999
 71 64 67 81103128151165166152126 95 68 52 50 62 8611714516517116013610627 5 3KA 734168195017199999999999999 1 9 641337 4999999999999999
 80 63 60 70 92120149171180172146110 72 44 32 37 58 9112816118018116313227 5 4KA 8 2180203318399999999999999 143 591412 3199999999999999
 98 70 57 61 79107141171189190170133 88 48 22 16 30 6010014217619218616127 5 5KA 832192211519399999999999999 217 571447 1699999999999999
124 88 63 56 67 93127162190202192160114 65 26  6  8 30 6611115518719818527 5 6KA 9 4202215819899999999999999 251 561525  499999999999999
154114 79 60 61 79110146180203206186146 95 46 11 -2  7 35 7612316519219627 5 7KA 938207224119799999999999999 327 5816 5 -299999999999999
178143104 74 63 71 95128163193208202175130 79 34  5 -1 13 44 8613016818927 5 8KA1015208232719199999999999999 4 4 631648 -299999999999999
188166132 97 75 71 84111143174196204192161117 69 30  8  7 23 54 9413416527 5 9KA1055204999999999999999999999 442 701735  599999999999999
180175153123 95 80 82 98123151176192194180149109 67 35 18 19 36 64 9813227 510KA 015180113919599999999999999 523 791826 1799999999999999
157168162143118 97 88 93108129151169181181168142107 72 46 33 34 48 71 9927 511KA 1 9168123218299999999999999 6 8 881923 3199999999999999
127147156152137118103 97101112127143157167169160139112 82 60 47 47 57 7627 512KA 211157134216999999999999999 7 5 972031 4699999999999999
 99122140150149138122109102101107116128142153159156142120 94 73 60 57 6427 513KA 322151151216099999999999999 8311012147 5799999999999999
 78 98120139151151142127112100 94 95101112127144155158148129105 83 68 6327 514KA 4341521643158999999999999991027 9423 1 6399999999999999
 68 81101124145157159149130110 92 80 78 84 97117139156163156138113 89 7227 515KA 53716018 1163999999999999991149 78999999999999999999999
 66 71 87109134156168167153128101 77 63 60 69 87113140161170163143116 9027 516KA 62617019 517099999999999999 0 1 661245 6099999999999999
 73 68 76 95121148170180174152120 86 60 46 46 59 8411414516817716814411427 517KA 7 8180195917799999999999999 050 681329 4499999999999999
 87 72 71 84107136164184188175145106 70 43 32 37 57 8612115417618216814027 518KA 746189204718299999999999999 133 701410 3299999999999999
108 83 72 76 95122153179194191169132 90 53 30 24 36 61 9513216418318316427 519KA 821195213018599999999999999 212 711449 2499999999999999
133101 79 73 84108139169191199187157115 73 39 22 23 41 7010714317218517827 520KA 855199221018599999999999999 249 731526 2099999999999999
154122 93 77 78 96123155182198197177141 98 58 30 20 29 51 8412115417718227 521KA 927200224718399999999999999 325 7516 2 2099999999999999
169142111 87 78 87109139168190198188162123 82 47 27 25 39 66 9913316117627 522KA 959198232417799999999999999 4 0 781637 2499999999999999
174156128101 84 83 98124152177192192175145107 69 42 30 35 54 8211314216227 523KA1030194235917099999999999999 433 821712 3099999999999999
170162142116 95 86 92111136161180188181160129 94 63 43 39 49 70 9612314627 524KA11 3188999999999999999999999 5 7 861747 3899999999999999
159160149130109 94 92102121144164177179168145116 85 62 49 51 63 8410712927 525KA 035161113818099999999999999 541 911824 4899999999999999
145153151139122106 98 99110128146161169167155134108 83 65 59 63 77 9511427 526KA 115153122017099999999999999 620 9719 4 5999999999999999
131143147143133119108102105114128142153159156145126105 85 73 69 75 8610227 527KA 2 2147131315999999999999999 7101021951 6999999999999999
118132141145141132120110105106112122133143149148140124106 90 80 78 83 9327 528KA 259145142415099999999999999 8241052048 7899999999999999
106120133143146143135123111103100103111123134143146140128112 97 87 84 8827 529KA 4 2147154814699999999999999 9591002155 8499999999999999
 97110124139149153149138122106 94 88 90 99114130143149146134118102 91 8627 530KA 5 015317 9149999999999999991115 8823 2 8699999999999999
 90100114132148160163155139117 95 79 72 76 88108130148157155142124105 9127 531KA 5481631819157999999999999991210 72999999999999999999999
 86 91103122143161173173160135106 79 60 55 62 8010713415716816515012710527 6 1KA 630174191916999999999999999 0 1 861256 5599999999999999
 89 85 92109132156177186181160127 91 59 41 38 51 7610914316918017515512827 6 2KA 710187201218199999999999999 052 851340 3799999999999999
102 86 84 95117144172192198186157116 73 40 23 25 44 7611515318119118215727 6 3KA 75119821 219199999999999999 139 831425 2299999999999999
125 97 82 84100127158187205207187150102 57 24 10 16 41 7912316319119818427 6 4KA 834209215019899999999999999 224 811510 1099999999999999
154119 92 80 86107137171199215211185141 90 43 12  2 14 43 8513117219619927 6 5KA 919216223720199999999999999 3 9 801557  299999999999999
180147112 87 79 90115148181207219210179132 80 35  8  2 17 50 9313917719727 6 6KA10 5219232519999999999999999 353 791645  199999999999999
195173138105 84 82 96123155186210217205171124 74 33 10  9 27 6010214517827 6 7KA1054217999999999999999999999 437 801734  799999999999999
193187162129100 84 86102128158186205210196163118 72 37 19 21 40 7211114927 6 8KA 012194114621199999999999999 523 831823 1899999999999999
176186177152122 97 86 90106129155179196199184154114 75 46 34 38 57 8611927 6 9KA 1 0186124119999999999999999 613 861913 3399999999999999
151172178167144118 98 90 93106125147167182185173148114 82 59 51 56 73 9827 610KA 150178134318699999999999999 7 9 8920 5 5199999999999999
127152169172161140117100 92 93102116135153167172164144117 92 74 68 73 8827 611KA 242173145317299999999999999 820 9121 1 6899999999999999
109133154168169159140118101 90 88 93105121139154162158144123103 88 83 8727 612KA 338170161216299999999999999 946 8822 1 8399999999999999
100118139158169170160141119 99 85 80 82 92109128146157157148130112 99 9327 613KA 4351711734158999999999999991111 8023 4 9399999999999999
 97109126146163174174162141116 93 77 69 71 8210012214315716115313711910527 614KA 5301751849161999999999999991218 69999999999999999999999
 99103115133153171180178164139110 84 66 58 62 75 9712214616216615814012127 615KA 621181195016799999999999999 0 5 991311 5899999999999999
106101106121141162179187182163134101 73 55 49 56 74 9912815317017316114027 616KA 7 8187204017399999999999999 0591011357 4999999999999999
118103 99108126149172188193183158125 90 61 45 43 55 7710713816417817615927 617KA 750193212317999999999999999 147 991438 4299999999999999
135111 98 98111134160182196196180150113 76 50 38 41 59 8611915117418417527 618KA 83019822 118499999999999999 229 961516 3799999999999999
153125103 93 98117143171192201195173138 98 64 41 35 45 68 9913316318218427 619KA 9 8202223718599999999999999 3 9 921552 3599999999999999
169142114 94 90102126155181199203190161123 84 53 36 37 54 8111414717318427 620KA 945203231018599999999999999 345 901626 3599999999999999
179158129103 89 92110137165189202199180147107 71 46 37 46 67 9713015917827 621KA1020203234218299999999999999 420 881659 3799999999999999
181168144116 95 88 98120147174193199190165130 93 62 45 44 59 8411414316727 622KA1056199999999999999999999999 454 881731 4399999999999999
177173155130106 92 92106129155178192192177150115 82 58 50 57 7510112915427 623KA 014178113219499999999999999 529 9018 2 5099999999999999
170173163143120101 93 98114136158177185181163135103 76 61 60 72 9211714127 624KA 045174121118599999999999999 6 6 931834 5999999999999999
160169167154133113 99 96103118138157171176168150124 97 77 69 73 8810813027 625KA 118170125517699999999999999 648 9519 8 6999999999999999
150163167161147128110 99 98105118135151162165158141118 97 83 80 8710212127 626KA 155167134816699999999999999 740 971947 8099999999999999
139155165166158143125109 99 96101113127142154157152138119103 93 9210011327 627KA 238167145415799999999999999 847 962035 9199999999999999
129146159167167159143124107 94 90 9310311813414715415114112611110310210827 628KA 33016816141549999999999999910 3 90213710199999999999999
120135150164172171162145123102 86 79 81 9110812714415515714913612111110827 629KA 4291731740157999999999999991117 78225210899999999999999
112123138155170179179168147120 94 74 64 66 78 9812314516116716114612911527 630KA 5301801857167999999999999991221 64999999999999999999999
109112124141161179190189175149115 83 59 48 50 66 9112215117217917215413227 7 1KA 62819120 117999999999999999 0 81091319 4799999999999999
115106109123144168189202200182149109 71 43 31 36 56 8812516018419218215827 7 2KA 724203205519299999999999999 1141061412 3199999999999999
131109100105122148177202215211188148101 58 28 17 25 51 8913217119620218627 7 3KA 818216214420299999999999999 21010015 3 1799999999999999
157124100 92100122153186213226219191145 92 46 16  8 21 53 9614318320720727 7 4KA 911227223021099999999999999 259 921552  899999999999999
185149114 90 85 98124159194222234223189138 83 37 10  7 25 6110815619421227 7 5KA10 3234231321399999999999999 346 841638  599999999999999
205177137102 81 80 97127163199226235220182129 75 33 12 14 38 7612316820127 7 6KA1053235235521199999999999999 432 781723 1099999999999999
211197164124 91 76 80 99130165199223228209170120 71 36 23 31 57 9613917927 7 7KA1143229999999999999999999999 517 7518 5 2399999999999999
203205185150113 85 75 82102131164193213214194157112 72 47 41 54 8111615427 7 8KA 035207123321699999999999999 6 4 751846 4199999999999999
184199194171138106 84 78 86104129157182196195177145109 80 64 65 8010513527 7 9KA 115200132619899999999999999 654 781926 6399999999999999
164185192183160130104 87 83 90104124146166177176161138112 92 84 8910312427 710KA 155192142517899999999999999 750 8320 7 8499999999999999
148169182184173152128106 92 87 9110111613314915916015213611910710410912127 711KA 239185153816199999999999999 9 1 87205410499999999999999
137154170178178168150129109 95 88 88 9510612013514715215014113012111812227 712KA 3291791711152999999999999991029 88215811899999999999999
130143157169176176168152131112 96 86 83 86 9611112714215215414913913012527 713KA 4311771845154999999999999991158 83232412599999999999999
126132143157169177179171155133111 92 79 75 78 8910612714615916215714513327 714KA 54017919521629999999999999913 5 74999999999999999999999
125123130142158172182184176157132106 84 70 66 72 8710913315516917116214527 715KA 642185203917299999999999999 0401231354 6699999999999999
128118117126143162179191191179156126 96 72 59 59 70 9111814616918017716127 716KA 734192211618199999999999999 1351161433 5799999999999999
138118108110125146170189200197179150116 83 60 50 56 7310013216118218717627 717KA 819200214918899999999999999 21910715 8 5099999999999999
153126106 99107128154180200207198174139101 68 49 46 59 8311514917719118827 718KA 859207222019299999999999999 257 991541 4599999999999999
169140111 94 94109136165192209210194163123 84 55 43 48 69 9913416618919527 719KA 936212224919599999999999999 332 921611 4399999999999999
182155123 97 87 94116146177202214207183146104 69 47 44 58 8511915318119527 720KA1010214231619699999999999999 4 5 871639 4399999999999999
191169138107 87 85100127158188208212198167126 87 58 47 54 7510614017119127 721KA1044213234119599999999999999 437 8417 6 4799999999999999
194180152120 94 83 89109137168194207204182147108 74 56 55 70 9712816018327 722KA1118208999999999999999999999 510 831732 5399999999999999
193187165135106 87 84 95118146174194201190164129 94 70 61 70 9111914917427 723KA 0 6193115420199999999999999 543 831758 6199999999999999
189190175150121 97 85 88103125151174189189174148116 89 74 75 8911313916427 724KA 032191123219199999999999999 619 851826 7299999999999999
182188182163138112 94 87 92108128150169179176160136111 92 85 9210913115427 725KA 1 0188131717999999999999999 7 1 871858 8599999999999999
172184184174154130108 93 89 9510812614415916716415113211410210011012614427 726KA 133185141316799999999999999 754 89193710099999999999999
162175182180169150129108 94 89 9310311813414815615714913612311511612313627 727KA 216182153215799999999999999 9 4 89202911499999999999999
150163174180178169152131110 94 86 85 9210512113715015615414713712912713027 728KA 3191801717156999999999999991032 84215412699999999999999
138149161173181182176160137112 91 77 72 77 9010913015016216616115013813027 729KA 44418318531669999999999999912 0 72234712899999999999999
128133143158173186192188171144113 84 64 55 60 7610012915617518117515914027 730KA 6 61921959181999999999999991310 55999999999999999999999
126119123136156178197207203183149110 73 48 38 44 65 9813416819119618516127 731KA 715207204919799999999999999 1 811914 6 3799999999999999
134113105111130156186211224218192151102 59 31 22 34 6310314718520720818827 8 1KA 814224213221199999999999999 2 41051455 2299999999999999
155120 97 90101126160196225238229196147 92 45 18 15 33 6911616420322021327 8 2KA 9 7239221222199999999999999 252 901539 1399999999999999
182141102 79 77 94126165206236247233193137 79 35 13 17 43 8513518421722627 8 3KA 957248224922799999999999999 336 751621 1299999999999999
208169123 84 66 70 93129171212241247226182124 69 32 19 31 6310815820122527 8 4KA1044248232522799999999999999 419 6517 0 1999999999999999
223195151104 71 59 69 96133175213236236211165111 65 39 36 55 9013317821127 8 5KA1130240999999999999999999999 5 1 591736 3599999999999999
223211177132 91 66 61 75102137175206222217190148103 70 56 62 8511915719127 8 6KA 0 0223121522399999999999999 543 601810 5599999999999999
212213193158118 85 68 69 84108138169192201193168134102 82 79 9111414317327 8 7KA 03221513 220199999999999999 627 661842 7899999999999999
195205197175143111 87 77 80 9311213515717317817015212910910010411813816027 8 8KA 1 4205135317899999999999999 714 76191210099999999999999
179191193182162136111 94 88 90 9911212814315315815414413112212012513715127 8 9KA 13719415 215899999999999999 812 88194511999999999999999
166177183181172155136117104 97 9610010711712813814514714514013613513914527 810KA 217183165714799999999999999 941 96203913599999999999999
154163170174174168157141126112102 96 95 9910611813014215015315114714314127 811KA 32617519 0153999999999999991145 9523 114199999999999999
143148156164171174172163149132115100 90 86 89 9911413214916016416015114127 812KA 51017419561649999999999999913 4 86999999999999999999999
135134139149162173180180171154133110 91 79 76 83 9711814216217317416314727 813KA 630181203017599999999999999 0391331349 7699999999999999
131122122131147165181191190177155127 99 78 67 69 8110313115817818517815927 814KA 726192205918599999999999999 1301211423 6699999999999999
135116108112128151175194203197178148114 84 64 58 67 8811714817619219117327 815KA 8 9203212619399999999999999 2 81071452 5899999999999999
146118 99 96108132161188207211199171134 96 67 53 56 7310213616919320018827 816KA 847212215220099999999999999 242 951520 5299999999999999
161127 99 86 91111142174202217214193156115 78 55 50 62 8812315918920419927 817KA 921218221620599999999999999 314 851546 4999999999999999
176141106 83 78 92120155189213222209178136 94 63 49 55 7711014818220420727 818KA 954222223920899999999999999 345 771610 4999999999999999
190157119 88 72 77 99132169201219218196158115 77 55 54 7010013617219921027 819KA102722223 221099999999999999 415 721634 5299999999999999
200173135 98 74 69 83110146181208218207178137 96 68 58 68 9312616119120827 820KA11 0218232421099999999999999 445 681658 5899999999999999
206186152114 83 68 72 92122157188207209190157118 86 68 71 8911815118120227 821KA1134211234820899999999999999 516 671723 6799999999999999
207195167132 98 75 69 80103132163188200194172140107 85 79 9011314217019327 822KA1211200999999999999999999999 550 691749 7999999999999999
203198179150117 90 75 75 89111137162180186177156129106 94 9711313516018127 823KA 012203125218699999999999999 628 731818 9399999999999999
194196186166138111 90 80 83 9511413515416717016214712811410911613215116927 824KA 041197134617099999999999999 716 80185210999999999999999
182189187176158136113 95 87 88 9610912514115215715414613512812613314315627 825KA 11818915 915799999999999999 823 86193912699999999999999
167176181180173160141121103 92 87 89 9811012513915015515414914314014014527 826KA 22318117191559999999999999910 8 87211914099999999999999
151159167174179178170154132110 91 80 76 81 9411213315216416816415514513827 827KA 4241801857168999999999999991154 76235913599999999999999
135138146159173186192187169143112 85 66 58 64 8110713616318118617716014027 828KA 6 419219501869999999999999913 4 58999999999999999999999
124117121134155179199210205183148108 72 49 41 51 7611014818120020018315427 829KA 713210203120399999999999999 1101171355 4199999999999999
124103 96104125156189216229221192147 98 57 33 30 47 8112416820321720817927 830KA 8 922921 821899999999999999 157 961438 2999999999999999
139102 79 76 92122161201232244230192139 84 43 24 29 55 9614519122222820727 831KA 859244214322999999999999999 239 751517 2399999999999999
165117 78 59 63 86124169213243250229183125 71 35 25 39 7312017121323422827 9 1KA 945251221623599999999999999 320 581554 2599999999999999
194145 94 58 46 57 87130177220245245217167111 63 38 38 6110014819422723527 9 2KA1030249224923699999999999999 4 0 461629 3599999999999999
216174122 75 47 43 61 94137182219237229197149 99 64 51 62 9013017321023027 9 3KA1113238231923199999999999999 439 4217 1 5199999999999999
225196151102 64 46 50 72105144182210219206174132 95 74 73 9112115719121527 9 4KA1155219234722199999999999999 518 451731 7199999999999999
221206173131 90 64 55 64 85115147176194196181154123100 9110012014717519827 9 5KA1237197999999999999999999999 557 551759 9199999999999999
209204184153118 89 72 70 80 9812114416317317216014112211111212414316418227 9 6KA 013209132317499999999999999 638 69182511099999999999999
194195185166141115 95 86 86 9410712113614715315314713712912713114215516827 9 7KA 038196142915499999999999999 726 85185012799999999999999
178182180171156138120107100 9810210811512413213914414414314114114414915627 9 8KA 1 8182164314599999999999999 844 98192814099999999999999
16216716916816415514313011911010410110210611312313514515115315214914614527 9 9KA 21316919 315399999999999999111810123 214599999999999999
146150155160164166162153140126112101 93 92 9710712213915416316415814913927 910KA 4461661938165999999999999991246 92999999999999999999999
132132137147159169175173163146126106 90 82 82 9210913115216917517115713927 911KA 61717520 417599999999999999 0361311327 8199999999999999
123115117129146164180187183168145118 94 77 72 78 9511914617018418416914627 912KA 711187202818699999999999999 1181151358 7199999999999999
122104 99108127152176194199189166135103 78 65 66 8110613716718919518415927 913KA 752199205219599999999999999 151 991424 6499999999999999
127100 86 88105133164191207206188156119 85 64 59 70 9412616118920319717427 914KA 828209211420399999999999999 222 851449 5899999999999999
139104 79 72 84110145180206216207179139 99 69 56 61 8211515218520620819027 915KA 9 1216213621099999999999999 252 721512 5699999999999999
155114 80 63 66 87121161196217219199162119 81 59 57 7310314117820521520427 916KA 934221215821599999999999999 321 621536 5599999999999999
172130 89 61 54 67 97136176208222213184142 99 69 58 68 9412916820021721427 917KA10 8222222121999999999999999 350 5416 0 5899999999999999
189149104 68 50 53 75110151189214218200164122 86 66 68 8711915619021321827 918KA1041219224421999999999999999 420 491625 6499999999999999
202168124 83 55 48 60 87124163195211207182145107 81 74 8611214517820421627 919KA111721223 821699999999999999 452 471652 7399999999999999
209183145104 70 52 53 71100135168192200189163131102 87 9010813616519120727 920KA1155200233420999999999999999 526 501720 8699999999999999
208193164128 93 67 57 64 8210913916518118317114912410510011013015417719327 921KA1239184999999999999999999999 6 5 57175010099999999999999
200194177150120 92 73 68 75 9111213415416516615714212611711812914516217727 922KA 0 3200133616799999999999999 654 68182511699999999999999
186187181166145121 99 84 79 82 9210712313814915415214413613113314015016027 923KA 041188151115499999999999999 8 6 79191613199999999999999
168173175173165151132112 96 86 82 86 9510812413915015615515014414114014227 924KA 2 1175172115699999999999999 959 82214414099999999999999
146152160168173173165148126104 86 75 73 80 9511613815716817016315113812927 925KA 4291741839170999999999999991142 73999999999999999999999
124127136150168182189182163135105 79 62 59 68 8911714817318618416914712427 926KA 6 3189192418799999999999999 0 81241246 5999999999999999
107101106123147174197207200175138 99 67 49 48 64 9313016619320319316713227 927KA 7 620720 020399999999999999 1 11011332 4699999999999999
101 81 77 90116150186213224212179133 88 54 39 45 7010715018921421519315427 928KA 759224203421899999999999999 143 771412 3999999999999999
110 74 56 59 80115157199227234215174123 75 45 38 53 8612917521222821818327 929KA 84623521 722899999999999999 222 551448 3799999999999999
134 85 50 38 49 78120167209235236209162109 66 44 47 7110915619922823220927 930KA 931239213923499999999999999 3 1 381523 4299999999999999
164109 62 34 30 48 83129176215234227194146 97 63 52 65 951371812162332242710 1KA1014235221023399999999999999 339 291556 5299999999999999
190140 87 46 28 33 57 94139182213224209174130 90 69 69 901231631992232262710 2KA1055224223922899999999999999 417 271628 6699999999999999
206166117 71 41 33 44 71107147182203205187154118 91 82 921161491812072182710 3KA113620723 521899999999999999 454 331657 8299999999999999
210183143100 65 46 46 61 87119150175187183165138113 991001151391671902042710 4KA1216188233020599999999999999 530 441725 9799999999999999
203188160126 92 68 59 64 791011251471631681631481301161111181341551741872710 5KA13 0168235419299999999999999 6 8 59175311199999999999999
192185168144117 94 79 75 81 931091251391481511481401301241251331461591702710 6KA1359151999999999999999999999 652 75182312499999999999999
176176168155137118102 92 90 931001091191281361411421401371351361401471532710 7KA 024177155114299999999999999 754 90191013599999999999999
159162161158150138125113104 99 97 991041111201301391451471461431401381382710 8KA 12516218 414799999999999999 955 97222813799999999999999
140144149153155153146135123111101 94 93 961041171321461551581541451341262710 9KA 4 21551852158999999999999991150 93999999999999999999999
122124131142153160162156144127110 95 86 85 91104123143159168166155138120271010KA 543162192016899999999999999 0 91221242 8499999999999999
108104110124142160171173164147124102 85 77 79 92112137160175178168147122271011KA 641174194517999999999999999 0521041316 7699999999999999
100 88 89103125150172184182168143114 89 74 71 80101129157179189183161130271012KA 72518520 718999999999999999 125 871343 7099999999999999
 99 78 71 80102133163186195187164132100 76 66 71 90119151180197196177144271013KA 8 3195202919999999999999999 156 7114 9 6699999999999999
106 74 57 59 78109146179200203186154117 84 66 64 80107142176200207194162271014KA 838204205220899999999999999 225 561434 6399999999999999
120 80 52 43 55 83121162194210204178139100 72 62 71 96130167198214209182271015KA 914210211721499999999999999 255 4315 1 6299999999999999
140 93 55 35 37 58 93136177205213198164123 87 67 67 86117154189213218200271016KA 950213214321999999999999999 326 331529 6499999999999999
163115 69 38 27 38 67107151188209208185148108 79 69 80106140176205219211271017KA1027212221121999999999999999 358 271558 6999999999999999
183140 92 52 29 28 46 79120160192205196169133 99 80 80 98127160191211214271018KA11 6205224021599999999999999 433 261629 7899999999999999
198164120 77 44 30 36 58 91128163187193180153122 98 88 96118145174196206271019KA1149193231220799999999999999 512 3017 1 8899999999999999
202181147107 71 47 39 48 69 99130158175177164142119103102113134156177191271020KA1238178234919599999999999999 556 39173710099999999999999
195186166137104 75 56 52 60 77101126147160162154138123114115126141157170271021KA1341163999999999999999999999 650 51182111399999999999999
178180173158135109 85 69 64 68 80 97116135148153150142131125125130138147271022KA 04218015 915399999999999999 8 3 64193112499999999999999
156163167166158142121 99 81 72 70 77 90107126143153156150141132126123125271023KA 224168164615699999999999999 940 7022 512399999999999999
130138149160167166155135111 89 74 67 70 82102125147162167161147131116106271024KA 4241681756167999999999999991110 67234910499999999999999
104109122140160174178169147118 91 70 61 65 80104133160177181169147120 97271025KA 5491791843181999999999999991213 61999999999999999999999
 83 80 90110137165186192181154120 87 64 56 64 85116150178194191170137101271026KA 652192192219599999999999999 042 8013 0 5699999999999999
 73 58 60 76105140174198203188155115 80 58 55 69 97134170198207195163120271027KA 746204195720799999999999999 124 571340 5499999999999999
 78 49 38 46 70106147184207209187149107 73 56 60 82116155191213213190148271028KA 834211203121699999999999999 2 4 381418 5599999999999999
 98 55 29 25 40 71113157193212208180139 97 68 60 72100138177207220210176271029KA 91921421 422199999999999999 243 241454 6099999999999999
127 77 37 18 22 44 79123166198211199167126 89 69 69 89121159194216218197271030KA10 1211213622099999999999999 321 171528 6699999999999999
156106 59 27 17 27 54 92134172197202185151114 85 75 84109142176203215206271031KA104220322 621599999999999999 358 1716 1 7599999999999999
178134 87 48 26 24 40 69106143174190187167136105 87 851011281591872042052711 1KA1122191223520799999999999999 435 221634 8499999999999999
188156115 74 45 32 37 57 85117148169178170150124102 93 991181441691881962711 2KA12 117823 319699999999999999 512 3217 5 9399999999999999
189168137101 69 49 45 54 74 991251471601631541361171041021131311531711822711 3KA1243163233318499999999999999 549 44173810299999999999999
182172151123 94 71 59 59 70 871071261411491501421291171101131231381531652711 4KA1331151999999999999999999999 629 58181511099999999999999
170167156138116 95 79 71 73 82 951091231341401411371291211181201261361452711 5KA 010170143914299999999999999 718 7119 911899999999999999
153156154146133116100 88 82 83 88 971081191291361401381331271221201221262711 6KA 1 9156161114099999999999999 825 8221 312099999999999999
132139144146142134121108 96 89 87 89 961051171291391451451391301211131102711 7KA 253146172814699999999999999 958 8723 811099999999999999
112118128137144145139128114101 91 86 87 94105121136149155152142127111 992711 8KA 4391461813155999999999999991120 85999999999999999999999
 93 96107122137149152147134117100 87 82 84 94111131149162165156138115 942711 9KA 554153184616599999999999999 0 9 931212 8299999999999999
 79 76 83100123144158162154137115 95 81 78 85101123147166176172154126 96271110KA 649162191317699999999999999 050 751250 7899999999999999
 72 59 61 76101130155171172158135108 86 75 76 90112140166183186172143107271111KA 735173194118799999999999999 124 581324 7499999999999999
 73 49 42 51 74107142169183178158128 99 78 71 79100129160185197190165126271112KA 816183201019799999999999999 157 421356 7199999999999999
 84 49 30 29 47 79118156183192181153119 88 71 71 87115148180201204187151271113KA 857192204020599999999999999 231 271430 6999999999999999
105 60 28 16 23 49 88131169192195177144108 80 69 77100132167196210204177271114KA 938197211421199999999999999 3 6 1515 4 6999999999999999
133 84 41 14  9 24 56 98142178196193168133 98 76 72 87115149182205212197271115KA1020198215021299999999999999 344  81540 7199999999999999
163116 66 28  8  9 30 65108150181193184157122 92 77 80100130162190207206271116KA11 3194222820999999999999999 425  61618 7699999999999999
186148101 56 23  9 16 40 75116153178185172145113 90 82 91113141169191201271117KA1150185231120299999999999999 5 9  91657 8299999999999999
196173136 92 53 26 18 27 51 83119151170173160135110 93 90101121145167184271118KA1240174999999999999999999999 557 181740 8999999999999999
190183161128 90 57 36 30 40 61 89119145161162151130110 98 98107123141158271119KA 0 0190133716399999999999999 650 301833 9699999999999999
171176171154126 94 66 48 44 51 68 91117139153156147131114103101106116129271120KA 1 3176144215699999999999999 752 43194610199999999999999
143155163162151129103 78 61 55 60 73 93116137151155149134118105 98 97102271121KA 226164155315599999999999999 9 3 552135 9799999999999999
112126141153158152136113 90 72 64 66 77 95118139155161154139119101 88 82271122KA 3591581658161999999999999991018 632313 8299999999999999
 84 94110130149159158144122 98 79 69 70 81100124147164169161141115 90 72271123KA 5241601753169999999999999991125 68999999999999999999999
 63 65 78 99125149164165152129102 81 71 73 86108135160176178165138105 74271124KA 636166183917999999999999999 017 631221 7099999999999999
 53 45 50 67 94125153171172157131102 81 72 77 94120149174188185164130 90271125KA 735174192018999999999999999 1 7 4513 8 7299999999999999
 57 35 30 40 63 95131161178177158129 99 78 72 82104134164187196186157116271126KA 827180195919699999999999999 151 301351 7299999999999999
 74 40 21 21 37 65102139169184178154122 92 75 75 90117148178196198180145271127KA 913184203620099999999999999 232 191431 7399999999999999
100 57 26 13 19 40 73112150176185173145112 85 73 79100131162188201195169271128KA 955185211220199999999999999 311 1315 9 7399999999999999
128 83 43 18 12 24 50 86125159179181163133101 80 75 88113144174194199185271129KA1035183214619999999999999999 349 121546 7499999999999999
153111 67 33 16 17 35 65100136164177172150119 92 77 80 98126156180193190271130KA1112178222019499999999999999 425 141621 7699999999999999
170135 94 55 29 20 28 50 81114144165170158134107 86 79 881101371631811872712 1KA1148170225318799999999999999 5 0 201655 7999999999999999
177153118 80 49 31 29 43 67 95124148160159144121 98 85 85 981201441651762712 2KA1224161232817899999999999999 535 281730 8399999999999999
176162136103 71 48 38 42 59 82107130147152147131112 95 88 921061261451602712 3KA13 0152999999999999999999999 610 3818 7 8899999999999999
166162146121 93 68 52 49 57 74 94115132143145137123107 96 92 981101251402712 4KA 0 6166134114599999999999999 646 481853 9299999999999999
151154148133112 89 70 60 61 70 85103119132139139132120108 98 95 991071192712 5KA 053154142914099999999999999 726 601956 9599999999999999
130139142137125108 90 76 70 72 81 93108121132139138132121109 99 94 94 992712 6KA 155142152813999999999999999 814 702129 9399999999999999
108119128133132123110 95 84 79 80 87 98111124135142142135123108 95 86 832712 7KA 317134163014399999999999999 916 792258 8399999999999999
 86 95108121130132127115102 91 85 85 91101115130142149148139122103 84 722712 8KA 4461321724150999999999999991028 84999999999999999999999
 67 72 84102119133138134123108 95 86 86 92104121138153159155141118 91 692712 9KA 6 4138181015999999999999999 0 0 671137 8599999999999999
 54 51 59 76100123141148144130111 95 85 84 93109130150166170161139108 76271210KA 7 7148185117099999999999999 048 511234 8399999999999999
 50 35 35 49 73103132153160153134111 91 81 82 95116141164179180164133 94271211KA 8 0160193318199999999999999 131 331323 8099999999999999
 57 30 18 22 43 74111144165171159134106 85 76 81 99125154179191186163124271212KA 847171201519299999999999999 213 1714 8 7699999999999999
 79 38 12  3 14 41 79121156177178160130 99 77 71 82105136168192200189158271213KA 933180205820099999999999999 256  31451 7199999999999999
112 63 22 -3 -6 11 44 87131167184180155121 89 70 69 85113147179201205188271214KA1017185214320699999999999999 339 -71533 6799999999999999
150100 49  9-11 -8 14 52 97142174186176147110 80 65 70 90121155186204204271215KA11 2186223020799999999999999 424-121616 6599999999999999
182141 89 39  3-11 -4 23 62108149177183167135 99 73 64 73 96127159187201271216KA1146184231820299999999999999 5 9-111659 6499999999999999
197172130 80 34  5 -4  8 36 75118154175175155123 91 70 65 77100129157181271217KA1230178999999999999999999999 554 -41744 6599999999999999
192185160120 75 36 14 10 25 53 89126155169165144114 86 70 68 80100125149271218KA 010192131517099999999999999 639  91835 6799999999999999
169178171148113 75 44 28 29 44 70101131154163155135108 85 72 71 80 96115271219KA 1 517814 316399999999999999 726 271934 7099999999999999
136153161156138110 80 57 46 49 63 85110135152157149130107 86 73 70 75 86271220KA 2 9161145415799999999999999 816 462051 7099999999999999
102120136145144132111 89 72 64 67 78 96117137150154147130108 87 73 66 67271221KA 325146155115499999999999999 913 642224 6599999999999999
 74 87104121133137131117100 86 79 80 89104121139151155149132110 87 69 58271222KA 4541381653155999999999999991020 782351 5599999999999999
 55 60 73 91111128137136126110 96 88 87 94108125142155160153135109 83 61271223KA 6241381754160999999999999991135 86999999999999999999999
 47 42 48 62 84108129142144133117100 90 88 95110129148162166157135106 75271224KA 735145184916699999999999999 057 421242 8899999999999999
 50 34 31 39 57 83112137151151138118 98 86 85 95113135156170172159132 98271225KA 830153193817399999999999999 148 301336 8499999999999999
 64 37 23 22 35 59 90122148160156138113 91 79 81 96118144166178176157125271226KA 914161202218099999999999999 232 211421 7899999999999999
 86 50 24 14 19 38 67102136159167155131102 80 72 79100127154176184176151271227KA 95316721 218499999999999999 310 1315 1 7299999999999999
113 71 36 14  9 22 47 81118150168167148118 89 69 67 82107138165183186170271228KA1028170214018799999999999999 345  91537 6699999999999999
138 96 55 23  8 12 31 62 98134160170160135102 75 62 68 89118149174186181271229KA11 0170221518799999999999999 418  71612 6299999999999999
158121 78 40 15  9 21 47 80116147165165147118 87 65 61 74 99130158178183271230KA1130168224818399999999999999 449  91645 6099999999999999
171142102 61 29 14 18 37 66100132156164154130100 74 60 64 82109139163176271231KA1158164232217799999999999999 518 131717 5999999999999999
