 50 49 50 55 61 69 77 83 87 85 80 72 63 53 44 38 36 38 43 48 53 55 55 5527 1 1KE 813 87999999999999999999999 056 4916 0 3699999999999999
 55 56 58 62 66 72 79 86 90 91 87 81 72 61 50 39 32 29 31 36 41 46 49 5227 1 2KE 839 9199999999999999999999917 6 29999999999999999999999
 56 60 64 67 70 73 79 85 90 93 92 88 81 71 60 47 35 26 24 26 31 37 42 4827 1 3KE 918 9399999999999999999999918 1 24999999999999999999999
 54 60 66 70 72 74 77 82 88 92 95 94 90 82 71 58 43 29 21 19 22 28 35 4227 1 4KE1013 959999999999999999999991853 19999999999999999999999
 50 58 65 70 73 74 75 79 84 89 94 96 96 92 83 71 55 38 24 16 15 19 26 3527 1 5KE1123 979999999999999999999991942 14999999999999999999999
 45 54 63 69 72 73 74 75 79 84 90 96 99 99 94 84 69 50 32 18 11 11 17 2627 1 6KE1232 999999999999999999999992028 10999999999999999999999
 37 49 58 66 70 72 72 72 74 78 85 92 98102101 95 82 64 44 26 13  7 10 1827 1 7KE13271029999999999999999999992110  7999999999999999999999
 29 42 53 62 68 70 71 70 71 73 78 85 93100104102 93 77 58 37 19  8  5 1127 1 8KE14131049999999999999999999992146  5999999999999999999999
 22 35 48 58 65 68 69 69 68 69 72 78 86 94101103 99 87 70 49 29 13  6  727 1 9KE 556 69145510399999999999999 810 682218  599999999999999
 16 29 43 55 63 68 68 68 66 65 66 71 78 86 94 99 99 92 79 60 39 21 10  827 110KE 553 68153310099999999999999 9 2 652245  799999999999999
 14 26 40 52 62 68 69 68 65 63 62 64 69 77 85 91 95 92 83 68 50 31 18 1227 111KE 552 691611 9599999999999999 951 6223 9 1299999999999999
 15 25 38 51 62 69 71 69 66 61 59 58 61 67 74 81 86 88 84 73 58 41 27 1927 112KE 558 711650 88999999999999991038 582330 1899999999999999
 19 27 38 51 63 71 74 72 68 62 57 53 54 57 63 70 76 80 80 74 64 50 38 2927 113KE 6 9 741732 81999999999999991126 532350 2699999999999999
 26 31 41 52 64 73 77 77 72 64 57 51 48 49 52 58 64 69 73 72 66 57 47 3927 114KE 623 781821 73999999999999991218 48999999999999999999999
 36 38 45 55 66 74 80 81 77 69 60 52 46 43 43 46 51 56 62 65 64 60 54 4927 115KE 640 811920 6599999999999999 0 8 361323 4299999999999999
 46 47 52 59 68 77 83 86 83 76 66 56 48 41 37 36 38 42 48 54 57 58 56 5527 116KE 7 2 862046 5899999999999999 019 461446 362352 559999999
 55 56 59 64 71 79 85 89 89 84 76 65 55 45 37 31 28 29 33 39 45 49 53 5627 117KE 729 909999999999999999999991614 28999999999999999999999
 59 62 65 69 74 80 86 92 94 93 86 77 67 56 44 33 25 20 20 24 30 36 43 5027 118KE 8 5 949999999999999999999991731 20999999999999999999999
 57 63 68 72 75 80 85 92 97 98 96 91 82 71 58 44 30 18 12 11 14 21 29 3927 119KE 857 989999999999999999999991842 11999999999999999999999
 49 59 67 72 75 78 82 88 95100102101 96 88 77 62 44 26 12  4  2  6 14 2527 120KE10111029999999999999999999991946  2999999999999999999999
 38 51 62 69 73 75 77 81 88 95101105106103 95 82 64 43 22  6 -3 -4  1 1227 121KE11451069999999999999999999992039 -5999999999999999999999
 26 41 54 64 70 72 72 73 77 84 93101107110108 99 84 64 40 18  1 -7 -6  227 122KE13 91109999999999999999999992124 -8999999999999999999999
 15 31 47 59 67 70 69 67 67 71 78 88 98106111109100 83 61 36 14 -1 -6 -227 123KE 515 70141611199999999999999 736 6722 2 -699999999999999
  9 24 41 55 65 69 69 65 61 59 62 71 82 93103108106 95 78 56 32 12  1  027 124KE 520 70151510899999999999999 852 592235 -199999999999999
  8 22 38 54 65 71 71 67 60 53 50 54 63 74 86 96101 98 87 70 49 29 14  927 125KE 529 7216 910199999999999999 957 5023 3  999999999999999
 13 24 38 54 67 75 76 71 63 53 45 42 46 55 67 78 87 91 87 76 61 44 30 2127 126KE 541 761659 91999999999999991056 422327 2099999999999999
 21 30 42 56 69 79 82 78 70 59 47 38 36 40 48 59 69 77 79 74 65 54 42 3427 127KE 556 821747 79999999999999991152 362347 3299999999999999
 32 37 47 60 72 82 86 85 77 67 54 42 34 32 36 43 52 61 67 67 63 56 50 4427 128KE 614 871832 67999999999999991248 322356 4299999999999999
 42 45 53 63 74 83 89 90 84 75 63 50 39 32 30 33 39 47 54 57 56 54 51 5027 129KE 634 901920 57999999999999991349 302325 4999999999999999
 50 52 58 66 75 83 90 92 89 82 72 60 49 38 31 29 31 36 42 47 49 49 49 5027 130KE 658 929999999999999999999991458 29999999999999999999999
 53 57 62 68 75 82 88 92 92 87 80 70 60 49 39 32 29 29 33 37 41 43 45 4827 131KE 729 929999999999999999999991614 28999999999999999999999
 53 59 64 69 74 79 84 89 91 90 86 79 71 61 50 39 31 27 26 29 33 36 40 4527 2 1KE 811 919999999999999999999991732 26999999999999999999999
 51 58 64 69 72 76 80 84 88 89 89 86 81 73 63 50 38 28 23 22 24 28 34 4027 2 2KE 921 909999999999999999999991843 22999999999999999999999
 48 56 63 68 71 73 75 78 82 86 89 90 89 84 76 63 49 34 24 18 17 20 26 3427 2 3KE11 5 909999999999999999999991940 17999999999999999999999
 43 52 60 66 69 70 71 72 76 80 85 89 92 92 87 77 62 45 29 17 12 13 18 2727 2 4KE1226 939999999999999999999992022 12999999999999999999999
 38 48 57 64 67 68 68 67 69 73 78 85 91 95 94 87 74 57 38 22 11  8 12 2027 2 5KE1324 959999999999999999999992057  8999999999999999999999
 32 44 55 62 66 67 65 64 63 65 70 77 85 92 96 94 84 69 49 30 15  7  8 1527 2 6KE 444 671411 9699999999999999 749 632127  799999999999999
 27 40 53 61 66 66 64 61 58 58 61 67 76 85 92 95 90 78 60 41 23 11  8 1327 2 7KE 435 671454 9599999999999999 841 582153  899999999999999
 24 38 51 62 67 68 64 60 55 52 52 57 65 75 84 91 91 84 70 51 33 19 12 1427 2 8KE 435 681535 9299999999999999 925 512216 1199999999999999
 23 36 51 62 70 71 67 60 53 47 45 47 53 63 73 82 87 85 75 60 43 28 19 1827 2 9KE 442 711615 879999999999999910 5 452238 1799999999999999
 25 37 51 64 72 75 71 63 54 45 40 38 42 50 60 71 79 82 77 67 53 39 28 2527 210KE 453 751654 82999999999999991044 382258 2599999999999999
 29 39 52 65 75 79 76 68 57 46 37 33 33 39 48 58 68 74 75 69 59 48 39 3427 211KE 5 7 791736 76999999999999991124 322317 3399999999999999
 35 43 55 67 77 82 81 74 63 51 39 31 27 30 36 45 55 63 68 67 62 54 47 4327 212KE 523 831820 689999999999999912 6 272331 4299999999999999
 43 48 58 69 79 85 86 81 71 58 45 34 27 24 27 34 42 50 57 60 59 56 52 5027 213KE 541 861913 60999999999999991256 242327 5099999999999999
 51 54 62 71 80 87 90 87 79 67 55 43 32 25 23 25 30 36 43 48 51 51 52 5327 214KE 6 3 9099999999999999999999914 1 23999999999999999999999
 56 59 65 72 80 88 92 92 87 78 67 55 43 33 26 22 22 25 29 34 39 42 46 5127 215KE 632 939999999999999999999991531 21999999999999999999999
 56 61 66 72 79 86 92 94 93 88 80 70 59 47 36 26 20 17 17 20 25 30 37 4427 216KE 714 949999999999999999999991719 17999999999999999999999
 52 60 66 71 76 81 87 92 94 94 90 84 75 65 52 39 26 16 11  9 12 17 25 3527 217KE 817 949999999999999999999991850  9999999999999999999999
 45 55 63 68 71 74 79 84 89 93 94 93 89 82 71 56 40 24 12  4  3  6 14 2527 218KE10 4 949999999999999999999991948  3999999999999999999999
 37 49 59 65 67 68 69 72 78 84 90 94 96 94 87 75 59 39 21  7  0  0  6 1727 219KE12 4 969999999999999999999992030 -1999999999999999999999
 31 45 56 63 65 64 61 60 63 69 77 85 93 97 97 90 76 58 37 18  4 -1  3 1227 220KE 4 2 651326 9899999999999999 651 6021 5 -199999999999999
 26 41 55 63 66 64 58 52 49 51 59 69 80 90 97 97 89 74 55 34 16  5  5 1227 221KE 4 0 661430 9799999999999999 8 6 492135  499999999999999
 25 40 55 66 70 67 60 50 42 37 40 49 61 74 86 93 92 84 69 50 31 17 12 1627 222KE 4 6 701526 9499999999999999 9 7 3722 3 1299999999999999
 26 41 56 69 75 74 66 54 42 31 27 31 41 55 69 81 87 85 76 62 46 31 22 2227 223KE 418 751615 879999999999999910 0 272229 2199999999999999
 31 44 58 72 80 81 74 62 48 33 22 19 25 36 50 64 75 78 75 67 55 43 34 3127 224KE 435 8117 1 78999999999999991049 192250 3199999999999999
 37 47 61 74 83 87 82 71 57 41 26 17 16 23 34 48 60 68 69 65 58 51 44 4027 225KE 454 871742 69999999999999991136 1523 6 4099999999999999
 43 51 63 75 85 90 88 79 66 51 35 22 16 17 24 35 46 55 60 59 56 52 49 4727 226KE 515 901820 60999999999999991221 1523 7 4799999999999999
 49 55 64 75 84 90 91 85 74 61 47 33 22 18 20 27 36 45 50 52 51 50 49 5027 227KE 538 911859 529999999999999913 8 182144 4999999999999999
 52 57 65 73 81 88 90 88 81 70 58 45 33 25 22 24 30 36 42 44 45 45 47 5027 228KE 6 2 9099999999999999999999914 3 22999999999999999999999
 54 59 64 71 78 84 87 87 84 77 67 57 46 36 29 26 27 30 34 37 39 40 43 4727 3 1KE 632 889999999999999999999991514 26999999999999999999999
 53 58 64 69 74 79 82 84 83 80 75 67 59 49 39 32 27 26 27 29 32 35 39 4427 3 2KE 715 849999999999999999999991655 26999999999999999999999
 50 57 62 67 70 73 76 78 80 80 79 75 70 61 51 41 32 26 23 23 25 28 34 4027 3 3KE 841 809999999999999999999991832 22999999999999999999999
 48 55 61 65 67 68 70 71 74 76 78 79 77 72 64 52 40 29 21 18 18 22 28 3627 3 4KE1053 799999999999999999999991924 17999999999999999999999
 45 53 59 63 64 64 64 64 66 69 74 78 81 80 74 64 51 37 24 16 14 16 23 3227 3 5KE 415 641217 8199999999999999 621 631959 1499999999999999
 43 52 59 62 63 61 58 57 57 60 66 73 79 83 81 74 62 46 31 19 13 13 19 2927 3 6KE 341 631317 8399999999999999 724 562027 1299999999999999
 40 51 59 63 62 59 54 50 48 50 55 63 72 80 84 81 72 57 41 26 16 13 17 2727 3 7KE 324 6314 8 8499999999999999 8 7 482053 1399999999999999
 39 51 60 65 64 59 52 45 40 39 43 51 61 72 80 83 78 67 52 36 23 17 18 2727 3 8KE 320 651453 8399999999999999 845 392117 1699999999999999
 39 52 62 68 68 62 53 43 35 30 31 38 48 61 72 80 81 74 61 46 32 23 22 2827 3 9KE 326 691536 8299999999999999 921 302141 2299999999999999
 39 52 64 72 73 67 57 44 33 24 22 25 35 47 61 72 79 77 68 56 43 33 28 3227 310KE 338 731617 7999999999999999 956 2222 3 2899999999999999
 41 54 66 75 78 73 63 49 35 23 16 15 22 33 47 61 71 75 71 63 52 42 36 3727 311KE 354 781658 75999999999999991032 152225 3699999999999999
 44 56 68 77 82 80 71 57 41 27 15 10 13 21 34 47 60 67 68 64 57 50 45 4327 312KE 412 831741 69999999999999991111 102243 4399999999999999
 48 58 69 79 85 86 79 66 50 35 21 11  8 13 22 34 46 56 60 60 58 54 51 4927 313KE 432 861828 61999999999999991152  82252 4999999999999999
 52 60 70 80 87 89 85 75 61 46 31 19 11 10 14 23 33 42 49 52 52 52 52 5327 314KE 454 899999999999999999999991240  9999999999999999999999
 56 61 70 79 87 91 90 83 72 59 45 31 20 13 12 16 22 29 35 40 43 46 49 5327 315KE 519 919999999999999999999991340 12999999999999999999999
 57 62 69 77 84 90 91 88 81 71 59 47 34 24 17 15 16 19 23 28 32 37 43 4927 316KE 552 9199999999999999999999915 6 15999999999999999999999
 55 61 66 72 79 84 88 88 86 80 72 62 51 40 29 21 16 14 15 17 21 28 35 4427 317KE 640 899999999999999999999991716 14999999999999999999999
 52 58 63 67 71 75 79 82 84 83 80 75 67 57 45 33 23 15 11 10 13 19 28 3827 318KE 8 9 849999999999999999999991841 10999999999999999999999
 48 56 60 63 63 64 67 70 74 78 80 80 78 72 62 50 36 23 14  9  9 14 23 3427 319KE1037 819999999999999999999991926  8999999999999999999999
 46 54 60 61 59 56 54 55 59 65 71 77 81 80 75 66 52 37 23 13 10 13 21 3327 320KE 248 611227 8199999999999999 612 5420 0 1099999999999999
 45 55 62 63 59 52 44 40 41 47 55 65 74 81 82 77 67 52 36 23 15 15 22 3327 321KE 240 631343 8299999999999999 722 402030 1499999999999999
 46 58 66 67 63 54 42 32 26 28 36 47 60 72 79 81 76 65 51 36 25 21 25 3527 322KE 245 681445 8199999999999999 816 262058 2199999999999999
 48 61 70 74 70 60 46 31 19 14 18 28 42 56 69 77 78 72 62 49 37 29 30 3827 323KE 259 741537 7999999999999999 9 4 142125 2999999999999999
 50 63 74 80 78 69 54 37 21  9  6 12 24 39 55 67 74 73 67 58 47 39 37 4127 324KE 317 801623 7499999999999999 949  62150 3799999999999999
 52 64 76 84 85 78 65 48 29 13  3  2 10 24 40 54 64 68 66 61 54 47 44 4527 325KE 339 8617 5 68999999999999991032  12212 4399999999999999
 53 64 76 85 89 85 74 59 41 23  8  1  4 14 27 42 54 60 61 59 56 52 49 4927 326KE 4 3 891744 61999999999999991113  12227 4999999999999999
 55 64 74 84 90 89 82 69 53 35 19  8  4  9 19 32 43 51 54 54 53 52 51 5227 327KE 428 901821 55999999999999991154  42213 5199999999999999
 56 63 72 81 87 89 86 76 63 48 32 19 11 10 16 25 35 43 47 48 48 49 51 5327 328KE 453 899999999999999999999991236  9999999999999999999999
 56 62 69 77 83 86 86 80 71 59 45 32 21 16 17 22 29 36 40 42 44 45 48 5227 329KE 519 879999999999999999999991322 15999999999999999999999
 56 61 66 73 78 81 82 80 75 66 56 45 34 25 21 22 25 30 34 36 39 41 45 5027 330KE 548 829999999999999999999991421 21999999999999999999999
 55 59 64 69 72 75 77 77 75 71 64 56 46 37 29 25 24 26 28 30 34 37 42 4827 331KE 626 779999999999999999999991550 24999999999999999999999
 53 58 62 65 67 68 69 70 71 70 68 64 57 48 39 32 27 24 24 25 29 34 40 4627 4 1KE 813 719999999999999999999991740 23999999999999999999999
 52 57 60 62 62 62 61 62 63 66 68 67 64 58 50 41 33 26 22 22 25 31 38 4527 4 2KE 345 621027 6899999999999999 6 7 611836 2199999999999999
 52 57 59 60 58 56 53 52 54 58 62 66 68 66 60 51 41 32 24 21 23 28 36 4527 4 3KE 242 601157 6899999999999999 653 521910 2199999999999999
 53 58 60 59 55 50 45 42 42 47 53 61 67 70 68 61 52 40 30 24 23 27 36 4627 4 4KE 2 8 6013 8 7099999999999999 725 421939 2399999999999999
 55 61 63 60 55 47 39 33 31 34 41 51 61 69 72 69 62 51 39 30 26 29 36 4627 4 5KE 158 6314 6 7299999999999999 755 3120 6 2699999999999999
 57 64 67 65 57 47 36 26 20 21 27 37 50 62 71 74 70 61 49 39 32 32 38 4827 4 6KE 2 3 671455 7499999999999999 827 202033 3199999999999999
 58 68 72 71 63 51 37 23 13 10 13 23 36 51 64 72 74 68 59 49 40 37 41 4927 4 7KE 218 731541 7499999999999999 9 1 102058 3799999999999999
 60 70 77 78 71 59 43 26 12  3  2  9 21 37 53 65 72 71 66 57 49 44 45 5127 4 8KE 237 781625 7299999999999999 938  22123 4399999999999999
 61 72 80 84 80 69 53 35 17  4 -3 -1  8 22 38 54 64 68 67 62 56 50 49 5327 4 9KE 3 0 841711 68999999999999991017 -32146 4999999999999999
 62 73 82 88 87 79 65 47 28 11 -1 -5 -1 10 24 39 52 60 62 61 59 55 53 5527 410KE 325 8818 6 62999999999999991059 -522 3 5399999999999999
 63 73 82 90 92 87 76 60 43 24  9 -2 -4  2 13 26 38 48 53 56 56 56 56 5727 411KE 352 929999999999999999999991144 -4999999999999999999999
 62 71 80 88 93 92 85 73 57 40 23  9  1  1  7 16 26 35 42 46 50 53 55 5727 412KE 421 939999999999999999999991233  0999999999999999999999
 61 67 76 84 90 92 89 81 70 56 40 25 13  7  7 11 17 24 31 36 42 47 52 5527 413KE 454 929999999999999999999991330  6999999999999999999999
 59 63 70 77 83 87 87 84 77 67 56 42 29 19 13 12 14 18 22 28 34 41 47 5327 414KE 535 879999999999999999999991445 12999999999999999999999
 57 60 64 68 73 77 79 80 78 73 66 57 46 35 25 19 17 16 18 22 29 36 44 5127 415KE 643 809999999999999999999991637 16999999999999999999999
 56 58 59 60 62 64 66 69 71 72 70 66 59 50 41 31 24 20 19 21 26 34 43 5127 416KE 855 729999999999999999999991754 19999999999999999999999
 56 59 58 56 52 50 50 53 57 62 66 68 66 62 55 46 36 28 23 23 27 34 44 5327 417KE 116 5911 1 6899999999999999 527 501838 2299999999999999
 59 62 61 56 48 40 36 35 40 47 55 62 67 68 65 59 50 40 32 28 30 36 46 5627 418KE 110 621249 6899999999999999 633 351911 2899999999999999
 64 68 67 60 50 37 27 21 22 28 38 49 59 66 69 68 62 52 43 36 34 39 48 5827 419KE 117 6814 8 6999999999999999 722 201942 3499999999999999
 68 74 74 68 57 41 26 13  8 11 21 33 47 59 67 70 68 62 54 45 41 43 50 6027 420KE 133 7515 8 7099999999999999 8 6  82012 4199999999999999
 70 78 81 77 66 50 32 15  3  0  5 17 32 47 59 67 69 67 61 54 48 47 52 6127 421KE 156 811558 6999999999999999 849  02041 4699999999999999
 71 80 86 85 77 62 43 23  6 -4 -4  4 18 33 48 60 66 67 64 60 54 51 53 6027 422KE 223 861643 6799999999999999 931 -521 8 5199999999999999
 70 80 88 90 85 73 56 36 17  1 -6 -3  7 22 37 51 59 63 63 61 58 55 55 5927 423KE 253 901728 63999999999999991013 -62131 5499999999999999
 68 78 86 91 90 82 68 50 31 13  0 -4  2 13 27 41 51 57 58 58 58 56 56 5927 424KE 323 921826 59999999999999991053 -42143 5699999999999999
 65 74 83 89 92 87 77 62 45 27 11  2  1  9 20 33 43 50 53 54 55 56 56 5827 425KE 353 929999999999999999999991133  0999999999999999999999
 63 70 78 85 89 88 82 71 57 40 24 12  6  8 16 27 36 43 47 49 51 53 55 5827 426KE 423 899999999999999999999991212  6999999999999999999999
 61 67 74 80 84 85 83 76 65 52 37 24 14 12 15 23 31 37 42 45 48 51 54 5727 427KE 451 859999999999999999999991253 12999999999999999999999
 60 64 69 74 78 80 79 76 70 60 48 35 25 18 18 21 27 33 38 42 45 49 52 5527 428KE 520 809999999999999999999991337 17999999999999999999999
 59 62 65 68 71 72 73 72 69 64 56 46 35 27 23 23 26 30 34 39 43 48 51 5527 429KE 556 739999999999999999999991432 23999999999999999999999
 58 60 62 63 64 64 64 65 65 64 60 53 45 38 32 28 27 29 32 36 42 48 52 5627 430KE 756 659999999999999999999991550 27999999999999999999999
 58 59 59 58 57 55 54 55 57 59 60 58 54 48 41 36 32 31 32 36 41 48 54 5827 5 1KE 143 59 948 6099999999999999 6 4 5417 8 3199999999999999
 60 59 58 54 50 46 43 43 46 51 56 59 59 56 52 46 40 36 34 36 42 49 56 6127 5 2KE 022 601132 5999999999999999 630 431757 3499999999999999
 63 62 59 53 45 38 32 31 33 39 47 55 60 62 61 56 50 44 39 39 43 51 59 6527 5 3KE 010 6313 4 6299999999999999 655 311835 3999999999999999
 68 68 63 55 44 33 24 19 19 25 35 46 56 63 66 65 60 53 47 44 46 52 61 6827 5 4KE 020 691412 6699999999999999 725 1819 7 4499999999999999
 74 75 70 61 48 34 20 11  7 11 20 33 46 58 67 70 68 62 55 50 50 54 62 7127 5 5KE 041 7515 5 7099999999999999 759  71937 4999999999999999
 78 81 79 71 57 41 23  9  0 -1  5 17 32 48 61 69 71 68 63 57 54 57 63 7227 5 6KE 1 8 811555 7199999999999999 838 -220 6 5499999999999999
 81 87 88 82 70 53 33 14  0 -8 -6  2 16 33 49 61 68 69 67 63 59 59 64 7227 5 7KE 140 881647 7099999999999999 920 -82033 5899999999999999
 82 89 94 92 83 68 48 28  8 -6-11 -8  3 17 34 49 59 65 66 65 62 61 63 7027 5 8KE 215 941752 669999999999999910 6-122056 6199999999999999
 80 89 96 98 93 82 65 45 24  5 -8-11 -6  5 20 35 47 56 60 62 62 61 62 6727 5 9KE 251 981932 62999999999999991053-122113 6199999999999999
 75 85 94 99 99 92 80 62 43 22  4 -6 -8 -2  9 22 34 45 51 56 59 60 61 6327 510KE 3291009999999999999999999991140 -8999999999999999999999
 70 79 88 95 98 96 89 76 60 41 22  6 -2 -2  5 14 25 34 43 49 54 58 59 6127 511KE 410 989999999999999999999991227 -3999999999999999999999
 64 70 78 86 91 93 90 83 72 57 40 24 11  6  7 12 20 28 36 44 50 55 58 5927 512KE 457 939999999999999999999991316  6999999999999999999999
 60 63 68 74 79 82 84 82 76 67 55 40 27 18 15 16 20 26 33 41 48 54 58 5927 513KE 6 0 8423 7 59999999999999991410 15999999999999999999999
 59 58 59 61 64 67 71 73 73 70 63 53 43 34 27 25 25 28 33 40 48 55 60 6227 514KE 732 7323 7 6299999999999999 111 581517 2599999999999999
 61 58 54 51 50 51 54 58 62 64 63 60 54 48 41 37 34 34 37 43 50 58 64 6627 515KE 913 642314 6699999999999999 4 2 501631 3499999999999999
 65 61 55 47 40 37 37 40 47 53 58 59 59 57 53 49 45 42 42 46 53 61 68 7227 516KE1118 602329 7299999999999999 529 361726 4199999999999999
 72 68 60 49 37 28 23 24 29 38 46 53 58 61 61 59 55 51 48 50 56 64 72 7727 517KE1342 612353 7999999999999999 621 2218 8 4899999999999999
 79 76 68 56 42 27 16 11 14 22 33 43 52 59 64 65 64 59 55 54 58 65 73 8027 518KE1456 65999999999999999999999 7 5 111844 5499999999999999
 84 84 78 67 51 33 17  6  3  8 19 31 43 54 62 67 68 65 61 58 59 65 73 8127 519KE 025 851548 6899999999999999 748  31918 5899999999999999
 87 90 87 78 63 45 25  9  0 -1  7 19 32 45 57 64 68 68 65 62 61 64 71 7927 520KE 1 1 901634 6899999999999999 831 -21950 6199999999999999
 87 92 93 88 76 59 39 19  4 -3 -1  8 21 36 49 59 64 66 66 64 62 63 68 7527 521KE 141 931723 6799999999999999 914 -32020 6299999999999999
 84 91 96 94 86 72 54 33 14  1 -3  2 12 26 40 52 59 63 64 64 63 63 65 7127 522KE 220 961825 6499999999999999 957 -32043 6399999999999999
 79 88 94 97 93 83 67 48 29 11  1 -1  6 18 32 44 53 58 61 62 62 62 63 6727 523KE 258 979999999999999999999991038 -1999999999999999999999
 74 82 90 95 95 89 78 62 43 24  9  2  4 13 25 37 47 53 57 59 60 61 62 6527 524KE 335 969999999999999999999991116  2999999999999999999999
 70 77 84 90 92 91 83 71 55 37 21  9  6 11 21 32 42 49 54 56 58 60 61 6327 525KE 410 929999999999999999999991151  6999999999999999999999
 66 71 78 83 86 87 84 76 64 48 32 19 12 13 19 29 38 46 51 55 57 59 60 6127 526KE 443 879999999999999999999991224 12999999999999999999999
 63 67 71 75 78 80 80 76 68 56 42 29 20 18 21 28 36 43 50 55 58 59 60 6027 527KE 521 809999999999999999999991256 18999999999999999999999
 61 63 65 68 70 71 72 72 68 61 50 39 30 25 25 30 36 43 49 55 59 61 61 6127 528KE 617 722134 61999999999999991327 25999999999999999999999
 60 59 60 60 60 61 62 64 64 62 56 48 40 35 33 34 38 43 50 56 61 64 64 6327 529KE 740 642134 6599999999999999 111 5914 4 3399999999999999
 60 57 55 52 50 50 51 54 57 59 58 54 49 45 42 41 42 46 51 57 64 68 69 6727 530KE 911 592149 6999999999999999 5 0 501455 4199999999999999
 63 58 52 47 42 38 38 41 46 52 56 57 56 55 52 50 49 50 53 59 66 72 74 7327 531KE11 7 572212 7499999999999999 538 3816 9 4999999999999999
 69 62 54 45 36 29 26 27 33 41 49 55 59 61 61 60 57 56 57 61 68 75 79 8027 6 1KE1328 622242 8099999999999999 612 261710 5699999999999999
 77 70 60 48 35 24 16 14 18 26 37 47 56 63 67 67 65 63 61 64 69 77 83 8627 6 2KE1440 672320 8799999999999999 650 141754 6199999999999999
 86 81 71 58 42 26 13  5  5 11 21 34 47 58 66 70 71 68 66 66 70 77 85 9127 6 3KE1533 71999999999999999999999 733  41830 6699999999999999
 93 92 84 72 55 36 18  4 -3 -2  6 18 33 47 60 68 71 71 69 68 70 76 84 9227 6 4KE 0 6 941628 7299999999999999 821 -419 0 6899999999999999
 98100 97 87 72 53 32 12 -3 -9 -6  3 17 33 48 60 67 70 70 69 69 73 80 9027 6 5KE 0551001731 7099999999999999 911 -91928 6999999999999999
 98104105101 89 72 51 28  8 -6-11 -7  3 18 34 48 58 65 68 68 68 69 74 8327 6 6KE 14710599999999999999999999910 2-11999999999999999999999
 93101107108102 89 71 49 26  5 -7-11 -5  6 21 36 48 58 63 66 66 66 68 7427 6 7KE 2371089999999999999999999991049-11999999999999999999999
 83 93102107106100 87 68 46 24  5 -5 -5  2 13 27 40 50 58 63 64 64 63 6527 6 8KE 3291072014 64999999999999991133 -62154 6399999999999999
 72 81 90 97102101 94 81 64 43 23  8  2  4 12 23 34 46 55 61 64 64 62 6027 6 9KE 4231022031 64999999999999991213  123 6 6099999999999999
 62 67 75 83 89 93 92 86 74 59 41 25 15 12 16 24 34 44 54 61 65 66 63 5927 610KE 523 932042 66999999999999991250 12999999999999999999999
 56 57 60 66 72 78 81 81 76 67 54 41 30 25 25 30 37 46 55 63 68 69 67 6227 611KE 630 822052 6999999999999999 025 561324 2599999999999999
 56 52 50 51 55 59 65 69 70 67 60 52 44 39 37 39 44 50 58 66 72 75 73 6827 612KE 743 7021 6 7599999999999999 2 3 501357 3799999999999999
 61 53 46 41 40 42 47 53 58 61 60 57 54 51 49 49 51 55 62 69 76 80 80 7627 613KE 9 8 612127 8099999999999999 351 401431 4999999999999999
 69 59 49 39 32 29 31 37 44 50 54 56 57 58 58 58 58 60 65 71 78 84 86 8327 614KE2157 86999999999999999999999 5 2 29999999999999999999999
 78 69 57 44 31 23 20 23 30 38 45 51 56 60 64 65 65 65 67 72 79 85 89 9027 615KE2237 90999999999999999999999 556 20999999999999999999999
 86 79 68 53 38 24 15 14 18 26 35 44 52 59 65 68 69 68 69 71 77 84 90 9327 616KE1552 692327 9399999999999999 643 141731 6899999999999999
 93 88 80 66 49 32 18 10 10 16 25 35 45 55 63 68 71 71 70 70 74 81 87 9327 617KE1627 71999999999999999999999 730  91816 7099999999999999
 96 96 90 79 64 45 27 13  7  8 15 26 37 49 58 65 69 71 70 70 71 76 83 9027 618KE 024 9717 5 7199999999999999 817  61855 7099999999999999
 96 99 98 91 78 60 40 22  9  5  8 17 29 41 52 61 66 69 69 69 69 72 77 8527 619KE 118100999999999999999999999 9 3  5999999999999999999999
 92 99102 99 90 75 56 35 17  6  4 10 20 33 46 56 63 66 68 68 68 68 72 7827 620KE 2 6102999999999999999999999 945  4999999999999999999999
 86 94100102 97 86 69 49 29 13  5  6 14 26 39 50 59 63 66 67 66 66 68 7327 621KE 2501029999999999999999999991024  4999999999999999999999
 80 87 95 99 99 93 80 62 42 24 11  7 11 21 34 46 55 61 64 65 66 65 65 6827 622KE 3301009999999999999999999991058  7999999999999999999999
 73 80 87 93 96 94 85 71 53 35 20 11 12 19 31 43 53 60 64 66 65 64 64 6427 623KE 4 8 961910 66999999999999991127 102214 6399999999999999
 67 72 78 84 88 89 86 76 62 45 30 19 16 21 30 41 52 60 65 67 66 64 62 6127 624KE 447 8919 6 67999999999999991152 1623 9 6199999999999999
 62 65 70 74 79 82 81 77 67 53 39 28 23 25 32 42 52 61 67 70 69 66 62 5927 625KE 529 821914 70999999999999991215 23999999999999999999999
 58 59 61 64 68 72 74 73 68 59 48 38 32 32 36 44 53 62 69 73 73 70 65 5927 626KE 620 741929 7499999999999999 011 581236 3199999999999999
 55 53 53 54 57 60 64 67 66 62 55 48 42 40 43 48 56 64 71 76 78 75 69 6227 627KE 722 671949 7899999999999999 135 531256 4099999999999999
 56 50 47 45 46 48 52 57 61 61 59 55 52 50 51 54 59 66 73 79 82 81 76 6827 628KE 840 612014 8299999999999999 322 451314 5099999999999999
 60 52 45 39 36 36 39 45 51 56 58 59 59 59 60 61 64 68 75 81 86 87 84 7727 629KE2045 87999999999999999999999 433 35999999999999999999999
 68 58 48 38 30 26 26 30 37 45 52 57 61 65 67 68 69 71 76 82 88 92 92 8727 630KE2125 92999999999999999999999 528 25999999999999999999999
 79 69 57 44 31 21 16 17 22 31 40 49 58 65 69 72 73 74 76 82 89 95 98 9727 7 1KE2217 98999999999999999999999 622 16999999999999999999999
 92 84 72 57 40 24 13  7  8 15 25 36 48 59 67 72 74 75 76 80 86 9410010327 7 2KE2323104999999999999999999999 718  7999999999999999999999
103 98 89 75 57 37 19  6  0  2  9 20 34 48 60 68 73 74 75 76 81 89 9710427 7 3KE9999999999999999999999999999 815  0999999999999999999999
108109104 93 77 56 34 14  0 -5 -3  6 19 35 49 61 68 72 72 73 75 80 89 9827 7 4KE 034109999999999999999999999 9 8 -5999999999999999999999
106112113108 96 77 55 31 10 -3 -7 -3  8 23 38 52 63 68 70 70 69 71 77 8627 7 5KE 1411131811 7099999999999999 956 -71954 6999999999999999
 97106112113108 95 75 52 28  8 -3 -4  3 15 30 45 58 65 69 69 66 64 65 7227 7 6KE 2431141824 69999999999999991038 -52112 6499999999999999
 81 92102108110104 90 71 48 26  9  2  4 14 27 42 55 65 69 70 67 62 58 5927 7 7KE 3421101835 70999999999999991114  22223 5899999999999999
 65 74 85 94101102 95 82 65 45 26 15 12 18 29 42 55 66 72 73 70 64 57 5227 7 8KE 4391021845 73999999999999991145 122330 5199999999999999
 52 57 66 75 84 90 91 85 73 58 43 30 25 27 35 45 57 68 76 78 76 70 61 5227 7 9KE 536 911859 78999999999999991213 25999999999999999999999
 46 45 49 56 65 73 78 79 74 65 54 45 39 38 43 51 61 71 79 84 83 77 68 5827 710KE 633 791917 8499999999999999 037 451235 3799999999999999
 48 41 39 42 47 55 62 67 67 64 59 54 50 49 52 58 66 74 82 88 89 85 77 6727 711KE 734 681940 8999999999999999 152 391246 4999999999999999
 55 45 37 34 35 40 47 53 57 58 58 57 57 58 60 64 69 76 83 90 92 91 85 7627 712KE 857 5820 9 9299999999999999 312 341132 5799999999999999
 66 54 43 34 30 30 34 40 46 50 53 56 59 63 66 69 72 77 83 89 93 94 92 8527 713KE2046 95999999999999999999999 425 29999999999999999999999
 77 66 53 41 31 26 26 30 36 42 47 52 58 63 68 71 74 76 80 86 91 95 95 9327 714KE2140 96999999999999999999999 527 25999999999999999999999
 87 78 66 52 38 27 22 22 27 33 40 47 54 61 68 72 74 75 77 82 87 92 96 9727 715KE2254 97999999999999999999999 625 22999999999999999999999
 95 89 80 66 51 35 24 19 19 24 32 40 49 58 65 71 73 74 75 77 81 87 93 9727 716KE9999999999999999999999999999 720 18999999999999999999999
 99 98 92 81 65 47 31 19 15 17 23 32 43 53 62 68 72 73 73 73 75 80 87 9327 717KE 012 99999999999999999999999 810 15999999999999999999999
 99102101 93 79 61 42 26 15 12 16 24 35 47 58 65 70 71 71 70 71 74 79 8727 718KE 1131021718 7199999999999999 854 121919 7099999999999999
 95101104101 91 75 55 36 20 11 11 18 29 41 53 63 68 70 70 69 68 68 72 7927 719KE 2 31041724 7099999999999999 932 102015 6899999999999999
 87 95101103 98 86 68 48 29 16 11 14 24 37 50 60 67 70 70 68 66 65 66 7027 720KE 2471031722 709999999999999910 4 1121 7 6499999999999999
 78 87 95100 99 92 77 59 40 23 14 14 22 34 47 59 67 71 71 68 65 62 61 6327 721KE 3281001724 71999999999999991031 132154 6199999999999999
 69 76 85 92 95 93 83 68 50 33 21 18 22 33 46 59 68 73 73 70 65 61 57 5727 722KE 4 7 961731 74999999999999991055 182238 5699999999999999
 60 66 74 82 88 89 84 73 58 43 31 24 26 35 47 59 70 76 77 74 67 61 55 5227 723KE 447 891743 77999999999999991116 242322 5299999999999999
 53 57 63 71 77 82 82 76 65 52 40 33 33 39 49 61 71 78 81 78 71 63 55 5027 724KE 528 831758 81999999999999991135 32999999999999999999999
 47 48 53 59 66 72 76 74 68 59 50 43 41 44 53 63 73 81 85 83 77 68 58 5027 725KE 613 761815 8599999999999999 0 7 471152 4199999999999999
 44 42 44 48 54 61 67 69 67 63 57 52 50 52 57 66 75 82 87 88 83 75 64 5427 726KE 7 6 691837 8899999999999999 1 1 4212 4 5099999999999999
 46 40 38 39 43 48 55 60 63 62 60 58 58 59 63 69 76 84 90 92 90 83 73 6227 727KE 818 6319 3 9299999999999999 2 9 381151 5899999999999999
 52 43 37 33 33 36 41 48 53 56 59 60 63 65 68 73 78 84 91 95 95 92 84 7427 728KE1938 96999999999999999999999 332 33999999999999999999999
 63 52 42 33 28 26 28 33 39 46 51 57 62 68 72 75 79 84 90 95 99 99 95 8727 729KE2027 99999999999999999999999 454 26999999999999999999999
 78 67 54 41 30 22 19 20 25 31 39 48 57 65 71 75 78 81 86 93 98102102 9927 730KE2138103999999999999999999999 611 18999999999999999999999
 93 84 72 57 40 26 15 11 12 17 25 36 48 59 68 73 76 78 81 86 93 9910410627 731KE2311106999999999999999999999 719 10999999999999999999999
105100 90 76 58 38 21  9  4  5 12 23 37 50 62 69 73 74 75 77 82 90 9810527 8 1KE9999999999999999999999999999 815  4999999999999999999999
109110105 95 78 58 36 17  4  0  4 13 27 42 55 66 71 72 70 69 70 76 85 9427 8 2KE 0401101646 7299999999999999 9 1  019 6 6999999999999999
103110112108 96 78 55 32 14  3  1  8 20 35 51 63 70 72 69 65 61 62 67 7727 8 3KE 1521121649 7299999999999999 940  12024 6199999999999999
 89 99108110106 93 74 52 30 14  6  9 19 33 48 62 71 74 71 65 58 52 52 5827 8 4KE 2551111658 74999999999999991013  62132 5199999999999999
 69 81 93102105100 87 69 48 30 18 16 22 34 49 63 74 79 77 70 60 50 43 4327 8 5KE 3521051710 79999999999999991043 152232 4299999999999999
 50 61 73 85 94 96 90 78 63 46 33 27 30 39 52 66 78 84 84 78 67 55 43 3627 8 6KE 445 961727 859999999999999911 9 272328 3599999999999999
 36 43 53 66 77 84 85 79 70 58 47 40 40 46 57 69 81 89 90 86 76 63 50 3827 8 7KE 536 851746 91999999999999991131 39999999999999999999999
 31 32 38 48 59 69 74 73 69 63 56 51 50 54 62 73 83 91 95 93 85 73 60 4627 8 8KE 626 7418 8 9599999999999999 024 311145 5099999999999999
 35 30 30 36 44 53 61 64 63 61 59 58 58 61 67 75 84 91 96 97 92 82 71 5827 8 9KE 719 641834 9799999999999999 122 291131 5799999999999999
 46 36 31 31 35 42 49 54 56 56 57 59 62 65 70 76 83 89 95 97 95 89 81 7027 810KE19 5 97999999999999999999999 226 30999999999999999999999
 58 47 38 32 31 34 39 44 48 50 53 57 62 67 71 76 81 86 91 95 96 93 88 8127 811KE1950 96999999999999999999999 340 31999999999999999999999
 71 61 49 39 33 31 32 36 40 44 48 53 60 66 71 75 78 81 85 89 92 94 93 8927 812KE21 2 94999999999999999999999 5 1 31999999999999999999999
 83 74 63 51 39 32 28 29 32 37 42 49 56 64 70 74 76 77 80 83 87 90 93 9427 813KE2250 94999999999999999999999 618 28999999999999999999999
 92 86 77 64 50 37 28 24 25 29 36 44 53 61 68 72 74 74 74 76 79 84 89 9427 814KE9999999999999999999999999999 718 24999999999999999999999
 96 95 89 77 62 46 32 23 20 22 29 38 48 58 66 71 73 72 71 70 72 76 82 8927 815KE 013 961612 7399999999999999 8 2 201849 7099999999999999
 95 99 97 89 75 58 41 26 19 18 23 33 44 55 65 70 72 71 68 66 65 67 73 8127 816KE 111 9916 5 7299999999999999 837 171947 6599999999999999
 90 97 99 96 85 70 51 34 22 17 19 28 40 53 64 70 72 71 67 63 60 59 63 7127 817KE 2 0 9916 1 7299999999999999 9 7 172035 5999999999999999
 80 90 97 98 92 79 62 44 29 20 19 26 38 51 63 72 74 73 68 62 56 53 54 6027 818KE 244 9816 3 7499999999999999 934 182117 5399999999999999
 69 79 89 95 94 86 71 54 38 26 22 27 37 51 64 73 78 76 70 62 54 49 47 5027 819KE 325 951612 7899999999999999 957 222155 4799999999999999
 57 67 78 87 91 88 78 63 48 35 29 30 39 51 64 75 81 80 74 65 55 46 41 4127 820KE 4 4 911624 82999999999999991019 282232 4199999999999999
 46 55 66 77 84 86 81 70 57 45 37 36 42 53 66 77 84 85 80 70 58 47 39 3627 821KE 444 861640 86999999999999991039 3523 8 3599999999999999
 38 45 54 65 75 80 80 73 63 54 46 43 47 56 67 78 86 89 85 76 64 51 41 3427 822KE 523 811657 89999999999999991057 432348 3299999999999999
 32 36 44 53 63 71 74 72 67 60 54 51 53 60 69 80 88 92 91 83 71 58 46 3627 823KE 6 5 741716 92999999999999991111 51999999999999999999999
 31 30 35 42 51 60 66 67 66 62 60 58 59 64 72 81 89 94 95 90 80 68 55 4427 824KE 655 671737 9599999999999999 033 3011 9 5899999999999999
 35 30 30 34 40 47 54 58 60 60 60 62 64 68 74 82 89 95 97 95 89 78 67 5527 825KE18 5 97999999999999999999999 130 29999999999999999999999
 44 35 30 29 31 35 40 45 49 53 57 61 65 70 75 81 88 94 98 99 95 89 80 6927 826KE1844 99999999999999999999999 250 29999999999999999999999
 58 47 37 30 27 26 28 32 37 42 48 56 63 69 74 79 84 89 94 98 99 96 91 8427 827KE1945 99999999999999999999999 438 26999999999999999999999
 75 64 51 39 29 22 20 20 24 30 38 48 58 66 72 76 79 82 87 92 96 98 98 9527 828KE2129 98999999999999999999999 617 20999999999999999999999
 90 81 69 55 40 26 17 13 14 19 28 39 51 61 69 73 74 75 77 80 86 92 96 9927 829KE2330100999999999999999999999 720 13999999999999999999999
 99 95 87 73 56 38 23 13  9 12 20 32 45 58 67 71 71 69 67 67 71 78 86 9427 830KE1532 72999999999999999999999 8 3  91825 6699999999999999
100102 99 90 75 56 36 21 11 10 16 28 42 55 66 72 72 67 61 56 55 59 68 7927 831KE 0581021528 7299999999999999 838 101939 5499999999999999
 90 99103100 90 73 54 35 21 15 17 27 40 55 68 75 75 70 61 51 43 42 48 5927 9 1KE 2 61031534 7699999999999999 910 152040 4299999999999999
 72 85 96100 97 86 70 52 35 25 23 30 42 57 70 80 82 77 66 53 40 32 31 3827 9 2KE 3 51001547 8299999999999999 939 232134 3099999999999999
 51 66 80 91 95 90 80 66 50 38 33 36 46 59 73 84 89 85 75 61 45 31 23 2327 9 3KE 358 9516 5 899999999999999910 6 332224 2299999999999999
 32 46 61 75 84 87 82 73 62 51 44 44 51 63 76 87 94 93 85 71 55 38 24 1827 9 4KE 447 871626 94999999999999991029 432313 1899999999999999
 20 30 43 58 70 77 77 73 67 60 54 52 56 66 77 88 96 98 93 82 67 50 34 2227 9 5KE 534 781649 98999999999999991048 52999999999999999999999
 18 22 31 43 56 65 68 68 65 62 60 58 61 68 78 87 95100 98 90 77 63 47 3327 9 6KE 618 69171310099999999999999 0 0 181054 5899999999999999
 24 21 26 34 44 53 59 60 60 60 61 62 64 69 77 85 93 98 98 94 85 74 61 4727 9 7KE1740 99999999999999999999999 048 21999999999999999999999
 36 28 27 31 37 44 50 52 54 55 58 62 66 70 76 82 88 93 96 94 90 82 72 6127 9 8KE1812 96999999999999999999999 143 27999999999999999999999
 50 40 33 32 34 38 42 45 47 50 54 59 65 70 74 79 83 87 90 91 90 86 81 7327 9 9KE1859 91999999999999999999999 252 32999999999999999999999
 63 53 44 37 34 34 36 38 41 45 50 56 63 69 73 76 79 81 83 85 86 87 85 8127 910KE2042 87999999999999999999999 429 34999999999999999999999
 75 66 56 46 38 33 31 32 35 40 46 53 60 67 72 74 75 75 76 77 80 83 85 8627 911KE2246 86999999999999999999999 6 8 31999999999999999999999
 84 78 68 57 45 36 30 28 30 35 42 50 59 66 70 73 72 70 69 69 71 75 81 8527 912KE1517 73999999999999999999999 7 0 281831 6899999999999999
 87 86 79 68 55 42 32 26 26 30 38 48 57 65 70 72 70 67 63 61 61 65 72 8027 913KE 0 5 871459 7299999999999999 735 251919 6099999999999999
 86 89 87 79 66 52 38 28 25 27 35 46 57 66 71 73 70 65 59 54 52 54 61 7027 914KE 1 5 891448 7399999999999999 8 4 251957 5299999999999999
 80 87 90 86 76 62 47 34 27 27 34 44 56 67 74 75 72 65 57 49 44 44 49 5827 915KE 156 901447 7599999999999999 830 262032 4399999999999999
 69 80 88 89 83 71 57 43 33 30 34 44 57 68 76 79 76 67 57 46 38 35 37 4527 916KE 241 891456 7999999999999999 854 3021 6 3599999999999999
 57 70 81 87 86 79 66 53 41 36 37 45 57 69 79 84 81 72 60 47 36 29 28 3327 917KE 323 8815 9 8499999999999999 918 352139 2799999999999999
 44 57 71 81 85 82 73 62 51 43 42 48 58 71 81 87 87 79 66 52 38 27 22 2427 918KE 4 3 861526 8899999999999999 940 412214 2299999999999999
 32 45 59 72 80 82 77 68 59 51 48 51 60 72 82 90 92 86 74 59 44 30 21 1827 919KE 442 821545 929999999999999910 0 482250 1899999999999999
 23 33 46 60 71 76 76 71 64 58 55 56 62 73 83 92 95 92 83 68 52 37 25 1827 920KE 523 7716 6 95999999999999991018 542330 1799999999999999
 18 24 35 47 59 67 70 69 66 62 60 61 65 74 84 92 97 97 90 78 63 48 34 2427 921KE 6 9 701627 98999999999999991025 60999999999999999999999
 18 20 27 36 46 55 60 62 62 62 63 64 68 74 83 92 97 99 96 87 74 61 47 3427 922KE1651 99999999999999999999999 015 18999999999999999999999
 25 21 23 28 35 42 48 52 55 58 61 65 69 74 81 89 95 99 98 93 84 73 61 4927 923KE1720 99999999999999999999999 110 21999999999999999999999
 37 29 25 25 28 32 36 40 45 50 56 62 68 73 78 85 90 95 96 95 91 84 75 6427 924KE18 3 96999999999999999999999 226 24999999999999999999999
 53 42 33 27 25 25 27 30 35 42 50 58 65 70 75 78 82 86 89 91 91 89 85 7827 925KE1927 91999999999999999999999 430 25999999999999999999999
 69 58 47 37 29 23 21 23 27 34 43 53 62 68 71 73 74 75 77 80 84 86 88 8627 926KE22 1 88999999999999999999999 6 9 21999999999999999999999
 82 74 64 51 39 29 22 20 22 29 39 50 60 67 70 70 67 64 63 65 69 76 82 8727 927KE1419 702355 8899999999999999 657 201751 6399999999999999
 88 86 79 68 54 40 29 22 22 28 37 49 60 69 72 70 64 57 50 48 51 58 68 7727 928KE14 9 72999999999999999999999 731 211857 4899999999999999
 85 89 88 81 70 55 41 30 26 29 38 50 62 72 77 75 67 56 44 36 33 38 48 6127 929KE 117 901413 7799999999999999 8 2 261949 3399999999999999
 73 84 89 88 81 70 55 42 35 34 41 52 65 76 83 82 75 62 46 31 22 21 28 4027 930KE 223 901426 8499999999999999 831 332037 2099999999999999
 56 70 82 88 86 79 68 56 45 42 46 55 68 80 88 90 85 72 55 36 20 12 13 222710 1KE 319 881446 9199999999999999 858 422124 1199999999999999
 36 53 68 79 84 82 75 66 56 50 51 58 70 82 92 97 94 83 67 47 28 13  6 102710 2KE 4 9 841510 9799999999999999 925 5022 9  699999999999999
 21 36 53 67 76 78 76 71 64 58 57 61 70 82 92 99100 93 79 61 41 23 10  62710 3KE 455 78153610199999999999999 948 562252  699999999999999
 12 24 39 54 65 70 71 69 67 63 61 63 70 80 90 98102 99 88 73 56 38 21 112710 4KE 541 7116 31029999999999999910 5 612336 1099999999999999
 11 18 30 43 54 61 64 64 64 64 64 65 70 78 87 95100100 94 83 69 52 36 232710 5KE 641 64163110199999999999999 951 64999999999999999999999
 16 18 25 35 45 53 57 58 59 61 63 66 69 75 83 90 95 97 95 88 78 65 51 372710 6KE17 0 97999999999999999999999 019 16999999999999999999999
 27 23 25 31 39 45 50 52 54 57 61 65 69 73 79 85 89 92 92 89 83 74 63 512710 7KE1730 92999999999999999999999 1 7 23999999999999999999999
 40 32 29 31 35 40 44 47 50 53 58 63 68 72 76 79 82 85 85 85 83 78 72 632710 8KE1811 85999999999999999999999 2 4 29999999999999999999999
 53 44 37 34 34 36 39 42 46 50 56 61 66 71 73 75 76 77 77 78 79 78 76 712710 9KE2022 79999999999999999999999 326 34999999999999999999999
 64 55 47 40 36 35 35 38 42 48 54 60 66 70 72 72 71 69 68 69 71 74 76 75271010KE1436 722221 7699999999999999 513 351813 6899999999999999
 71 65 57 49 42 36 34 35 39 46 54 61 66 70 71 70 66 62 59 58 60 65 71 75271011KE1357 712348 7699999999999999 611 341847 5899999999999999
 76 73 67 59 50 41 36 35 38 45 53 62 68 72 72 69 63 57 51 48 49 54 62 69271012KE1333 72999999999999999999999 646 341915 4799999999999999
 75 77 75 68 59 49 41 37 38 44 54 63 71 75 74 70 62 53 44 38 37 41 50 60271013KE 059 771326 7599999999999999 715 371943 3799999999999999
 70 77 80 76 69 59 49 42 41 45 54 65 73 79 79 74 65 53 41 31 27 29 36 48271014KE 155 801334 8099999999999999 742 402013 2699999999999999
 61 72 80 81 77 68 58 49 45 48 55 66 76 83 85 81 70 56 41 28 20 18 23 34271015KE 243 811350 8599999999999999 8 8 452044 1899999999999999
 48 63 75 81 81 75 66 57 51 51 57 67 77 86 90 88 78 64 47 31 18 11 13 21271016KE 326 821410 9099999999999999 833 502119 1199999999999999
 35 51 66 76 81 79 72 65 58 56 59 67 78 88 94 94 87 74 56 38 22 10  6 11271017KE 4 8 811434 9599999999999999 856 562156  699999999999999
 22 37 53 67 75 77 75 69 64 61 62 68 78 88 96 99 95 84 68 50 31 16  7  6271018KE 452 7715 0 9999999999999999 918 602237  599999999999999
 12 25 40 54 65 71 72 70 67 65 64 69 77 87 96101101 94 80 63 45 27 14  7271019KE 544 72152610299999999999999 933 642320  699999999999999
  8 16 28 41 53 61 65 66 66 66 66 69 76 85 94101103 99 90 76 59 42 26 14271020KE15541039999999999999999999999999999999999999999999999999
  9 12 20 30 40 49 55 58 62 64 66 69 74 81 90 98102101 96 86 73 58 42 28271021KE1624102999999999999999999999 0 7  9999999999999999999999
 18 15 17 24 31 38 44 50 55 60 64 68 71 77 84 91 96 98 96 90 82 71 58 44271022KE17 0 98999999999999999999999 059 15999999999999999999999
 32 23 21 22 26 31 36 42 48 55 61 66 69 72 77 82 86 89 90 89 85 79 70 59271023KE1756 90999999999999999999999 2 4 21999999999999999999999
 48 37 30 27 26 28 31 36 43 51 58 64 68 70 71 72 74 76 78 80 81 80 77 70271024KE2011 81999999999999999999999 341 26999999999999999999999
 62 53 44 37 32 30 30 34 41 49 57 64 68 69 68 65 62 61 62 65 69 73 76 75271025KE1250 692224 7699999999999999 518 3017 6 6199999999999999
 72 66 59 50 42 36 34 36 41 50 59 67 71 72 69 62 54 48 45 46 52 59 67 73271026KE1240 72999999999999999999999 6 7 341811 4599999999999999
 75 75 71 64 56 47 41 40 44 52 62 71 77 78 74 65 54 41 32 29 32 41 52 62271027KE 020 761245 7899999999999999 643 401858 2999999999999999
 71 76 78 75 68 59 51 47 48 55 65 75 82 85 82 73 59 43 28 18 16 22 33 47271028KE 149 7813 2 8599999999999999 714 471942 1699999999999999
 60 71 78 80 77 70 62 55 54 58 67 77 86 92 91 84 70 52 32 16  7  8 16 30271029KE 253 801326 9299999999999999 744 542025  699999999999999
 45 60 72 78 79 76 70 63 59 61 68 78 88 96 98 94 82 64 44 23  8  1  4 15271030KE 346 801355 9899999999999999 813 5921 9  199999999999999
 30 47 61 72 77 77 74 69 65 64 68 77 87 96102101 93 78 59 37 17  4  0  6271031KE 435 77142710399999999999999 841 642152  099999999999999
 18 34 49 62 70 73 73 71 68 66 68 75 84 94101105101 90 73 53 32 14  4  32711 1KE 526 7315 010599999999999999 9 5 662235  299999999999999
 11 24 39 52 62 67 69 69 68 67 68 72 80 89 98103103 97 85 68 49 30 14  72711 2KE 649 69153410499999999999999 920 672316  699999999999999
  9 18 31 44 54 60 63 65 66 67 68 70 76 84 92 98101 99 91 78 62 45 28 162711 3KE16 61019999999999999999999992357 12999999999999999999999
 12 17 26 37 47 54 58 60 62 65 67 69 73 79 86 92 96 96 92 84 72 58 42 282711 4KE1637 969999999999999999999999999999999999999999999999999
 20 19 25 33 41 48 53 56 59 62 65 68 71 75 80 85 88 89 88 84 77 66 54 412711 5KE17 8 89999999999999999999999 037 19999999999999999999999
 31 26 27 32 38 44 49 54 57 61 64 67 70 72 75 78 80 81 81 80 77 71 62 512711 6KE1747 81999999999999999999999 118 26999999999999999999999
 41 35 32 33 37 42 47 52 56 61 64 67 69 70 71 72 72 71 71 72 72 71 66 592711 7KE1946 72999999999999999999999 2 6 32999999999999999999999
 51 44 40 38 39 41 45 51 56 62 65 68 69 69 68 67 64 61 60 62 64 66 67 642711 8KE1243 692135 6799999999999999 310 381759 6099999999999999
 59 54 49 45 43 43 46 50 57 63 68 71 71 70 67 62 57 52 49 50 53 58 63 652711 9KE1143 712322 6599999999999999 432 431823 4999999999999999
 65 63 59 54 50 48 48 51 58 65 71 75 75 73 68 61 52 44 39 37 41 47 55 62271110KE1138 75999999999999999999999 529 471847 3799999999999999
 67 68 67 64 59 54 52 53 59 66 74 79 80 78 72 62 51 40 30 26 27 34 44 55271111KE 1 2 691152 8099999999999999 6 9 521915 2699999999999999
 64 71 73 72 67 62 57 57 60 68 76 83 86 85 79 68 54 39 26 18 16 21 31 43271112KE 2 8 731215 8699999999999999 642 561946 1599999999999999
 56 68 75 77 75 70 64 61 62 69 77 85 91 92 88 77 63 45 28 15  8  9 17 29271113KE 257 771244 9299999999999999 712 612022  799999999999999
 44 59 71 77 78 75 70 66 65 69 77 86 94 98 97 89 75 56 37 19  6  1  5 15271114KE 343 781317 9899999999999999 740 6521 3  199999999999999
 30 46 61 72 77 77 74 70 68 70 76 86 95101103 99 88 71 51 30 12  1 -2  4271115KE 431 77135210399999999999999 8 5 682146 -299999999999999
 16 32 48 62 70 74 74 72 70 70 75 83 93101107106 99 85 67 46 25  8 -2 -2271116KE 529 74142910799999999999999 827 702231 -399999999999999
  6 19 34 49 60 67 70 71 70 70 73 79 89 98106109106 97 82 63 42 22  7 -1271117KE15 61099999999999999999999992316 -1999999999999999999999
  1 10 23 36 48 57 63 66 68 69 70 75 82 92101106107103 93 78 60 40 21  8271118KE15441089999999999999999999999999999999999999999999999999
  4  7 16 27 38 48 55 61 65 67 68 70 75 83 92 98102102 97 87 73 56 38 23271119KE1627102999999999999999999999 0 0  4999999999999999999999
 13 11 16 23 32 41 49 56 62 65 67 68 70 74 80 86 91 93 93 89 80 68 54 39271120KE1722 94999999999999999999999 045 11999999999999999999999
 28 21 21 25 31 38 46 53 60 65 67 67 67 67 69 72 76 79 82 82 80 74 65 54271121KE1037 681847 8299999999999999 131 211229 6699999999999999
 43 35 32 32 35 39 46 53 61 66 69 69 67 64 61 60 60 62 65 69 72 72 68 63271122KE1034 702031 7299999999999999 224 311514 6099999999999999
 56 50 45 42 42 44 49 55 63 70 73 74 71 66 59 52 47 45 47 51 57 63 65 65271123KE1039 742234 6699999999999999 333 4217 4 4599999999999999
 64 61 58 54 52 51 54 59 66 74 79 80 78 72 63 52 41 33 31 33 40 48 56 62271124KE1054 80999999999999999999999 443 511759 3199999999999999
 65 67 67 65 62 59 59 63 69 77 84 87 86 81 71 58 43 29 20 18 23 32 43 53271125KE 134 671119 8799999999999999 533 591844 1899999999999999
 61 67 71 73 71 67 65 66 71 79 86 92 94 91 82 69 52 33 18 10 10 17 28 41271126KE 252 731153 9499999999999999 614 651928  999999999999999
 52 63 70 75 76 73 70 69 72 78 87 94 98 99 93 82 65 45 25 10  4  6 15 28271127KE 343 761234 9999999999999999 650 692012  399999999999999
 41 55 65 72 76 76 73 71 72 76 84 92 99103102 94 80 60 39 19  5  1  6 16271128KE 429 76131710399999999999999 723 712057  199999999999999
 30 45 58 67 73 75 74 72 71 74 80 88 97103106103 93 76 55 33 15  3  1  8271129KE 516 7514 110699999999999999 755 712141  199999999999999
 20 35 49 60 67 71 73 72 71 71 75 83 91100106107101 89 71 50 29 12  3  4271130KE 613 73144210799999999999999 823 712222  299999999999999
 13 26 40 53 61 67 69 70 70 70 72 77 85 93101105104 97 83 65 44 25 11  62712 1KE152210699999999999999999999923 1  6999999999999999999999
 10 20 33 46 56 62 66 68 69 69 70 73 79 86 94100102 99 90 75 57 38 22 122712 2KE15581029999999999999999999992336 10999999999999999999999
 11 18 29 41 51 58 63 66 67 68 69 70 74 79 86 91 95 95 91 81 67 50 33 212712 3KE1634 969999999999999999999999999999999999999999999999999
 16 19 27 38 48 56 61 65 66 67 68 68 70 74 78 82 86 87 86 81 71 58 44 312712 4KE1711 87999999999999999999999 0 7 16999999999999999999999
 24 23 29 37 46 54 61 65 67 68 68 67 68 69 71 73 76 77 78 77 72 63 52 412712 5KE18 1 78999999999999999999999 035 23999999999999999999999
 33 30 33 39 47 54 61 67 70 70 69 67 66 65 65 65 65 66 68 69 68 64 57 492712 6KE 843 701914 6999999999999999 1 1 301357 6599999999999999
 43 39 39 43 49 55 62 68 72 74 72 69 66 63 60 57 56 55 56 59 61 62 60 562712 7KE 853 742042 6299999999999999 125 391652 5599999999999999
 52 49 48 49 52 57 63 70 75 78 77 73 68 63 57 52 47 44 44 47 52 56 59 592712 8KE 913 782247 5999999999999999 152 481731 4399999999999999
 58 57 57 57 58 60 65 71 78 82 82 79 74 67 58 49 41 35 32 34 39 46 53 582712 9KE 940 83999999999999999999999 237 5718 5 3299999999999999
 62 64 65 65 64 64 67 72 79 85 88 87 82 74 64 52 40 29 22 21 26 34 43 53271210KE 211 651014 8899999999999999 417 641842 2199999999999999
 61 67 70 71 70 69 70 73 80 86 92 93 91 84 74 60 45 30 18 12 13 19 30 42271211KE 256 711055 9399999999999999 518 691922 1199999999999999
 53 64 71 75 75 73 72 74 79 87 93 98 99 95 87 73 57 38 21  9  4  6 15 27271212KE 337 751143 9999999999999999 559 7220 8  499999999999999
 41 55 66 73 76 76 74 74 78 85 93100104105100 89 73 53 32 13  1 -2  2 12271213KE 422 76123510599999999999999 632 742056 -399999999999999
 26 42 56 67 73 75 75 74 76 81 89 98105110109103 90 71 49 26  7 -4 -6  0271214KE 516 75132711099999999999999 7 1 742144 -699999999999999
 12 27 43 57 66 72 73 73 73 76 83 92101109113112103 88 68 45 22  3 -6 -6271215KE14171139999999999999999999992228 -7999999999999999999999
  2 15 31 46 58 66 70 71 71 71 75 82 92102110113110101 85 64 40 18  2 -4271216KE15 711399999999999999999999923 9 -4999999999999999999999
 -1  9 22 37 50 60 66 69 69 68 68 72 80 90 99106108105 95 79 59 37 17  5271217KE 736 69155810899999999999999 929 682347  299999999999999
  3  8 19 32 44 56 64 68 69 67 65 64 68 76 84 92 98100 96 87 72 54 35 20271218KE 751 691654100999999999999991040 64999999999999999999999
 13 14 21 32 43 54 63 69 70 69 65 61 59 62 68 75 81 86 88 85 77 64 50 37271219KE 8 1 701756 8899999999999999 020 121153 5999999999999999
 27 25 29 36 46 55 65 71 74 73 69 63 57 54 54 58 63 68 73 76 74 68 59 50271220KE 811 7419 4 7699999999999999 051 251319 5399999999999999
 42 38 39 44 51 59 68 75 79 79 75 68 60 52 47 45 46 50 56 61 64 64 61 57271221KE 826 792023 6499999999999999 117 3815 4 4599999999999999
 53 51 51 53 58 64 71 78 84 85 82 76 67 57 47 39 35 35 38 44 51 55 57 58271222KE 848 85999999999999999999999 134 501632 3499999999999999
 58 59 60 62 64 68 74 81 87 90 89 85 77 66 54 42 31 25 25 29 36 43 49 54271223KE 919 909999999999999999999991733 25999999999999999999999
 58 63 66 68 70 71 75 81 88 93 94 92 87 78 66 51 36 24 18 18 23 31 39 47271224KE10 0 949999999999999999999991826 17999999999999999999999
 54 62 68 72 73 74 75 80 86 92 96 98 96 89 79 65 47 30 18 12 13 20 28 38271225KE1056 989999999999999999999991916 12999999999999999999999
 48 58 66 72 75 75 75 77 82 88 95 99101 99 92 79 62 43 25 12  8 11 18 28271226KE12 110199999999999999999999920 5  8999999999999999999999
 40 51 61 69 73 75 74 74 77 83 90 96102104101 93 78 59 38 20  8  5 10 19271227KE13 21049999999999999999999992052  5999999999999999999999
 31 44 56 65 70 73 73 73 73 77 83 91 98104106102 91 74 54 32 15  5  5 11271228KE 536 73135410699999999999999 718 732134  499999999999999
 23 36 49 60 67 71 72 71 71 72 76 83 91100105106100 87 68 47 26 10  4  7271229KE 6 8 72144010799999999999999 8 6 712211  499999999999999
 16 29 43 55 64 68 70 70 69 69 70 75 83 92 99104103 95 80 60 39 20  8  6271230KE 631 70152110499999999999999 855 692243  699999999999999
 13 25 39 51 61 67 69 69 68 66 66 68 74 82 90 96 99 96 86 70 50 31 17 10271231KE 629 6916 1 9999999999999999 945 662311 1099999999999999
