165175175167153134116109113126146171193203201189170143114 91 78 75 8310227 1 1KG 126176131820499999999999999 7 71092044 7599999999999999
127150166174173164150136129129137153172189199198187166138108 83 67 62 7027 1 2KG 327174142420099999999999999 8251282154 6299999999999999
 90117145168182185178164149138134138151169186198199188165134101 72 53 4827 1 3KG 44818515352009999999999999910 01342250 4899999999999999
 59 82115150179196199190172152136129133147168189203204190162127 89 57 3727 1 4KG 54319916342069999999999999911 91292336 3499999999999999
 35 51 82123164196211210195171146127121128146172197213210190156114 71 3827 1 5KG 6242131723214999999999999991158121999999999999999999999
 22 27 51 91139184214223214191161133115113127152183210223214185143 95 5127 1 6KG 65822318 622399999999999999 016 21123711299999999999999
 20 11 26 60109161205229229210179145117104109131164199225231212173124 7327 1 7KG 729231184523299999999999999 052 11131110399999999999999
 30  6  8 34 78133186224237225196160126102 9711214318021623623220215410127 1 8KG 759237192023899999999999999 127  41344 9699999999999999
 50 14  1 15 52104161210237235212177139107 91 9712115819823024122418313027 1 9KG 827239195424199999999999999 159  11415 9199999999999999
 77 32  6  5 32 77134189228240225193155118 93 8710213417421323823620715927 110KG 854240202724199999999999999 230  21446 8699999999999999
106 57 21  8 21 58109165213238234207171133101 83 8811114718822323722218427 111KG 92123921 023799999999999999 3 0  81519 8299999999999999
135 87 45 21 21 46 89141192228237219187150114 88 79 9212115819722422620227 112KG 948237213522999999999999999 329 171552 7999999999999999
161117 75 44 31 44 76120169211233226200166131 99 79 79 9812816419821721027 113KG1016234221421799999999999999 359 311629 7699999999999999
181144107 74 52 52 72107147189220227211182149116 88 74 8010113016319220327 114KG104722823 020399999999999999 432 491711 7499999999999999
192166137108 83 70 77100131166199218215195167137106 81 71 79 9812415418027 115KG1123220235718899999999999999 5 9 7018 0 7199999999999999
188179161140119100 94103123147174199210203184159130100 76 67 72 8711114027 116KG12 7210999999999999999999999 553 9419 5 6799999999999999
165176175167154137122117123135153174193202197181159129 97 72 59 58 69 9227 117KG 12217713 720299999999999999 6551172032 5799999999999999
122151171181182174159143134133138149167186197198187165133 96 64 44 37 4527 118KG 335183143219999999999999999 8431322158 3799999999999999
 70105143175195203196179159142132131140159182201208200176138 94 53 23 1127 119KG 5 120316 020899999999999999103813023 6 1199999999999999
 20 49 94143187215225216193165139122118129154185212225217188141 88 37  027 120KG 55922517 9225999999999999991145117999999999999999999999
-14 -1 36 91152205237244229198160126105103120153193229245233196140 77 1927 121KG 64724518 624599999999999999 0 2-14123710299999999999999
-21-32-13 33 99170227257256231190145107 87 90115157207247262243197133 6427 122KG 728260185726299999999999999 052-331321 8699999999999999
  2-35-40-12 44118193248268256221173124 86 71 8211616622126227024318912127 123KG 8 5269194327299999999999999 138-4214 3 7199999999999999
 50 -8-38-33  5 68146218263269245202150100 67 60 8012117723326826623017427 124KG 840271202727299999999999999 221-401443 5999999999999999
107 41 -9-27-10 35102177239267257223177125 78 54 57 8412918623826225020927 125KG 91226821 926399999999999999 3 0-271522 5299999999999999
156 96 39  3 -1 26 75139205250259236197150102 63 49 61 9213719023224422427 126KG 943260215024599999999999999 337 -316 1 4999999999999999
185139 90 47 27 36 68115172223248240209170127 85 56 52 6910114318721621827 127KG1013249223222199999999999999 411 261640 5199999999999999
196165129 92 65 59 76108150194227234215184149111 77 58 61 7910614217619327 128KG1044235231819499999999999999 443 581721 5799999999999999
190173152128104 90 94113140172202218213192165134103 77 66 70 8510713415827 129KG1115219999999999999999999999 516 891810 6699999999999999
170168161150135122117124139158179196202193176154129103 84 75 76 8410012127 130KG 020170115220299999999999999 5531171922 7499999999999999
140152157159157149142140143150161174183186180169153132109 90 78 73 77 8927 131KG 258159124718699999999999999 65214021 8 7399999999999999
106126144159168170166159153149148153161170176177172159138115 92 74 63 6427 2 1KG 445171144817899999999999999 9351482228 6299999999999999
 75 95121148171184186180168154142137140150163176185182168144115 86 61 4727 2 2KG 54318716191859999999999999911 51372323 4699999999999999
 49 65 93128163190202199186165143127122129145166187199195175144107 70 4227 2 3KG 6192021716199999999999999991153122999999999999999999999
 30 38 63101145185210215204181151124109109124150179205215204175134 89 4827 2 4KG 64721618 021599999999999999 0 5 30122810799999999999999
 22 18 36 72120170209227221198165130103 94103129163199224227205165115 6627 2 5KG 713227183722999999999999999 041 171259 9499999999999999
 26  8 15 46 93149200231235215181141105 84 84106141184221240231195145 9127 2 6KG 738237191124199999999999999 113  71329 8199999999999999
 42  9  3 24 68124182227244231198156114 82 70 8311616020624024722217612027 2 7KG 8 2244194324899999999999999 143  21358 7099999999999999
 66 23  3 12 47100161215246244215173127 87 63 64 9013218122725024120415127 2 8KG 826249201425199999999999999 212  21427 6099999999999999
 96 46 14 10 34 79137197240251231190144 98 64 52 6710215020124024922517927 2 9KG 850252204625099999999999999 239  81457 5299999999999999
127 76 36 19 30 66117174225251242207161115 74 49 50 7611716721424223620227 210KG 914252212024499999999999999 3 7 181527 4699999999999999
155109 67 39 36 61102153204240246220179134 91 56 42 55 8813117821823221527 211KG 940248215623299999999999999 335 3416 0 4299999999999999
179138100 68 54 65 96137181220240228194153112 74 47 45 65 9813918021021427 212KG10 8240223821699999999999999 4 5 541637 4399999999999999
193162132103 81 79 97127162196222227206171134 99 66 48 51 7210213717219427 213KG1040228232819699999999999999 438 771720 4799999999999999
193177156136116103107126149174198213208186157127 96 68 54 57 73 9512415427 214KG1118214999999999999999999999 5171031816 5399999999999999
173176170162150136129133144157173188197193177156132103 76 60 57 63 7910427 215KG 044177121019799999999999999 6101291949 5799999999999999
132155168176177171160151148148152160173183186181168146116 85 61 47 44 5527 216KG 342177134918699999999999999 8221472145 4399999999999999
 80112145173192199194180163148138135143158177191197189166130 90 54 29 1927 217KG 5 419915571979999999999999910471352259 1999999999999999
 30 59102148188215223212190161135117113125149180208221213184139 88 40  627 218KG 55522317 92219999999999999911451132355 -499999999999999
 -4 11 49104163212240241221186146111 91 91112149193230246234195140 77 2227 219KG 63424418 4246999999999999991229 88999999999999999999999
-13-19  4 54121189239260249216169120 82 65 74107156212254266244196131 6327 220KG 7 8260185126799999999999999 042-2113 8 6599999999999999
  6-24-20 15 75150220262268243197142 89 54 46 6711017023127127424118511727 221KG 739270193427799999999999999 124-271345 4599999999999999
 49 -2-21 -5 41109185248274262222169110 59 33 37 6912118724727626622516727 222KG 8 9275201427799999999999999 2 2-211421 3199999999999999
102 41  2 -2 27 79148219265270241193136 79 37 23 40 8013720125226724520127 223KG 837273205226799999999999999 237 -41455 2399999999999999
147 90 42 20 31 68122186242266251210160106 56 26 26 52 9615220924524521727 224KG 9 5266212924999999999999999 3 9 191529 2299999999999999
176131 85 53 49 71111161214249251221177130 82 44 28 39 7011316320722621627 225KG 93225522 622699999999999999 339 4716 3 2899999999999999
189156122 90 75 84111148189225240225190149109 70 44 41 58 8812616519420027 226KG 959240224520199999999999999 4 8 751638 3999999999999999
188167145122104102118143172201220218196164131 98 70 56 60 7610013015817427 227KG1025222233317699999999999999 4361011716 5599999999999999
175167156144131124129143161180197203193173149124100 80 73 76 8710312414227 228KG1053203999999999999999999999 5 512418 8 7399999999999999
153157158157152146145149156165174182182174162147129110 95 87 84 87 9711127 3 1KG 2 0158112918399999999999999 54414420 1 8499999999999999
125139151161167166163160156154155159163165165163155141124107 93 81 78 8327 3 2KG 421167133916699999999999999 9151542154 7799999999999999
 96114135157175183182175164151141138142150160170175170155134111 87 68 6227 3 3KG 52118316 31759999999999999910511382259 6299999999999999
 68 86112144174194199192176155134121120129146167185194186165136102 71 5027 3 4KG 55319917 21949999999999999911351192343 4599999999999999
 46 59 86124165198214210193165135111100106126154184207212197166126 84 5027 3 5KG 61821517442139999999999999912 7100999999999999999999999
 32 37 61100148194222227211180143108 86 84101133172208229225197155107 6127 3 6KG 642228182023199999999999999 018 311236 8299999999999999
 30 22 39 76127181223240229198156113 79 65 75106149197234245227187136 8327 3 7KG 7 5240185324699999999999999 049 2113 4 6599999999999999
 40 18 24 55104163216247246217173124 80 52 51 7611917322325325121816811327 3 8KG 728251192525699999999999999 118 171332 4899999999999999
 62 27 19 39 83141201245257236193141 89 50 34 48 8614019924626224320014627 3 9KG 750258195726399999999999999 146 1814 1 3499999999999999
 92 47 25 33 67119179233261251213161106 57 27 27 5510416322125825822617727 310KG 814262203026399999999999999 214 241430 2399999999999999
126 78 44 37 60102156213253259230181127 75 33 17 31 7012418423525724220327 311KG 83926121 425799999999999999 243 3615 1 1799999999999999
157112 73 53 62 93138188234256242200149 98 52 21 19 44 8814119623524221927 312KG 9 7256214124499999999999999 312 521534 1699999999999999
182144107 80 74 93127168209240243215170124 79 41 22 30 6110215019622322027 313KG 936246222322599999999999999 343 731611 2199999999999999
196167139113 97101124154185215231221188149110 73 43 33 46 7310814818420127 314KG10 8231231420299999999999999 417 961654 3399999999999999
196181163145127120129147167188207212198171141110 79 55 48 57 7610313516327 315KG1047213999999999999999999999 4571201752 4899999999999999
178180176170159147143147156166178189192183167147122 95 72 61 60 69 8711427 316KG 039180114319399999999999999 5561431933 5999999999999999
141162176184185178167158152149150158170178181177165143115 87 65 53 52 6627 317KG 338185135518199999999999999 9171492132 5199999999999999
 93126158184201205196179159141129127136154175192198190166132 94 60 38 3327 318KG 44620515591989999999999999910421262245 3299999999999999
 48 80123168204224224206178145117100100117147183212225215185140 91 48 2127 319KG 53022617 5225999999999999991130 982338 1699999999999999
 18 39 81136190230245234204162118 85 70 78106151200237249233194139 81 3427 320KG 6 42451755250999999999999991210 70999999999999999999999
  9 13 44 97161220254257232188135 85 52 45 64106164222260265239191130 6927 321KG 635259183926799999999999999 022  71246 4599999999999999
 24  8 22 63125194248269255215160101 51 26 31 6211618324327426823217811627 322KG 7 4269192027699999999999999 1 1  81320 2499999999999999
 59 23 19 45 95161227267269238186126 67 24 11 29 7213420325727525721516127 323KG 733273195827599999999999999 137 171354 1199999999999999
103 55 34 44 79134197251272253209152 92 39  9 10 40 9015521926026323619327 324KG 8 0272203426699999999999999 210 331427  699999999999999
144 95 60 55 76117171225261260225175120 65 23  8 23 6011317522725024021027 325KG 828265211025199999999999999 241 531459  899999999999999
172130 93 75 83112153199239254234192143 93 48 20 20 44 8513518722323021427 326KG 855254214523199999999999999 311 741531 1799999999999999
186155123100 96113143179215237233204162119 78 45 31 41 6910615018820820627 327KG 922239222221099999999999999 339 9416 3 3199999999999999
190169146124113120139165192215222207176141106 75 54 51 65 9012115417918827 328KG 94922223 618899999999999999 4 81131639 4999999999999999
184173160145133131140156174192203199182158132105 83 71 72 8310112414716327 329KG1017203999999999999999999999 4391311723 7099999999999999
170170167161152147147153160171180184178166152134114 98 89 87 9210211813527 330KG 035170105318499999999999999 5241461845 8799999999999999
148159167171170164160156153153157163165165163157145129114102 93 89 9510727 331KG 312172122216699999999999999 8311522055 8999999999999999
123140159175184183176165153142137139146155164171171161143124104 87 79 8327 4 1KG 42218415281729999999999999910 81362211 7999999999999999
 97118144172192199194180159138121116122136155175189189176152125 96 74 6627 4 2KG 5 2199163219199999999999999105611623 2 6699999999999999
 73 94125161193212213197172141113 96 95110136167195211206185152115 81 5927 4 3KG 5312151717211999999999999991131 942340 5499999999999999
 55 71103144187219230217189151112 83 71 81109147189220231217185143 99 6427 4 4KG 55723017552319999999999999912 2 71999999999999999999999
 47 53 81124173217241237209167120 78 53 52 76117168216245245219176127 8227 4 5KG 621243183024999999999999999 014 471231 4999999999999999
 51 44 63102154207244253231188135 84 44 29 43 8113519424226224921116211127 4 6KG 64625419 526299999999999999 046 4413 1 2999999999999999
 68 47 52 83131187237261251211157100 48 17 16 44 9515822126226824119714627 4 7KG 711262193927099999999999999 118 451332 1399999999999999
 97 62 53 71111164219258263234183124 66 20  1 15 5611518224127026122618027 4 8KG 739266201527199999999999999 149 5214 5  199999999999999
132 89 65 69 98142193241264251207151 93 40  4 -1 25 7313520125026424520827 4 9KG 8 8265205226499999999999999 221 641439 -399999999999999
166124 90 79 94127169215250256227178125 71 25  1  8 41 9115120924524722427 410KG 839258213325099999999999999 255 791516  099999999999999
192157123100100120152188225246237201155107 61 24 10 25 5910515820522922527 411KG 913247221923099999999999999 330 971557 1099999999999999
205181155129116122142167195221230214180142102 63 34 28 43 7211115519220827 412KG 952230231820999999999999999 4 91161645 2799999999999999
206194179159141134140153170190207210195170141109 76 53 47 57 7710714317427 413KG1039211999999999999999999999 4591341750 4799999999999999
190194192184170155147147151160174187192185172152125 96 73 62 62 74 9812927 414KG 1 5194115419299999999999999 6311461928 6199999999999999
159181195200195181164150140136140152168182188185171146116 88 69 60 66 8727 415KG 3 3200141218899999999999999 9 413621 6 6099999999999999
119154184205214208189164139120111114131156182200205193167132 96 68 54 5927 416KG 4 521415482059999999999999910141102216 5499999999999999
 81118160199223229216188152117 91 82 91116154192219227213182139 96 63 4927 417KG 44822916512279999999999999911 2 822310 4899999999999999
 56 84128178220242239214174128 86 60 56 73111161209240245226187138 91 5827 418KG 5232431741247999999999999991142 552355 4899999999999999
 48 62 98149203243255239201150 97 54 33 38 67116177229258256228184131 8427 419KG 5542551825260999999999999991219 32999999999999999999999
 57 55 77121177229260257226177120 64 26 15 31 7213119724726725522117312227 420KG 62526319 526799999999999999 034 521253 1599999999999999
 80 62 70101149205250265246203147 88 37  8  9 38 8815321725826624520616027 421KG 655266194326799999999999999 111 611327  599999999999999
113 81 74 92129179229261258224174116 60 18  2 17 5511117523125925422718927 422KG 726264201926199999999999999 145 7314 0  299999999999999
146107 87 92118157204244258239196144 89 41 11  9 34 7913519423725023520727 423KG 756258205425099999999999999 217 861433  699999999999999
171134106 99114143181221246244213168118 70 32 16 27 5810415720523223321427 424KG 825249213023699999999999999 249 9815 5 1699999999999999
187157128112115135164197226237222187144100 61 35 31 50 8312617120621921327 425KG 85523722 822099999999999999 3201111539 3099999999999999
196173148129122132152177203221219198165128 92 62 48 52 7210314017519820327 426KG 926223225220399999999999999 3531221616 4799999999999999
196182165146135134144161181199207199179152122 93 73 65 72 9011614617118627 427KG10 1207235619099999999999999 4311331659 6599999999999999
190186177164151143144150161175187190182168148125102 87 83 8710012014416427 428KG1046190999999999999999999999 5271431759 8399999999999999
177184185179168157149145146152162172175173166153134116102 94 9410211913927 429KG 14218512 817599999999999999 7261451934 9399999999999999
158174186191186175161147137132136147158168175174164147128111 98 93 9911527 430KG 3 0191142817599999999999999 9 213221 0 9399999999999999
137160182198202194177156135118112118133153172186189180160136113 96 88 9527 5 1KG 35220215461909999999999999910 111222 2 8899999999999999
114141171198214213197171140112 93 89102126157185205208194168138109 88 8227 5 2KG 4292161641209999999999999991043 882251 8299999999999999
 94119154190218229219191154114 82 65 69 92128170207227226204170133100 8127 5 3KG 5 12291725229999999999999991120 642332 7899999999999999
 80 99133175214239239215175127 82 50 40 54 90140192232248238207166125 9227 5 4KG 53124218 6248999999999999991154 40999999999999999999999
 77 84111153199238253239201149 95 48 21 21 49 9815821625426224220415911627 5 5KG 6 2253184526399999999999999 011 761229 1899999999999999
 86 78 94130176224256258229179120 63 19  0 13 5311217923826926623819615027 5 6KG 634261192427299999999999999 049 7813 5  099999999999999
109 86 87111151200244265252211154 92 36 -2 -9 15 6412919825227326122818627 5 7KG 7 726620 527399999999999999 126 831343-1199999999999999
142106 92102131172219256264238189131 70 18-11 -7 25 7814521225626724921627 5 8KG 744265204826799999999999999 2 5 921424-1399999999999999
177137109103119149189231257253219169113 57 12 -7  4 40 9315821725025323427 5 9KG 822260213425599999999999999 24510215 7 -899999999999999
205170137116116134163198233249237201155104 54 17  6 21 5610616421323823727 510KG 9 4249222524099999999999999 3281141554  699999999999999
220196167139125128144168198225234219188148105 62 32 25 40 7011416420522427 511KG 952235232622599999999999999 4171241647 2499999999999999
223211192167144133134145164189211217206182150113 77 52 45 56 8111916119527 512KG1050218999999999999999999999 5211321750 4599999999999999
213216208193170148135131137151173193203198184160128 96 72 63 69 8912115827 513KG 044216121020399999999999999 65213119 6 6399999999999999
190209215211195171146128119120132154177194199192174146115 90 77 78 9412327 514KG 2 4216135519999999999999999 8251182025 7699999999999999
158191213221216197168137112 98 97111137168193207206190163130102 85 84 9927 515KG 3 6221152620899999999999999 934 962135 8399999999999999
127164200223230219194158120 90 74 75 93127166200220221205175139108 90 8927 516KG 3542301634223999999999999991027 722234 8899999999999999
105136176213235237219184140 97 64 50 57 83125174214235234214181142110 9327 517KG 4342391727237999999999999991111 502324 9299999999999999
 95115150193229246239210167117 71 40 32 47 8213318822924724121718014010927 518KG 5122471813248999999999999991151 32999999999999999999999
 96103129167211243251233195145 91 47 22 22 47 9114920624425524221217313427 519KG 548252185425599999999999999 0 8 961229 1999999999999999
107101115145187228252249220174120 67 28 12 23 5710917022325325423420116227 520KG 623254193325799999999999999 04710013 4 1299999999999999
126107109129164205241254239200150 96 47 16 12 33 7513119123625524722218727 521KG 65825420 925599999999999999 1241051340 1099999999999999
150120110120146182221247248222178127 76 34 14 21 51 9815520824224923320527 522KG 732252204524999999999999999 1591101414 1499999999999999
171138117116133163198231246236202156107 61 30 21 38 7412317521924023721727 523KG 8 6247212024199999999999999 2341141449 2199999999999999
188157131119126147177209234238218181136 92 54 34 36 59 9814519022223222227 524KG 841239215723299999999999999 3 81191524 3299999999999999
201174147128125136159187214229224199163122 84 56 45 55 8111916119821922127 525KG 916230223622299999999999999 34412416 1 4599999999999999
208188164142130131144165190211218207182150115 84 64 61 7510113617220021327 526KG 955218232021499999999999999 4251291640 6099999999999999
211198180159141133135147165186202204193171143114 90 77 78 9211714717719927 527KG1041205999999999999999999999 5161321725 7699999999999999
207205194177157141133134143159177190192184167145121101 91 9310512715418027 528KG 014208114219399999999999999 6251321821 9199999999999999
19820620419417615513712712413214716618018618317215313211410410311313315827 529KG 11820613 918699999999999999 745124193010299999999999999
18320121020819617414912711210811513315617618919218316614412411210911813727 530KG 221210144519299999999999999 853108204510999999999999999
163189209218214196168136109 91 87 9812215218020020719918015413111511112027 531KG 313218155820799999999999999 948 86215111199999999999999
141170199221228219193156117 85 65 64 8211515519221822621519116113411511127 6 1KG 3582281655226999999999999991034 62224811099999999999999
122147180213235238220184138 92 57 39 44 7011416521023824422819916413311327 6 2KG 4392391744245999999999999991118 38233810999999999999999
111126156194229248244216170117 66 29 16 29 6511917922925725723620116212927 6 3KG 52025018312609999999999999912 1 16999999999999999999999
111112133168209244259246208154 95 41  6 -1 20 6612919524626926423719915827 6 4KG 6 2259191727199999999999999 0251091245 -299999999999999
125110117142181224258266243197137 75 22 -9 -9 20 7314120925827526323319327 6 5KG 64626620 227599999999999999 1111091330-1399999999999999
152121111123152193236266266235184123 61 10-15 -8 27 8415522126327325622527 6 6KG 730270204827399999999999999 1561111417-1699999999999999
185145119114130161202244267260225173113 53  8-11  2 41 9916822826226524627 6 7KG 817269213526799999999999999 24311315 5-1199999999999999
214176139118118135166207245262250213164108 53 14  3 20 5911617923225625327 6 8KG 9 5262222125899999999999999 3311151553  399999999999999
233203167135118120137167205238251236202158109 61 30 24 43 8013318923124727 6 9KG 95625123 924899999999999999 4221161643 2399999999999999
241222194160130116119135162197226235222194158115 75 51 50 6810214819622827 610KG1053235999999999999999999999 5191151734 4899999999999999
239231213186153126112113127152183210219211191162127 95 76 76 9212116120027 611KG 0 0239115921999999999999999 6241111830 7499999999999999
225232224206179147119105104114137168194206205193171142115100 9911213617027 612KG 054232132320799999999999999 7361031932 9899999999999999
202223229221202173139110 94 90 9912215318220020620018315813411911712614727 613KG 15322915 020699999999999999 848 89204311699999999999999
176205224229220198165129 98 79 74 8410914417720221421119617214813212713427 614KG 251229161921499999999999999 950 74215412799999999999999
153181209228231219193156117 83 63 59 7310214218221122522220618115513613027 615KG 3442321720226999999999999991043 58225713099999999999999
138158186215233234217185144101 66 47 47 6710314919322523723121118215413527 616KG 43323618 9237999999999999991129 45234813099999999999999
130140163194224240236212174129 84 50 35 41 6811216320923824523420817714727 617KG 5192411850246999999999999991211 34999999999999999999999
130129144172205234246235204160111 66 35 27 43 7812818222624924822919916527 618KG 6 1246192725199999999999999 0321271250 2799999999999999
137125130152183218244249229190142 92 49 26 27 52 9514920324125424421918527 619KG 64125020 225499999999999999 1111251327 2399999999999999
151128122136163198231251246217173122 73 37 23 35 6911717322125025223320327 620KG 720252203525499999999999999 14712214 2 2399999999999999
168138122124145176212242253238201153103 59 32 29 51 9114319523525124321827 621KG 75625321 725299999999999999 2211201437 2799999999999999
185152128119130156190224247248223181133 87 51 34 43 7211716821524324622927 622KG 831251213824899999999999999 2551191510 3499999999999999
200168139121121138167201231245235204161116 77 50 45 63 9814419122824323627 623KG 9 724522 924499999999999999 3301191543 4499999999999999
214184154130119125146176207231236218185145106 74 58 63 8712416720823423827 624KG 944237224123999999999999999 4 71191616 5899999999999999
224199171143124119129151179207224222201170136104 80 73 8511214718621823427 625KG1024226231623499999999999999 4481181651 7399999999999999
230212188160135119118129150177202214209189163135109 93 9310813316519822227 626KG1111214235523099999999999999 5351161731 9199999999999999
23022220317915212711411312414417019320419918516514212110911212614917720427 627KG1212204999999999999999999999 630112181810999999999999999
22322621619817314411910510411313316018419719819017515513612612813915818227 628KG 043226133519999999999999999 736103192112699999999999999
206222225215196168136108 92 88 9711914917819820620319017115214013814516127 629KG 142225151520699999999999999 847 88204413799999999999999
184208224228218196163126 94 73 68 7810414117720522022120818616414814114527 630KG 248228163222299999999999999 952 6822 914199999999999999
160185211230236225197158114 76 51 45 59 9113618221823823922419817114913827 7 1KG 3512361733241999999999999991049 45231613899999999999999
142159187217240247232198151100 56 28 23 42 8313719223525725523520417014427 7 2KG 4492471826259999999999999991143 22999999999999999999999
132137158192228254260240199144 85 36  7  5 31 8014320625227226624020216427 7 3KG 544261191427399999999999999 0121321234  299999999999999
135124133160199240269271245196134 71 19 -8 -5 28 8515522226828226923619427 7 4KG 636274195828299999999999999 1 31241323-1199999999999999
153124116131163207252280278245190124 59  8-14 -4 36 9817223927928426322627 7 5KG 726284204028699999999999999 1501161411-1599999999999999
181139113110130167215262286277238181115 52  6 -9  9 5411919325428327825127 7 6KG 814287212028599999999999999 2361091457 -999999999999999
211165125104107131171221265284268226171109 52 15  9 33 8114521426327926527 7 7KG 9 2284215827999999999999999 3221021541  799999999999999
234193149112 97106132173222260271251211162108 60 34 37 6511217223026526827 7 8KG 949272223527099999999999999 4 7 971623 3299999999999999
247215176134104 94106132172216247251231198158113 77 62 7210114419523925927 7 9KG1038253231225999999999999999 454 9417 4 6299999999999999
252229199161124 99 94106130166204228229213190159125100 9410713316920923927 710KG1132231235224899999999999999 545 931747 9499999999999999
247236215186151118 98 9410412515618820721020318816714212612513615618421327 711KG1243211999999999999999999999 643 94183612399999999999999
232235224205177145115 97 92 9811614317119120020119417916115014815416818927 712KG 039236143820299999999999999 756 92194214799999999999999
210224226218200174143114 95 87 9010513115918320020720519317816616016117027 713KG 140227161520899999999999999 914 86212015999999999999999
186205218223217200173141111 88 77 79 9512215518620821921720518817116015827 714KG 2572231721220999999999999991021 76224315899999999999999
166182201219226221202172137103 77 65 69 8912116119722323322821118916715327 715KG 4 722718 8233999999999999991116 64234015099999999999999
151161180204225235227203168128 90 62 52 62 8912917521523924423220818015527 716KG 5 423518452449999999999999912 0 52999999999999999999999
142143159184214237244231200158113 73 47 44 62 9814619623425224822719716527 717KG 552244191725399999999999999 0231411240 4399999999999999
140131140163195228250252229190142 93 55 36 42 7111616921925225924421517927 718KG 633254194726099999999999999 0591311315 3699999999999999
147126126143174211245261253220172121 73 41 33 51 8914119724226325723119627 719KG 710262201526499999999999999 1321231348 3299999999999999
159129117126152189229259266244202150 99 57 35 40 6911617222425926524521227 720KG 745267204226699999999999999 2 41171420 3499999999999999
173138115113132166206244266260227179128 81 49 40 57 9614820324726625722727 721KG 81826821 826799999999999999 2361111450 3999999999999999
189151121107115142180221254264245205157109 71 50 55 8412918123026126324027 722KG 851265213426699999999999999 3 81071519 4999999999999999
205167132108104121153193231255253224183139 99 70 63 8011616221024826325027 723KG 92525822 026399999999999999 3401031547 6399999999999999
220184148117101106129163201234248235203166129 97 80 8511014718923025525427 724KG10 1248222925899999999999999 4151001617 7999999999999999
232200166132106 98110135168203229234217188158129106 9911213917320923925127 725KG104223523 125199999999999999 453 981650 9999999999999999
240214184152121101 9811313616619821821920418316013812212313816218921723827 726KG1132221233924299999999999999 536 97172912099999999999999
241226202174144115 98 9710913015818620520820018717115414314515717419521727 727KG1241208999999999999999999999 631 96182014299999999999999
231231218197171141112 95 91 9911614317219420420620118917416316116717719227 728KG 029233144520699999999999999 748 91194216199999999999999
211224227219201175142111 88 78 80 9612515918820922022020919217716816517027 729KG 143227162822299999999999999 920 77215316599999999999999
185204222231229213184145107 76 58 57 7410815019122324124122720418116315527 730KG 3192311732243999999999999991034 55231215499999999999999
159175201226244246229193147 98 58 34 33 55 9715020324326326023820717515027 731KG 4372471821264999999999999991134 30999999999999999999999
139146169203238263266244200144 86 38 12 14 44 9616022226628227024019915927 8 1KG 53826819 328299999999999999 0 71391226  999999999999999
131122135166210254283284254201136 71 21 -3  6 4510718024628629327023018227 8 2KG 631287194129499999999999999 0541221314 -499999999999999
138110107128168221271300293254194125 58 10 -6 12 6012920626929929225921127 8 3KG 720302201730199999999999999 1381051358 -699999999999999
159115 92 96126174232284307291245183114 52 12  6 34 8816123528730127923827 8 4KG 8 5307205030199999999999999 219 901439  499999999999999
187135 94 79 93129181241288301276228170107 54 26 33 6912519425829328925727 8 5KG 849302212229699999999999999 3 0 791517 2599999999999999
213162113 80 75 96135188244281282253210159107 66 54 7110916322427128626827 8 6KG 932286215428699999999999999 340 741554 5399999999999999
231188141 98 75 79103142192239263256229194154114 89 8911214819524227026827 8 7KG1015264222527399999999999999 420 741629 8699999999999999
242207168126 92 79 8811214718922423822920918515612911812614817921424525727 8 8KG11 2238225825799999999999999 5 3 7917 411899999999999999
245219189155120 96 89 9811814617920421320819818416615014715717419521923727 8 9KG12 2213233524099999999999999 551 89174314799999999999999
238225204180151123105 9910411814016518419419819819118017217117518419821227 810KG1427198999999999999999999999 658 99184017099999999999999
22222121319917915513111410410311112814917018719920620419618818318018218927 811KG 027223161520699999999999999 83910321 718099999999999999
199208212211202185162138117101 9510011613916619121121921820819518217217127 812KG 21921317182209999999999999910 4 95224217099999999999999
177188202214219212194168139111 90 82 8810813817320622823422821219017015727 813KG 35821917582349999999999999911 3 82233315599999999999999
157167185206225232224200168131 96 73 68 8110914819122724524523020417515127 814KG 4582321829247999999999999991147 67999999999999999999999
141146164191220242247231199157114 77 57 59 8212116921624925924722118715327 815KG 543248185525999999999999999 0101401224 5599999999999999
131128142170206240260256229187138 92 58 47 61 9514419824326626323820216227 816KG 622262192026899999999999999 0411271257 4799999999999999
130115121147184226260272256217167115 71 46 47 7411917523026727425421817627 817KG 656273194527599999999999999 1111141327 4399999999999999
136109104123159204248276275245197143 93 56 44 60 9915321125928026923519127 818KG 72828020 828099999999999999 1411031355 4499999999999999
147111 94102133177226266283266224172120 77 52 56 8613319024427827925120827 819KG 8 0283203228399999999999999 210 931423 5099999999999999
162120 91 87108148196245276277247200150104 71 61 8011917122526828326422527 820KG 831281205528399999999999999 239 861450 6199999999999999
179134 98 80 89120164214256275261223177134 97 76 8211215520525127827224027 821KG 9 3275212027999999999999999 310 801517 7599999999999999
196152112 83 78 98135179225258262238201162127100 9411214618723026327225127 822KG 938265214727399999999999999 341 771545 9399999999999999
213171132 97 78 8411014618822724924321718615713011512014317520924226125527 823KG1017250221726299999999999999 416 78161711499999999999999
227190154120 92 82 9311915118721923222320318216114313714716919421924124927 824KG11 3232225324999999999999999 456 82165313799999999999999
235208178147117 94 88 9911914517620221320919918917516316117018419921623127 825KG12 8213234023499999999999999 548 88174116099999999999999
233221201178151123101 93 9710913015818319920520720419518417918118519220427 826KG1457207999999999999999999999 7 7 93191217999999999999999
217222217207189163133107 91 85 9010813716819421422522521520018717817317727 827KG 1 1222163122799999999999999 9 5 8522 817399999999999999
189205219227224208179143107 79 64 65 8512016220223224824623020618116215227 828KG 3172271724250999999999999991026 62231115299999999999999
157175201228246249230194147100 61 40 43 6911416922025727126223519816213627 829KG 43725018 4271999999999999991124 38235712799999999999999
127138166206245272274249202144 86 41 21 29 6512218824728328826622617813527 830KG 5352761840289999999999999991213 20999999999999999999999
108104125165217267296292257201134 71 27 12 30 7714421727530129225620514927 831KG 624298191330299999999999999 0381031256 1299999999999999
104 81 87119171233287312298254191122 60 22 18 4810317624929830728123317527 9 1KG 7 8312194430999999999999999 117 801336 1699999999999999
118 76 63 80122183249300315290240177111 57 31 40 7914021227630829825820427 9 2KG 751315201430999999999999999 155 631414 3099999999999999
144 90 57 56 83132196261302303271221164106 65 54 7511917924429230227422727 9 3KG 831307204430399999999999999 232 521449 5499999999999999
173117 71 50 60 94146207263289279245202154109 84 8711615921326429128124327 9 4KG 911290211329299999999999999 3 9 501522 8199999999999999
196146 98 63 56 7411015921325526625022118715112111012415419223526827525127 9 5KG 951266214227699999999999999 345 55155411099999999999999
213172129 90 69 71 9312616821023623822320318015513914015818321224125724927 9 6KG1033240221125799999999999999 423 67162513799999999999999
223190157123 95 84 9110913616819821321320519518116716116718119821723323627 9 7KG1126214224323799999999999999 5 5 8417 016199999999999999
22420317915312710810210711913716018019219619819619018318018318919820821527 9 8KG14 7198232521699999999999999 6 1102175218099999999999999
21520719417916014012411611411813014716417919320320620319719218718418619227 9 9KG1557206999999999999999999999 75211421 618499999999999999
19720020119818817215313512011010911813415517920121622021520519117716916927 910KG 152201165522099999999999999 935108223116899999999999999
175185198208211203185162136113 97 9510612815819121823323322220217815814927 911KG 3462121730235999999999999991039 94231414999999999999999
152165184207225228216192160126 97 81 8310213317321324024923921718615613527 912KG 4442291756249999999999999991123 80234613099999999999999
130141165195226245244223189148108 78 68 7910915119924026025623419916112827 913KG 5272471820261999999999999991158 68999999999999999999999
113117140175215249263252219175128 87 63 64 8712918023126527125221517213027 914KG 6 3263184427299999999999999 0151121229 6099999999999999
102 96114149195240270274249205155106 70 57 7210815921526128126923418713827 915KG 63627619 728199999999999999 044 951258 5799999999999999
 99 80 88120166219264285273235185132 88 62 64 9213919625028328325220515327 916KG 7 8285192928799999999999999 112 801326 5999999999999999
105 73 68 91134189244282287260214162113 78 66 8312317623227629026922417127 917KG 739290195329099999999999999 141 671353 6699999999999999
119 77 57 67103154213264289278240192143102 79 8311315821126028828024219127 918KG 811289201728999999999999999 210 571421 7799999999999999
138 90 58 53 77121176232273282258217173132101 9211014619123827528325721027 919KG 844283204328499999999999999 240 511449 9299999999999999
160112 71 51 60 9313919224227026423519816213011111514117721625427426422827 920KG 919272211227599999999999999 312 50151910999999999999999
182137 95 64 56 7410915320024025524221418616013713014216919922925426024027 921KG 959255214426199999999999999 348 55155212999999999999999
202163125 90 68 68 8912015719722623322120318516715315316718720822924324027 922KG1047234222124499999999999999 429 65163115199999999999999
218187157126 97 80 82 9712115018320621320920319418117217318119220321722527 923KG1159213231422699999999999999 523 79172617199999999999999
221206186164137111 94 90 9611013416318720221021320919918918318118118719827 924KG15 2213999999999999999999999 651 90202618199999999999999
208212209199182156127104 89 84 9311414517620322223222821419617916616016427 925KG 1 0212161323299999999999999 854 8422 716099999999999999
178197214224222205175139105 79 67 73 9813617921724425324322019016013913127 926KG 3222251658253999999999999991010 66225813199999999999999
140164196228248248228190143 97 63 49 59 9214119524126827024921216913010627 927KG 43225117342729999999999999911 5 49233810199999999999999
103122158205249274272243196139 86 49 39 57100159222269288276241190137 9527 928KG 52527618 6288999999999999991151 39999999999999999999999
 74 81112162222272296286248192129 75 43 41 6912218825229229626821915910227 929KG 612296183729999999999999999 016 731233 3899999999999999
 62 50 69112174241291307287241181119 69 47 57 9515322227930429024618812527 930KG 65530719 730499999999999999 052 501311 4699999999999999
 69 38 39 69122191258301305275226168111 72 63 841291892522953002682161542710 1KG 735308193730399999999999999 128 341347 6299999999999999
 93 46 27 40 80139208269298289255208156110 84 891181652212722962812381822710 2KG 81429920 729699999999999999 2 4 271421 8399999999999999
124 71 35 30 54 991582222692822652311911491151051201531962432772812522052710 3KG 852283203628499999999999999 239 28145310599999999999999
154103 60 39 46 761211752272582582382101791471281301501812172512682552202710 4KG 93126221 526899999999999999 314 38152512699999999999999
177134 93 62 54 69 991391842222382332161961731531451541741992252452472272710 5KG1011238213524999999999999999 349 54155714599999999999999
195160125 94 76 76 921181501842082162112021891751641631721862032202282222710 6KG11 121622 722899999999999999 428 73163416299999999999999
204179153127105 95 971091281521751911982001981911821761761801871962052072710 7KG1254200224920899999999999999 518 94173417699999999999999
2021901761571381221131111161281451631781901992031991931861801761761801862710 8KG15 0203999999999999999999999 646111203017599999999999999
1901911901831691521371231151131211351531741942092142102001871721601571612710 9KG 1 319116 221499999999999999 841112215415799999999999999
170181193199197184165144124108103111128153181208225227217199175153138136271010KG 314200164022899999999999999 953103223913599999999999999
145163184205216213196171142115 96 93105130164200229241235215185153126113271011KG 4162171710242999999999999991042 92231211399999999999999
118137166199225235226201168131100 84 87108143186225250253234200160122 97271012KG 5 12351735255999999999999991120 832343 9199999999999999
 92108140181221248251232197156115 86 77 90123167215252266253219173126 89271013KG 53925318 0266999999999999991154 77999999999999999999999
 71 78108153204246267260229185139 99 77 79105147198245273270239192139 90271014KG 614268182527599999999999999 012 701225 7599999999999999
 59 53 75119174230269278258217169122 88 77 92128178231270281260214158102271015KG 647279185028299999999999999 041 521255 7799999999999999
 58 37 46 83137200255284278246200152110 85 87114157210258284275236182123271016KG 720286191628599999999999999 111 361326 8399999999999999
 70 34 27 51 98160223271286268229183139104 92107141187236274282256206149271017KG 754286194428499999999999999 143 261357 9299999999999999
 93 46 22 30 65118181240276276249211170132108108132168212253277268229177271018KG 830281201527899999999999999 216 21142910599999999999999
123 72 35 23 42 83136196246268258230196162133120130156190227258266245202271019KG 9 9268204826799999999999999 251 2315 312099999999999999
154106 63 36 35 59 99149201239251237214188162142138152175202230250248221271020KG 953251212525299999999999999 331 32154213799999999999999
182142102 66 47 52 75110152195224231221206188169155155166183202222233227271021KG1047231221123499999999999999 418 46162915399999999999999
204174142109 79 65 68 85112147183207215213207195180168165170177189204214271022KG1212215231721499999999999999 517 64174716599999999999999
211197178154124 97 81 78 87106136169194210217216206190175164159159168184271023KG1425217999999999999999999999 644 78202615899999999999999
198205203193173144115 93 81 82 97125160192216229229216194170149136133144271024KG 119205153223199999999999999 827 80214213399999999999999
165189209219214195163128 97 77 74 89120161201231246241220188152122105104271025KG 312219161724699999999999999 941 73223210299999999999999
122153191223240236214176133 95 72 69 87125173220252261247214169124 89 73271026KG 4202411653261999999999999991038 672313 7299999999999999
 79107151202242261255225181131 90 68 70 95140195243271269242196141 90 55271027KG 5142621727274999999999999991125 662352 4699999999999999
 46 62102159218262278264228178126 86 70 79112163220265282266225169108 57271028KG 6 027818 02829999999999999912 7 69999999999999999999999
 28 29 57108174237277285263221170120 86 78 97137191245280281250199137 77271029KG 643286183228599999999999999 029 251246 7899999999999999
 31 13 25 64124193253284281252209159115 91 94120164217263284268225169107271030KG 72328719 428499999999999999 1 5 131323 8999999999999999
 52 16 11 34 81144211262280267235193149114102115146190237271275245196140271031KG 8 2280193627799999999999999 140  9135810299999999999999
 83 37 14 21 531041652242612662472161781421181171371702102482672552181682711 1KG 84026820 826799999999999999 215 13143211599999999999999
117 68 33 24 41 771271832292512472261981661391271351571882212472522301912711 2KG 917252204125399999999999999 250 2315 612799999999999999
146102 63 41 42 651011471922252352262071841601421391511721982232372312062711 3KG 957235211423799999999999999 326 38154113899999999999999
170132 96 68 57 65 881211591942152182101951761591491501611781982142202092711 4KG1043219215022099999999999999 4 4 56162314899999999999999
186157127 99 80 76 851051331631892022052001891761631561571641751892002012711 5KG1146205223720299999999999999 449 75172415699999999999999
192175154131110 96 931001151381621811941991981911791681591551571641741832711 6KG1321200999999999999999999999 548 93191615599999999999999
1861831741591411231111051071181371581771932022041971831681541441411471582711 7KG 0 1186144020499999999999999 715105204914199999999999999
1701791841821701531351201091081171351571802002122132011821601391241201282711 8KG 213184153221499999999999999 840107214712099999999999999
145164183195196184165142122107104115136163191215226220201172141114 98 982711 9KG 333197161122699999999999999 9431042229 9699999999999999
114140170196212212196171142117101101116143177210232237221190151113 84 72271110KG 4292141643238999999999999991033 9923 5 7299999999999999
 81107145185217232226203171137109 95101123158198232248241212169122 80 54271111KG 5132321713249999999999999991114 952338 4999999999999999
 50 71110159207240249234203164127101 93106138179222252257235193140 88 47271112KG 5522491742258999999999999991152 93999999999999999999999
 28 37 70122180231260259235197154117 96 97119157203244265256220167108 55271113KG 629263181326699999999999999 012 281228 9399999999999999
 19 11 33 79140203252272261229186143110 96106136179226261269245198139 78271114KG 7 7272184527099999999999999 046 1113 4 9699999999999999
 28  1  5 38 93160223265273253217175135107103121156200243269263227173113271115KG 745274192027199999999999999 122 -1134110299999999999999
 55 11 -6 10 51110177236268266241205165130111115138174215252267249206152271116KG 826271195826799999999999999 2 1 -6141911099999999999999
 94 41  5 -1 21 66126190240261252226194158130119129153186223252256231187271117KG 9 9261203925899999999999999 242 -315 011999999999999999
136 84 37 10 11 38 82138195236248237214186156134128140162190222242240213271118KG 957248212424599999999999999 327  7154712899999999999999
174129 83 44 24 29 55 94145194226234224206183157139135144162185211227222271119KG1051234221822899999999999999 417 23164413599999999999999
200168131 92 59 43 48 69104147189216223217204183159142136140152171194209271120KG1157223232721199999999999999 514 4318 313699999999999999
208194171141107 78 63 65 81110148185210219217205184159139127125133151175271121KG1316219999999999999999999999 623 62194212599999999999999
194201196181157126 98 81 78 89113148184209222221208184154127109103110130271122KG 1 3201142722399999999999999 742 7721 110399999999999999
158185201205196174144114 93 86 94117151188216230228210179141108 85 77 86271123KG 249206152223199999999999999 858 862159 7799999999999999
111147184210220213191158125101 92 99123159198227240232206166122 82 58 52271124KG 4 622016 72409999999999999910 4 922247 5199999999999999
 66100146191223235227202166130104 95105132171212240247231196148 97 55 32271125KG 5 52351647248999999999999991059 952330 3099999999999999
 32 55 98153204238248236206167129104 99113144186227252250223179125 71 31271126KG 5552481726254999999999999991147 98999999999999999999999
 14 22 55107168221251255237203162125104104124160203241258245209157100 47271127KG 63825718 425899999999999999 010 13122910199999999999999
 13  4 23 64123186236259254230193152119105112138177219251256233189134 77271128KG 719260184125899999999999999 048  413 810599999999999999
 29  3  6 34 82144204246258246216179140114109124154193232254248215166111271129KG 756258191725599999999999999 125  1134510899999999999999
 57 18  3 17 53105166219249250231199163130112116137170208239250232193143271130KG 833253195325099999999999999 2 1  3142011199999999999999
 90 44 16 13 35 771301852272442362121811481231151261511832172392382131702712 1KG 9 8244202924299999999999999 236 11145511599999999999999
122 76 39 22 30 591021521982282342191941651381211211361621922192312211912712 2KG 94423421 523199999999999999 311 22153111999999999999999
150107 69 43 36 51 831251692052232202031791541331231271441681942132172022712 3KG1021224214221899999999999999 347 36161112399999999999999
172135 99 70 53 55 741051431802062152081911701481311251311471681892022002712 4KG11 1215222520399999999999999 424 52165912599999999999999
184158128 99 78 69 75 951231561852032071991841641451301251301421601781872712 5KG1147207232018899999999999999 5 5 6918 112599999999999999
185172152129107 91 86 931101351631862002021951811621421271201211311481642712 6KG1243203999999999999999999999 554 86191911999999999999999
1751761691561371191051011061211421661871992021961811591351171061061151332712 7KG 039177134920299999999999999 657101203510599999999999999
153169176176166150132118112114126146169190203207199179151123100 86 86 982712 8KG 225177144920799999999999999 8151112134 8499999999999999
122148171186190181163143126116116127149174197212214201173138104 76 62 652712 9KG 347190153821599999999999999 9311152222 6199999999999999
 84116152183203207196174149128116115129153183209223221199163120 79 49 37271210KG 446208162122599999999999999103211423 5 3799999999999999
 46 75117163201223224208180150125112114132161196223235224193147 96 51 22271211KG 53422617 22359999999999999911231112347 1499999999999999
 15 33 72125179221241237214181146119107114138173211238244224182128 72 24271212KG 61824217442459999999999999912 8107999999999999999999999
 -2 -1 27 76139198240254243214176138112104117147187227251249219169108 48271213KG 7 1254182625499999999999999 028 -5125210499999999999999
  2-19 -9 28 86155216254261242208167129106104123158201240260249210153 90271214KG 74426219 926099999999999999 111-19133410299999999999999
 30-13-27 -9 36100171230261259235198156120102107130168212249262242197139271215KG 826264195426299999999999999 155-27141810199999999999999
 75 18-18-24  1 51117186239260251223186145113101110137175218251256231184271216KG 9 9261204025899999999999999 240-2615 310199999999999999
127 67 15-13-11 19 70135199242253239210173135108100113140177218245244216271217KG 952254212824899999999999999 326-16155010099999999999999
171119 66 22  2 10 42 91151207239242224196162127104100113138173210231227271218KG1036244222023399999999999999 412  11642 9999999999999999
200162118 73 38 25 37 68113166211233230212185153120100 97108131163195213271219KG1121234231821499999999999999 459 251740 9699999999999999
209189160125 88 61 53 66 93131175210224219202177145114 95 90 98118147176271220KG1210224999999999999999999999 550 531848 9099999999999999
194195183164137107 86 81 91113144180207217212196171139107 87 79 84101128271221KG 03119613 621799999999999999 648 8120 7 7999999999999999
158179187185174153128110104110126152181204213209193167132 99 76 64 67 83271222KG 216188141021399999999999999 8 01042121 6499999999999999
112145172189194187169147128119120132154181203213210192162125 88 61 47 49271223KG 357194151521499999999999999 9241182223 4699999999999999
 68101140175198207202183159137124122133155182206218213191157115 74 44 30271224KG 5 620716122189999999999999910391212315 2999999999999999
 35 59 98144185212221212191163137121120132157187213224215188147101 57 26271225KG 55922117 3224999999999999991137118999999999999999999999
 16 27 58105157201227231217190157129114116133163197223230215181134 83 39271226KG 642232174923199999999999999 0 0 16122311399999999999999
 11  7 27 67121176219238234213180144117107115139174210233234210168116 63271227KG 719239183123799999999999999 040  613 210799999999999999
 22  1  7 36 84142197233243229200163128106103119150188223240231198149 95271228KG 752243191024199999999999999 117  0133810299999999999999
 44  9 -1 15 54108167217242239216182144113 98105129164203234241221179127271229KG 823244194724299999999999999 152 -11411 9899999999999999
 73 29  4  6 33 80136192231242227197160125101 96111142180216238234203156271230KG 853242202224099999999999999 225  11443 9599999999999999
104 56 21  9 23 60110165212237233209175139109 93 98121155192223235219181271231KG 922239205623599999999999999 257  91516 9299999999999999
