109108101 93 85 80 81 88100114126134136131120104 86 70 59 53 54 61 72 8627 1 1KN 014109114713699999999999999 519 801921 5299999999999999
 97106110109104 99 96 96101109119128134135129117101 82 64 50 42 42 50 6427 1 2KN 215110123813599999999999999 627 962028 4199999999999999
 80 97110118119116111106103105110119127134135129116 97 76 55 39 31 32 4327 1 3KN 349119134113599999999999999 8 81032122 3199999999999999
 60 82102119128130125117109104104109118128135137130114 92 67 44 28 21 2527 1 4KN 443130144013799999999999999 93010322 7 2199999999999999
 40 63 89113130138137128116105 99100107119132140140130110 84 55 31 16 1227 1 5KN 5211381531141999999999999991024 992245 1299999999999999
 22 43 71100125140144138125110 98 93 97108124138145142127102 72 41 18  627 1 6KN 55214416141459999999999999911 3 932320  599999999999999
  8 25 52 84114136147145134116100 89 88 97113131145149141121 91 57 27  627 1 7KN 6211481653149999999999999991135 872353  099999999999999
  0 10 33 65 99127145149141124104 88 82 87101121139151151136110 76 42 1427 1 8KN 64915017291529999999999999912 5 82999999999999999999999
  0  1 18 47 82114138149146131111 91 79 78 89107129146153147127 96 60 2827 1 9KN 71515018 415499999999999999 024 -21235 7799999999999999
  6 -1  9 33 66100129146149138118 97 79 72 77 93115136149151139113 80 4627 110KN 741149183815299999999999999 054 -113 5 7299999999999999
 19  5  6 24 52 86117140148143127104 84 71 69 79 98120139148144127 99 6727 111KN 8 7149191414899999999999999 124  31338 6899999999999999
 37 17 11 20 43 74105131146146134114 91 73 65 68 82102122137142133113 8627 112KN 832148195214299999999999999 153 111413 6599999999999999
 57 34 22 24 40 65 94121140146140123101 80 66 61 68 8310212013213212210227 113KN 859146203413399999999999999 222 211453 6199999999999999
 78 55 40 35 43 61 86111132143142131112 90 71 60 58 66 81 9911412312211327 114KN 926144212712499999999999999 253 351540 5899999999999999
 96 77 61 52 52 63 81103123137141136122102 82 65 55 54 62 75 9110511311427 115KN 957141223811499999999999999 327 511637 5499999999999999
108 97 84 74 69 72 82 97114128136137129115 96 77 60 50 47 53 64 79 9310427 116KN1035138999999999999999999999 4 9 691748 4799999999999999
109109104 97 90 87 89 96106118128134133126112 94 74 55 42 37 40 50 65 8327 117KN 024110112613499999999999999 5 9 871910 3799999999999999
 98110116116112107102101103109118126132133127114 95 72 50 32 22 23 33 5227 118KN 233117124013399999999999999 6551012027 2199999999999999
 74 97115127131128121112106104107115124133137133120 98 70 42 19  6  5 1827 119KN 4 213114 213799999999999999 8551042132  499999999999999
 41 70100125140145140128115104 99101111125138145142127100 67 33  5-11-1027 120KN 45714515141469999999999999910 9 992228-1399999999999999
  7 36 72108136152155145128110 95 90 95110129146155151133101 61 22 -8-2327 121KN 54115616141569999999999999911 0 902318-2499999999999999
-19  3 39 80119148162159143121 98 83 81 91111134155164158135 98 54 13-1727 122KN 62016217 8164999999999999991143 80999999999999999999999
-29-19  9 49 94132157165156134107 84 71 73 88113140161169159131 91 46  627 123KN 656165175816999999999999999 0 3-291224 7099999999999999
-19-25 -9 24 67110144163162146119 90 69 60 67 88115143162167153123 82 4027 124KN 729165184516799999999999999 045-2513 3 6099999999999999
  6-12-10 11 47 89127153162153131101 74 57 53 65 88116142158158142112 7427 125KN 759162193216099999999999999 125-141343 5399999999999999
 38 13  4 13 38 73111141157156140113 84 61 49 50 65 8811513614714412710027 126KN 827158201814899999999999999 2 0  41423 4799999999999999
 69 43 27 26 41 67 99128148154145124 97 71 53 45 50 65 8710912613312811327 127KN 85315421 613399999999999999 233 2515 6 4599999999999999
 92 70 53 47 53 70 94119139148146132109 85 64 50 46 52 65 8310111311711427 128KN 91714922 211799999999999999 3 2 471553 4699999999999999
103 89 76 68 69 78 94113130141143135119 99 78 61 50 48 52 63 77 90 9910427 129KN 942143232410599999999999999 327 671651 4799999999999999
104 99 93 87 85 89 97109122132136134125111 94 77 62 52 49 51 58 68 79 8927 130KN1010136999999999999999999999 352 8518 8 4999999999999999
 96101102102101101104109115122127129126119108 93 78 64 53 47 45 50 58 7027 131KN 2 5102105412999999999999999 4191011943 4599999999999999
 83 95105111113113112111111113116120122122118109 96 81 64 50 40 37 40 5027 2 1KN 427113122812299999999999999 71711121 1 3799999999999999
 66 83100114122124121115110106105109114120123122114 99 81 60 42 30 26 3227 2 2KN 453124141312399999999999999 9371052154 2699999999999999
 47 68 90111125132130122111102 96 97103113123129128118 99 76 51 30 18 1827 2 3KN 5161321521130999999999999991024 962234 1699999999999999
 29 49 76103124136138130116101 90 87 91103118132138134119 95 66 38 17  827 2 4KN 53913916 8138999999999999991056 8723 8  899999999999999
 13 32 59 90118137143138123104 87 78 80 91109128141145136114 84 51 23  627 2 5KN 6 21431648145999999999999991123 772339  299999999999999
  3 17 42 75108133146145131110 88 73 69 77 95118138150148132104 69 36 1127 2 6KN 6251471724151999999999999991150 69999999999999999999999
  0  7 28 60 95126145149139118 93 72 61 64 80103129148155146123 90 54 2327 2 7KN 646150175815599999999999999 0 7  01217 6099999999999999
  5  3 19 47 83117142152146127100 74 57 53 64 86113138153154138110 74 4027 2 8KN 7 8152183315599999999999999 035  21246 5399999999999999
 16  7 15 38 71107135152151136110 81 58 46 50 67 93121143153147126 95 6227 2 9KN 72915319 815399999999999999 1 2  71316 4699999999999999
 33 17 18 34 63 96127148154143120 91 63 45 40 51 72100126144148136113 8327 210KN 751154194514899999999999999 129 161348 4099999999999999
 55 34 28 37 58 88118142152148130103 73 50 37 39 54 7710412613913812410227 211KN 813153202614099999999999999 156 281423 3699999999999999
 77 55 44 45 59 83110133148149137114 86 60 42 34 40 56 7910312113012711427 212KN 836150211413099999999999999 223 4315 3 3499999999999999
 96 77 64 60 66 82103124140146140124101 75 53 39 35 41 57 77 9611111811627 213KN 9 0146221811899999999999999 253 601552 3499999999999999
108 96 85 78 79 87100116130139139130114 93 71 52 39 35 40 52 68 84 9810727 214KN 930140999999999999999999999 326 781658 3599999999999999
110108103 98 96 97103111121128132130123110 92 73 55 42 34 34 41 54 69 8527 215KN 0 4110101313299999999999999 410 961830 3399999999999999
 99109114115114112110110113117121125126122113 99 81 61 42 29 23 26 37 5527 216KN 253115114612699999999999999 6241102010 2399999999999999
 76 97114125130128122115109106107112120126128124111 90 65 40 20  9 10 2327 217KN 411130135312999999999999999 9131062125  899999999999999
 46 74102125139143137125110 98 93 95105119132140137123 98 66 34  8 -5 -327 218KN 4511431517140999999999999991012 922221 -699999999999999
 15 45 80114139152150137117 97 82 77 85102123143153150132101 62 25 -3-1427 219KN 5241531618154999999999999991053 7723 8-1499999999999999
 -7 17 54 94129153160150129102 78 64 64 78103130153164158135 98 55 17 -827 220KN 5551601710164999999999999991130 622349-1599999999999999
-15 -1 30 71113145162160142113 82 58 48 54 76107138161170159131 91 48 1327 221KN 62416417571709999999999999912 6 48999999999999999999999
 -6 -5 17 53 95133158165153125 91 60 40 37 51 78112144164167152121 81 4327 222KN 651165184116899999999999999 026 -81242 3699999999999999
 16  6 15 43 80119149164159137105 70 42 29 33 52 83117145160158140109 7427 223KN 716164192416199999999999999 1 0  61317 2899999999999999
 43 26 26 42 72107139158161146118 84 52 31 25 35 58 88118141150144125 9727 224KN 73916220 615099999999999999 131 241353 2599999999999999
 70 50 43 51 71100129150158150128 98 66 41 27 27 41 64 9211613213612811127 225KN 8 0158204913699999999999999 159 431429 2599999999999999
 90 72 62 64 76 97121141152150135111 82 56 38 30 35 49 70 9211012012111427 226KN 821152213712299999999999999 223 6115 7 3099999999999999
102 89 80 78 84 98115132143145136119 97 73 54 41 38 43 56 72 8810010710927 227KN 841145224410999999999999999 244 771552 3899999999999999
105 99 93 91 94101112124133136133123107 89 72 58 49 46 49 58 69 80 90 9727 228KN 9 2136999999999999999999999 3 1 911655 4699999999999999
101103103102103106111117122125125121113102 89 76 65 56 51 51 54 61 71 8127 3 1KN 9281269999999999999999999991836 50999999999999999999999
 91100107111113113113112113113114115114110104 95 84 71 60 51 46 46 52 6327 3 2KN 443113105111599999999999999 7 01122025 4599999999999999
 77 93106116121121118112106103102104109113114111103 90 74 58 44 37 37 4527 3 3KN 431122135411499999999999999 9421022129 3699999999999999
 61 80101117127129125115103 94 90 92 99109119123121110 92 71 50 34 26 3027 3 4KN 4481301510123999999999999991012 902211 2699999999999999
 44 66 91114130136133121104 89 80 79 86100116129134128112 88 61 38 22 1927 3 5KN 5 71371559134999999999999991037 782244 1999999999999999
 29 50 78107129141141129109 88 72 66 71 87108128141143131109 79 49 25 1427 3 6KN 52714316381449999999999999911 1 662314 1499999999999999
 19 37 65 97126144148137116 91 68 56 56 70 93119141151147129 99 66 36 1727 3 7KN 5461481714152999999999999991127 542342 1399999999999999
 14 27 53 87119143153146126 97 69 49 43 52 75104132152157146121 87 53 2827 3 8KN 6 61531750157999999999999991153 43999999999999999999999
 17 23 44 76111139155154136107 74 47 33 35 54 83116143158157139109 75 4527 3 9KN 626156182616099999999999999 0 9 161222 3299999999999999
 26 25 39 67101133153158146119 84 52 30 23 35 60 93126150159151129 98 6627 310KN 64715919 215999999999999999 036 231251 2399999999999999
 43 33 41 62 93124148159152130 97 62 34 19 21 39 69103133151154142117 8927 311KN 7 8159194115599999999999999 1 4 331323 1799999999999999
 63 49 48 62 86115141155155139111 77 45 22 15 23 46 7610813314614413010827 312KN 730157202314799999999999999 132 461358 1599999999999999
 85 67 61 67 84108131148153145123 93 62 35 19 17 29 52 8110712713513212027 313KN 753154211313699999999999999 2 1 611437 1699999999999999
103 87 78 78 87104123139147145131109 81 54 34 23 24 35 55 7910011612312127 314KN 818148221912399999999999999 230 771526 2299999999999999
114104 96 92 95103116128137139133120100 78 56 39 30 30 38 53 71 8810211127 315KN 847139999999999999999999999 3 4 921632 2999999999999999
115114111108106108112119125128128124114100 83 65 49 38 33 36 45 59 75 9127 316KN 014115 93112999999999999999 3571061810 3399999999999999
105115120122120117114112112113116119119116108 95 78 60 43 32 28 33 46 6527 317KN 252122114511999999999999999 7321121956 2899999999999999
 86106122131133129120110102 97 98105113122126122110 90 67 44 26 19 22 3827 318KN 34613314 412699999999999999 918 972110 1899999999999999
 62 89115134143141130114 97 84 79 84 97114130139137123 99 69 40 19 11 1727 319KN 42014315221409999999999999910 0 7922 4 1199999999999999
 38 68101129147152142123 98 76 63 61 73 95120142153150132102 67 35 14  927 320KN 4491521619154999999999999991035 602248  899999999999999
 21 48 83118145158154135107 77 53 43 48 68 98129153163157134100 62 31 1427 321KN 51615917 8164999999999999991110 422326 1399999999999999
 16 35 67105138158162148119 85 53 32 28 42 70105138161168157129 93 58 3227 322KN 5421631753168999999999999991143 27999999999999999999999
 22 31 57 92127154165158133 98 61 32 17 21 43 76113145164166150120 86 5627 323KN 6 6165183516799999999999999 0 1 221217 1799999999999999
 38 38 54 83116146163163145113 75 40 17 11 23 50 85121148161157138110 8127 324KN 630165191616199999999999999 033 361250 1199999999999999
 59 51 58 79108137157163152126 91 55 26 11 13 31 60 9412514615214412510127 325KN 652163195615299999999999999 1 2 511323 1099999999999999
 79 67 67 80102128149159155136106 72 41 20 14 22 43 7110112513914013011427 326KN 713159203714199999999999999 129 651356 1499999999999999
 95 82 78 84 99120139151152140118 89 59 36 23 23 34 55 8010312012912711927 327KN 735153212212999999999999999 155 781432 2199999999999999
106 95 89 90 99113129141145139124102 77 55 39 32 35 46 64 8310011211811727 328KN 757145222011899999999999999 219 891512 3199999999999999
111104 99 98102110120129135134125111 93 74 58 47 43 45 54 67 81 9410310927 329KN 821135999999999999999999999 246 9816 5 4299999999999999
111110108106106109113118122124121114104 91 77 65 56 52 52 57 65 76 87 9727 330KN 0 3111 84912499999999999999 3241061726 5199999999999999
105111114114113111110110110111111111108103 95 85 75 64 57 53 54 60 70 8227 331KN 24311410 611199999999999999 6541101918 5399999999999999
 96108117121121117111104100 98 99102107110109104 94 82 68 56 49 48 54 6727 4 1KN 327122132311099999999999999 9 7 982038 4899999999999999
 83101117126129125115103 92 85 84 90 99109117119114101 84 66 51 42 43 5227 4 2KN 353129144711999999999999999 938 842128 4199999999999999
 70 92113129136134123106 88 75 70 74 86102118129130122104 82 60 43 37 4127 4 3KN 41513715401319999999999999910 4 7022 5 3799999999999999
 57 81106128141143132112 89 68 57 57 68 89112131141140126103 76 52 37 3627 4 4KN 4361441622142999999999999991030 552238 3599999999999999
 47 70 98125144150142121 94 66 47 40 48 69 97125145152145125 97 68 46 3627 4 5KN 45615017 1152999999999999991057 4023 9 3699999999999999
 41 60 88118143155151133103 70 42 27 29 46 76109138156159146120 90 62 4427 4 6KN 5171561739160999999999999991125 262340 4199999999999999
 42 54 79110138156159144116 80 45 21 14 24 51 86122150164160142113 83 5927 4 7KN 5391601818164999999999999991155 14999999999999999999999
 49 54 73101130153162154130 94 56 24  6  7 26 59 97132157165156134106 7927 4 8KN 6 3162185816599999999999999 011 481227  499999999999999
 62 59 70 93121146161160142111 72 36 10  0  8 33 6910613815716014812510027 4 9KN 627162194116199999999999999 042 5813 2  099999999999999
 80 70 74 89112137154160151126 92 55 23  4  1 15 42 7711113715115013811827 410KN 653160202715299999999999999 115 701340  099999999999999
 99 86 82 90106126144154153137111 78 46 20  7  8 24 50 8110913014013912927 411KN 721155212214199999999999999 148 821424  699999999999999
115102 94 95103117132144147141124100 72 45 25 16 18 32 54 8010312012913027 412KN 753148223413199999999999999 226 941518 1599999999999999
124116108104105111121130136136130116 96 74 53 36 27 28 38 54 74 9411012127 413KN 833137999999999999999999999 3161041627 2699999999999999
125125120115111110111115120124125121113100 83 65 49 38 35 39 51 68 8610427 414KN 018126 94712599999999999999 5 01101757 3599999999999999
118127130127121113107103102105110115119117110 97 80 61 46 38 38 47 63 8427 415KN 158130121611999999999999999 7401021930 3799999999999999
105123134137132121108 95 86 84 89 99111122127123111 92 70 51 39 37 46 6427 416KN 25313714 712799999999999999 850 842041 3699999999999999
 88113133143143133115 94 76 66 65 75 92113130139137123101 75 53 39 38 5027 417KN 329145151914099999999999999 933 642135 3799999999999999
 72100126145152145126101 74 54 45 50 67 92119141151147130104 76 53 41 4427 418KN 4 01521615151999999999999991010 452219 4199999999999999
 61 87117142156155140113 81 51 33 28 40 65 97128151160153132104 75 55 4827 419KN 42815817 3160999999999999991045 282258 4899999999999999
 56 77106135155162152127 93 58 30 16 19 39 70106138159164153129100 75 5927 420KN 4551621748164999999999999991119 152334 5799999999999999
 58 72 97125150163160141109 71 37 13  7 18 45 80117146162162147122 96 7527 421KN 5211641830164999999999999991152  7999999999999999999999
 67 72 90116142160164151125 88 51 21  5  6 25 55 92126150161156138115 9227 422KN 546164191016199999999999999 0 7 671225  399999999999999
 78 77 88108132152162157137105 69 35 12  5 13 36 6910313215015414612810727 423KN 611162194915599999999999999 038 761258  499999999999999
 91 84 88102123142156157145120 87 54 27 12 11 25 50 8111113314514513411827 424KN 636158202814699999999999999 1 8 841332 1099999999999999
102 92 91 99114132146152147130104 73 46 26 18 23 39 63 9011413113713412427 425KN 7 3152211013799999999999999 138 9014 7 1899999999999999
112101 96 98108121134143143134115 91 66 44 31 28 35 52 73 9511312512912627 426KN 73214422 012999999999999999 211 961447 2899999999999999
118109103101104112122131135131121104 84 65 49 40 39 47 61 78 9611011912327 427KN 8 513523 712399999999999999 2511011534 3899999999999999
121116110106104107112118122124120112 99 84 69 57 50 49 55 66 80 9410711627 428KN 848124999999999999999999999 3531041635 4999999999999999
121121118113108105104105108111113112108 99 88 76 65 58 56 59 67 79 9310727 429KN 034121101211399999999999999 5521041755 5699999999999999
117124125122115107100 95 94 96101106110109105 96 85 73 63 59 60 68 80 9527 430KN 147125123011099999999999999 749 941918 5899999999999999
111123130130124113100 88 81 80 85 94104113117114105 92 78 66 59 60 69 8427 5 1KN 23213114 711799999999999999 842 802023 5999999999999999
102120133138134122105 86 71 64 66 76 92109122128125114 97 80 65 59 62 7427 5 2KN 3 4138151112899999999999999 918 642113 5999999999999999
 93114132143144133113 89 66 51 47 55 73 96119135141135120100 79 64 60 6627 5 3KN 33214516 114199999999999999 950 472155 6099999999999999
 83106129145151144125 97 67 43 31 33 49 75105132148152143123 99 78 65 6427 5 4KN 3581511646152999999999999991022 302234 6399999999999999
 76 97122143156155138110 76 43 21 14 24 49 83117145160160146123 97 77 6827 5 5KN 4251571729162999999999999991055 142311 6899999999999999
 72 88113137156162152127 91 53 21  3  3 22 54 92129155167163145120 95 7927 5 6KN 4531621813167999999999999991130  12349 7499999999999999
 74 83103128151163161143111 71 33  4 -7  0 25 61102137161168160140116 9527 5 7KN 52316418581689999999999999912 7 -8999999999999999999999
 83 83 96118141159165156131 95 55 19 -4-10  3 31 7010914116016415413411327 5 8KN 555165194516599999999999999 027 811248-1199999999999999
 96 89 94108129149161161146118 82 44 13 -5 -6 10 40 7611214015515714612927 5 9KN 630163203515899999999999999 1 6 891333 -899999999999999
111 99 96103117135150157153136108 74 40 15  1  3 20 48 8111213514814813927 510KN 7 9157213114999999999999999 149 961422  099999999999999
125111103101108120134145148142126101 72 44 23 13 15 31 55 8311013014014127 511KN 755149223514299999999999999 2401011518 1299999999999999
134123113105104108116127135137133120100 77 54 36 27 28 41 61 8510712513627 512KN 855137234513899999999999999 3471031621 2699999999999999
138133123113105100101106114122126126118104 86 67 50 41 40 49 66 8710812527 513KN1024127999999999999999999999 5211001733 3999999999999999
135138133123111 99 91 89 91 99109118123121112 98 81 64 54 51 57 72 9111127 514KN 051138121812399999999999999 659 891848 5199999999999999
128139141135122105 89 77 72 74 84 99113124128123110 93 76 64 60 65 79 9827 515KN 144141135612899999999999999 8 9 711957 6099999999999999
119136145144134116 94 73 58 53 59 73 93114130137134121103 85 72 67 73 8827 516KN 227146151113799999999999999 859 532056 6799999999999999
108129145151146129105 78 54 40 37 47 68 94120138146142129109 90 77 74 8227 517KN 3 3151161014799999999999999 942 372147 7499999999999999
 99120141153155143120 90 60 36 24 26 43 69100128147154148132111 92 81 8127 518KN 33615617 0154999999999999991020 232231 8099999999999999
 92111133151159154135106 72 41 20 13 22 45 76110138155159149131110 93 8527 519KN 4 81591745159999999999999991056 132310 8599999999999999
 89103124144158160148123 89 54 26  9  9 25 53 87121147160159146126106 9327 520KN 4401611826161999999999999991131  72347 8999999999999999
 89 97114135152161156138108 72 39 15  5 12 33 6510013115216015413911910227 521KN 51116119 41609999999999999912 6  5999999999999999999999
 93 94106124143157159148124 92 57 28 10  7 20 46 7811113815315614612911127 522KN 542160194115699999999999999 022 921240  699999999999999
 98 94100114132148157153137110 77 46 22 11 15 32 60 9112014115114813612027 523KN 614157201715199999999999999 055 941315 1199999999999999
105 96 97106121137149152144124 96 66 40 22 17 26 46 7310212614114514012727 524KN 647153205414699999999999999 129 951351 1799999999999999
113101 96100110125138146144133112 86 59 38 27 27 39 59 8510912813913913227 525KN 723146213414099999999999999 2 5 961429 2599999999999999
120108 99 97102112124134139134122102 79 58 42 35 38 52 71 9411412913613427 526KN 8 2139221913699999999999999 248 971510 3599999999999999
127116105 99 97102110120127129125113 96 77 60 49 45 50 63 8110111812913427 527KN 85012923 913499999999999999 343 971555 4599999999999999
132124114104 97 95 98104112118120117108 95 81 67 58 56 61 73 8910612113127 528KN 958120999999999999999999999 456 951647 5699999999999999
134131123112101 92 88 89 94102109114115109100 88 76 68 66 70 81 9511112527 529KN 0 2134113311599999999999999 619 881750 6699999999999999
134137133123109 94 83 76 76 82 93104113118116109 98 86 77 74 77 8710111727 530KN 054137131411899999999999999 729 7519 1 7499999999999999
131139141134119101 82 68 60 61 71 86103117126127120108 95 85 80 83 9310827 531KN 139141143512799999999999999 822 6020 9 8099999999999999
124138146144132113 89 66 49 42 47 62 84107126138139131118102 90 85 88 9927 6 1KN 219146153914099999999999999 9 5 4221 8 8499999999999999
116134147152145128102 72 46 29 25 35 57 86115138150151141124107 93 88 9327 6 2KN 257152163315299999999999999 946 2522 1 8899999999999999
107125144156156144120 87 53 26 10 11 28 57 91124149161160147127108 95 9127 6 3KN 3351581723162999999999999991028  92249 9199999999999999
 99115135153162159140110 72 35  8 -4  2 25 59 98133158169164148127107 9527 6 4KN 4141631811169999999999999991110 -42334 9499999999999999
 95105124145161167158134 98 58 21 -4-12 -1 26 6510514116417116414612410627 6 5KN 4551671859171999999999999991155-12999999999999999999999
 96 98112132152166168155127 88 47 12-10-14  1 32 7211214516516915914011927 6 6KN 538169194616999999999999999 019 961242-1599999999999999
103 97102117137155167165149119 81 41  9 -9 -9  9 41 8011714716316415213327 6 7KN 624168203316599999999999999 1 4 971330-1199999999999999
114101 97103119138154163159142112 76 41 13  0  3 22 52 8812214715815714427 6 8KN 714163212115999999999999999 152 971420 -199999999999999
126109 98 95102117134148155151134108 76 46 23 13 18 37 66 9812614615414927 6 9KN 8 815522 815499999999999999 245 951510 1399999999999999
137120104 94 92 98110125138144141127106 80 55 38 31 37 55 8010713014514927 610KN 911144225415099999999999999 345 9116 1 3199999999999999
144130114 99 88 85 90100113125133132123107 87 68 55 50 57 72 9311513414527 611KN1027134234114799999999999999 454 851655 5099999999999999
147140126109 92 81 76 78 87100113123127123112 98 83 72 69 74 8710412313827 612KN12 0127999999999999999999999 610 761754 6999999999999999
146145137121103 85 71 64 65 74 87103117125126120110 98 88 85 88 9911312927 613KN 028147133912799999999999999 722 6319 0 8599999999999999
141148145135117 96 75 59 51 52 62 79 98116128133130121110100 96 9810712027 614KN 11514815 513399999999999999 823 502011 9599999999999999
134145150145132111 87 63 46 38 41 54 75 9912013514213913011810710110311227 615KN 2 2150161114299999999999999 914 38211610199999999999999
125139150152145128103 76 51 33 27 34 52 7710412814415014613412010910310627 616KN 24715217 315099999999999999 959 27221110399999999999999
116130144154154143121 93 63 38 23 20 32 55 8411413815315614813411810610227 617KN 3301551745156999999999999991039 20225710299999999999999
107120136150157153138112 80 50 26 15 18 35 63 9512514815815714512811210227 618KN 4111571822159999999999999991117 14233510099999999999999
101110125142155159151130100 67 38 18 12 21 44 7510813615416015313812010527 619KN 4501591855160999999999999991153 12999999999999999999999
 98101114132148159158145120 87 54 28 13 14 29 56 8912014515815714512811027 620KN 527160192715999999999999999 010 981228 1199999999999999
 98 96104120138153160154136107 74 43 22 14 21 41 7110313215015715013511627 621KN 6 4160195815799999999999999 043 9513 2 1499999999999999
101 93 96108125143155157146124 94 63 36 21 19 32 57 8711714015315214112427 622KN 640158202915499999999999999 116 931335 1899999999999999
107 94 91 97111129145153150136112 82 55 34 25 30 48 7410312914615214613227 623KN 717153205915299999999999999 150 9114 8 2599999999999999
114 99 90 90 99114130143147141124101 74 52 37 35 45 65 9111713714814913927 624KN 756147213015099999999999999 229 891441 3499999999999999
123106 93 87 89 99113128137139131115 93 71 54 46 49 62 8210612814314814427 625KN 84113922 314899999999999999 313 861516 4699999999999999
132116100 88 83 86 96109122130130123109 91 74 63 59 64 78 9811813514514727 626KN 935131224014799999999999999 4 5 831554 5999999999999999
140126110 94 83 78 81 90102114122124119109 95 83 75 74 80 9311012613914627 627KN1047124232114699999999999999 5 7 781640 7399999999999999
145136121104 87 75 70 72 80 93106116122121115105 95 89 88 9310411713114227 628KN1221122999999999999999999999 614 691740 8799999999999999
146144133117 98 79 65 58 59 68 83 99114124128125118109102 9910211012213427 629KN 0 914614 112899999999999999 721 5719 0 9999999999999999
144148144132114 91 69 51 43 44 55 74 9611613113913813112111210710711412527 630KN 1 3148152413999999999999999 821 42202510699999999999999
137148152147133110 83 56 36 26 29 44 68 9612214115115114213011710910811527 7 1KN 2 0152162815299999999999999 917 25213810899999999999999
127142153158151133106 73 42 20 10 15 35 65 9812915216216114913311810810727 7 2KN 25615817211639999999999999910 9  9223610699999999999999
115130147160164156134101 64 29  5 -4  5 30 6610413816217116615113111410427 7 3KN 35016518 81719999999999999911 0 -4232610299999999999999
104116134154168171159133 95 54 18 -6-12  2 31 7111214716917516614712510627 7 4KN 4431711852175999999999999991148-12999999999999999999999
 98102116138159174175160130 89 47 11-10-12  5 39 8112215517317416013811527 7 5KN 535176193417599999999999999 012 981236-1499999999999999
 98 92 99117141162176175157125 84 43 10 -7 -4 17 53 9413316117316815112627 7 6KN 626177201317399999999999999 057 921322 -899999999999999
104 89 86 96116140161173169150118 80 43 16  4 12 36 7111014316416915913827 7 7KN 718173204916999999999999999 142 8614 6  499999999999999
114 93 81 81 93114137156165160141112 78 48 28 23 34 59 9212515116416214827 7 8KN 811165212416599999999999999 229 801448 2399999999999999
126103 84 75 77 89109129146153148132108 81 59 46 46 60 8411213715516115427 7 9KN 9 7153215716199999999999999 319 741529 4499999999999999
137115 94 78 70 73 84101119133140137125107 88 74 67 71 8510512714515515527 710KN1012140223115799999999999999 415 7016 8 6799999999999999
146128108 88 73 66 68 77 91107120128128122111100 91 88 9310512013614815327 711KN113412923 915399999999999999 518 661652 8899999999999999
150139122103 84 70 62 62 69 81 9610912012512411911310810610911712813914727 712KN1322125235714999999999999999 631 61175010699999999999999
149145135119100 81 66 57 55 60 72 8710411812713113012512011711812212913827 713KN1512131999999999999999999999 746 54192311799999999999999
144147144134118 98 78 61 49 46 52 65 8410412213414014013412712111912112727 714KN 1 0147162214199999999999999 851 4621 211999999999999999
136144148145135117 95 72 53 41 38 46 63 8611013014414914613812711811411727 715KN 2 914817 614999999999999999 945 3822 711499999999999999
125136146151148135115 89 64 43 31 32 44 66 9312014115315514813512111110827 716KN 3 91511740156999999999999991029 30225110899999999999999
114125139151156150134109 80 52 32 24 29 47 7410513215216015614312611110327 717KN 35915618101609999999999999911 7 24232510299999999999999
103113129146158160150129 99 67 40 23 20 32 56 8711914516016115113311410027 718KN 4421601837162999999999999991142 192356 9699999999999999
 96102117136154163161146119 86 54 29 18 22 41 7010413415516315714112010127 719KN 52016419 3163999999999999991214 17999999999999999999999
 91 92104123144161166158137106 72 42 23 19 31 56 8912214816216214812810627 720KN 556166192816399999999999999 025 901244 1999999999999999
 90 85 92109131151164164151125 92 59 35 23 28 47 7610913915816315513611327 721KN 632166195316499999999999999 056 851313 2399999999999999
 93 81 82 94114137155163158139111 79 51 34 31 43 67 9812915216316014412227 722KN 7 7163201716399999999999999 127 801342 3099999999999999
 99 82 76 81 97119140154157148126 99 71 50 41 45 63 9011914416016215213227 723KN 745158204116399999999999999 2 1 761410 4099999999999999
108 87 75 73 82100121139150149136115 91 69 56 54 64 8511113615416115614127 724KN 82615121 616199999999999999 239 721439 5399999999999999
119 97 79 70 71 83101120135142139127109 90 75 68 71 8510512714615715814827 725KN 913142213315999999999999999 321 691510 6899999999999999
130108 88 73 66 69 81 97115128134132122109 95 86 84 9010312113815015515227 726KN101413422 515699999999999999 410 661546 8499999999999999
140122101 82 68 63 65 75 9010611912612812311510710210110711713014115015227 727KN1141128224815299999999999999 511 62163410199999999999999
147135117 98 79 64 57 57 65 79 9511012212913012612111711511812413214114727 728KN1342130235314999999999999999 627 56175611599999999999999
149145135118 98 77 59 48 45 51 65 8410412213514114013613012412212412913727 729KN1527141999999999999999999999 747 4520 412299999999999999
145150149139122 99 74 51 35 30 36 52 7610212714415315414713612611911912427 730KN 119150163115599999999999999 859 30213611899999999999999
135147155157148129101 70 41 21 14 21 42 7310613515616616315213512011111127 731KN 23915717161669999999999999910 0 14223311099999999999999
119135152164167157134101 64 30  8  1 12 39 76114147168175167149127109 9927 8 1KN 3451681756175999999999999991052  12318 9999999999999999
102116137159174177165137 98 56 20 -2 -5 12 45 86127160177178163139114 9427 8 2KN 4431781832180999999999999991139 -62359 8799999999999999
 87 95114141166182184167135 93 50 15 -3 -1 22 59102142171181174153124 9727 8 3KN 53518519 5182999999999999991223 -5999999999999999999999
 80 77 90114144170185184164129 87 46 16  5 14 41 8012215717717916413710627 8 4KN 625187193618199999999999999 040 7613 4  499999999999999
 81 68 70 88115145170182177156121 82 47 26 22 37 6710514116817817114911927 8 5KN 71418320 617899999999999999 121 671342 2199999999999999
 90 68 60 67 87115143164173166144113 81 55 43 46 65 9512815617217315813327 8 6KN 8 3173203317599999999999999 2 2 601417 4299999999999999
103 77 61 57 67 87113137154159151132108 85 69 65 74 9412014516417016314427 8 7KN 853159205817099999999999999 245 571449 6599999999999999
118 92 70 58 58 68 87108128141144138124108 94 87 88 9911713715416316215127 8 8KN 950144212416499999999999999 332 571519 8699999999999999
131108 86 69 60 61 70 8410111612713112812211310710510911913214515415715227 8 9KN11 6131215215799999999999999 427 59154910599999999999999
140123104 86 72 64 63 69 79 9210511612312512512212012112413013714414914927 810KN1314126223314999999999999999 537 62162912099999999999999
144134121105 89 75 66 63 65 72 84 9711012112913313313213013013113413814127 811KN1542133235814299999999999999 7 6 62184813099999999999999
142140134123109 93 77 65 58 58 64 77 9311112613714214213813212812512613027 812KN1628143999999999999999999999 832 57211512599999999999999
135140142138128112 93 74 59 50 49 58 75 9611813614715114713812711911511727 813KN 150142165615199999999999999 932 4922 711599999999999999
125135144148144132113 89 67 49 40 43 57 7910512914815615514513011610710627 814KN 3 41481721157999999999999991016 40224010599999999999999
112125140152156149133108 80 55 38 33 41 62 90119143159161153136118103 9627 815KN 3551561744162999999999999991052 3323 8 9699999999999999
100113131149161162151128 98 67 42 29 31 47 74106136157166160144122102 8927 816KN 43516318 7166999999999999991124 282335 8799999999999999
 88 99118141160169165146118 84 53 33 27 37 60 93126152167166152129105 8627 817KN 5121691828169999999999999991152 26999999999999999999999
 78 85103127151168172161137104 70 43 29 32 51 81115145165171160138111 8727 818KN 547173184917199999999999999 0 3 781219 2899999999999999
 72 72 86110137160173170153123 89 59 39 34 46 72105137162172167148120 9227 819KN 621174191017299999999999999 031 711246 3499999999999999
 71 64 71 91118146165172163140110 78 54 43 48 67 9612915617117115613010127 820KN 656172193017399999999999999 1 0 641312 4299999999999999
 75 60 60 74 98126151165166152127 98 73 57 55 67 9112014816717216314111227 821KN 732167195117299999999999999 131 581338 5499999999999999
 84 63 55 61 79104131151160156140117 93 74 67 73 9011414016017016615012427 822KN 811160201317099999999999999 2 5 5514 4 6799999999999999
 96 72 57 54 64 83108131146151145130111 94 84 83 9311113215216416515513627 823KN 856151203716699999999999999 242 531433 8299999999999999
110 85 65 55 55 66 85106125137141136125112102 9810111212714315616115714427 824KN 95314121 516199999999999999 327 5415 4 9899999999999999
125103 81 65 56 57 66 81 9911512613213112612011511411812513614615215414927 825KN1122132214315499999999999999 426 55154411499999999999999
137121102 83 68 58 55 60 72 8710211612613213313213012812813113614114514727 826KN1354133225914799999999999999 549 55171912899999999999999
144137125108 89 71 57 49 49 58 72 9111012713914514514213613112812813213827 827KN1537146999999999999999999999 728 48202612899999999999999
144147144135118 97 73 52 39 35 42 60 8411013415015815714913712511711612227 828KN 1 9147162115999999999999999 850 35214011699999999999999
133146155157148129102 72 44 26 21 31 54 8511814616416916314712811110110227 829KN 242157165616999999999999999 950 21222410099999999999999
114132152167171161137104 67 35 15 13 28 57 94132161176175160136111 92 8427 830KN 3481711727178999999999999991039 1123 3 8499999999999999
 90109136162179183169140101 60 28 10 13 35 70112149174183173149119 90 7227 831KN 4431841757183999999999999991122  92340 6899999999999999
 69 82109141170188189171137 95 55 26 15 25 53 92133166184182163131 97 6927 9 1KN 53319118251869999999999999912 2 15999999999999999999999
 55 59 80111147175191187166130 89 54 32 29 46 78117154178186174146110 7627 9 2KN 620192185218699999999999999 017 541238 2899999999999999
 52 45 55 81115150176186179155121 86 59 46 52 73106141169183179158126 9027 9 3KN 7 6186191718499999999999999 055 451312 4699999999999999
 60 42 42 57 85119149170176166143114 87 70 66 7810213115917617916614010727 9 4KN 751176194118099999999999999 132 401343 6699999999999999
 75 51 41 45 64 91120145159161151132110 93 85 8910412614916717416815012227 9 5KN 83816220 317499999999999999 211 401411 8599999999999999
 93 67 50 46 53 71 9411813614614613812511210310211012414215716616515413427 9 6KN 930147202516799999999999999 252 46143610299999999999999
110 86 67 56 54 62 77 9511212513313413012311811511812613614715515715214127 9 7KN1041134204915799999999999999 339 54145911599999999999999
124105 87 73 65 63 68 78 9110411512312712812712712712913313914414614614127 9 8KN13 1128211914699999999999999 443 63152312699999999999999
132120107 93 81 73 69 70 75 84 9510711812713213513613413313213313413513527 9 9KN1539136225913599999999999999 619 69191513299999999999999
134131124113101 88 77 69 66 68 77 8910512013314114414213613012412112212527 910KN16 2144999999999999999999999 8 3 66212012199999999999999
130135135131121107 90 75 63 58 61 72 8911012914315014914213111911110911227 911KN 141136162315199999999999999 9 8 58215310899999999999999
121132141144140127108 87 67 54 50 57 73 96121142154157150135118104 97 9827 912KN 256144164415799999999999999 952 502219 9699999999999999
108124140151154146128103 78 56 45 46 59 82110137156163158142121101 87 8427 913KN 34515417 5163999999999999991026 432244 8499999999999999
 93111132151162161147123 93 66 47 40 49 70 99129154167165151127102 82 7327 914KN 4241631725168999999999999991056 402310 7299999999999999
 77 94119144163170163142113 81 55 42 43 60 88120149168172160136107 80 6427 915KN 5 01701744172999999999999991123 402336 6199999999999999
 62 76101130157173174160133100 70 50 44 55 79111143166175168146115 84 6027 916KN 53517518 4175999999999999991150 44999999999999999999999
 51 59 80111142167177172151121 89 64 51 55 74103135162176174156127 92 6327 917KN 610178182417899999999999999 0 3 511216 5099999999999999
 46 45 61 89122153172176164140110 82 64 60 72 97127155173177165138104 7127 918KN 645177184417899999999999999 032 431243 6099999999999999
 47 38 45 68 99132158172170154129102 80 71 76 94119147168176170149118 8427 919KN 72317319 617799999999999999 1 3 381310 7199999999999999
 55 38 37 50 76108137158166160142120 99 86 84 9511513815917217115713210027 920KN 8 3166192817399999999999999 136 351337 8499999999999999
 70 47 37 41 58 83112136152155148133116103 9710111313115016316716014311727 921KN 849156195316899999999999999 214 3714 6 9799999999999999
 89 64 47 41 47 64 8611012914114413912911911211111712814115315915814813127 922KN 950144202116099999999999999 259 41143911099999999999999
109 86 66 53 48 53 65 8310211812913513513112712412412813414214815014814027 923KN112813521 215099999999999999 4 1 48152612399999999999999
127110 92 75 61 54 54 61 74 9010612013113713813713513213113213413613914027 924KN14 3138225114099999999999999 530 53181513199999999999999
137131119103 85 69 56 50 52 62 78 9811713414514914814113312512011912313027 925KN1512149999999999999999999999 715 50204011999999999999999
137142141133117 96 73 54 43 42 52 71 9712214315716015314012411010210211127 926KN 123143154916099999999999999 835 41212910199999999999999
125141153156148129102 74 49 35 34 48 73104134157168166152130107 89 81 8627 927KN 248156161916999999999999999 932 3322 7 8199999999999999
102126149166171160137104 71 44 31 34 53 84120151171176165141111 83 65 6227 928KN 3491711647176999999999999991019 302242 6299999999999999
 75100131160178181167139102 67 42 33 43 68104140168181177155123 88 59 4527 929KN 4411821715182999999999999991059 332318 4499999999999999
 49 70102138169186186167136 98 66 46 44 60 90127159180184168138100 64 3927 930KN 5291881741185999999999999991136 422353 3199999999999999
 32 43 71108146175188183161129 95 68 56 62 83115149174185178153116 77 442710 1KN 61418918 6185999999999999991211 56999999999999999999999
 26 27 45 78116151175183174151121 93 75 72 84108138165181181164133 95 592710 2KN 658183183018399999999999999 028 241243 7199999999999999
 33 23 30 54 87122152170173162140116 96 86 90106130155173179170146113 782710 3KN 742174185417999999999999999 1 4 231313 8699999999999999
 48 30 28 40 65 96126149161160148131113102100108125145162172169154128 972710 4KN 826162191717299999999999999 140 271341 9999999999999999
 68 46 36 38 53 761021251421491471371251151101131221361511611631551371142710 5KN 914149194116399999999999999 218 3514 911099999999999999
 89 67 52 47 51 64 831031201321371361311241191191231311401491521501401252710 6KN101613820 715299999999999999 3 1 47144011899999999999999
106 87 72 61 58 62 72 861011141231291311301271261251281321361391401371302710 7KN12 0131204014099999999999999 356 58153412599999999999999
119106 92 80 72 68 69 74 84 951071181261321341331311281261251261271281272710 8KN1412134222112899999999999999 518 6719 412599999999999999
125120111101 90 79 72 70 72 79 911041181301381401381321251181131121151192710 9KN15 1140999999999999999999999 7 2 70204711299999999999999
124127126120109 96 82 72 66 67 76 90108125139146146139127114104 98 99106271010KN 115127152914799999999999999 819 662121 9899999999999999
117128135135129115 98 80 67 61 64 76 95117137150154147133115 98 86 84 90271011KN 235136155315499999999999999 910 612148 8399999999999999
104121137146145135117 95 74 61 58 66 84108132151160156142120 97 78 69 72271012KN 327147161416099999999999999 947 572214 6999999999999999
 87109131149157152137113 88 68 57 59 74 98125149163164152128100 74 58 55271013KN 4 91571635166999999999999991020 562240 5499999999999999
 67 90118144162166156134107 81 63 58 68 89117144164171162139107 76 51 41271014KN 4471661656171999999999999991050 5823 7 4199999999999999
 47 69 99131158171170154128 99 75 63 66 82109138162174170150119 83 52 33271015KN 5241731717174999999999999991120 622336 2999999999999999
 31 46 76111145168176169148119 92 74 69 79101129156173176161133 96 59 32271016KN 6 11761739177999999999999991149 69999999999999999999999
 21 28 52 86123155173176163139112 89 78 80 96121147168177169146112 74 40271017KN 63917718 317799999999999999 0 7 211219 7799999999999999
 20 17 32 61 97133159172170154130107 91 87 95114138160173173157129 92 57271018KN 719173182917599999999999999 040 161250 8699999999999999
 29 16 20 40 70105137158166160144124106 97 99110129149165170163142112 78271019KN 8 3166185617099999999999999 117 161322 9699999999999999
 48 27 20 28 49 78109135151156150136121110106111123139153162162150129101271020KN 854156192716399999999999999 158 20135810699999999999999
 72 48 32 28 37 56 81106128141145142133124117116120129140149153150139121271021KN 95914520 515399999999999999 248 28144311699999999999999
 98 75 55 42 38 45 59 79100119132138139135129124122124128134139141139132271022KN113113921 714199999999999999 352 3816 712299999999999999
120103 84 67 53 47 49 59 75 93112127137141140135129123119118120124129132271023KN1315141232213299999999999999 516 47184611899999999999999
131125114 98 80 64 53 51 57 70 89110128142148146139127115105101102109120271024KN1418148999999999999999999999 649 50201610099999999999999
130137136128112 91 71 57 50 55 69 91115136151156151137118 99 85 80 84 97271025KN 127137145815699999999999999 8 5 5021 4 8099999999999999
115134147150142124100 76 58 51 57 74 99126149162162149127101 77 62 59 69271026KN 247150153116399999999999999 9 4 512143 5899999999999999
 90117142158162153131104 78 60 54 64 85114142162170162141111 79 53 40 43271027KN 34816316 117099999999999999 952 542220 3999999999999999
 61 90123151169171159134105 79 63 62 76102131158173173156126 89 55 31 24271028KN 4391721629175999999999999991034 612256 2499999999999999
 34 60 95131161176175159132103 80 70 75 93121149170178168142106 67 35 16271029KN 5271781657178999999999999991112 702331 1499999999999999
 16 33 65104140167178173154127101 84 80 90112139163176175157124 85 48 20271030KN 6111791724178999999999999991147 79999999999999999999999
  9 16 40 75114147169175166146121100 89 91106128152170176165140105 67 34271031KN 653175175217699999999999999 0 6  91221 8999999999999999
 14 11 25 52 87122150166167155136116101 97104120141160170168151123 88 542711 1KN 735168181917199999999999999 041 101253 9699999999999999
 28 16 20 37 66 98128149159156144127112104104114131148161164156135107 762711 2KN 816159184816499999999999999 117 16132510399999999999999
 48 30 25 32 52 78106129145150145134121111107111122136148155153141121 952711 3KN 859150191815699999999999999 154 25135910799999999999999
 69 49 37 36 46 64 871091271381411361271181121121161251351431451401281102711 4KN 949141195214599999999999999 235 35144011199999999999999
 89 69 55 47 49 58 74 921101241321341311251191151141171221281331331281192711 5KN1052134203613499999999999999 321 47154311499999999999999
105 89 74 63 58 59 67 79 941091211291321311261211161131121141181211221202711 6KN1211132215812299999999999999 419 57173811299999999999999
114105 94 82 72 67 66 72 82 941081211301341341291211131061021021051101152711 7KN1322135999999999999999999999 534 66193310199999999999999
117116111102 91 80 73 70 74 83 96111125135140137129117104 93 87 87 931032711 8KN 016117141014099999999999999 656 702029 8799999999999999
113121123120111 98 85 76 72 75 85101118134144146139125107 89 76 71 74 852711 9KN 157123144414699999999999999 8 3 7221 6 7199999999999999
101117129134130118103 87 76 72 78 91110129145152149135114 90 69 56 55 65271110KN 3 2134151215299999999999999 855 722137 5499999999999999
 84106127141145138123104 87 76 74 83101122142155157146124 96 68 47 38 43271111KN 351145153915899999999999999 938 7422 8 3899999999999999
 61 88117140154155144125103 85 76 79 93114137155163157137107 74 44 26 23271112KN 43415616 5163999999999999991016 762239 2299999999999999
 37 64 97129153164161145123100 84 79 87106129151165166151123 86 50 22 10271113KN 5151651632167999999999999991052 792312 1099999999999999
 15 38 71109142163170162143118 97 85 86 98120144163170163140105 65 30  6271114KN 55617017 1170999999999999991128 842348  099999999999999
  1 14 43 81120151169171158137114 96 89 94111134155169170155125 87 47 15271115KN 63817217331719999999999999912 4 89999999999999999999999
 -2 -1 18 51 90127155168166152130110 97 95104122144162170164143111 72 35271116KN 72116918 717099999999999999 026 -41241 9499999999999999
  8 -3  4 26 60 98131154163159144125109100102113131149162165155132 99 63271117KN 8 8163184416599999999999999 1 8 -31321 9999999999999999
 31 10  3 12 36 68102131150156150137121109104107118133148157156144121 92271118KN 859156192715899999999999999 155  314 710499999999999999
 61 34 17 13 24 45 74104128144148143132120110106109118129140146145134115271119KN 957148202014799999999999999 246 1315 510699999999999999
 91 65 43 29 27 36 54 79104125139143140131120111105106111119127133134128271120KN11 1143213613599999999999999 344 26162810599999999999999
114 96 75 56 44 41 47 62 83105124137142139131119108 99 96 97104112121126271121KN12 8142232612699999999999999 451 401811 9699999999999999
125118105 88 71 59 54 57 69 88108126139144141131116100 87 80 80 86 98111271122KN13 6144999999999999999999999 6 5 541933 7999999999999999
122128126117102 86 72 65 66 77 94114132144148143128109 88 70 61 60 70 86271123KN 117128135414899999999999999 719 642031 5999999999999999
106124135137129115 97 82 73 74 84102122140152152142122 96 71 51 41 43 58271124KN 242137143515399999999999999 826 732118 4099999999999999
 81106129144148140124105 89 80 81 93112133150158154138111 80 52 31 24 32271125KN 348148151215899999999999999 922 792159 2499999999999999
 52 81112138154156147129109 92 85 89102123144158162152129 97 62 33 15 13271126KN 4421571547162999999999999991011 852238 1299999999999999
 27 54 87121147161161149129108 94 89 96113134153164162145116 80 44 17  5271127KN 5301631621165999999999999991054 892315  499999999999999
  9 29 61 97131155165161146125105 94 93104123144160165157134100 63 30  8271128KN 6121661655166999999999999991133 922352  199999999999999
  1 12 38 72109140159164156138118101 94 98112132151163162148120 84 48 19271129KN 65116517281649999999999999912 8 94999999999999999999999
  4  4 21 50 86120146159159147128110 98 95104120139155161155135105 70 38271130KN 72816118 116199999999999999 028  21242 9599999999999999
 15  6 13 34 65 98128148155150136118103 96 98109126143155156144121 90 592712 1KN 8 4155183515799999999999999 1 3  61316 9599999999999999
 32 16 14 26 50 79109133147149140125110 99 95101114130143150146131107 792712 2KN 839149191015099999999999999 138 131351 9599999999999999
 52 31 22 25 41 65 92117135143141131117104 96 96103115129138141134118 962712 3KN 916143194814199999999999999 214 221432 9599999999999999
 72 50 36 32 39 56 78102122135139134124111101 95 961031131231301301231082712 4KN 955139203213199999999999999 251 321522 9599999999999999
 89 70 54 45 45 53 70 89109125134135129119108 99 93 93 981061141191191132712 5KN1039135213212099999999999999 331 431629 9399999999999999
102 88 73 62 56 58 67 81 98114127133133127117106 95 89 87 89 961031091112712 6KN112913423 211199999999999999 417 561753 8799999999999999
109102 92 81 72 68 70 77 90104118129134134127115101 89 79 75 77 84 931022712 7KN1222135999999999999999999999 514 681911 7599999999999999
109111108101 92 83 79 79 85 96109122133137135126111 94 77 65 60 63 72 862712 8KN 055111131213799999999999999 626 7820 9 6099999999999999
100112118118112103 93 87 86 90101114128138141136123103 81 61 47 43 49 642712 9KN 227119135614199999999999999 743 852054 4399999999999999
 84104121130130123112100 92 89 94106120135144146136117 92 65 42 28 27 39271210KN 334131143714699999999999999 849 892134 2699999999999999
 61 87113133142142132118103 93 91 98111128143151149134108 76 45 21 10 14271211KN 426143151615299999999999999 944 912214 1099999999999999
 33 62 94124145154150137119103 93 93102119138152157150128 96 59 26  3 -4271212KN 5121541555157999999999999991032 922255 -499999999999999
  6 31 66104135155162154137117100 92 95108127147160161148120 83 43  9-11271213KN 5551621636162999999999999991115 922337-1599999999999999
-13  3 34 74113144162164153133112 97 91 98114136155165162143111 70 29 -2271214KN 6391651718166999999999999991157 91999999999999999999999
-19-16  6 41 83122150164162148127106 93 91101120142159166159136101 59 21271215KN 72216518 216699999999999999 021-201239 9199999999999999
 -7-19-11 14 51 92128153162157140118100 90 91104123144159163153128 92 53271216KN 8 5162184816399999999999999 1 6-191323 8999999999999999
 18 -5-12  0 27 63101133153157148131110 94 87 90104122141154155144119 86271217KN 849158193815699999999999999 152-121411 8799999999999999
 52 22  4  2 16 43 77110136150151140122103 89 83 88100117133143144133112271218KN 932152203414599999999999999 238  115 4 8399999999999999
 84 56 33 20 21 36 61 90118138147144132114 97 84 79 82 92106121130132124271219KN1015147214213299999999999999 325 1916 8 7899999999999999
108 87 65 48 40 42 56 78102124138143138125108 91 78 71 72 80 93106116121271220KN105914323 912199999999999999 415 391722 7199999999999999
118108 94 78 66 60 63 75 92111128139141135121104 86 71 62 60 66 77 91105271221KN1146141999999999999999999999 510 601842 6099999999999999
114117113105 94 84 79 81 89102117131139140133118 99 79 61 50 46 51 63 80271222KN 057117123714099999999999999 616 791954 4699999999999999
 98112121122117108 99 93 93 98108121133140140132116 94 71 50 36 32 38 53271223KN 242122133114199999999999999 737 922054 3299999999999999
 74 97116129133129120109101 98102111124136143142132112 87 60 37 23 20 29271224KN 359133142414499999999999999 856 982144 2099999999999999
 49 75102124138142137126113103 99103113127140147144130107 77 48 24 11 12271225KN 45414215141479999999999999910 0 992228 1099999999999999
 26 51 81111134147149140125110 99 96103116132145150144126 98 66 35 12  3271226KN 53715016 0150999999999999991048 9623 8  399999999999999
  9 28 58 92123144154150137119103 93 94104121138150153142119 87 52 22  3271227KN 6131541641153999999999999991127 922344 -199999999999999
 -1 12 37 71105134151155146128109 94 88 93108127145154152135107 73 38 12271228KN 64515517191559999999999999912 1 88999999999999999999999
 -1  2 20 51 86119143154151136116 97 86 85 96114134150155147125 93 58 26271229KN 715154175515599999999999999 018 -21233 8499999999999999
  6  0 10 35 68102131148152142123103 87 80 85100120139151151137112 78 45271230KN 744152183015399999999999999 051  013 4 8099999999999999
 19  6  8 25 53 87117140149145130109 90 79 78 87105125141149143125 97 65271231KN 81014919 514999999999999999 122  51335 7799999999999999
