 75 69 67 70 79 93108122130132128117103 88 74 63 58 58 62 70 77 83 87 8827 1 1KR 84813323 8 8899999999999999 155 671629 5799999999999999
 87 85 84 85 89 97108120130135134127115 99 83 67 54 47 46 50 58 69 78 8727 1 2KR 920135999999999999999999999 218 841741 4699999999999999
 93 97 99 99 99103109117126132135133125113 96 77 59 45 37 36 41 52 65 8027 1 3KR10 41359999999999999999999991841 35999999999999999999999
 93103109111111110111115121127133135133124111 92 71 51 35 27 27 35 50 6827 1 4KR 3 811111 113599999999999999 5 21101929 2699999999999999
 86102114120120117115114116121128133136133124108 86 62 41 25 19 21 33 5227 1 5KR 33612012 313699999999999999 6471142012 1899999999999999
 74 95112123126124119115113115120128135138134122103 78 52 30 16 12 19 3527 1 6KR 4 5126125913899999999999999 7591132051 1299999999999999
 58 83105120128128124117111110113121130138140134118 95 67 41 20  9  9 2127 1 7KR 433129134714199999999999999 8501102128  899999999999999
 42 68 93113126130126119111106106112122133141141131111 84 55 30 12  6 1127 1 8KR 5 0130142914299999999999999 92910522 2  699999999999999
 28 53 80103120128127121112104100103112125136142138123100 72 43 21  8  727 1 9KR 52612815 71429999999999999910 41002233  699999999999999
 19 40 67 93113124127122113103 96 96101113127137139131113 87 59 33 16  927 110KR 5501271544140999999999999991038 9523 1  999999999999999
 15 32 56 82105120126124115104 94 90 92101114127134133121100 74 48 28 1727 111KR 6121261620135999999999999991112 902328 1599999999999999
 17 29 49 74 98116125125118106 94 86 84 89100113124128123109 88 64 43 2827 112KR 6321261658128999999999999991149 842352 2499999999999999
 24 31 47 69 93112123126121110 97 85 79 79 85 97109118119112 98 79 59 4427 113KR 6511271740120999999999999991230 78999999999999999999999
 37 39 50 68 89109122128125115102 88 77 72 73 81 92103109109102 90 75 6127 114KR 7 9128183111099999999999999 016 361316 7299999999999999
 53 51 58 71 89107121129128121108 93 79 69 65 66 74 83 93 99100 96 87 7827 115KR 728129193910099999999999999 040 511412 6599999999999999
 70 67 70 79 92107120129131127116101 86 72 61 57 57 63 72 82 89 93 93 9027 116KR 7491312128 9399999999999999 1 2 671520 5699999999999999
 87 84 85 90 98109120129133132124112 97 80 65 53 47 46 51 59 70 80 89 9427 117KR 814133999999999999999999999 119 841639 4599999999999999
 98 99100103107113121128134135131123111 95 77 59 45 35 32 36 46 60 74 8827 118KR 8481359999999999999999999991755 32999999999999999999999
 99108113115117119123127132135136133125112 95 75 53 35 22 18 22 34 52 7227 119KR 94213699999999999999999999919 1 18999999999999999999999
 91107118124125125125126128132136138136130116 97 72 47 25 10  5 10 26 4827 120KR11111389999999999999999999991958  5999999999999999999999
 73 97115127131130127124123125130136141142135120 98 69 40 15 -1 -5  4 2427 121KR 415131123814299999999999999 7491232049 -599999999999999
 51 80105123132133128122117116119126136144147139122 96 64 32  7 -8 -9  427 122KR 438133134614799999999999999 8491152134-1099999999999999
 29 60 90113128133130121112106105111123136147149140120 91 58 26  2 -8 -527 123KR 5 2133144314999999999999999 9351052214 -999999999999999
 14 42 74102122132131122109 98 93 94104119135146147136114 84 51 22  4 -127 124KR 5251321534148999999999999991017 922250 -299999999999999
  8 31 61 92115129132125111 95 84 80 85 97115131141139127105 76 47 24 1227 125KR 5461321623142999999999999991059 802322 1199999999999999
 14 29 54 84110127133129116 98 82 71 69 77 92110124131128115 94 69 46 3127 126KR 6 51331712132999999999999991142 692350 2799999999999999
 27 35 54 80105125135134123105 86 70 61 62 71 86103115119115103 86 67 5127 127KR 62413618 1119999999999999991226 60999999999999999999999
 44 47 59 80103123135138130115 95 76 62 55 58 67 81 94104107103 93 81 6927 128KR 644138185610799999999999999 014 441314 5599999999999999
 62 61 69 83102121134140136124107 87 70 57 53 55 63 74 85 92 95 93 89 8227 129KR 7 614020 6 9599999999999999 034 6114 9 5299999999999999
 78 76 80 90103118131139139131117100 82 67 56 51 52 58 66 75 82 87 89 8927 130KR 731140999999999999999999999 047 761518 5199999999999999
 89 90 92 97106116126134138135126112 97 81 67 56 49 48 52 58 67 75 83 9027 131KR 8 21389999999999999999999991644 48999999999999999999999
 95 99102106110115122128132133130122111 97 81 66 54 45 42 44 50 60 72 8427 2 1KR 84313399999999999999999999918 8 42999999999999999999999
 95104110113115116118121125128129127121111 98 82 65 49 39 34 36 44 57 7327 2 2KR 9541299999999999999999999991912 34999999999999999999999
 90104114119120118116116117120124127128123114 98 79 59 42 30 25 29 41 5927 2 3KR 347120113612899999999999999 65211620 0 2599999999999999
 79 98113121124121116112110111116123129131126114 96 73 50 32 20 19 27 4327 2 4KR 356124125113199999999999999 8 51102040 1899999999999999
 66 88107120125124117109104102106114125133134128112 90 64 40 22 13 16 3027 2 5KR 414126134413599999999999999 8471022115 1399999999999999
 51 76 99116125125119109100 94 95103115128137136125106 80 52 29 14 11 2027 2 6KR 432126142713899999999999999 920 942146 1199999999999999
 39 65 90111123126121110 97 88 85 91103118132138134119 96 68 41 21 12 1627 2 7KR 45012615 713899999999999999 952 852213 1299999999999999
 31 55 82105120126123112 97 84 77 78 88104122134137128110 84 56 33 19 1827 2 8KR 5 61261545137999999999999991023 772239 1799999999999999
 28 49 75100118127125115 99 83 72 68 74 88107124133132120 99 73 49 31 2527 2 9KR 5221271623134999999999999991054 6823 2 2599999999999999
 30 47 70 95116127128120104 85 70 61 62 72 89108123129124109 88 65 47 3727 210KR 53712917 3129999999999999991126 602324 3699999999999999
 38 50 69 93114127131125110 90 72 58 53 58 71 90107119122115100 81 64 5227 211KR 55213117471229999999999999912 0 532345 4999999999999999
 50 57 72 92112127133129117 98 77 60 50 49 56 71 88103112113106 94 80 6827 212KR 6 71331836113999999999999991238 48999999999999999999999
 64 67 78 94112127135134124107 87 67 53 45 46 54 68 83 95103104 99 91 8327 213KR 623135193810499999999999999 0 4 641323 4599999999999999
 79 80 87 99113126135136130117 99 79 62 49 43 44 51 62 74 85 92 95 95 9327 214KR 6421372123 9699999999999999 019 791423 4299999999999999
 92 93 97105115126134137134125112 95 77 61 49 41 40 43 51 62 73 83 90 9527 215KR 7 5137999999999999999999999 013 921548 3999999999999999
 99103107112118125131135135131122110 96 80 63 49 38 33 33 39 49 62 76 8927 216KR 7351359999999999999999999991728 32999999999999999999999
100108114118121124127129131131128123114101 85 67 48 33 23 21 26 38 55 7427 217KR 8321319999999999999999999991849 21999999999999999999999
 92107117122124123122121122124127128127121109 91 69 46 26 13 10 17 33 5527 218KR 359124111012899999999999999 6551211949 1099999999999999
 79100115124126122117112110111116124131133129116 94 68 41 18  5  4 15 3627 219KR 347126125313399999999999999 8 81102037  399999999999999
 62 89110123127123114104 98 96100110123134139134119 94 64 35 13  3  5 2127 220KR 35912714 013999999999999999 849 962118  299999999999999
 47 76102120128126115101 88 80 81 90106123137142135117 90 59 31 12  7 1627 221KR 416128145514299999999999999 927 802153  799999999999999
 37 66 95117128129119102 83 70 64 69 83103124137140131111 83 54 30 18 1927 222KR 43313015451409999999999999910 3 642225 1799999999999999
 34 59 88113129133125107 85 66 53 51 61 79102122134134123102 76 52 35 3127 223KR 4491331632135999999999999991040 512252 3099999999999999
 39 58 85110129136131116 93 69 51 42 44 57 78101118127125113 93 72 54 4627 224KR 5 61361718127999999999999991117 412316 4599999999999999
 48 62 84108128138137125104 79 56 41 36 42 58 79 99113118114103 87 72 6227 225KR 52413918 4118999999999999991155 362338 6099999999999999
 61 69 85106126138141133115 92 67 48 37 36 45 61 79 95105108104 95 84 7627 226KR 5451411854108999999999999991234 352355 7399999999999999
 73 78 89105122135141137124105 82 61 45 38 40 49 62 77 89 97 99 96 91 8727 227KR 6 71411955 99999999999999991319 38999999999999999999999
 84 86 94105118130137138130115 96 76 60 48 43 45 52 62 72 82 88 92 93 9227 228KR 632139999999999999999999999 0 4 841414 4399999999999999
 93 95 99106115124131133130121108 92 76 62 53 48 47 51 58 66 74 82 88 9327 3 1KR 7 01339999999999999999999991535 47999999999999999999999
 98101105109113118123126126122115104 92 79 67 57 49 46 46 51 59 68 79 8927 3 2KR 7351269999999999999999999991721 45999999999999999999999
 98105109112113114115116118118117113105 96 84 70 57 47 40 39 44 53 66 8127 3 3KR 8481189999999999999999999991841 39999999999999999999999
 94105112115114112109107108110113115114109100 86 70 54 40 32 32 39 52 6927 3 4KR 315115111611599999999999999 7121071934 3199999999999999
 87102113118117111104 99 97 99105112118119114102 85 65 46 32 25 28 39 5727 3 5KR 318118124311999999999999999 759 972014 2599999999999999
 78 97111119119112102 93 87 87 93103114122124117101 81 58 38 25 22 29 4627 3 6KR 330120133912499999999999999 832 862047 2299999999999999
 68 90108119121114102 89 78 74 78 89105119127127116 97 73 49 31 22 25 3827 3 7KR 343121142512899999999999999 9 1 742117 2299999999999999
 59 84105118123117104 87 72 63 63 73 90109124131127112 90 65 42 29 26 3527 3 8KR 35612315 713199999999999999 930 622144 2699999999999999
 54 78101118125121108 89 70 56 51 56 72 93114128132124106 82 58 41 33 3727 3 9KR 410125154813299999999999999 959 5122 9 3399999999999999
 52 74 98117126125114 94 71 52 41 42 53 74 98118129129118 98 76 56 45 4427 310KR 4241271629131999999999999991028 402233 4399999999999999
 54 73 96116128130120101 77 54 37 32 38 55 78102120127124111 92 73 59 5527 311KR 4381301711127999999999999991059 322255 5599999999999999
 61 75 95115129133127110 86 61 40 28 27 38 58 82103117122116103 88 74 6827 312KR 4531331756122999999999999991132 262316 6799999999999999
 70 80 96114129136132119 98 72 48 31 24 28 41 61 83101111113108 98 87 8027 313KR 51013618461149999999999999912 9 242333 7999999999999999
 80 87 99114128136136127109 86 62 42 29 25 31 44 61 79 94102104101 96 9127 314KR 5291371951104999999999999991253 252343 9099999999999999
 90 94103114126134137132119101 79 58 41 31 29 33 44 57 72 84 92 96 97 9727 315KR 5511379999999999999999999991351 28999999999999999999999
 98101106114123130134132125112 96 78 61 46 36 32 33 40 50 62 74 84 92 9727 316KR 6161349999999999999999999991516 32999999999999999999999
102106110114119123126127125119109 97 83 68 54 42 33 30 33 41 53 66 80 9227 317KR 64812799999999999999999999917 3 30999999999999999999999
102109113115115116116117117117115110102 91 77 60 44 32 25 25 33 47 65 8227 318KR 8181179999999999999999999991826 24999999999999999999999
 98109115116113109105102103106110114115110100 84 65 44 29 20 21 31 49 7027 319KR 243116113911599999999999999 7201021924 1999999999999999
 91107116118114105 95 88 85 88 96107116121118108 89 66 43 26 19 23 37 5927 320KR 247119131012199999999999999 759 852010 1999999999999999
 83103117121117105 90 76 68 68 75 90106120127124111 90 64 41 27 23 31 5027 321KR 3 0121141312799999999999999 834 672048 2399999999999999
 75 99116125122110 90 71 56 49 53 67 87108124130126111 87 62 42 32 34 4727 322KR 31612515 613099999999999999 9 8 492122 3199999999999999
 70 95116127128117 97 72 51 37 35 44 63 88111126130124107 84 62 47 42 5027 323KR 332129155513199999999999999 943 342152 4299999999999999
 68 91114129133125106 80 54 33 24 27 41 65 91113125127118101 81 64 55 5727 324KR 3501331640128999999999999991017 232219 5499999999999999
 69 89112129137133117 92 64 38 22 17 25 44 70 94113122121111 95 79 69 6627 325KR 4 91371724123999999999999991051 172244 6699999999999999
 74 89109127138138127105 78 50 28 17 18 30 51 75 96111117114104 91 81 7627 326KR 43114018 8117999999999999991125 1623 7 7699999999999999
 79 90106123136140133117 92 65 41 25 19 24 38 58 79 96106109106 98 90 8527 327KR 45414018551099999999999999912 1 192328 8499999999999999
 85 92103118130137135124105 81 57 38 27 25 32 46 63 80 92100102100 95 9227 328KR 5191381953102999999999999991241 252342 9199999999999999
 91 95102112123131133127113 95 74 55 41 33 34 40 51 64 77 87 93 96 96 9627 329KR 5461339999999999999999999991329 33999999999999999999999
 96 98102108116122125124117104 88 72 57 47 41 40 45 52 62 72 81 88 93 9727 330KR 6151269999999999999999999991436 40999999999999999999999
100102104106110113116117114108 98 86 74 62 53 46 44 45 50 58 68 78 87 9527 331KR 6491179999999999999999999991613 43999999999999999999999
101105106106106105105106107106103 97 88 78 68 57 48 43 42 46 54 66 78 9027 4 1KR 228106 8 010799999999999999 5101051742 4299999999999999
100106109108104 99 95 94 95 98101101 99 93 84 72 59 47 40 38 43 54 68 8427 4 2KR 2 8109104910199999999999999 658 941843 3899999999999999
 98107111110104 95 87 82 81 85 92100104104 99 88 73 57 44 37 37 45 59 7727 4 3KR 215112122910599999999999999 735 811927 3699999999999999
 94107113113106 93 81 71 67 70 79 91103110111103 90 72 54 41 36 40 53 7127 4 4KR 226114133311199999999999999 8 4 6720 4 3699999999999999
 90106115116109 95 77 62 53 53 61 77 94109117116106 89 69 52 42 41 50 6627 4 5KR 238117142311899999999999999 833 522036 4099999999999999
 86105117120114 99 78 58 43 37 43 58 79101116123120106 87 68 53 47 51 6427 4 6KR 25212015 912399999999999999 9 2 3721 7 4799999999999999
 83103118124120106 83 59 38 26 26 37 59 85108122127120105 85 68 58 57 6627 4 7KR 3 7124155312799999999999999 931 242135 5699999999999999
 82102118128126114 92 65 39 21 14 20 38 64 91113125127118101 84 71 66 7127 4 8KR 32312816371289999999999999910 3 1422 2 6699999999999999
 83101118130132123103 76 47 23  9  8 19 42 70 96115125123113 98 85 77 7827 4 9KR 3411321722125999999999999991036  72227 7699999999999999
 86101117130136131115 90 61 33 13  4  8 24 48 74 98113120117108 96 88 8627 410KR 4 11361810120999999999999991112  42249 8699999999999999
 90101115129137136125105 78 50 25 10  5 12 29 52 76 95108112110103 96 9327 411KR 42413819 5112999999999999991152  523 8 9399999999999999
 95102113125134137131117 95 69 44 24 13 11 19 34 54 74 90100104104101 9827 412KR 4511372019105999999999999991240 102323 9899999999999999
 99103111120128133132123108 88 66 45 29 19 18 25 37 53 69 83 93 9910110127 413KR 5201339999999999999999999991339 18999999999999999999999
102104108113119124126123115102 85 67 51 37 28 25 28 37 50 65 78 89 9710227 414KR 5561269999999999999999999991458 25999999999999999999999
104105106107109111113114112107 98 87 74 60 46 36 30 31 37 49 63 78 9110027 415KR 6521149999999999999999999991628 30999999999999999999999
106108107104100 98 97 98100102102 99 93 82 69 55 42 34 32 38 50 66 83 9727 416KR 1 4108 92910299999999999999 553 971743 3299999999999999
107111110104 95 86 81 79 81 87 95101103100 92 78 62 47 38 36 43 57 75 9327 417KR 115111115910399999999999999 654 791841 3699999999999999
107114115108 95 80 68 61 60 66 78 91103109108 99 84 66 51 42 43 52 69 8827 418KR 133116132310999999999999999 734 591928 4199999999999999
106117120115100 81 62 47 41 44 56 73 92107115114105 88 70 56 50 53 66 8427 419KR 151121142511699999999999999 811 4120 8 5099999999999999
104119126122109 88 63 42 28 25 33 51 74 96113120118107 90 73 62 59 66 8227 420KR 211126151712199999999999999 846 252045 5999999999999999
101119129130119 99 72 45 24 14 16 30 52 79102117123119106 90 76 69 71 8127 421KR 23213116 512399999999999999 920 132118 6999999999999999
 98117130135128111 85 55 28 11  6 13 32 58 85107120123117104 90 80 77 8327 422KR 255135164812399999999999999 954  62149 7799999999999999
 96113128137135122 99 70 40 17  4  5 18 40 67 92110120120112101 90 84 8627 423KR 3201381731121999999999999991028  32219 8499999999999999
 94108124135138130112 86 56 30 11  5 10 26 49 74 96110116114107 98 91 8927 424KR 34713818131179999999999999911 3  42247 8999999999999999
 94104118130137134122100 73 46 24 12 10 19 36 58 80 97108111108102 96 9327 425KR 4161371859111999999999999991139  92314 9399999999999999
 94101111122131133126111 88 64 41 24 16 18 29 46 65 82 96104105103 99 9627 426KR 4461331953106999999999999991218 162342 9599999999999999
 96 99105114122127125116100 79 58 40 28 24 27 38 52 68 82 93 99101101 9927 427KR 51712721 91019999999999999913 1 24999999999999999999999
 98 98101106112117119115105 90 73 56 43 34 32 35 44 56 69 81 91 9710010127 428KR 55011923 210199999999999999 015 981354 3299999999999999
100100100101103106109109105 96 84 71 58 48 41 38 41 47 58 70 81 91 9810227 429KR 631109999999999999999999999 13910015 1 3899999999999999
103102100 97 95 95 96 98 98 96 91 83 73 63 54 47 44 45 50 60 72 84 9410227 430KR 0 3103 747 9899999999999999 444 951618 4399999999999999
105105102 96 90 84 82 83 86 89 91 90 86 79 70 60 52 48 48 54 64 77 9010127 5 1KR 0281061011 9199999999999999 611 821725 4799999999999999
108109105 97 86 76 69 67 70 77 85 91 94 93 87 77 66 57 52 53 60 72 8610027 5 2KR 04610912 9 9499999999999999 653 671819 5199999999999999
109113110101 87 71 58 51 52 59 71 85 96102101 95 83 71 61 57 60 69 83 9827 5 3KR 1 4113132510299999999999999 727 5119 5 5799999999999999
110117116106 90 71 52 39 34 39 53 71 90104111110101 88 75 67 65 70 81 9627 5 4KR 122117142311199999999999999 758 341947 6499999999999999
111120122114 98 75 51 31 20 20 31 51 75 97112119116106 92 80 74 74 82 9527 5 5KR 141122151311999999999999999 831 192024 7399999999999999
111123127123108 85 58 31 13  6 11 28 54 81104119124120108 95 85 82 85 9627 5 6KR 2 212716 012499999999999999 9 5  62059 8299999999999999
110123132131120 99 70 40 15 -1 -3  8 30 59 87110123126120108 97 91 90 9727 5 7KR 226133164812699999999999999 941 -42131 9099999999999999
108122133137131114 88 56 26  3 -8 -6  9 35 64 91112122123117107 99 96 9927 5 8KR 2531371736124999999999999991020 -922 2 9699999999999999
107119132139138126105 76 45 17 -2 -9 -3 15 40 68 9311011811811310510010027 5 9KR 32314018291199999999999999911 2 -9223110099999999999999
105115126136140135120 96 67 38 14 -1 -5  3 22 46 71 9210711311310910410127 510KR 3571401927114999999999999991148 -523 510199999999999999
103109118128135136128111 88 62 36 16  4  3 12 29 51 73 9110310910910610327 511KR 4351362032109999999999999991237  2235110299999999999999
102104109117124128127118103 83 60 39 22 13 13 21 37 56 75 9110110610710527 512KR 5191292138107999999999999991332 12999999999999999999999
102100101104109114117115108 96 80 62 45 32 25 24 31 44 61 78 9310210710727 513KR 613117223110899999999999999 1121001433 2399999999999999
104 99 95 93 93 96 99102103 99 92 81 68 55 43 36 35 41 53 69 85 9810711027 514KR 738103231011099999999999999 328 931539 3599999999999999
109103 95 87 81 78 79 83 88 92 93 91 86 77 66 55 48 46 52 63 78 9410611327 515KR 957 93234111499999999999999 514 781643 4699999999999999
114109 99 87 74 64 60 61 67 76 85 92 95 93 86 76 66 59 57 63 75 9010411527 516KR12 9 95999999999999999999999 618 591741 5799999999999999
120117108 93 74 58 46 41 44 54 68 83 94101102 96 86 75 69 68 75 8710111527 517KR 010120133610299999999999999 7 5 411834 6899999999999999
123125118103 82 59 40 28 26 33 47 66 85100109110104 93 83 77 78 86 9811327 518KR 039125143911099999999999999 746 261922 7799999999999999
125130127114 94 68 43 24 14 15 27 47 70 91108116116109 98 89 85 87 9610927 519KR 1 8130153011799999999999999 824 1420 7 8599999999999999
123132133125107 82 54 28 11  5 11 28 51 77 99114121119111100 93 91 9510527 520KR 139134161512199999999999999 9 0  52049 9099999999999999
118130137133120 98 69 40 17  3  2 13 33 59 85106119123119110100 95 9510127 521KR 211137165612399999999999999 936  12128 9499999999999999
113126135138130112 86 56 29  9  0  4 19 42 68 93111120121115107 99 96 9927 522KR 2451381736121999999999999991013  022 4 9699999999999999
107119131137136123102 74 45 21  6  2 10 28 52 77 98112118117111103 98 9727 523KR 3191381816118999999999999991049  22239 9799999999999999
102111123132136130114 90 63 37 17  7  8 19 38 62 84101111114112106100 9727 524KR 3541361857114999999999999991125  62315 9799999999999999
 98104114124131130121103 79 54 32 17 12 16 30 49 70 89102110110107102 9827 525KR 42813219401119999999999999912 2 122355 9699999999999999
 96 98105114121125122110 92 70 48 31 20 19 26 40 58 77 9310310810810410027 526KR 5 31252025108999999999999991240 18999999999999999999999
 96 95 97103110115116111 99 82 63 46 33 27 28 37 51 67 83 9610410710610227 527KR 541117211010799999999999999 048 951319 2799999999999999
 98 94 92 93 97102106106100 90 76 61 48 39 36 39 48 61 75 9010010710810627 528KR 628106215110899999999999999 2 5 9214 2 3699999999999999
101 95 89 86 85 88 91 95 95 92 84 74 64 54 48 46 50 58 70 84 9610511011027 529KR 740 95222611099999999999999 343 851451 4699999999999999
105 98 89 81 75 73 75 79 84 87 88 85 79 71 64 59 58 61 69 80 9310411111327 530KR 935 88225711399999999999999 5 3 731550 5899999999999999
111103 92 80 68 60 58 61 68 76 84 89 90 87 82 76 71 69 72 80 9110211211727 531KR1146 90232711799999999999999 558 581652 6999999999999999
116110 99 83 66 52 43 42 47 59 72 85 95 99 99 94 87 82 80 83 9110111211927 6 1KR1323100235612299999999999999 642 411753 8099999999999999
122118108 91 70 49 33 25 27 37 53 73 90103110110104 97 91 90 9310111112127 6 2KR1429111999999999999999999999 722 251848 9099999999999999
127127119103 80 55 32 16 10 15 30 52 76 97112119118112104 99 9810211012127 6 3KR 028128152312099999999999999 8 2 101939 9899999999999999
129133130117 96 69 40 16  1 -2  7 27 54 8110411912512311610810410511011927 6 4KR 1 3133161312599999999999999 844 -2202510499999999999999
129137138131114 88 57 27  3 -9 -9  4 28 57 8610812212712411711010710911527 6 5KR 14113917 212799999999999999 928-1121 910799999999999999
125136142141130109 80 47 17 -5-14-11  6 32 62 9011112312512111510910711127 6 6KR 2231431751125999999999999991013-15215110799999999999999
118129139144140126103 72 40 11 -7-14 -7 12 39 68 9411212112211711110610527 6 7KR 3 61441837122999999999999991059-14223610599999999999999
110119130139142136120 96 66 35 10 -5 -8  2 22 48 75 9811211811811210510127 6 8KR 3521421920119999999999999991144 -8232810199999999999999
101106115126134136128112 88 61 35 14  3  3 14 35 60 84102113117113107 9927 6 9KR 4411361958117999999999999991229  1999999999999999999999
 95 95100108118124125118103 82 59 38 22 15 18 30 50 72 9310811511511010127 610KR 534126203211699999999999999 030 941312 1599999999999999
 93 88 86 90 97105111112106 95 79 61 45 34 30 35 48 66 8610311411711510727 611KR 63611221 411799999999999999 143 861355 3099999999999999
 96 86 79 76 78 83 91 96 99 96 89 79 67 56 49 48 53 66 82 9911211912011427 612KR 759 99213512199999999999999 3 6 761439 4799999999999999
104 91 78 68 63 63 68 75 83 88 90 88 83 76 69 64 65 71 82 9611012012412227 613KR10 0 9022 912499999999999999 428 631528 6499999999999999
114100 85 69 56 49 49 53 62 73 82 89 92 91 88 83 79 80 85 9510711812612827 614KR1223 92224612899999999999999 538 481624 7999999999999999
123112 96 77 58 44 36 35 42 53 67 81 92 99102 99 95 91 91 9610511512513027 615KR1358102232813199999999999999 634 351729 9199999999999999
130123109 90 68 47 31 24 25 34 49 68 85100109111109104100 9910311112012927 616KR1458111999999999999999999999 722 231836 9999999999999999
133131122105 83 58 36 20 14 18 31 51 73 9310811711911510910410310711512427 617KR 014134154411999999999999999 8 6 14193910399999999999999
132136132119 99 73 47 25 12  9 16 33 56 8010111612312211610910510510911827 618KR 1 0136162312399999999999999 846  8203410499999999999999
128136137131115 91 63 36 16  6  7 18 39 64 8910912112412111410710310411027 619KR 14413817 012499999999999999 925  5212010399999999999999
120131138137127107 81 52 27 10  3  9 25 48 74 9711412212311811010310110427 620KR 22613917341249999999999999910 3  322 010199999999999999
112123134139135120 98 70 42 20  6  5 15 34 59 84104117121119112104 99 9827 621KR 3 613918 6121999999999999991039  42237 9899999999999999
103113125134136128111 86 59 33 15  7 10 24 46 71 93109118119114106 98 9427 622KR 3431371837119999999999999991112  72315 9499999999999999
 96103114125132130119 99 74 49 28 15 12 20 38 60 83101113117115108 99 9327 623KR 42013219 5118999999999999991144 122356 9199999999999999
 91 94102113122126121107 87 64 42 26 19 22 34 53 74 94109116116111102 9327 624KR 4571261931117999999999999991213 19999999999999999999999
 88 87 91 99109116117110 96 77 58 41 31 29 36 50 69 88104114117114106 9627 625KR 538117195611799999999999999 042 861242 2899999999999999
 87 82 82 86 94102107107100 87 72 57 45 40 43 52 67 8510111311811711110127 626KR 626108202011999999999999999 136 811311 4099999999999999
 90 81 75 74 78 85 92 97 97 92 83 72 62 55 54 59 69 83 9811111912011610727 627KR 732 98204512199999999999999 240 741342 5499999999999999
 95 83 73 66 64 68 74 82 88 91 89 85 78 73 70 71 76 86 9811011912312111427 628KR 9 8 91211312399999999999999 350 641418 6999999999999999
103 89 75 62 54 52 55 62 72 81 88 91 91 89 87 85 87 91 9910911812412612227 629KR1132 92214512699999999999999 456 5215 6 8599999999999999
112 99 82 65 50 40 37 41 51 64 78 89 9710210210110010010411011812512912927 630KR1344102222612999999999999999 556 371616 9999999999999999
123111 95 75 54 37 26 23 28 41 58 77 9310511211411311111011211712413013327 7 1KR1456114231913399999999999999 650 22174011099999999999999
132125111 92 68 43 23 11  9 17 34 56 79 9911412112312011711611712112713427 7 2KR1546123999999999999999999999 742  919 111699999999999999
138137128112 88 60 32 11 -1 -2  9 30 56 8310512012712712311911611812213027 7 3KR 019138162812899999999999999 833 -3201011699999999999999
138143141131111 84 52 23  1-10 -8  7 31 60 8811112412912712111511311512127 7 4KR 11914317 712999999999999999 921-1121 711399999999999999
130140146144131109 79 45 16 -5-14 -8 10 37 68 9611512612812311510910610927 7 5KR 21514617421289999999999999910 7-14215710699999999999999
118130141147143128104 73 40 12 -6-11 -2 20 49 79104120126124116106 99 9727 7 6KR 3 81471812126999999999999991051-112246 9799999999999999
102113127139143138122 97 67 36 12 -1 -1 12 36 65 92112123125118106 95 8827 7 7KR 4 01431839125999999999999991130 -32335 8799999999999999
 88 94106121132135129113 90 62 36 18 10 15 32 56 83106120125121110 97 8427 7 8KR 45213619 31259999999999999912 7 10999999999999999999999
 78 78 85 98112122124117103 83 60 41 29 27 36 55 78101118126126117103 8727 7 9KR 546124192512799999999999999 027 771239 2799999999999999
 75 68 69 77 88100109111105 94 79 63 50 45 48 60 78 98116127130124112 9627 710KR 646111194913099999999999999 124 6813 9 4599999999999999
 79 67 60 61 67 77 88 95 98 96 89 80 70 64 64 70 82 9811412713313112110727 711KR 8 1 98201513399999999999999 227 601336 6399999999999999
 90 74 61 54 53 58 66 76 84 89 90 89 85 82 80 82 88 9911212413213412911827 712KR 958 90204713499999999999999 338 5214 3 8099999999999999
103 86 69 56 47 45 48 56 66 76 84 90 94 95 95 95 9710311112012913413312727 713KR2127134999999999999999999999 454 45999999999999999999999
116101 83 65 50 40 37 39 47 59 72 85 9510210610710710711111612312913313227 714KR2223133999999999999999999999 6 4 37999999999999999999999
126115100 81 61 44 33 28 32 42 57 73 9010311211611611311211311712212813227 715KR1523116233213399999999999999 7 3 2818 811299999999999999
132127115 98 77 55 36 25 21 27 40 58 79 9811212012211911511211111412012727 716KR1551122999999999999999999999 752 21193611199999999999999
133134128114 94 70 47 28 17 16 25 42 64 8710611912512411811210810711211927 717KR 039134161912599999999999999 836 15203510799999999999999
129135136128111 88 61 37 19 11 14 27 48 73 9611412412612111310610210311027 718KR 133136164612699999999999999 915 11211710299999999999999
120131138136125105 78 51 27 12  8 16 34 59 84106120125123115106 98 9610027 719KR 219138171112699999999999999 950  82154 9699999999999999
110123134139133118 95 67 40 20  9 11 24 46 72 96114123124117107 97 90 9127 720KR 3 01391734125999999999999991022  92228 9099999999999999
 98111125135136127108 83 55 32 16 12 20 38 62 88108120124119109 97 87 8327 721KR 3381371754124999999999999991051 1223 3 8399999999999999
 87 97112125132130117 96 71 46 27 19 21 34 56 81102118124122112 99 86 7927 722KR 4161331813124999999999999991117 182338 7799999999999999
 77 84 97111123126121106 85 62 42 29 27 36 54 76 98115124124116103 89 7727 723KR 4541271830125999999999999991141 27999999999999999999999
 71 73 82 95109118118111 95 76 57 44 38 42 55 75 95113124127121109 93 7927 724KR 536119184712799999999999999 016 7112 4 3899999999999999
 68 65 69 79 92104110110102 88 73 60 52 53 62 76 95112124129125115100 8427 725KR 62411119 512999999999999999 057 651226 5299999999999999
 70 61 60 65 74 86 96102101 95 86 76 68 67 71 82 96111123130129121108 9227 726KR 725102192413199999999999999 145 591247 6699999999999999
 76 63 55 54 58 67 78 88 94 95 93 88 84 82 84 9010011212313013212811710227 727KR 852 95194713299999999999999 244 5313 4 8299999999999999
 86 70 57 49 46 49 57 68 78 87 92 95 96 96 9710010611412313013313212611427 728KR2017134999999999999999999999 356 46999999999999999999999
100 83 66 51 41 36 38 45 56 69 82 9310110610911111411812312813213413212627 729KR21 2134999999999999999999999 515 36999999999999999999999
115101 83 64 46 32 24 25 32 46 63 80 9610811612012112112312512813213413327 730KR2224134999999999999999999999 628 24999999999999999999999
129119104 84 61 39 21 12 12 21 38 60 8310211612412612512312112212513013427 731KR16 0126999999999999999999999 730 11191112199999999999999
137134125108 84 57 31 11  1  2 15 36 63 8911012312912812311711411511912727 8 1KR 0 5137161812999999999999999 824  0202311499999999999999
136141140130110 83 52 24  3 -6 -1 15 41 71 9811712812912411510710310511227 8 2KR 121142164013099999999999999 911 -6211210399999999999999
125137145143131109 79 46 18  0 -6  3 24 54 84109124129125114102 93 90 9427 8 3KR 22214517 212999999999999999 953 -62155 9099999999999999
106122137145142129104 73 42 16  2  2 16 41 72100120129128117102 87 78 7727 8 4KR 3161451722130999999999999991030  02238 7699999999999999
 84100119134141137122 97 68 40 20 12 18 37 64 93116129131122106 87 72 6427 8 5KR 4 814117411319999999999999911 4 122320 6399999999999999
 66 77 94114128133128112 90 64 43 30 29 41 62 89113129134129114 94 74 5927 8 6KR 4591331759134999999999999991133 28999999999999999999999
 54 58 71 89107119122116102 84 64 51 46 51 66 88111128137135123104 83 6327 8 7KR 552122181913899999999999999 0 4 541159 4699999999999999
 51 48 54 67 83 98108110105 95 81 70 63 65 74 90109127138140132116 95 7427 8 8KR 648110184114099999999999999 051 481220 6399999999999999
 57 47 45 52 63 77 89 97100 97 91 84 79 79 84 95109124135140137126109 8927 8 9KR 75810019 614099999999999999 142 451237 7899999999999999
 70 55 47 45 50 59 70 80 88 92 93 93 91 91 9410011012013113713813212010427 810KR10 2 93193613899999999999999 244 451232 9199999999999999
 87 70 57 48 45 47 53 63 72 81 89 94 9810110410711111812413013413212611627 811KR2016134999999999999999999999 4 4 45999999999999999999999
103 87 72 58 48 42 42 47 56 67 79 9010010711111311411611912212612812812427 812KR2123128999999999999999999999 531 41999999999999999999999
116104 89 73 57 45 37 35 40 51 65 81 9610811611911911611511511612012412627 813KR152011923 912699999999999999 643 35183211499999999999999
124118107 91 72 53 38 30 29 36 50 68 8710411612212211811310910711011512227 814KR1531123999999999999999999999 737 28194910799999999999999
127127121108 89 67 46 30 22 24 35 53 75 96113122125121113105100 9910411327 815KR 033128155012599999999999999 820 222033 9999999999999999
123130130122105 83 58 37 22 17 24 39 62 86107120126123114103 94 90 9310227 816KR 13013116 912699999999999999 856 1721 7 9099999999999999
115127134131119 99 74 48 28 17 18 30 50 76 99116125125116103 91 82 81 8827 817KR 216134162612699999999999999 927 162138 8199999999999999
102118130135129113 90 63 39 23 18 25 43 67 92112124126119105 90 77 72 7527 818KR 257135164312699999999999999 955 1822 9 7299999999999999
 87104121132133123104 79 54 34 24 26 39 61 86108123128122109 92 75 65 6327 819KR 3361341658128999999999999991021 232240 6399999999999999
 71 88107123131128115 94 70 48 35 32 41 59 82105122129126114 96 77 62 5527 820KR 4151311712129999999999999991044 322311 5599999999999999
 59 71 90109122127121105 85 64 49 42 46 60 81103121131130120102 81 63 5127 821KR 45412717271329999999999999911 6 422343 4999999999999999
 49 57 73 92109119120112 97 79 64 55 56 66 82102120131133126110 89 68 5227 822KR 5371211742134999999999999991126 54999999999999999999999
 45 47 57 74 92106113113105 92 79 70 68 74 86103119131136131118 99 77 5927 823KR 624114175813699999999999999 019 441145 6899999999999999
 46 42 46 57 73 88100106105 99 91 84 81 84 93105119131136135125109 89 7027 824KR 723106181613799999999999999 1 0 4212 0 8199999999999999
 53 43 40 45 55 68 81 91 97 99 97 94 93 95100109120129136136131119103 8427 825KR 853 99183813799999999999999 152 4012 1 9399999999999999
 67 52 43 39 41 49 59 71 81 90 95 9910110410811412112713313513312611510127 826KR19 5135999999999999999999999 3 7 39999999999999999999999
 85 69 54 43 36 35 39 48 60 73 85 9610411011511812212512813013112912411627 827KR1950131999999999999999999999 445 34999999999999999999999
105 90 74 56 41 30 25 27 36 51 68 8510011211912212312212112112312412612527 828KR1544123221512699999999999999 612 25181812199999999999999
121112 97 78 57 37 22 15 17 29 47 69 9010812012512412011511111011311812527 829KR1521125999999999999999999999 716 15194411099999999999999
129128120104 81 56 32 15  8 13 28 51 77100117126126119110101 96 9610311427 830KR 020129153212799999999999999 8 7  82025 9599999999999999
126134134126107 81 53 27 11  7 16 36 63 90112125128121108 94 83 79 82 9427 831KR 134135154712899999999999999 850  721 3 7999999999999999
111127138138128107 79 49 26 13 14 28 52 81106124130125111 92 75 64 62 7127 9 1KR 23313916 413099999999999999 927 122140 6299999999999999
 88109128138138125103 75 48 29 22 29 48 74102122132131118 97 74 56 47 5027 9 2KR 32613916211339999999999999910 1 222218 4799999999999999
 63 85108127135133119 97 72 50 38 38 50 72 98121135136126106 81 57 41 3627 9 3KR 4171361638137999999999999991030 362256 3699999999999999
 43 60 83106123129125111 91 71 56 52 58 74 97120136141134117 93 66 44 3227 9 4KR 5 61291657141999999999999991056 522334 3099999999999999
 31 41 60 83103117121116103 88 74 67 69 80 97118134143141128106 80 55 3727 9 5KR 5561211718143999999999999991119 67999999999999999999999
 29 32 44 63 83 99109111107 98 88 81 80 86 99115131141143135118 95 71 5027 9 6KR 649111174114499999999999999 014 291138 8099999999999999
 37 32 37 48 64 80 93101103101 96 92 90 93101113126136141137126109 88 6727 9 7KR 75510318 714199999999999999 059 321150 9099999999999999
 51 41 38 42 52 64 76 86 93 97 98 98 98100105112120128134134129117102 8527 9 8KR1837135999999999999999999999 153 38999999999999999999999
 69 56 47 44 46 52 60 70 80 88 9510010410610911211612112512712612111110027 9 9KR1914127999999999999999999999 3 8 44999999999999999999999
 87 73 61 52 46 45 48 55 65 76 87 9710511111311411411411511611811811511027 910KR2029118999999999999999999999 448 45999999999999999999999
101 91 78 65 53 45 41 43 50 62 76 9010311211711711411010710510710911211427 911KR1436118225911499999999999999 611 4119 110599999999999999
112106 95 81 65 50 40 35 38 48 63 81 97111119120116109101 96 94 9810411127 912KR1446120999999999999999999999 7 7 351945 9499999999999999
116116110 98 81 62 45 33 31 37 51 70 90107118122119109 97 88 83 84 9210327 913KR 03011715 012299999999999999 749 302017 8299999999999999
114121121112 97 76 55 38 29 30 41 60 82102117124121111 97 82 73 71 77 8927 914KR 128122151412499999999999999 824 292046 7099999999999999
105119126123112 92 70 48 34 30 37 53 75 97115124124115 98 80 65 59 61 7327 915KR 215126152812699999999999999 854 302114 5899999999999999
 91110124129123108 86 63 45 35 37 49 70 93113125127119102 81 62 50 47 5627 916KR 257129154212899999999999999 921 352143 4799999999999999
 74 96116128129120102 79 59 46 43 50 68 90111126130124108 86 63 45 37 4127 917KR 337130155613099999999999999 946 422211 3799999999999999
 56 78102120129127114 95 75 59 52 55 69 88109126133129115 93 68 46 32 3027 918KR 4181301610133999999999999991010 522241 2999999999999999
 40 59 84107122127122108 90 74 64 64 73 89108125135134123102 77 52 33 2527 919KR 4591271626136999999999999991032 632312 2599999999999999
 28 43 65 89109120122115102 88 77 74 79 91108124135137129112 88 62 40 2627 920KR 5421231643138999999999999991053 742347 2399999999999999
 23 31 48 69 91107115115109 98 89 85 87 96109123134139134121101 76 53 3527 921KR 63011617 1139999999999999991110 85999999999999999999999
 25 26 35 51 70 88101107108104 98 94 95101110122132138137128112 91 69 4927 922KR 732108172213899999999999999 028 241122 9499999999999999
 35 28 30 38 51 67 81 92 99102102101102106112120128134135131120105 87 6827 923KR1746135999999999999999999999 120 28999999999999999999999
 52 40 33 33 38 47 59 72 84 93 99104107110114119123127129128123114102 8827 924KR1813129999999999999999999999 235 32999999999999999999999
 73 59 46 37 33 34 40 51 65 78 9110110911411611711811811811911811611210527 925KR19 2119999999999999999999999 418 33999999999999999999999
 94 82 67 52 39 31 29 34 45 61 78 9410711511911711410910610410510811211327 926KR1412119225611399999999999999 547 2919 110499999999999999
111103 91 74 56 39 28 25 31 45 65 85103115121119112102 93 88 87 9210111027 927KR1416121999999999999999999999 649 251936 8799999999999999
117119113 99 79 57 38 27 25 34 52 75 97114123123114100 84 73 68 70 81 9627 928KR 042119142912499999999999999 738 252010 6799999999999999
112123126119104 81 58 39 30 32 46 67 92112125128120103 82 63 51 49 57 7327 929KR 151126144412899999999999999 819 292044 4899999999999999
 95115128131123105 82 59 43 39 46 63 87110126132127110 87 61 42 32 35 4827 930KR 24713115 113299999999999999 855 392119 3299999999999999
 71 96118130132122104 81 62 52 52 64 84108127137135121 97 68 42 25 20 272710 1KR 338133151913799999999999999 927 512154 1999999999999999
 47 73 99120130130119101 82 68 63 69 85106126139141131110 81 51 27 14 142710 2KR 427131154014299999999999999 956 632229 1399999999999999
 27 50 77102120127124113 98 84 76 77 87104123138144139122 96 66 38 19 112710 3KR 51412716 2144999999999999991023 7523 5 1199999999999999
 16 33 57 82103117121117108 96 88 85 91103119134143143131110 83 55 32 182710 4KR 6 11211627144999999999999991047 852343 1599999999999999
 15 24 41 63 85102112114111104 97 93 95103115128138142136121 98 73 49 312710 5KR 6511151654142999999999999991110 93999999999999999999999
 23 24 34 50 68 85 99106108106102 99 99103111121130135134126110 89 68 492710 6KR 753108172213699999999999999 023 221129 9999999999999999
 36 31 33 42 55 70 83 94100103104103103105109115121126128124115101 84 672710 7KR1752128999999999999999999999 111 31999999999999999999999
 53 44 40 41 47 57 68 80 90 97102105107108109110113115117117113106 95 832710 8KR1828117999999999999999999999 214 40999999999999999999999
 71 60 51 46 45 49 56 66 77 88 97104109111111109107105105106106105101 952710 9KR1319111194810699999999999999 343 45173810599999999999999
 86 76 66 57 49 46 48 54 65 77 90102110114114110103 97 93 92 94 97100100271010KR1327114224210199999999999999 512 461849 9299999999999999
 98 92 82 71 59 50 45 47 54 67 82 97109116117112103 92 83 79 80 85 92100271011KR1341117999999999999999999999 615 451922 7899999999999999
104104 98 87 73 59 48 45 48 59 75 92107117120115104 90 76 67 64 69 79 93271012KR 024105135412099999999999999 7 1 451950 6499999999999999
104110110102 89 73 58 48 47 54 69 87104117123119108 91 72 57 50 52 62 79271013KR 12711114 812399999999999999 739 472018 4999999999999999
 97111118116105 89 72 58 52 54 65 83102117125124113 95 72 52 39 36 44 61271014KR 216118142312699999999999999 812 512045 3599999999999999
 84105119124119106 88 71 61 59 66 81100117128129120101 77 51 32 23 27 42271015KR 3 0124143813099999999999999 843 582114 2399999999999999
 65 91113125128120104 87 73 67 70 81 98116129134127110 85 57 32 17 14 24271016KR 342128145513499999999999999 911 672144 1399999999999999
 45 73 99119129128118102 87 78 76 84 98115130137134120 96 67 39 18  8 11271017KR 424130151313799999999999999 938 762215  799999999999999
 27 52 80105122128125114100 89 85 88 99114128138139129109 81 52 26  9  5271018KR 5 712915341409999999999999910 3 852250  599999999999999
 14 33 59 86108121124119109 99 93 94101112126137141135120 96 68 40 19  7271019KR 5531241556141999999999999991026 932328  699999999999999
  8 20 40 65 88106116118114107101 99103112123133140138128110 86 59 35 18271020KR 6461181622140999999999999991046 99999999999999999999999
 11 14 27 45 67 87101109111109106104106111119128134136131119101 78 56 36271021KR 754111164913699999999999999 011 1111 410499999999999999
 23 18 22 32 48 66 83 95103107108107108110115120126129128122110 95 76 58271022KR1721129999999999999999999999 1 5 18999999999999999999999
 42 32 27 28 36 48 64 79 91101106109110111111113114116117116112104 93 79271023KR18 5117999999999999999999999 215 26999999999999999999999
 65 52 41 35 33 38 49 63 78 92102109113113110107103101101102103103101 95271024KR1225113202710499999999999999 342 33173910199999999999999
 87 75 63 50 41 38 41 51 65 82 97108115116112104 95 87 83 83 86 92 98102271025KR1241116232710299999999999999 5 2 381834 8299999999999999
101 96 86 73 58 48 43 46 57 73 91107117120117106 92 77 67 62 64 72 84 97271026KR1259120999999999999999999999 6 5 431912 6299999999999999
106110106 96 81 65 54 50 55 68 86104118125123113 95 74 56 45 42 48 63 82271027KR 1 2110131812699999999999999 656 501947 4299999999999999
 99113118115103 87 71 61 60 67 83101119129131122104 79 54 35 25 26 39 59271028KR 2 8118133913199999999999999 740 592023 2499999999999999
 83105119125121108 91 77 70 72 82 99117131137132115 90 61 35 17 11 18 36271029KR 3 312514 113799999999999999 819 702058 1199999999999999
 62 89111125129123109 94 83 80 85 97115131140140127104 75 44 19  5  4 17271030KR 352129142514199999999999999 854 802133  399999999999999
 40 68 96116128129122109 96 89 89 97111128140144137119 91 59 30  9  0  5271031KR 438130145214499999999999999 928 8822 8  099999999999999
 22 48 76102119128127118107 98 94 98108122136144143130107 77 47 21  5  22711 1KR 52112815211459999999999999910 0 942244  299999999999999
 12 32 58 84106119124121114105 99 99105116129140143136119 94 66 38 18  82711 2KR 6 51241552143999999999999991031 992321  799999999999999
 10 22 43 67 90107117119116110104101104111121131138137126108 83 57 35 202711 3KR 65111916231389999999999999911 31012359 1599999999999999
 15 20 34 53 74 92106113114111107104103107113121129131127115 96 74 53 362711 4KR 7451141656131999999999999991139103999999999999999999999
 26 25 31 44 61 78 93104109110109106105105107112117121121115103 87 69 532711 5KR 852110173012299999999999999 041 24122910499999999999999
 41 34 34 41 52 66 80 93102107109109107105104104106109110109104 94 82 692711 6KR1013109181111099999999999999 129 34141610499999999999999
 57 48 43 43 48 58 70 83 94103109111110107103 99 96 96 97 98 98 95 89 812711 7KR11141111929 9899999999999999 229 431651 9699999999999999
 72 64 56 52 51 55 63 74 86 98107112113111105 97 89 84 82 83 86 89 91 892711 8KR114811322 4 9199999999999999 341 5118 6 8299999999999999
 85 79 72 64 59 57 60 68 80 93104113116115108 98 85 74 68 66 70 77 85 922711 9KR1212116999999999999999999999 451 571844 6699999999999999
 94 93 88 80 72 65 63 67 76 89102113119119113101 85 69 56 50 52 61 74 87271110KR 011 94123312099999999999999 551 631915 5099999999999999
 98103103 97 88 78 71 70 75 86 99112121124119107 88 67 49 37 35 42 57 75271111KR 127104125312499999999999999 640 701945 3499999999999999
 93107113112104 93 83 78 78 86 98111123129126115 95 71 47 29 20 23 37 58271112KR 221114131312999999999999999 723 772016 2099999999999999
 82103117122119110 98 88 85 88 97110123132133124106 80 52 27 12  8 17 37271113KR 3 7123133613499999999999999 8 2 852048  899999999999999
 63 90112125129123112101 94 93 98109123134138133118 94 64 34 11  0  1 16271114KR 35112914 013899999999999999 838 922122 -199999999999999
 41 71 98119130131123112103 99101109121133141141130109 80 48 19  0 -6  1271115KR 434131142814299999999999999 911 992159 -699999999999999
 20 48 78104122130129121112105104109118130140144139123 98 67 36 10 -5 -7271116KR 520131145814499999999999999 9421042239 -799999999999999
  5 27 55 84107121127124117110107108115125136143143134115 88 57 29  7 -3271117KR 6 812715311449999999999999910131072321 -499999999999999
 -2 12 35 62 87107118122120114109108111118128137141138125105 79 51 27 10271118KR 7 112216 7141999999999999991047108999999999999999999999
  3  7 21 43 67 89105115118116111108108111118125132133128116 97 74 50 30271119KR 759118164813499999999999999 0 7  3113410899999999999999
 17 13 18 32 51 72 91105113115113109106105107112117121122117106 90 72 53271120KR 857115173812299999999999999 056 13124810599999999999999
 38 28 25 30 42 59 78 95107113115112107103 99 98100103106107105 98 88 75271121KR 948115185110799999999999999 151 251453 9899999999999999
 61 49 41 39 43 54 69 86101111116116111104 96 89 84 83 85 89 93 95 94 89271122KR102811721 6 9599999999999999 252 391647 8399999999999999
 82 72 63 55 53 56 66 80 95109117121118110 98 85 73 66 64 67 74 82 89 94271123KR11 21212345 9599999999999999 357 531754 6499999999999999
 95 92 85 76 69 66 69 78 91106118125125118106 88 70 55 46 45 50 62 75 89271124KR1133126999999999999999999999 5 1 661843 4499999999999999
 99104103 97 89 81 78 81 90103117127131128116 98 76 54 37 28 29 39 55 75271125KR 12410412 413199999999999999 6 0 781925 2799999999999999
 93106114114108 98 91 89 92102114127135136128111 88 61 37 20 14 19 33 55271126KR 230115123613699999999999999 654 8920 4 1499999999999999
 79100116123122114105 98 97101111124135141137125103 75 46 22  7  5 15 34271127KR 322124131014199999999999999 744 962042  499999999999999
 60 87109123129126117108102102108119132141143136118 92 61 32 11  0  3 17271128KR 4 7129134614499999999999999 8311022119  099999999999999
 41 69 96116128131126117109105106114125137144143131109 80 49 22  4 -2  6271129KR 448131142214599999999999999 9131042156 -299999999999999
 24 51 79104121130129123114107105109118130140145139123 98 68 39 15  2  2271130KR 527131145914599999999999999 9531052232  199999999999999
 14 35 62 88110123128125118110105105111121132140141132113 86 57 31 13  52712 1KR 6 5128153514299999999999999103110423 8  599999999999999
  9 25 47 73 96113122124120113106103105112122132137134121101 75 49 28 142712 2KR 64312416111379999999999999911 91032343 1299999999999999
 12 20 37 59 82102115120120114108103101104111120127129123109 89 65 44 282712 3KR 7211211647130999999999999991152101999999999999999999999
 20 22 33 50 71 91106115118116110104100 99102108115120119111 97 79 60 432712 4KR 758118172512099999999999999 018 201245 9999999999999999
 33 30 35 47 63 82 98110116117113107101 96 95 97101106109107 99 87 73 592712 5KR 836117181010999999999999999 052 291357 9599999999999999
 47 41 42 48 60 76 91105113117116111104 97 91 88 88 90 94 96 95 91 82 722712 6KR 9121171916 9799999999999999 127 411528 8799999999999999
 63 56 53 55 62 73 87100111117118115108 99 90 82 77 75 77 82 86 88 87 832712 7KR 9461192112 8899999999999999 2 7 531651 7599999999999999
 78 72 68 67 69 75 85 97108117121120114105 93 80 69 62 60 64 70 78 85 892712 8KR10181212350 9099999999999999 257 671748 6099999999999999
 90 88 85 81 80 82 87 96106116122124121112 98 82 66 53 45 45 52 63 76 872712 9KR1051124999999999999999999999 4 3 801831 4499999999999999
 96100101 98 94 92 93 98106115123128127120107 89 69 49 35 29 32 43 59 78271210KR 135101112412899999999999999 515 921911 2999999999999999
 94106112113109104101102106114123130133129119101 78 53 32 18 15 22 38 60271211KR 23511312 013399999999999999 6211011949 1499999999999999
 83103117123122117111108109114121130136137131115 92 64 37 15  4  4 16 37271212KR 322123123813899999999999999 7191082029  299999999999999
 64 90112125130127121115112114119128137142141130110 82 51 23  2 -7 -2 14271213KR 4 6130131914399999999999999 8101122111 -799999999999999
 40 70 98118130133129122116114117124134143147142128103 72 40 12 -7-12 -4271214KR 44913314 114799999999999999 8551142153-1299999999999999
 17 46 77104122131132126119114114118127137146148141123 96 63 31  5-10-12271215KR 532133144514999999999999999 9381132236-1399999999999999
  1 24 54 84108124130128122115111111117127138146146136115 87 55 25  3 -8271216KR 61313015301479999999999999910211102319 -899999999999999
 -5 10 35 65 92112124127123115108105107114125135141139127107 80 50 24  7271217KR 65112716161429999999999999911 9105999999999999999999999
  1  7 24 49 77100116124123117108101 98101108118127132129117 98 74 49 29271218KR 72612517 613299999999999999 0 0  112 4 9899999999999999
 16 15 24 42 66 90109120124120111101 93 90 92 98107115119115106 90 71 53271219KR 75712418 311999999999999999 039 1413 9 9099999999999999
 38 31 33 44 62 83103117124123117106 94 85 80 81 85 93100104102 96 86 73271220KR 825125191610499999999999999 117 311426 8099999999999999
 61 52 49 54 65 81 99114124127123114101 87 76 69 67 70 77 84 90 92 91 87271221KR 85412721 9 9299999999999999 155 491550 6799999999999999
 80 74 69 69 74 84 98112124130129123111 96 80 66 57 53 55 61 70 79 86 91271222KR 926130999999999999999999999 236 6817 8 5399999999999999
 92 91 89 86 86 91 99110122130134131122108 91 72 55 44 39 41 49 61 74 86271223KR 0 5 9210 313499999999999999 327 861812 3999999999999999
 96102104103101100103110119128134136132121105 85 63 44 31 26 30 40 56 74271224KR 2 3104104913699999999999999 44010019 5 2699999999999999
 91105113116114111109111116123131137138133120101 77 53 33 20 16 23 37 58271225KR 3 2116114113899999999999999 6 51091951 1699999999999999
 80100115123125121116113113118125133139140133118 95 69 43 22 11 10 20 39271226KR 343125123614099999999999999 7231132033  999999999999999
 64 88109124130129123116113113118126136142141132113 87 59 32 13  5  8 23271227KR 418130132614399999999999999 8251122113  599999999999999
 46 73 98118129132128120113109111118128138144141128106 77 48 23  7  3 11271228KR 451132141214499999999999999 9131092150  399999999999999
 30 56 84108124131130123114107105109118130140144137121 96 66 37 16  4  5271229KR 522132145314499999999999999 9541052225  399999999999999
 19 41 69 95115127130125116107101101108119132140141130110 83 54 29 12  6271230KR 55013015321429999999999999910301002257  699999999999999
 14 31 56 83106121127125118107 99 95 98107119131137134120 98 71 45 24 14271231KR 61512716 91379999999999999911 6 952326 1399999999999999
