103132169208237251245223194165144138149175209242267277267239199156117 9127 1 1L0 51125117 1277999999999999991051138999999999999999999999
 80 9212015819923425525824321919216915716117920523325426325522819014710827 1 2L0 63925918 326499999999999999 0 2 80121615799999999999999
 80 70 8010915019523826727726724321318316315917119522124525725022418514027 1 3L0 758277191225799999999999999 1 0 70134315899999999999999
 99 68 57 7010214820025028629828725822118315714916218721724425825122217827 1 4L0 9 0298201225899999999999999 159 57145114999999999999999
130 86 55 46 6310115421226730431329626021517314514015718822325226425221627 1 5L0 95031421 226499999999999999 251 46154113999999999999999
166114 70 41 38 6310916722928431731929224919915613313716320023726527125027 1 6L01033322214527299999999999999 336 36162113199999999999999
204149 95 52 30 37 7112418624930032331227722817713812614217721825627927427 1 7L01110323222228199999999999999 416 29165512699999999999999
240186126 73 36 25 44 8814621127131232029625220015212412615419623927428827 1 8L01143321225728899999999999999 452 24172612199999999999999
269222161101 52 24 28 6111317524029331830927322317013011613317121625928827 1 9L01212319233029399999999999999 523 21175511699999999999999
288254196133 75 34 21 41 8714621127231231729024419114111211414418823427427 110L01238319999999999999999999999 553 20182610999999999999999
293278230168105 54 24 29 6612118424830032130626521215811610111815620224827 111L0 0 529413 432199999999999999 622 22185710199999999999999
282289259204141 83 41 28 50 99160224282318318285235179129 98 9712516821427 112L0 041291133032399999999999999 653 281931 9499999999999999
257282276237180121 72 43 45 81136198257303320302257203149106 87 9813217627 113L0 119284135932099999999999999 726 4020 8 8799999999999999
221259275260219166115 76 60 74115170227277307308277228173125 91 8210013627 114L0 2 2276143031299999999999999 8 3 592049 8299999999999999
180223255266249211166124 95 87106146194242280297286250201150108 82 79 9927 115L0 25326615 829799999999999999 847 872137 7799999999999999
135177218248259247217181147124119134166205242269277264229183136 98 75 7327 116L0 358259155427899999999999999 9461182237 7199999999999999
 92126168209241258255236207179156146152173202230252259248218176131 94 6927 117L0 52125916572609999999999999911 91452347 6299999999999999
 62 78111153197237264273262239211183162157168190215237250244219178132 9027 118L0 6552731815250999999999999991249157999999999999999999999
 59 47 58 9113618723627629529126923619916715215617620323125125222918713627 119L0 819296193425499999999999999 1 1 47141715199999999999999
 86 47 29 37 7012017923928931731529024920316213914216619923426226824419627 120L0 926319204426999999999999999 213 28152313799999999999999
138 81 34 10 17 5411017624630433533029825119614812513216220224527928625827 121L01021337214328899999999999999 317  9161412499999999999999
202137 74 21 -5  5 4810818125732034733429424017913011112716521126029730127 122L011 9347223630599999999999999 413 -617 011199999999999999
264202132 65 10-13  4 5311819527633435032627921915511010212717022227631227 123L01151351232431699999999999999 5 3-14174210099999999999999
308262195123 54  3-10 18 72140221298344343307252188126 91 9613017823529027 124L01228349999999999999999999999 548-111822 8999999999999999
319303250182111 46  6  7 45104176254319344325278217152 98 78 9513618824727 125L0 0 931913 134499999999999999 628  119 0 7899999999999999
298314287231166 99 44 21 38 85146217287331332296241178117 76 71 9814419927 126L0 052315133133799999999999999 7 4 211938 6999999999999999
256296300267212151 94 55 49 78130191254307327308261202141 90 65 7210515227 127L0 13530414 032799999999999999 739 472016 6399999999999999
207257286281246197145101 78 86121171226276308307276225168115 76 63 7811327 128L0 220288142931299999999999999 814 772057 6399999999999999
159209250270262233193152121111125158200244277291278243196146102 75 69 8527 129L0 31227115 129199999999999999 8551112144 6999999999999999
118160203238254251231202172151145156180211240260264249218178137103 81 7727 130L0 419255154126599999999999999 9511452245 7699999999999999
 90117154192224244250241222200181172173185203222235238228206175141110 8927 131L0 5512501644239999999999999991123171999999999999999999999
 81 8811014217921524325926024722620318417417418520121522422220818315011827 2 1L0 734261182322499999999999999 0 3 81132617399999999999999
 92 78 79 9713017121325127528126824221018116115716718620722423022019315627 2 2L0 848282195523099999999999999 126 76144715699999999999999
118 86 67 66 8612417122126529329727824320216614314115818621523824723319827 2 3L0 939299205524799999999999999 233 64153513999999999999999
154109 72 51 54 8112618023628330830227322918214412613416219823426026423927 2 4L01019309213926599999999999999 324 49161012599999999999999
194141 91 53 36 49 8613819825830131429525520415512211713917722025928127327 2 5L01052314221528299999999999999 4 5 36164011599999999999999
234179120 68 34 29 5510216122628331430927622717312710611715219724528329427 2 6L01121316224929599999999999999 439 2717 910599999999999999
269217155 94 45 22 34 74130195259306317293248193139102 9812516922026930027 2 7L01147318232330399999999999999 510 211736 9599999999999999
295253191126 67 28 22 53105167235293320308267213155106 85 9913918824228827 2 8L01210321235630699999999999999 538 2018 5 8599999999999999
305282227162 98 46 22 38 84145211275317320286232173117 80 7810815520926227 2 9L01233324999999999999999999999 6 6 221834 7499999999999999
299299260199134 76 37 33 68125189253306325303252192133 85 64 8012217422927 210L0 030305125732599999999999999 635 3019 4 6499999999999999
277301284235174114 66 44 59106167229285319314272212151 97 62 59 8913719127 211L0 1 6301132332299999999999999 7 6 431935 5699999999999999
245285294267216159108 72 66 94146204258298311287235173116 71 51 6210015027 212L0 145295135131199999999999999 741 6420 9 5199999999999999
204252282283253207158117 95 99131178227268292288254201143 94 60 51 6810727 213L0 230287142329499999999999999 821 932051 5099999999999999
156206249273272248211173142127133159195232259271260226179130 88 62 56 7227 214L0 32727615 227199999999999999 9131272146 5599999999999999
107151196235260266253228200176161160173196220238246238213176134 97 71 6127 215L0 44626616 224699999999999999103315823 3 6199999999999999
 70 96134176217249267268255233208186173171182198216228230217190153114 8127 216L0 6332701740231999999999999991235170999999999999999999999
 61 58 7510915219924327629028426323119817015615917620022323823821617713127 217L0 812290192924199999999999999 038 57141815599999999999999
 88 55 40 50 8413218824429031330828124019415413313816119423025926624419827 218L0 918315204626799999999999999 2 6 40151913299999999999999
143 88 43 20 29 6712118625430933232028323317713011012315620024728629426527 219L010 8332214329699999999999999 314 2016 511099999999999999
210146 82 30  6 20 64125197272327341317270211148103 9311715921227031131227 220L01049341223231899999999999999 4 7  51645 9299999999999999
272210141 71 18  2 27 78143221296339336299244178115 78 8311916923029232827 221L01125343231633099999999999999 452  21722 7699999999999999
316266200128 59 15 14 50107176255319341318268206138 82 62 8212718425031027 222L01156341235733299999999999999 531  91757 6299999999999999
332307250182112 51 24 40 87148219289333329287228162 97 56 55 8814020327027 223L01225337999999999999999999999 6 6 231831 5099999999999999
318324287228162 98 52 46 78131194260314330303248184118 64 42 5810115822327 224L0 037328125133199999999999999 639 4319 4 4299999999999999
283316306263206145 92 67 79120176235290320310266206142 84 46 42 7011917727 225L0 116317131632199999999999999 711 661936 3999999999999999
239287303284241189138101 93116160212262298304277227167110 65 45 55 8913727 226L0 156303134230699999999999999 744 922010 4499999999999999
193245280285264227183144122126151190232267283274240192141 95 65 58 7310727 227L0 24128714 928499999999999999 8221202048 5799999999999999
151199240264267251223190164151157176204232251255239209171132 99 79 77 9227 228L0 337268144125599999999999999 9111512137 7699999999999999
119155194227247254248231209190179178185199214224224213194168140115 99 9427 3 1L0 45925415302269999999999999910351772253 9499999999999999
10212014718021023525025524823221219518317818119019920420419718215913511427 3 2L0 65425517272059999999999999913 8178999999999999999999999
102 9910913216419923125727126725022419717315915816918620221421620417914827 3 3L0 819271194221799999999999999 043 99143215799999999999999
119 96 86 9311815519723927228828125521918215113514116218921723824222519027 3 4L0 910289204324399999999999999 2 8 86151413599999999999999
149110 80 68 7911215720725629230128224520015612411713516820724426826523527 3 5L0 948301212527099999999999999 3 2 67154611699999999999999
188137 91 59 53 7511817122928030830226922217012410110914118523327529327627 3 6L0101930922 129399999999999999 343 51161410099999999999999
231174116 67 42 49 85137197259303314290244189134 95 8711215620926330230527 3 7L01046315223530899999999999999 416 401642 8699999999999999
271215152 91 47 36 61108167233290318306265210150 98 73 8512417623529031727 3 8L0111131923 931899999999999999 447 351710 7399999999999999
302253191126 68 37 46 86142206271315318283230169110 69 64 9414220026231027 3 9L01134322234232299999999999999 517 351737 6199999999999999
320286229164101 53 42 70122183247302324301248187126 73 50 6610916522728627 310L01158324999999999999999999999 546 4118 5 5099999999999999
321310264203140 84 52 62105163224282319313268206143 85 46 43 7713019025227 311L0 017322122332299999999999999 617 511834 4099999999999999
303320294241181123 79 66 93144202258303316287228162102 54 33 48 9415221327 312L0 052320124931699999999999999 649 6619 5 3299999999999999
272310311276224169119 90 93128179232277303295251189126 73 38 33 6111117027 313L0 131315131730599999999999999 724 861939 3199999999999999
229279305297263216169131113125160204246277286265218160105 62 39 44 7512327 314L0 216306135028799999999999999 8 61132020 3799999999999999
177230272292285257220183154144154180212241260260238198150105 70 53 58 8427 315L0 313292143126399999999999999 9 11442117 5299999999999999
124171217255276277261236208184171171184203221234236223196161124 93 73 7027 316L0 43427915382379999999999999910271692242 6999999999999999
 84113152194233263278276260236209187173171179194211222225213189155120 9127 317L0 6232791742225999999999999991240170999999999999999999999
 74 74 9212717021625828729628425722218715814615117119722424324522418714327 318L0 755296193524799999999999999 031 71141014599999999999999
101 69 57 7010615420926330331630026521917013211712815819723927328025621027 319L0 855316204428199999999999999 159 5715 211799999999999999
156102 59 41 57 97152215278321327301255199141100 9211515620826430430827527 320L0 940329213631299999999999999 3 2 411543 9199999999999999
221158 95 48 34 57104164234299333324285230166106 72 7811416522829132932327 321L01017335222133299999999999999 350 341620 7099999999999999
279218150 85 42 41 74126191262319334307256193126 72 54 7612218225231534227 322L0104933523 234299999999999999 432 361655 5499999999999999
321269205136 75 47 61104160226292330321276217150 86 46 47 8313820427733127 323L01118332234134399999999999999 5 8 461728 4199999999999999
341307251186120 72 63 92142200264314327295238173107 53 32 52 9916023029827 324L01145328999999999999999999999 542 611759 3299999999999999
336328286229165108 78 88128181239293321308259195130 71 34 33 6712118625527 325L0 020338121132299999999999999 615 771830 2899999999999999
310330309263207149105 95119164217268305310276219155 95 48 30 47 9014721227 326L0 057330123731399999999999999 647 9419 0 3099999999999999
273312315288242189141114119150194242281298282239181123 73 44 43 7011617227 327L0 13631813 229899999999999999 7211121931 3999999999999999
231279303297268226181146133146176214250274274248204154106 70 56 66 9614027 328L0 217304133027799999999999999 8 013320 5 5699999999999999
190239273287278254220185162156168191219242252243217181142107 83 78 9111727 329L0 3 528714 325299999999999999 8471562047 7899999999999999
15419523325927026524922419918117518019220822222621719917514812310610211027 330L0 41127014502269999999999999910 0175215110299999999999999
12815518821924425826125423621519618317817918819820520620018816914712911827 331L0 5492621636206999999999999991215177234011699999999999999
11612514517420623425626826624922519917616115716618219821221921419616914227 4 1L0 72126919 8219999999999999991347157999999999999999999999
12110911213116219923526528227825622218615513513415117820823424924321818127 4 2L0 820283201524999999999999999 122108143313299999999999999
143112 93 9612015920424828329628325020616112410811814818823126628026522827 4 3L0 9 029621 028099999999999999 223 9215 710899999999999999
180133 94 77 87121168221271302303275230177127 94 9011415720926229830327427 4 4L0 932307213830599999999999999 3 8 761537 8799999999999999
225169114 76 67 91135189247295314297253198140 91 70 8312217623729332231227 4 5L010 0314221432399999999999999 345 6616 6 7099999999999999
270212150 95 65 71108159218276314312275221160102 62 58 8913920026631933327 4 6L01027318225033499999999999999 419 631636 5599999999999999
307255193130 81 65 89135191251302320295242181119 66 43 5910416122829433527 4 7L01054320232633999999999999999 452 6517 5 4399999999999999
332292235173113 76 79116168225281316310265202139 80 39 36 7012418725631527 4 8L01122319999999999999999999999 525 721735 3299999999999999
341321274216155103 83103148201256301316287228162100 49 25 40 8614621228027 4 9L0 0 3341115031699999999999999 559 8318 7 2499999999999999
328337307256199143104100131179230277307301256191126 70 30 23 5210516823427 410L0 042339122131099999999999999 636 971841 2199999999999999
295330327292243190142116124159204248285298277225162103 54 27 32 6812218427 411L0 124333125529999999999999999 7161151921 2599999999999999
246298322314281236189151136148179217252277279251203147 96 56 39 49 8413427 412L0 213323133428199999999999999 8 313620 8 3899999999999999
190246289309302276238199169156164187215241258256234195150107 75 60 67 9427 413L0 314310142626099999999999999 9 51562111 6099999999999999
136185234274295296278249216187171169180199219235239229204170134103 84 8127 414L0 43129815502409999999999999910371682239 8099999999999999
 9712817121625728629728826423119917315815917319421723424022920316813210327 415L0 6 22971752240999999999999991226157999999999999999999999
 88 9211615520124728530430027523819716013513114717521024326426223819815527 416L0 719306192726699999999999999 019 87134113099999999999999
114 87 8310514519524729331630927723218113410510412816721526329429526521927 417L0 816317203029999999999999999 139 82143210199999999999999
167117 83 78103147200258306324307265211152101 76 8612117223229032331728027 418L0 859324212132599999999999999 238 761513 7599999999999999
227168112 79 81113160218277319323292240179116 69 56 8012618625531634232627 419L0 93632722 534299999999999999 326 751549 5699999999999999
281223160106 81 94133184243298325311264205141 81 45 49 8614120828133634927 420L010 9326224735099999999999999 4 7 811624 4299999999999999
321271210148101 91117161214270313320286230167103 52 34 5410116223430434627 421L01039323232635099999999999999 445 901657 3399999999999999
344307254192135103109144191244293318303254192129 71 35 35 6912318926132127 422L011 8318999999999999999999999 5201001729 3099999999999999
346330288232173126111131172221270306310276219156 96 49 31 48 9215121828427 423L0 0 5346113631399999999999999 55511118 0 3199999999999999
329337312266210158125125154198245286304289244184124 72 40 40 6911918024527 424L0 04233912 530499999999999999 6291211831 3699999999999999
299328322291244192149132143177219260288290261212155101 61 45 59 9614720727 425L0 120329123429399999999999999 7 513219 2 4599999999999999
264304318305271226181150144162194231263278267233185135 91 65 62 8312217227 426L0 15831813 627899999999999999 7441431936 6099999999999999
226272300304287254215179158159176203232254259243211170129 96 80 8510814427 427L0 241305134425999999999999999 8291562017 7999999999999999
18823327028929027424621218416816818120122223723922520117013811310210712627 428L0 332292143624099999999999999 930167211210299999999999999
15619323126127828026824521619017316817318720521922522120718515913612312127 429L0 43828116 5225999999999999991059168223512099999999999999
13315618922325327227927124922019116815515516718720922523222721018415713627 430L0 55727918 8232999999999999991232154999999999999999999999
12613014918121725027528527725221718115013213214917721023925625623720416927 5 1L0 7 5285193025999999999999999 014125133213099999999999999
13812012114117721825628529528124720315912310511113917922426428728425721627 5 2L0 755295202428999999999999999 129118141410499999999999999
171132109112139180227270299301275230178128 91 8110014019224729431530326627 5 3L0 83430421 831599999999999999 2231071450 8199999999999999
216164120100111146193244288310298257202145 94 64 6710115221327532233431127 5 4L0 9 9311214933599999999999999 3 81001524 6199999999999999
265209152110 99121163213265305312282229168109 63 45 6511117023730234234227 5 5L0 942314222934799999999999999 349 981558 4599999999999999
308256197140105106138185236286314303257196133 76 39 37 7212719126232435327 5 6L01015316231035499999999999999 4271011632 3399999999999999
340298244184131107121161209259302315285228163101 49 24 39 8414421228433927 5 7L01049315235235599999999999999 5 610717 8 2499999999999999
355332286231172127117141183231278310306263199134 75 31 20 46 9816223230127 5 8L01125313999999999999999999999 5461161748 1999999999999999
346351322274219164130130160203248289309291240176113 59 25 25 5911317824827 5 9L0 03735412 330999999999999999 6291261830 2099999999999999
311345342311263210162137145176216258291299274222161102 54 29 37 7412819227 510L0 124349124630099999999999999 7151361917 2899999999999999
258313339332300255205164147156184220256282285259212157104 63 45 55 9014127 511L0 216341133628799999999999999 8 814620 9 4499999999999999
201261309330322292250205170154161183214245267270250212165120 84 67 7510427 512L0 313331143827299999999999999 9111542112 6799999999999999
150204258300320314288249208173155155171198227251261251223185145111 92 9327 513L0 41632116 12619999999999999910281532227 9099999999999999
11515420225129131231028624920817014613915117620823926026324521317513911427 514L0 5243141739264999999999999991150139235010799999999999999
10712215519924628631030928624620115812711612815719623627028427324220216227 515L0 62931319 4284999999999999991258116999999999999999999999
129115125156199245287312309281236186137102 9110814519324528830829826522227 516L0 72531420 930999999999999999 1 51151352 9199999999999999
175136118129161204251293315306269218162110 75 72 9814320026231133131627827 517L0 81231621 233199999999999999 2 71181437 6999999999999999
230178136120135170215263302316295249192133 82 55 62 9815221728333234532327 518L0 853316215034599999999999999 2591201517 5399999999999999
280227172133125147185231278310310276222162104 59 44 6410916923930534634827 519L0 930315223335299999999999999 3441241555 4499999999999999
319272216163131134163204250292312297252193133 79 45 44 7612819226232235127 520L010 5313231535299999999999999 4251281631 4099999999999999
342306256199152133146181225269302307277224163106 60 40 54 9415121728433427 521L01038310235434999999999999999 5 413317 5 4099999999999999
348329288235181145139162202246285306295253195136 84 49 45 7111817824430327 522L01111306999999999999999999999 5401371739 4299999999999999
338339311265212165142149180221263294301276227168112 68 48 57 9314520726827 523L0 032343114330299999999999999 6161411811 4799999999999999
316336325290241191155144161197238275296289254201144 94 61 55 7611917423427 524L0 1 7336121629799999999999999 6511441844 5499999999999999
288323329307267219175150151174210249279288271231180128 86 65 7010014620227 525L0 142330125328999999999999999 7281471918 6499999999999999
257301322317289247202166150158183217251274275253214166121 89 78 9112517127 526L0 217323133527799999999999999 8 91501957 7899999999999999
223271305316303272232191162152162186216245262261240205165128103 9811314627 527L0 256316142626499999999999999 8591522045 9799999999999999
18923627730230729126022218516015115917920623325125223720917614412311813127 528L0 34230815352539999999999999910 0151214611899999999999999
16019824027529629928325321618015314214716619322224425324722619716614413427 529L0 43830017 525399999999999999111214223 413499999999999999
14216520023827129229527924820817014012512915018221724826726725022118715927 530L0 5402961832269999999999999991218124999999999999999999999
14314416419723526929229527624019515211910311013717722226328929327524120227 531L0 639296194029599999999999999 026141131210299999999999999
166143142162197236272296296270226176128 93 80 9513218123528431531829425427 6 1L0 731299203432099999999999999 1341391357 8099999999999999
208166139139163201242280302295259206151101 67 62 8813419225430833833530427 6 2L0 816303212334199999999999999 2311361440 6099999999999999
259207161135140169210254291307289242183124 74 46 51 8714220627332835434327 6 3L0 859307221135599999999999999 3201331522 4399999999999999
307257202155134146180223268302309279223160100 52 31 46 9115121928934336227 6 4L0 942311225936299999999999999 4 713416 5 3199999999999999
345304251194150136155193238282311308267205140 81 37 23 47 9716123230335327 6 5L01025314234736699999999999999 4531361651 2399999999999999
365341297242185146141166207251293316303255190125 67 27 22 5210617224531527 6 6L01110317999999999999999999999 5381391739 1999999999999999
359363334287230176144147176217261301317296244179115 59 26 27 6311818626027 6 7L0 035366115831799999999999999 6251411827 2299999999999999
325360356323274217167143151182223267303313288235172111 59 33 41 7913620327 6 8L0 123363124831499999999999999 7131421916 3199999999999999
275333358346309258203158141153184224267299305278228170114 69 49 6210115727 6 9L0 2 9358134130799999999999999 8 414120 6 4999999999999999
222287335350332292241189151137150180219260290294271227176126 88 75 8912727 610L0 255350144029699999999999999 8581372059 7599999999999999
17923929433133831627522617714313114217120924827828626923419014711610411727 611L0 343339154928699999999999999 959131215810499999999999999
15019724929432232430126021216713312113015719523626828327524921217414513227 612L0 43432717 92839999999999999911 412123 813299999999999999
14016820825229031231228824820015512110611414218222626528929027023720117027 613L0 53031518322929999999999999912 9106999999999999999999999
152155177212250284304303278236188141105 90 9913017422427130230929226022227 614L0 628307194531099999999999999 02315113 8 8999999999999999
186163161180211247280300297269224174125 89 75 8812417423028432032831027527 615L0 723302204632999999999999999 13515914 0 7599999999999999
232191164161180212248282300292259210157108 73 64 8412618224430133634131827 616L0 814301213834399999999999999 2371591448 6499999999999999
278231186160160182217255287301286246193138 91 61 60 8813619626131734834527 617L0 9 0301222535199999999999999 3301561532 5799999999999999
316271220176155162190227266295301276229173119 76 55 64 9915221528033135227 618L0 94230223 735299999999999999 4141541613 5499999999999999
340304254203164152169203243280302297262209152101 64 54 7311717323729834027 619L01021304234534999999999999999 4541521651 5399999999999999
348326284232184155155181220261294307289244187130 83 57 59 9013919926231627 620L01057307999999999999999999999 5291511726 5499999999999999
344338306259207166149162196238278304305274222163109 69 55 7111216722928827 621L0 020346113230999999999999999 6 31491758 5599999999999999
330342322281231183152149173212255291309296255198139 91 62 62 9114019926027 622L0 05134212 730999999999999999 6351461830 5899999999999999
312339334302254204162143152184226267298305281233175121 80 64 7811817323327 623L0 120341124430699999999999999 7 914219 2 6499999999999999
289329339319278228179146139158193235273297294263213159111 81 7710314920527 624L0 149340132430099999999999999 7451381937 7599999999999999
262310335330299253203160136138162198238273290281247201153114 9410013117827 625L0 220337141029099999999999999 8261342016 9399999999999999
23128231933131427823118414713013716219823626728127124120016012911612615727 626L0 25533115 528199999999999999 91213021 411699999999999999
20124829031631829625821216913712413215719323026127526924621317815214114927 627L0 33532016132769999999999999910 612422 514199999999999999
17521325328630530328024219715612611412314818522425827827926223420317716227 628L0 42530717342819999999999999911 5114232316099999999999999
16418421524927829429226923018614411310010913717722126128929828626022719627 629L0 52429618532989999999999999912 6100999999999999999999999
174169183210242270288287263222175130 97 83 9312617122227030632031028224627 630L0 62729020 332099999999999999 04616913 4 8399999999999999
208178168178205237268289288261216163115 78 64 7811616822628232534133029927 7 1L0 72829221 434199999999999999 15916814 0 6499999999999999
256211176162174203238273296293262210153100 61 48 6610916723129434135834327 7 2L0 82629822 035899999999999999 3 11621456 4799999999999999
307258208169156172205245283306301263205143 86 46 34 5710516823730535436827 7 3L0 921308225336899999999999999 3551561551 3499999999999999
348307254199160152173211254295318308263200134 75 34 25 5310617224631736527 7 4L01015319234137499999999999999 4451511644 2499999999999999
372346299242186150149177218264307329312261194127 66 27 24 5811418226033127 7 5L011 6329999999999999999999999 5321451734 2099999999999999
372370336285225169140147181225274318335311255188120 61 27 32 7213120228127 7 6L0 026376115633599999999999999 6171391822 2499999999999999
346374360318263201150131146183230281324334304246181115 61 38 53 9715823127 7 7L0 1 8374124533699999999999999 7 113119 6 3799999999999999
304356368342294235175133123145185234286323326292237175116 72 60 8413219327 7 8L0 146369133433099999999999999 7461221949 6099999999999999
261323358353317265206151119118143185235284315313280230175125 94 9312116827 7 9L0 222360142631899999999999999 8311142032 8999999999999999
22628533134833128923618013311011414118323227730229927223018514612512915727 710L0 259348152430599999999999999 920108212012499999999999999
20024929532532930626321216112310511113817822426629029227324120517415816227 711L0 3383311634294999999999999991014104221915799999999999999
18421925729131030828424419715211810210713217021425528429328426023120418627 712L0 4243121759293999999999999991115101233918299999999999999
184197222252277292290269233190149116 9810112416120625028530330228325522627 713L0 5242931924305999999999999991222 97999999999999999999999
202191196215239262279280263230188146112 92 9311615520325229531932130327227 714L0 636282203532399999999999999 1101911327 9099999999999999
236204186187203228255275280264230186142105 84 8611115320626130933633631327 715L0 746280213133999999999999999 2281841426 8299999999999999
275233195175176197227257280285267228180133 95 75 8011115921627532434834127 716L0 845286221634999999999999999 3251731518 7399999999999999
310266219180163172200235269292293266220167118 81 67 8011917223329333735227 717L0 932296225635299999999999999 4 816316 2 6799999999999999
335296246198164157177212252286305296258204149101 69 64 8913519225531234727 718L01013306233035199999999999999 4441561640 6299999999999999
347318272220175151159190231272305314291242183127 82 60 6910615922028233127 719L01049315999999999999999999999 5151501713 5999999999999999
349333293242191154145167206251293319314277219158104 67 59 8413219125431227 720L0 0 0349112332199999999999999 5451441743 5899999999999999
345343311263209162138146179223270309324304254193133 85 61 7111116722929127 721L0 026349115732499999999999999 6151371813 6099999999999999
337350327283229176138129151192239286318319285228167112 74 67 9514620626927 722L0 051350123232399999999999999 6451281842 6699999999999999
323350341302250194146121127160205253296318305262205148102 78 8812818524527 723L0 11535213 931899999999999999 7171191913 7799999999999999
302341348320271215162123112131170216263300311288243190140105 9611916522027 724L0 141350134931199999999999999 7511121947 9599999999999999
27632134333129123718313711011113717822526829830027523318714712312415219727 725L0 2 9343143530399999999999999 828106202712099999999999999
24629132232830526020815812010311214118322826829229227023519816715015518027 726L0 242330153129599999999999999 910103211814999999999999999
21725729130930627923618714311210011114018122426228729227725122119517917927 727L0 32231116442929999999999999910 2100223017799999999999999
196223253278291286261222178138109 9610513217121425528529929427625022320227 728L0 41629118133009999999999999911 6 96999999999999999999999
193199216240261276275257222180139106 89 9211615520224928931331730327724527 729L0 530278194331899999999999999 0 61931220 8799999999999999
214194190202225250270277265233188141101 77 74 9713819024529533034132729627 730L0 654277205534199999999999999 1431901336 7299999999999999
256215185176188215246275290282248197143 94 62 55 7712318224530534836034327 731L0 812291215336199999999999999 2551761445 5499999999999999
304255206170161178212251288310302262203141 85 47 38 6411517925031836437227 8 1L0 917311224237499999999999999 3491601545 3799999999999999
346300244189152148175216262306331319270205137 76 34 29 6211818726433537627 8 2L01012332232538099999999999999 4351461637 2699999999999999
373337285223166134141176222275324347326270201130 67 29 33 7413320628635327 8 3L011 2347999999999999999999999 5181321724 2599999999999999
380362318259194140119138179231289339354323262192122 62 35 52 9916223631327 8 4L0 0 4380114935599999999999999 55911918 6 3599999999999999
367374341288225161116109138184240302347350310249181115 66 55 8413620027327 8 5L0 039377123435499999999999999 6381071845 5499999999999999
338370356310251187128 97105141191251310344336293234172115 82 8712517924227 8 6L0 110370131834699999999999999 717 961922 7999999999999999
305351359327274212151104 8910714720025931033231727622317012611012616721927 8 7L0 14036114 433399999999999999 756 88195911099999999999999
275323346334293238178126 92 8911315520726130331630026522117814914516520227 8 8L0 210347145631699999999999999 836 87204014399999999999999
247290320326303260208157115 93 9712116120925628930029026423019918017919527 8 9L0 241327155930099999999999999 922 92213417799999999999999
22325628530029727323619215011810210612716220424527629128927425022620920327 810L0 3193021724292999999999999991019101225820399999999999999
21022624626527427125422619115612811311212715619423326729029929227425122927 811L0 41627419 3299999999999999991133110999999999999999999999
21320821322624125325624923020116813811811012014518322526629931631329426527 812L0 553256202231799999999999999 1 0208125711099999999999999
23420819319320622624425725824321317614111410110813617722627431433332830227 813L0 734260211733499999999999999 228191141010199999999999999
264224190173176197224252272276256219175134101 87 9813218023529033134633127 814L0 840277215834699999999999999 31917215 5 8799999999999999
295249203168156171201237272294292262215164117 84 76 9613919425431034534727 815L0 926297223335199999999999999 3551561548 7599999999999999
320275223176148150177217260297314299256200144 96 69 7310615721728033135227 816L010 331423 335299999999999999 4261451623 6699999999999999
337297245191149135153192239286321325293239177120 77 62 8312818625031034827 817L01038328232935299999999999999 4541351654 6299999999999999
347315265209157127132165211263310335322275214151 97 65 6910616122328733727 818L01110336235235399999999999999 5221251723 6299999999999999
353330283227170127115137180232286328337306249186126 80 67 9114120126532327 819L01143338999999999999999999999 5491141751 6699999999999999
353343301245187134106113149199253305335326281221160107 77 8412518224430427 820L0 015354121733799999999999999 6171041819 7599999999999999
346352318263203147106 96121166219273318332307255197142100 8911416522428227 821L0 037355125133399999999999999 646 951848 8899999999999999
331351332282221162114 88 9713418423828932232128623418113510911415120425927 822L0 1 1351132832799999999999999 715 87192110799999999999999
307338336299241181129 92 8310614920125329731930827122417914413114718623427 823L0 127342141031999999999999999 747 82195813199999999999999
279314327308263206151108 84 8711616121125929631029726622819216716117821127 824L0 15632715 131099999999999999 824 82204516199999999999999
248281302302278235184138103 87 9412216421025328630129427324521719719019927 825L0 232305161130199999999999999 913 87215619099999999999999
220245267280277257222181142111 95 9811915419623827329530129127224822521027 826L0 3232811749301999999999999991022 94234920599999999999999
206213227244257262253229196159125102 9410513317321826129631531630127424327 827L0 4522621933318999999999999991154 94999999999999999999999
215197193204223244261265252222181138103 83 8410815020225630333534232428927 828L0 648266204534299999999999999 1441931327 8099999999999999
247206176168182210243274291283249199146 98 66 61 8713419425831835536033327 829L0 814292213736299999999999999 2501681440 5999999999999999
289236184150146169208253296321312270209146 89 50 46 7713219827133637136527 830L0 916323222037399999999999999 3371441537 4399999999999999
327273212155124131166214270322348330278211141 78 40 44 8414421529235537727 831L010 7348225737799999999999999 4181221624 3799999999999999
354306245178124104125170226289345363334274204132 70 43 6010817024331936827 9 1L01053364233137499999999999999 45710417 6 4299999999999999
369330273207141 96 93127178240309359365324262192122 70 59 9014320727934327 9 2L01136369999999999999999999999 533 891744 5899999999999999
369347295233165105 77 91134191258325363353307245178117 81 8812918524831327 9 3L0 0 1369121836599999999999999 6 9 761820 7999999999999999
356356315255189125 79 69 9714620727533335533428622716811910312517122628427 9 4L0 029362125935599999999999999 643 68185410399999999999999
333351328276213150 95 67 7411016222428733133931226721516513413416420925927 9 5L0 056351134234099999999999999 718 65192913099999999999999
305334329292237177122 82 70 8812817923729032031929425521117415816719623527 9 6L0 123336142832399999999999999 753 7020 915799999999999999
274305314296256206155112 87 8510714519224228330430228325322019518519421627 9 7L0 151314152530699999999999999 832 83205918599999999999999
24326928528326322918914911910310612415619523626928829228226223821920921027 9 8L0 224287164629299999999999999 922102222420899999999999999
21923424925625323921718916113712412213315618822325427829129127925923822127 9 9L0 3132561831293999999999999991037121999999999999999999999
21020721222223023523322320518115713912913014617421024627830130829727424627 910L0 514235195430899999999999999 050207122312899999999999999
21719518418820121923524524422820016914112211713116220324728831732430827627 911L0 726247204732499999999999999 214184134711799999999999999
23719917016017119522425227127024721016913110610112015920826030633433230427 912L0 828274212633799999999999999 2571601442 9999999999999999
262213169143143167204245281300291255206156112 87 9012016922528332834432727 913L0 911301215834499999999999999 3291401524 8499999999999999
286234180138123139177225274312323298248190134 91 74 9213519125331034434127 914L0 947323222534899999999999999 3581231559 7499999999999999
307255197143111114147195251305336330289230168111 75 7610916122328633534927 915L01021339225034999999999999999 4251081630 7199999999999999
324275216156110 96118163219280330347322269206143 92 73 9313919726131834927 916L01054347231335099999999999999 452 951659 7399999999999999
337293235173118 86 93131184245305344342301243180121 84 8612317723729834127 917L01126349233634999999999999999 519 841727 8099999999999999
346310252190131 87 76103151209271325347326275216157108 9011216121827632527 918L012 0347999999999999999999999 546 751757 9099999999999999
347324270207146 95 68 7912117623529533633930425119414210811014619925430427 919L0 0 0347123434399999999999999 613 67182710499999999999999
337333290227163108 70 63 9214220025931133732528323218113912213918123228027 920L0 025341131033899999999999999 641 6119 112299999999999999
317330305250186128 83 60 7010916322027531733031026922318015014516921025327 921L0 051330135233099999999999999 713 59194014499999999999999
290312307272216158108 74 64 8312417623027831131829926522819417317319322527 922L0 122314144431999999999999999 751 64203017099999999999999
256281291279245197149108 82 78 9613217722526829730729627324521719919520427 923L0 2 0291155730799999999999999 843 77214719499999999999999
223243259266257233198160126102 9310212816520724828230130329126924321920427 924L0 25826617393049999999999999910 0 93235519999999999999999
199205218233245249240219188154124104 9911314218322927130331931429326122727 925L0 4502491916319999999999999991146 99999999999999999999999
196178176189212237257265253223183141107 88 9211916321627031433833430626427 926L0 656265202134099999999999999 1371751321 8699999999999999
217174147146167202242279299290254204150102 73 7410515521627933135534230327 927L0 81330021 835599999999999999 2331431429 6999999999999999
250192141115123157204259309334319274214150 93 61 6710616222829734936133427 928L0 9 8334214736299999999999999 3151141521 5999999999999999
283221156106 90112158216282338358333279213144 85 60 7712318325232036035327 929L0 956359222136399999999999999 353 8916 5 6099999999999999
310250183117 75 76112167235307360368331272203134 83 7210115321428234035827 930L01039371225335999999999999999 429 701644 7099999999999999
330275209140 81 56 74122183256328370363318257189126 89 951351892503113492710 1L01121373232235399999999999999 5 4 561721 8699999999999999
343297233166101 56 50 841382042783423673472982381751231051261722262823302710 2L012 1367235034599999999999999 537 47175610499999999999999
344315257191126 72 45 581011592272973463553262772191641281271592062573042710 3L01241357999999999999999999999 610 44183012399999999999999
332323279217154 97 57 49 761241842493093413363042572051611421541892332762710 4L0 017334132234399999999999999 643 4819 614199999999999999
309317292242183127 82 59 661001492062653103283172852431991691611782102472710 5L0 04531814 532899999999999999 715 58194616199999999999999
280297289257210160115 84 75 911251702222693013113002732382041841821962202710 6L0 114298145631199999999999999 751 75203618099999999999999
246267272258229191152119100 991151441832252632872962892692422172011962022710 7L0 14727216 229699999999999999 834 97215319699999999999999
2162312432442342141891611371231221321531832182502742872872752542312111992710 8L0 236245173228999999999999999 938121999999999999999999999
1941982082182242242182041831611451361371491742062392672872952862652372092710 9L0 431225185829599999999999999 0 1194112513599999999999999
187174174185203220233238230209182156137129137161196235271298308296267230271010L0 655238195730899999999999999 13017213 312999999999999999
192161146150172202233258269258229192155126113123154196242285314318296255271011L0 8 1269203832099999999999999 21614514 511399999999999999
208162129120137172215259291299278237189143109 99118157208261306328318281271012L0 846300211132999999999999999 2501201450 9999999999999999
230174126 99104136185240292322319284232175124 93 94125174231287326332303271013L0 924325214033499999999999999 321 971528 8999999999999999
253193134 91 80102149207271322342323276217156106 87103146201260312336320271014L010 034222 633699999999999999 349 7916 2 8799999999999999
274215152 96 67 74113170235300344347313258196136 96 94125176233290330331271015L01034351223233699999999999999 417 651634 9099999999999999
294235172111 66 56 83134196264325353338293236174121 97113156209265314334271016L011 9354225933499999999999999 445 5417 5 9799999999999999
311257192130 76 47 58101159224291340351321271213156115110140189241292326271017L01143352232633099999999999999 514 46173810799999999999999
323279215151 93 51 42 71123185251312346340302250195145120131170219267308271018L01220349235532499999999999999 544 40181211999999999999999
324299243177115 65 39 47 89146209272324343326285235184145134155196241282271019L013 0343999999999999999999999 616 37185013399999999999999
309308270210147 92 52 40 61107165226284325334312273227184155153176213251271020L0 028313134633599999999999999 653 40193515099999999999999
282297284243187131 85 55 52 77122177233284317323303269230194171171189218271021L0 1 5297144232499999999999999 737 50203116899999999999999
246269276262227180134 95 72 70 91130177228274304313301274241209187181189271022L0 153277155331399999999999999 834 68215418099999999999999
207228246255248226192154120 96 88100128168214258292309305285255222194177271023L0 3 6255171931099999999999999 954 88234417399999999999999
174183202223241248241219186151121102101119154199245286312316298265226187271024L0 5 32481840317999999999999991134 99999999999999999999999
158146153176206238263270255222180140108 96108141188240288321327305264215271025L0 650270194232899999999999999 1 714613 2 9699999999999999
166128113125158201249289304289251201150108 89101138189245299332332299249271026L0 8 0304202933699999999999999 2 211314 7 8999999999999999
190133 93 84107152208270319335314268211152104 86104146201261314340325280271027L0 85533521 834099999999999999 245 831459 8699999999999999
220155 96 62 66102158225295345354324272209147101 92119166222281328337306271028L0 942356214333999999999999999 324 581543 9199999999999999
249184117 63 41 61109173247319362359320264200139103107142192248302334323271029L01026366221633599999999999999 4 0 41162310099999999999999
276212145 82 39 35 69125194271337366351307249186133111129170220273317329271030L011 8366224733099999999999999 435 3217 111199999999999999
298240174109 55 29 42 87148219293346360335287229171130125153197246293321271031L01148361231732299999999999999 5 9 28173812399999999999999
312267204140 81 40 32 601111742443093473463142652091591341431772212673022711 1L01228351234731399999999999999 543 31181413399999999999999
312286233171111 63 39 47 841382012673183403282922431921541431611972392772711 2L013 7340999999999999999999999 615 37185114399999999999999
299292256202144 93 58 49 691111662262823193273092712241821561551772122482711 3L0 018300134732899999999999999 648 48193115299999999999999
276284267228178127 87 65 68 951381902442883123122902542131791631671882172711 4L0 051284142931599999999999999 722 63201616299999999999999
245263263242206164123 94 83 921201602062512853012982772452101831711741892711 5L0 129266151830299999999999999 8 2 83211617099999999999999
2112322442422251981651341121051141381712112492772902882712432121871731712711 6L0 221245162029199999999999999 855105224217099999999999999
1791952132262292212041801551351261291451732072422692842852712452141851652711 7L0 3472291734287999999999999991013125999999999999999999999
1551591741952152292332252051791551391341431672002362662862892742442071722711 8L0 551233184229099999999999999 013155115213399999999999999
1441301351561862182442582532322001671411291351601972362722942952742351902711 9L0 716259193429899999999999999 116130131112899999999999999
147115103115146189234270288280251211168134119128158201246284304297264215271110L0 812289201530599999999999999 15910314 811999999999999999
162114 83 81105150204259301315298259210160123111129166214262299310288241271111L0 856315204931099999999999999 236 78145311199999999999999
184126 79 58 70109164228288327331303256200147113111139183234282311306267271112L0 936334212231399999999999999 3 8 58153310899999999999999
210148 90 51 44 72123186255315344335296243184133109121157205257299314290271113L01014345215331599999999999999 340 42161010999999999999999
237173111 58 32 42 85143211281334350328283227168124114138180230278310308271114L01053350222631499999999999999 413 31164711399999999999999
266203138 78 35 23 50102166236303345347315266210155122125158204252294313271115L0113235123 131399999999999999 447 23172411999999999999999
292238172107 53 21 25 63121187257318348338301250195147127141178223268301271116L01214349233830899999999999999 524 1718 412699999999999999
306272212145 84 37 17 33 79139206274326345328287237185145135156194236275271117L01259345999999999999999999999 6 4 17184813499999999999999
299292252191127 72 33 22 46 95155221284328338317276227180148145167202240271118L0 019301134733999999999999999 648 22193714399999999999999
273289276235178121 72 40 37 63110168231288324329307268222180153151170200271119L0 1 6289144033199999999999999 737 34203514999999999999999
233261274262226178128 85 59 57 81124177234284316319299263220181155150162271120L0 2 3274153832199999999999999 834 54214614999999999999999
187216243258254228190148110 85 80 97133180232277306312294260219179150138271121L0 317259164331399999999999999 943 7923 813899999999999999
144165195225248255243214177140112100109138179227270300308292258215171135271122L0 45225617493089999999999999911 5100999999999999999999999
116119141174213248268267244209170135115116139178223266298307290251203153271123L0 626271185030899999999999999 023115122811299999999999999
111 89 92119161210258290295274236192150122119141179224269301307283238184271124L0 740297194230999999999999999 122 87133711799999999999999
128 83 61 71107158218276314320296254204156124121145185231276306304270217271125L0 840322202731099999999999999 211 61143511999999999999999
158 99 55 41 60105165234298335336306259204153123126155196244287309295250271126L0 93034021 830999999999999999 254 41152512199999999999999
191129 71 34 31 62115181254317348340305253196146124135169213259297306279271127L01017350214630799999999999999 335 2816 912499999999999999
225163101 49 23 33 73132202275331351334293238181139127148186231274302296271128L011 0351222230499999999999999 413 22164912799999999999999
257198135 77 34 22 45 93155226294338345319273217165133135164205249286300271129L01141347225630099999999999999 450 22172713099999999999999
280231170109 58 28 31 64118182250309339333298249194150132146181224264292271130L01219341233029699999999999999 525 2518 313299999999999999
292259204143 87 45 30 47 891462112733193333152742231731401361591972392742712 1L01255333999999999999999999999 559 30183913499999999999999
290276235177119 70 41 41 691171772382923223222942491991571361431712102492712 2L0 0 4290132932699999999999999 631 37191513599999999999999
276280256210154102 63 47 59 951472062613033193062722261801471361501802172712 3L0 04028214 331999999999999999 7 5 47195413699999999999999
250269265236190140 95 67 62 831231752292763053092892512071671421381541822712 4L0 120270143931199999999999999 741 61204013799999999999999
215243256248220180137102 82 851081481952432813002962722361951591391361512712 5L0 2 9256152030199999999999999 823 80213713599999999999999
1762052302422362141831481191051091301652062472772902842602251861531331282712 6L0 31124216 929099999999999999 918104224612899999999999999
1391621912172332352221981691441291281441722082432702812752522171781431202712 7L0 43723617 9281999999999999991031126235611299999999999999
1121221461782102352462412221951671471391481722042372642772702452071651262712 8L0 6122461811277999999999999991158139999999999999999999999
100 911041331722132482672662472171831551401451682002352642772682381941462712 9L0 72727019 727799999999999999 054 91131514099999999999999
103 75 70 90127176227270293290267230189153136141166201239270281264225174271210L0 824295195528199999999999999 142 69141513599999999999999
121 76 51 54 83131188247294315307277233185146129140170209249279284257208271211L0 912316203928699999999999999 224 4915 612999999999999999
150 94 50 31 44 84140204268315331315277228176137126144179222263289284245271212L0 958331212129199999999999999 3 5 31155112599999999999999
187125 68 28 18 42 91153222288331339315271217164129126152193238278297280271213L0104334122 429799999999999999 347 17163412399999999999999
231166102 46 11 10 44100167239304342340309260204152125131164207253289300271214L01128346224830199999999999999 431  6171712399999999999999
273215148 83 29  1 10 51112182256318347336299247189142123138175220264297271215L01213348233430399999999999999 516 -118 112399999999999999
300263201132 68 18 -2 15 63127199272328347328285231174133122144184228271271216L01257347999999999999999999999 6 2 -2184712299999999999999
299294251188121 60 16  4 29 81146218288335342315268213159125122148187231271217L0 022302134134499999999999999 649  3193411999999999999999
272295284239179116 60 24 21 52104169238300334331298249194145118120147185271218L0 112296142433799999999999999 735 18202411599999999999999
228266285271230176120 72 45 48 80131191254304326315278229177133111115140271219L0 2 628515 832699999999999999 824 42212011099999999999999
176218254272262228182135 95 74 80109155209261300312297260212163123102105271220L0 3 8272155631299999999999999 918 73222310199999999999999
127162203240260258235199160126108111134172217260289297280244198151113 91271221L0 42426216492979999999999999910231062330 8899999999999999
 91111146187227256264251224190159138134150180217252277284268233187141101271222L0 5532641749285999999999999991142133999999999999999999999
 76 73 94130175222260279274251219185158146155179211243269277261225178129271223L0 717279185127799999999999999 036 7213 414699999999999999
 86 59 57 79119171226272298297275240200165147152175206239266274257217167271224L0 827300195027599999999999999 136 55141614799999999999999
116 71 44 44 71117175237289316314288247201161142148172206242270275252208271225L0 924319204227699999999999999 229 41151514199999999999999
154100 55 32 38 72124187253305329321288242191150135146176214251276275245271226L01013330212928099999999999999 317 3116 313599999999999999
194137 83 41 25 40 81138205271319334317277225174138131151187228264283272271227L01056334221028499999999999999 4 1 25164313099999999999999
232175117 65 30 24 50 98159227289327330302256202154128133163204245277287271228L01134333224828799999999999999 441 22171912699999999999999
263213153 95 48 23 31 67122186252306330318279228175135123142179223263288271229L012 8330232329099999999999999 517 22175212399999999999999
283246189127 72 34 23 45 92152217279319324297251197149121124154197241277271230L01239327235929199999999999999 549 23182411899999999999999
291272224162102 53 27 34 70125188252302324310270218165125112129167212255271231L013 6324999999999999999999999 619 26185511299999999999999
