121154192230257266254225190160145146163190223255277282265228180134101 8727 1 1M0 45626716442839999999999999910241432316 8699999999999999
 90110141180220253271269250220190170165173193219245264268252218173128 9327 1 2M0 6262731744268999999999999991152165999999999999999999999
 76 79 9813017121725728429027524420918116717018520923525526124821516811927 1 3M0 747291185126299999999999999 022 75132016699999999999999
 82 63 67 8812417122327030231029225421117515815917620423425726424820915627 1 4M0 848311195026499999999999999 120 62142515699999999999999
103 64 49 57 8412718023828832032329624819715914315017420824326727024619827 1 5M0 935325203827199999999999999 2 9 48151114399999999999999
137 81 45 36 53 8813819725830733232428422717213813114818122225928027423727 1 6M01016334211828199999999999999 249 35154613099999999999999
178110 55 27 29 5710115722028032333631225919614512112715619824327829027127 1 7M01051336215529099999999999999 324 24161712099999999999999
220149 79 31 16 32 7012218324730233332928822416112111213217121926529429427 1 8M01123336223129899999999999999 357 16164511199999999999999
259194116 50 14 14 44 9114921427632133531125418512910511314519224228330327 1 9M0115333623 730399999999999999 428 10171310499999999999999
288238162 83 26  7 25 66120183248303333327282213147106 9912216321226129627 110M01220336234330599999999999999 459  71741 9899999999999999
303274210128 56 15 14 46 96156220281324335306245172116 9210213518123127627 111M01247336999999999999999999999 530 101810 9299999999999999
301295252180101 41 18 34 76132194257308334323275204136 94 8811014919724527 112M0 020303131433599999999999999 6 3 181841 8699999999999999
283298280229156 85 41 36 64112170230285322328298238166108 82 8911916120827 113M0 1 0298134133099999999999999 638 341915 8199999999999999
252283289264211144 86 59 66 99148203257299320309266202136 91 77 9212516727 114M0 143290141132099999999999999 717 571956 7799999999999999
212251276278252204148105 88100133178225268297304283236175118 82 75 9212527 115M0 234280144630599999999999999 8 3 882045 7499999999999999
166207244267270250211168135123133159195232264283283259215159110 78 71 8627 116M0 338271153028699999999999999 9 11232147 7199999999999999
116155195232258269259233199170155156172197224249265265245206156108 74 6227 117M0 5 1269163026799999999999999102315323 2 6299999999999999
 72 99136178220255276279262233201176166170186209232251256243209160107 6527 118M0 6382801750257999999999999991210165999999999999999999999
 45 50 7511416121125729130429326222018316015717019322124726025322016610327 119M0 8 4304191126199999999999999 018 44134115699999999999999
 50 22 24 51 9414820726530933031827922417414413915518422025427426923216827 120M0 9 9330202027699999999999999 126 19144313899999999999999
 93 30 -3  0 31 8114221027732935133228021115312212214618322726929328624127 121M010 3351211929499999999999999 225 -6152911999999999999999
164 78  8-24-16 22 7714522129534836333226418512610211214418924128731129827 122M01050364221231299999999999999 316-25161010299999999999999
242153 58-11-36-19 25 85158240315363364316233151 98 8710714820025630432427 123M0113237023 132499999999999999 4 3-361648 8699999999999999
301233135 40-21-34 -9 41105183266336369351284193115 76 7810815521227131627 124M01210370234833099999999999999 447-351726 7299999999999999
329295216116 28-18-18 16 70138217295350363322241151 85 61 7611316422428227 125M01245364999999999999999999999 529-2318 4 6199999999999999
321323278196101 29  0 12 52109178253318352341282195113 64 56 7912117423327 126M0 033328131635499999999999999 610 -11843 5499999999999999
286316308257178 98 45 32 53 96152218281327338306237155 88 56 59 8613018227 127M0 118318134633999999999999999 650 311924 5399999999999999
237282302287237170109 75 73 98140192247294318309264196127 78 59 68 9613827 128M0 2 5302141531999999999999999 732 7020 8 5899999999999999
186234270283267227176134114118141177219259288294273227169115 81 69 8010527 129M0 258283144529599999999999999 8191132059 6999999999999999
141183223253265255229196169155157173197226252267264242203158118 92 82 8927 130M0 4 3265152326899999999999999 92215422 5 8299999999999999
109138173208237254256244225204189183187199216232241239223196162129104 9027 131M0 53725716202429999999999999911 61832328 8899999999999999
 9010412916019622925426826725323120718918218519621122322722120217314010927 2 1M0 7272691756227999999999999991310182999999999999999999999
 88 82 9311615019023026528729027324220617716316517919921923223221518214127 2 2M0 839291192923499999999999999 051 82142316299999999999999
101 75 67 7910714619424228330730527723218615314114917220223124924822518227 2 3M0 926309202925199999999999999 152 6715 414199999999999999
129 82 54 50 6910515320826230432130626220515512712414417921825227026222527 2 4M010 3321211327099999999999999 238 49153512299999999999999
167103 54 32 39 6911417023128632232429023116712210711915219724227728826527 2 5M01034328215128899999999999999 314 3116 110799999999999999
211138 70 27 18 39 80135197260310331312258187127 96 9812617022126929829627 2 6M011 2331222630299999999999999 345 171625 9399999999999999
255182101 37  8 17 52103165232292329328284213141 94 8210214219324729231127 2 7M0112933423 131199999999999999 414  81649 8299999999999999
291230145 64 14  5 31 78137203269319335308242162 99 72 8111416221827130927 2 8M01153335233631699999999999999 442  31713 7199999999999999
312273197108 37  6 18 59114178245303335325271191114 68 62 8813218524229127 2 9M01217336999999999999999999999 511  61738 6099999999999999
316302247162 79 26 17 46 97157222283326333296223139 74 50 6410215220826227 210M0 011317124033599999999999999 541 1518 5 5099999999999999
303314284218135 66 34 44 84139200260309330312254173 96 49 45 7311817122627 211M0 04831413 433099999999999999 614 321836 4299999999999999
275305303264196123 72 59 81125179235284315314277209131 68 40 49 8513318527 212M0 127308133031999999999999999 650 581913 3999999999999999
236277298288248188131 97 95121163209254288301286240173106 58 43 58 9414027 213M0 212298135930199999999999999 732 921957 4399999999999999
188234269284275242196155133134155187222254274276255212155101 64 53 66 9627 214M0 3 8285143627899999999999999 8251302056 5399999999999999
135178219252270269250220190171167176194216237250250234202158113 79 62 6527 215M0 427272153325299999999999999 9461662219 6199999999999999
 86118157197234261274270253227202185179183196211226234230211177135 94 6427 216M0 61727517142359999999999999912 21792359 5499999999999999
 54 65 9113017421926028829828525521718316315916918921323424423520515610127 217M0 75629819 6244999999999999991344159999999999999999999999
 56 33 37 6410515721426830932531026721116313513214817721324726926523116927 218M0 9 1325202427199999999999999 120 32143913099999999999999
 97 37  8 12 43 9215222028533234631825718513010410913617722527029829224627 219M0 950346212230099999999999999 221  6151810399999999999999
167 80 14-13 -2 36 92161237307352353305226146 93 79 9713518724429632330827 220M01031359221132399999999999999 310-141553 7999999999999999
246152 58 -5-22  0 46109184264331362342273180102 62 64 9514320226631933827 221M011 8363225633899999999999999 353-221626 5899999999999999
309231128 37-12-14 19 72139217294348357312224129 63 42 5910115622128733427 222M01140360233834499999999999999 432-191659 4299999999999999
340295206104 27 -4 10 52110180256321353335266169 83 36 34 6411317324130327 223M01210354999999999999999999999 5 9 -41732 3099999999999999
338329270179 89 32 21 46 94154223290335340295212119 50 24 38 7612919225727 224M0 019341123634499999999999999 545 1918 6 2499999999999999
310330307242159 88 53 57 90139199260310330309246161 83 36 28 52 9414820927 225M0 05933013 133099999999999999 622 501842 2799999999999999
267306313281220152103 85 99134181233280309306266199125 67 40 45 7211516627 226M0 141315132531299999999999999 7 1 851919 3899999999999999
220266293290258209161130124140171210250279288269224165108 70 58 68 9413227 227M0 225295135028899999999999999 74412420 1 5899999999999999
176220256273269246213183164162173194221245259256233194150113 89 82 9011127 228M0 318274142026099999999999999 8411612056 8299999999999999
14117621123925525724622921119718919019921322523122620918415613111310310427 3 1M0 43725815 5231999999999999991023188222410299999999999999
11713816619622324425625925223721820018818619119920721020519417615513211327 3 2M0 6462591653210999999999999991246185999999999999999999999
10410912515118221524526827827325222119016916116618019721222021620017113727 3 3M0 812279191522099999999999999 01110414 316199999999999999
107 90 9110913917721825828729828525020416414013615017520523124624221717327 3 4M0 858298202024799999999999999 126 88144113599999999999999
124 85 67 73 9713618323427930830827922717112911212014718522626027426021827 3 5M0 93231221 327499999999999999 215 6615 911299999999999999
157 97 57 46 62 97146202259304322304253187128 96 9411815820825629029526427 3 6M010 1322213929799999999999999 252 451533 9299999999999999
201125 63 32 35 65111169231289324322280209137 89 74 9012817923628631330227 3 7M01028328221531599999999999999 323 291555 7499999999999999
250169 88 34 20 40 82138202266316332304237155 90 60 67 9914720626631232527 3 8M01053332224932699999999999999 352 201617 5899999999999999
294221131 56 20 26 61112174241300332322266182101 52 46 7211717223429332927 3 9M01117334232433299999999999999 420 171639 4499999999999999
324272186 97 37 23 48 94152216279324332292214123 55 30 46 8713919926231427 310M01141334235933499999999999999 449 2317 3 3099999999999999
334310242152 75 37 44 81134194256308331311247156 73 25 24 5710716422628527 311M012 4331999999999999999999999 519 351731 1999999999999999
325329289214130 71 54 76121175233286320319274196106 38 13 30 7312818724827 312M0 036333122932599999999999999 553 5418 3 1399999999999999
299326315267194125 85 84114159210260299312290232151 74 25 17 44 9114620327 313M0 115327125531399999999999999 631 801841 1599999999999999
258300316298251189138113120149189231269291289256196125 64 32 33 6110515527 314M0 159316132529499999999999999 7151121927 2899999999999999
207254288299284247201164148153175204234258269259227178123 77 52 53 7410927 315M0 25630014 426999999999999999 8131472028 5099999999999999
151196237269284279256225197179176184200218233241236216182143105 79 69 7727 316M0 41428415 824199999999999999 94617622 2 6999999999999999
100133173214249275284277255226199181174178190205219227224207177138101 7527 317M0 6 328417162279999999999999912 61742352 6899999999999999
 68 8010814719223727630030228124320116614814716118321123524924321416511127 318M0 7363041915250999999999999991332146999999999999999999999
 68 49 56 8412718023628732032429424018013511411714017521725828328024217727 319M0 836326202528599999999999999 113 48142011299999999999999
105 51 28 37 71121182248306340334287214142 95 82 9713118023628731630625427 320M0 922343211731899999999999999 210 271456 8299999999999999
172 88 31 14 33 74131199270328350325257170 97 59 60 8913619626131634031727 321M010 035022 334099999999999999 256 141527 5699999999999999
247152 67 19 15 44 93156228297343346296209117 54 34 52 9415021728733835027 322M01033351224535299999999999999 335 121558 3499999999999999
310226128 52 20 32 70125191262321347323250153 68 24 24 5710717024230935027 323M011 3347232535599999999999999 411 201628 1999999999999999
345289198107 48 36 60106164230293335334283195100 32 10 28 7112719426632527 324M01130341999999999999999999999 447 351659 1099999999999999
350328260172 96 59 63 96145204266315332304233141 59 15 13 44 9215222028527 325M0 0 3350115433299999999999999 523 561732  999999999999999
331339302232155 99 80 96133184240290318310261183100 39 16 30 6711817824227 326M0 041341121932099999999999999 6 0 8018 5 1699999999999999
296325318275211151114109130168215262296303276217143 77 39 33 55 9514520127 327M0 119327124330599999999999999 6401071840 3299999999999999
255296311295253202159137139160194233267284274237181122 76 56 60 8412116727 328M0 159311131028499999999999999 7251351918 5599999999999999
215258285291274242205177163166182207235255259242207162121 93 83 8910914027 329M0 245292134226099999999999999 82116220 6 8299999999999999
17721624926927426324221919818518219020422123223121719316413811911011112327 330M0 346274142823399999999999999 947182212410999999999999999
14617520723525526426325323621519618418118719820821220919918416514512912027 331M0 52226516 8212999999999999991146181231611999999999999999
12313916419322324826627426824922019016815916317619320922022221319116113227 4 1M0 7 52741842223999999999999991311159999999999999999999999
11310912314918322025427929028025020816713913114116319322324625324020616127 4 2M0 8 2290195325399999999999999 041109135613199999999999999
119 93 9010814118322927029830328023317713110710712916520825027828225620527 4 3M0 841304203928499999999999999 137 89142710499999999999999
144 94 70 75103145196249293315305261197133 91 80 9513118023428230930125627 4 4M0 913316211831199999999999999 219 691453 7999999999999999
186116 68 55 72111162219275315322289224147 86 59 66 9714520426531333030427 4 5M0 942324215533099999999999999 253 551517 5899999999999999
239157 87 51 54 84131189250302328313254171 93 46 40 6611116823329533633827 4 6M010 9329223234399999999999999 325 481539 3899999999999999
292212126 67 49 67108161222281322326284204113 46 21 37 7813119526232134927 4 7M0103633023 935099999999999999 356 4916 4 2199999999999999
332269181103 61 62 93140196256307329307240148 62 14 12 45 9615622228933927 4 8M011 3329234735299999999999999 428 561631  799999999999999
351316242157 93 70 86124175230284320319274191 97 25 -1 17 6211818024830927 4 9M01130325999999999999999999999 5 2 7017 3 -199999999999999
346343296220144 97 90115156206258300318296233146 61  9  1 31 8013820226627 410M0 026350115931899999999999999 540 881740 -199999999999999
319343329277206144113116143184229272301301265197116 47 12 16 50 9915521627 411M0 1 9344123130699999999999999 6241101822  999999999999999
274317332313265205157135141166201239271287277237176108 55 31 38 6811216327 412M0 15733213 928799999999999999 7151341915 3099999999999999
218269306318301263215177158160178204232255264253221174122 80 59 61 8211627 413M0 25631814 026499999999999999 8221572024 5799999999999999
160209255289305298270233198175168175191211230241240223191152114 88 78 8727 414M0 411305152424299999999999999 95816822 1 7899999999999999
111148192237275299302284251212179160156166184206227241241224190148110 8627 415M0 53930417322439999999999999911451562339 8199999999999999
 82 9913217622426930231329926121216613612713615819122625627126122617311927 416M0 65831319 9271999999999999991259127999999999999999999999
 83 72 87120167220272312326306257193137102 9511014318823828230529424918227 417M0 756326201330699999999999999 054 721347 9499999999999999
116 74 63 81118169228285325333300234158 97 67 70 9714119826031133431425527 418M0 84233521 433499999999999999 150 631424 6599999999999999
176105 65 61 86129185247303335327276194112 57 40 57 9615121728533635131827 419M0 920338214935299999999999999 236 581457 4099999999999999
245159 92 62 70103151210271320336307235144 67 27 28 5810717024231035435427 420M0 953336223136099999999999999 316 611528 2399999999999999
305224140 85 70 89128181240295329323271185 95 32 12 29 7112719526732936027 421M01023332231036099999999999999 353 691558 1299999999999999
343282198125 86 86114159213269313326296225135 55 12 12 43 9215322229134127 422M01050327234835699999999999999 429 811630  799999999999999
355323254177118 95107142189243292319310259178 93 32 10 26 6511818124930927 423M01117320999999999999999999999 5 7 9517 2 1099999999999999
344340297229162120111130169217266303311281218138 67 27 22 48 9214821027127 424M0 025348114431299999999999999 5461101736 2099999999999999
319338320272210156128129153193238279300290248182112 59 36 45 7612217623427 425M0 1 1338121330199999999999999 6281251812 3699999999999999
286319324298251199159142148173210249278285263217157102 66 57 7210414819927 426M0 139326124528699999999999999 7131411852 5799999999999999
250290311307279238196167156164186218248265263238196149109 86 83 9812816827 427M0 220312132426799999999999999 8 41561938 8299999999999999
21325428529829126723320117716717218921323524624222319115712811010711814327 428M0 3 9298141624799999999999999 910167204310799999999999999
17721525027628728226423620718316916818019821622923122220317815313312312827 429M0 4122871542232999999999999991033167221312399999999999999
14617520924226828228226724120917915915316117920122123423722720417514612827 430M0 5292841742237999999999999991154152234012499999999999999
12513916720123726728628927324019916013512813916319422625226325522818714727 5 1M0 63929019 7263999999999999991252128999999999999999999999
12011412915919823927529729727322817412810310212215720024427929428124118627 5 2M0 73230020 329499999999999999 046113133210099999999999999
136106102123159204250289309300260199135 89 72 8411616321727030932029524027 5 3M0 813310204932199999999999999 13710014 4 7299999999999999
173118 92 97125168219269306317291231156 89 52 50 7712217924129933633729727 5 4M0 849317213134299999999999999 219 911432 4799999999999999
227154102 86102138186240289319313267189106 45 25 41 8213720026832635534127 5 5M0 922322221235699999999999999 258 8615 1 2599999999999999
286207135 94 91117159210264307323297230140 59 13 12 44 9515622429334636327 5 6M0 955323225436499999999999999 334 881531  799999999999999
335268187123 96105138183235285319317270188 95 24 -4 12 5511117624631335827 5 7M01028323233636699999999999999 412 9516 6 -499999999999999
363322249171119105123160206257301320300238149 61  5 -6 21 7012819526632727 5 8M011 2320999999999999999999999 4531051644 -899999999999999
362355306233164123119142180226273307312279209121 44  2  3 36 8514521127927 5 9M0 021365114031599999999999999 5371171728 -399999999999999
334359344291222163132134158195238278303298257188109 44 14 20 5310115922327 510M0 1 8359122230599999999999999 6261291818 1299999999999999
287334351331280218166142145167201240273291281243181113 60 36 42 7111416927 511M0 158351131129199999999999999 7221401917 3599999999999999
229287328340320274218172149150168197230259275268238189133 87 64 65 8712427 512M0 253341141527599999999999999 8271472026 6199999999999999
174229281318330313272221177151147159183212241260263246210163120 92 85 9927 513M0 355330154026499999999999999 9441462148 8599999999999999
13017422427330932330927222217614413314016119122425226826523919715111610027 514M0 5 132317202709999999999999911 5133231210099999999999999
10613217221926630331930827121716412611011513817221425428429127022717513127 515M0 6 73201846291999999999999991214109999999999999999999999
108110133171217265303320307264202142 99 83 9212016321526630531829724718627 516M0 7 5320195331899999999999999 02510613 7 8399999999999999
136110112136174222270308321300246176110 69 59 7611316522528532833931225327 517M0 755321204734099999999999999 1261081350 5999999999999999
186134110116143184233281314318284218140 76 43 44 7211717724430734835131327 518M0 837321213535599999999999999 2161091427 4099999999999999
246176128112124156201250295318307257180101 46 27 41 7913219626632635935027 519M0 913319221836199999999999999 3 111215 1 2799999999999999
301229162123117137175221270307316287222140 67 26 23 50 9515322028934136127 520M0 946317225836199999999999999 3411161534 2099999999999999
338279207149122126154196244288313305258184103 43 19 31 6711817924630935027 521M01017315233635799999999999999 42012016 8 1999999999999999
354318254186139124138173218265302312286226148 75 31 24 48 9014520727232427 522M01048312999999999999999999999 4581241642 2299999999999999
350339293228169134130153192239282307301261193119 59 32 38 7011717423629427 523M0 012351112030999999999999999 5371281718 3099999999999999
334344319267205156134140169211256291303284234166100 55 42 58 9514620326127 524M0 047345115430399999999999999 6151331755 4299999999999999
310336332297242187149138151184225265291292263210147 93 61 59 8212317322927 525M0 122338123229599999999999999 6561381834 5799999999999999
281318331315275222176148144162194233266283276245195140 97 77 8210714819727 526M0 158331131428499999999999999 7391431918 7699999999999999
248291318321298256209170149150168198231259271262233191146112 9810513016827 527M0 23732314 627199999999999999 8281472010 9799999999999999
21325829431330928424320016614915016619322324726025523319916213311912414527 528M0 321314151526099999999999999 927147211411999999999999999
17922026029030529927423519316014214115518121123825625924621818415413613627 529M0 4143061642260999999999999991033139223113499999999999999
15218322025728630029426822818314612512313916720123626227526824220516914527 530M0 51430018 9275999999999999991136121234713899999999999999
13915318121725428429929326321716512210010012215719924327929829426522017527 531M0 6142991920300999999999999991227 97999999999999999999999
144136149179216255287302292254197136 90 71 7910915320525830132431728022627 6 1M0 7 8302201732599999999999999 0521361310 7099999999999999
173139131148180221262295307288237168100 55 44 6410515821827732534733228527 6 2M0 75530721 734799999999999999 1461311349 4499999999999999
221164131129150187231274305309278213133 63 25 26 5810816823329734636233827 6 3M0 838312215536299999999999999 2351261428 2199999999999999
281211154127131158199245288314307261184 97 31  4 18 5911517924931536137027 6 4M0 920316224337299999999999999 32012515 8  499999999999999
336270197145126138170213260301319300241155 68 10 -5 18 6512419226433037027 6 5M010 2319233037699999999999999 4 41261550 -699999999999999
370327256184138128146182227274311320290222132 49  0 -5 25 7513520527934227 6 6M01046321999999999999999999999 4481271637 -899999999999999
375366314240172134131154192238284315317279206117 42  2  5 37 8714922029327 6 7M0 017377113332199999999999999 5351281726 -199999999999999
351375356298223161131134160199245288315310268196113 46 15 21 5410416623727 6 8M0 1 4375122331799999999999999 6231291818 1399999999999999
306355370341279207152128135162201246286309302261194119 61 37 45 7612418527 6 9M0 150370131831099999999999999 7151281913 3699999999999999
252314354358323260193144125133159197240278300294259200136 87 65 7310114627 610M0 237361142030199999999999999 8101252013 6599999999999999
203263316346342304243182138121127151187228266290290263215161118 9810212627 611M0 324348153129399999999999999 9121202120 9799999999999999
16621626831133332428623017313111311713817221325328229127623819215212912827 612M0 4143341652292999999999999991018112223312599999999999999
14617922226630231930927321916412110110312315720024528130029426522218015327 613M0 5103191816301999999999999991124 99235014699999999999999
146158186222261293308298262208151107 85 8710914519324428831531628924519927 614M0 6 83081931319999999999999991225 83999999999999999999999
166155163187221258288302291252194134 89 68 73 9914119325130233333430525627 615M0 7 5302203333899999999999999 1 31541317 6799999999999999
204168155163188222259289300284238175113 69 54 66 9814520326531834934530927 616M0 756300212435199999999999999 2 515514 2 5499999999999999
253198162151163191229267295300274219151 89 52 46 6610515822028333435834527 617M0 84030122 935899999999999999 2561511442 4599999999999999
299238183151148167201242280302296258195124 67 40 45 7512017724130234735927 618M0 920304225036099999999999999 3381461519 3999999999999999
334279214164142148176216260294307288237167 97 49 36 53 9014120126532135427 619M0 956307232735799999999999999 4151411554 3699999999999999
351313250188147137155191236278306307274212138 74 39 39 6711216722828933627 620M01031311999999999999999999999 4491371629 3599999999999999
354336284219163135138166209255295313300254184111 58 37 51 8713819625831327 621M0 0 035411 731399999999999999 52313317 4 3799999999999999
347347312252188144130145181227273306313287230158 91 50 45 7011316822828727 622M0 032352114431499999999999999 5561301739 4399999999999999
332350333284219162131131156197243285309305269207136 80 54 61 9514320126027 623M0 1 2350122231299999999999999 6301281815 5399999999999999
312343343310252189144126137168210254290306293250187124 80 68 8612417523227 624M0 13134713 430699999999999999 7 51261853 6899999999999999
286327343328283222166132126143177218259289298279236178125 94 9111415420427 625M0 2 2343135129899999999999999 7431251935 8999999999999999
25630233033330625619815012612714718122025728328927023118113911611814217927 626M0 235336144529099999999999999 827123202411499999999999999
22426930632331628423318013912012414517821625127728427023819716214314416327 627M0 314324155228499999999999999 919119212614199999999999999
19523427130031129926521716712911111513616920824527428728125622118816616227 628M0 4 13111712288999999999999991018110224316299999999999999
175201233265289299287254206155116 9610012215719924227729930028124721018227 629M0 4582991834302999999999999991121 95999999999999999999999
170177198227257282292282248197142 97 75 7910514519324328731732430626822327 630M0 6 3292194732499999999999999 0 61701220 7499999999999999
187169172191220253280294283246188124 74 51 58 9013619124830033634632528027 7 1M0 7 6294204934699999999999999 1211681314 5099999999999999
226182160163185218255286301287243175103 49 27 40 7813119225631535536333627 7 2M0 8 4301214436599999999999999 22215914 6 2799999999999999
281218170149156183221263297311292239161 81 26  9 28 7313019726633037037427 7 3M0 858311223637799999999999999 3121491455  899999999999999
337271202154139153187230275311321295232145 61  8 -2 25 7313520527934538227 7 4M0 950322232338599999999999999 3571391544 -399999999999999
377328252181138132154192240288323329295223130 46 -1 -3 29 8114521929636027 7 5M01041331999999999999999999999 4401301632 -799999999999999
389370308227157124127156199249299333333292212117 39  1  7 44 9716424031627 7 6M0 0 8389113233899999999999999 5231211720 -199999999999999
372387353280197135112124158204257307337332284202111 42 16 28 6712219026627 7 7M0 049388122334099999999999999 6 611218 8 1599999999999999
335377376327247168117105123159208262310336325274194113 58 42 59 9915422127 7 8M0 128383131433799999999999999 6511051856 4199999999999999
290347372353294214144105101122160209261306327314265194127 86 77 9713518727 7 9M0 2 537214 832899999999999999 738 991945 7699999999999999
24830634635432326118812910010012215920625629631530326220515312211713517027 710M0 24335615 831599999999999999 829 97204111699999999999999
215265308333328292234171123 9910012115519924528330329826922718716115616827 711M0 322335161830499999999999999 927 97214815599999999999999
19423026729831230226821716412310110011714818823227129630128525522119618427 712M0 4 73121743302999999999999991032 98231418499999999999999
188205230258281292283254211164124100 9611013917822226629831330728224921827 713M0 5 52921912313999999999999991143 95999999999999999999999
198193202221245267279274251211164122 95 8910213017122026830833032730226227 714M0 616279202433299999999999999 0501921249 8899999999999999
223195184191210236261277275252210159113 85 79 9412717222527932334634030727 715M0 726279211834799999999999999 2 61841345 7899999999999999
258211180170180205237267285281253204147 98 70 70 9213018123929633935734127 716M0 82228622 235799999999999999 2571701431 6799999999999999
296239188160159178211249281297286248188125 77 57 66 9714219825931535335827 717M0 9 8297223936099999999999999 3341561510 5799999999999999
327270208162145155186227269300308285233164 99 57 49 7011016222228333436027 718M0 947308231236099999999999999 4 51441545 4899999999999999
348301234174139137162202248291316312274208133 72 44 51 8313118925131035027 719M01023318234135999999999999999 4331341617 4299999999999999
357325263194144126140175222271310326307253177102 52 41 6310616122228533527 720M01059326999999999999999999999 5 11261648 4099999999999999
359344292220157122123150193244292324327292225144 77 44 51 8613719626031727 721M0 0 8359113533099999999999999 5291181719 4399999999999999
353355318250178127112128165212264307330318270195118 65 51 7311817423629627 722M0 033359121233099999999999999 5571121750 5199999999999999
342359337281206142109111138181230280316327303245170104 69 7210515521327227 723M0 058359125032899999999999999 6261061824 6699999999999999
323353348307239167117101116151196245290318318285224157106 8810414219324727 724M0 123355133032299999999999999 65810119 0 8899999999999999
29933634732427020013710210012416220725429331330627021516012411813917722327 725M0 150347141631499999999999999 733 97194111799999999999999
270310332327293235171120 9710312916821225528930529726622117915415317220327 726M0 221334151230599999999999999 816 96203315099999999999999
241277305315302265211155114 9710412916620724828029829627424120818718219427 727M0 258315162430099999999999999 911 96214518299999999999999
216243269289295282248201152114 95 9812015419423627229630429426923921520127 728M0 3502951755304999999999999991020 94233019999999999999999
201212231253272280273246205157114 88 8410213417722226630132031929926623127 729M0 5 52801927322999999999999991140 83999999999999999999999
204193198214237261277277257216162110 74 63 7811215921226631234134532227927 730M0 632279203934799999999999999 1111931254 6399999999999999
231192175179199229261286293274229164 99 52 38 54 9414720827132736236633427 731M0 749293213636999999999999999 2181741357 3899999999999999
277215170153163191230271303314292237159 81 29 16 38 8414421228334538137727 8 1M0 853314222438499999999999999 3 61531450 1599999999999999
331258187143134154191238286324334305237146 61 10  4 34 8615022530136439327 8 2M0 94833523 739399999999999999 3461331538  199999999999999
374310225153118121152197250304343349309228128 43  1  6 4410016824732438027 8 3M01039351234639699999999999999 4231151622 -299999999999999
394355275185121 99115154205264320357354303212111 35  7 23 6712619727634827 8 4M01127361999999999999999999999 5 1 9917 5  799999999999999
389381322231145 94 88115159215276332362349288194101 42 29 5410116223330727 8 5M0 022392121436499999999999999 538 861747 2899999999999999
365384353278186112 78 85118166224286337358335270182104 63 63 9414220226927 8 6M0 05438413 035899999999999999 617 771829 5899999999999999
330367363314232148 91 73 89125174232290333345316254180122 9710613818423827 8 7M0 125371134834699999999999999 658 731912 9799999999999999
294338353330271194126 85 79 9813418123628732132729924819315313915017821727 8 8M0 155353144032999999999999999 743 7720 113999999999999999
261302327325292235171119 92 9110914218523227630431029025521719118118820727 8 9M0 226329154231199999999999999 833 8921 318199999999999999
23526629130229226021416612810710511914618222326128930029327324922721321127 810M0 3 330217 730099999999999999 936104224321199999999999999
21923525326927526624421117514312211512314317321024828030030629827825323027 811M0 3572751854307999999999999991059115999999999999999999999
21621321923224625625624422119015713011611713316220024128131132632029626127 812M0 531257201432699999999999999 047212122511499999999999999
22720219319921423425226225723720216212610510512215419724629232834433329827 813M0 71326221 634499999999999999 2 6193133210299999999999999
250206178171183208238265279275248203151109 88 9111615520526031134735433027 814M0 818280214535599999999999999 2491711421 8699999999999999
279221175153157181216255287301288247188127 84 70 8411816622328333336035127 815M0 9 3301221736199999999999999 3201511458 7099999999999999
308244182143136155191237281312317289231159 96 61 61 8813318925131035236227 816M0 941319224536399999999999999 3451351530 5799999999999999
332270198144121131165212263308332323275201122 67 48 6510515822028433736327 817M01015333231136499999999999999 4 91211559 4899999999999999
350296221153114112139183237290330342314248163 89 49 51 8313319325831835827 818M01049343233536599999999999999 4331091627 4599999999999999
361321248170115 98116155206262314345340292212127 67 49 6911417123429734627 819M01123348235836599999999999999 456 981655 4899999999999999
365340277194124 91 96129175230286331348325262177101 62 6510115321327533027 820M01158349999999999999999999999 520 881724 5899999999999999
361353303224144 92 81104147198254306341342303231151 93 75 9614019525430927 821M0 020363123334699999999999999 546 801755 7599999999999999
349356324256173105 74 8311916722027331834132827920914210310413418123428627 822M0 043358131034199999999999999 614 731829 9999999999999999
329348334284209133 83 71 9413518423628532133231226220115012914017321626127 823M0 1 7349135233399999999999999 648 7119 812999999999999999
302329330301244173112 78 7910614819524328631432029925821017516417620323727 824M0 134333144332199999999999999 728 74195716499999999999999
271299312303269216157110 86 9011515119423727530130929626823420919820321927 825M0 2 7312155230999999999999999 820 8521 819899999999999999
241263280287277250208162123100 9811414217921925728830530529026724222421527 826M0 257287173130799999999999999 937 97231921599999999999999
217227241256265265250221183143112 9710012115419623927930932431929826523227 827M0 4272671916324999999999999991119 96999999999999999999999
207197201216236256269267248210161114 83 76 9212817422727932334834731827027 828M0 626270202835199999999999999 1121971247 7599999999999999
220183168174196228261288297279233169104 60 48 6710816322528934237136432127 829M0 753297211937399999999999999 2111671351 4899999999999999
255190148138154188232278315328305245163 84 35 27 5310216523630736438736527 830M0 85432822 238899999999999999 2511381442 2599999999999999
302219149114116145191246301344354319242145 61 18 20 5611218125733138239027 831M0 945355224039399999999999999 3261111526 1499999999999999
347263172108 87105146201264325366368318226123 45 16 32 7613720928635539127 9 1M01032373231439299999999999999 359 8716 6 1599999999999999
376309212124 75 73104154215283344379367302203105 43 31 5910917224531837227 9 2M01116381234538699999999999999 432 691644 2999999999999999
384343258159 84 56 70111166231300357380353279181 98 56 61 9715021328134227 9 3M012 0380999999999999999999999 5 6 551723 5399999999999999
375361298204114 60 51 78124181247313360369331255169106 8510014019225131027 9 4M0 014376124237199999999999999 541 4918 1 8599999999999999
352360322247158 86 53 59 9214019726031835234930623817112912214318122927927 9 5M0 041362132635699999999999999 618 51184312099999999999999
323343329278203129 79 63 7811215721126731433632728723418716116118121425227 9 6M0 1 7343141333799999999999999 658 63192915899999999999999
290315317290238176121 90 8510113217221926530131630827924321219619620923227 9 7M0 13532015 831699999999999999 742 84203019499999999999999
25828129228425621416913311311112314718021725528429929828426224122621922127 9 8M0 2 7292162630099999999999999 839110221421999999999999999
23224625826225523621018115714013213615117620724026929030029828626524322427 9 9M0 2552621820301999999999999991010132999999999999999999999
21521522223223924223622420518215914213614416419422926329331331830427624227 910M0 449242194631899999999999999 029214115513699999999999999
21119318919821423224725424923019816313512312915118522626930733133331026827 911M0 7 7254203533599999999999999 14518913 912299999999999999
22018316416618421224326928227424419814911410311414418723628732834833729727 912M0 8 9282211134899999999999999 224162135910399999999999999
239184148138153185227268300309289241179122 89 8510814920125831234835432427 913M0 851310214035699999999999999 2521381436 8399999999999999
264196142118125155201252300329326287220146 90 68 8011616722628833836134427 914M0 92633222 736199999999999999 31611715 7 6899999999999999
290215147106101126170225283330349327267185110 67 63 9013819626031935735827 915M010 0349223136399999999999999 338 991536 6099999999999999
315240160103 84100140193255313352354312234147 82 59 7411617123329734636327 916M01034359225536399999999999999 4 0 8416 3 5999999999999999
336268182109 73 78112162221284337363345283196115 70 6910115121027332936027 917M011 7363231836299999999999999 421 711631 6499999999999999
350296210125 71 61 87133188249310353361324249163 99 77 9513819225130834927 918M01142363234135899999999999999 444 5917 0 7799999999999999
356319243153 81 51 64105157215276329359349297219143100 9913017723128533127 919M01217360999999999999999999999 5 9 501731 9499999999999999
351333274189106 55 48 7812618224029634035433027220014111813016721326230727 920M0 0 4351125435499999999999999 539 4518 711799999999999999
336336298228146 79 48 58 9714720225730633934231225719715614616419924028027 921M0 030340133634499999999999999 613 47184914599999999999999
311324308261193123 74 59 7611416121226130332832730025521018217719322025027 922M0 059324142833199999999999999 656 58194117699999999999999
279298299278235178125 89 79 9412516420825228931231529826823521220420922427 923M0 135301153931799999999999999 751 7921 420499999999999999
24226127327325822718714611510110412315319123227029831330929126423721720827 924M0 232275171931399999999999999 918100232220799999999999999
20921923324725625524221518014411610310913116620825329332032931728724721127 925M0 4272571856329999999999999991112103999999999999999999999
187180187205230254270272254215165119 90 8610514319224629833735233729423727 926M0 63627420 135299999999999999 0581801239 8499999999999999
185153145159188226267299310290240171108 69 63 8613118825231335736934128027 927M0 753310204937099999999999999 1501451340 6199999999999999
206145113114141184237291333345315248162 89 50 50 8213419926933337437332527 928M0 849345212937999999999999999 2271101428 4599999999999999
244159100 80 96136192256319363368323239143 70 41 54 9515322229435438135927 929M0 93737122 438199999999999999 3 0 8015 9 4199999999999999
288193108 61 60 92143208279345383374314218123 62 48 7412218425432136837327 930M01021386223637799999999999999 331 561547 4799999999999999
325236137 64 38 55 99158228302363390365291194109 67 701061582202873433702710 1M011 339023 537099999999999999 4 3 381624 6399999999999999
348278180 89 36 32 64115178249320372383344264174108 851021421962563143532710 2M01144385233336099999999999999 435 2817 1 8599999999999999
355309225130 57 28 41 811362002693333713663172401651191121371792302843292710 3M01224374235934799999999999999 5 9 27174111199999999999999
347325263178 97 46 37 611051592222853373593432922251681401431702102562992710 4M013 5359999999999999999999999 544 36182313899999999999999
327324286220145 84 55 59 881311832402933313413192742211821651721962312682710 5M0 026330134934299999999999999 621 53191016599999999999999
298309292249190132 92 78 881161552012492923183213012662282011901952132392710 6M0 055309143832399999999999999 7 2 78201018999999999999999
2652812812602221781391141071171391712092492823023052922692432212082062152710 7M0 129283154130699999999999999 754107213820699999999999999
2312472562542382141861611431351381521762072402692892982942802582342142032710 8M0 219257171129899999999999999 915134233120299999999999999
2032112232332372352252091891691521451511691972282602863023052932672342042710 9M0 4 823718423059999999999999911 4145999999999999999999999
184179186202221238249250238214183154138139157186222260293315318299262217271010M0 635251193931999999999999999 053179122713699999999999999
178155152166193225256277281263226180141120123145182226272310331325292239271011M0 741282201933299999999999999 139150132311899999999999999
183141123130158198244285310307275220161117100111144190242293330342319266271012M0 825312205134299999999999999 21112314 510099999999999999
198138103 99122164218273318337321269198133 94 89112155209267318347340294271013M0 9 3337212034999999999999999 238 971439 8799999999999999
221146 94 75 90129183245305347353317247167106 81 91127179238297340351319271014M0 939356214735299999999999999 3 1 751510 8099999999999999
250165 95 60 63 96147209276334365353297215137 89 83108154210271323351338271015M01015367221335299999999999999 323 571540 8199999999999999
280194109 54 42 67114172239305356371339268183116 88 99136187244301341347271016M01050371223935099999999999999 346 411610 8799999999999999
308229136 62 30 42 83138200267329367364316237159109101126169221276323345271017M0112737123 534599999999999999 411 291642 9999999999999999
327265175 88 32 24 55105164227292344367348290213147116123156201251299332271018M012 4367233333899999999999999 440 22171711599999999999999
334295220130 56 22 33 74128187249308350359330269200150133149184227271309271019M01245361999999999999999999999 514 21175713399999999999999
326311259182102 46 29 50 94147205263314346346313257200163155173204242278271020M0 0 4326133135099999999999999 554 29184515499999999999999
304309284231162 96 55 48 71111160212265310335333303257211181175188213242271021M0 041310142633899999999999999 642 47194617599999999999999
269286285262217162111 79 73 89121162209257298322324303266227199187192206271022M0 128289153532699999999999999 745 72211218799999999999999
227248263265252223183142110 96101122155197242283312323311281243209186179271023M0 242266165832399999999999999 914 9623 117999999999999999
185201221242256259246218179140112103113140180227273310329324294250204169271024M0 4432601818330999999999999991058103999999999999999999999
152154171198230261281281257212160117 96100126168219272316341335299241181271025M0 631284192034299999999999999 0231511220 9599999999999999
136116121146185232279312318290234167112 86 90119165222280329352338287214271026M0 74231920 935299999999999999 1171151321 8499999999999999
143 96 81 96133185246304344348310240161102 78 88124175236297343356327258271027M0 836351205035799999999999999 157 811410 7799999999999999
171 97 57 56 85134196267331369364313230148 93 79 98140196258316353349298271028M0 924373212635799999999999999 232 521453 7899999999999999
213121 55 31 46 87145216290353383365300212134 91 90119165223283333352327271029M010 8384215835299999999999999 3 4 301532 8699999999999999
257162 75 25 20 50101165238312368384351277191125 98109145195252306341339271030M01050385222834699999999999999 337 171610 9899999999999999
292208114 42 13 25 66122189262330373373328251174124112133173224277321338271031M01131379225733899999999999999 4 9 12164911299999999999999
314250162 79 27 17 43 891482142833413683543012281641301301571992482953242711 1M01210369232732899999999999999 444 15172912699999999999999
322281209127 60 28 34 671161752393003443563302762121621411491792212663022711 2M01249356235731599999999999999 519 26181114199999999999999
315297246176106 58 43 59 961452012593093393383072562031661551671962352722711 3M01329343999999999999999999999 557 43185715599999999999999
296296268217155102 71 67 881241712222723103283202882432011741681802072392711 4M0 031299141132899999999999999 638 66194916799999999999999
266280272243199151113 93 951151481902352763043153042762392051831761862062711 5M0 110280145931599999999999999 725 91205317699999999999999
2312512602522291961621341191201351631992372722953042942712402091871771802711 6M0 2 3260155830499999999999999 827118221317699999999999999
1952142322432422302091831591421371461681992332652892992932722422081801642711 7M0 32824417 829999999999999999 953137233516299999999999999
1631751952172362472462332091811561431451631932272612883012972742381961612711 8M0 5272481816302999999999999991121142999999999999999999999
1401391531802122432652722602311931581371371551872262652953103012692211692711 9M0 65327319 931099999999999999 036137123113499999999999999
129110114138175220262293302283242191147125127150188232276308318299251189271110M0 750302195231899999999999999 119109132512299999999999999
130 92 81 98134184239290323326295239177131112122153198247293322320283218271111M0 835329202832599999999999999 152 8114 811299999999999999
144 86 58 63 94142202266320348338291223157116107127166216268311329310252271112M0 91634921 132999999999999999 220 56144610699999999999999
172 95 46 35 58102160227294344362337276200138108112142187239290325327286271113M0 956362213333199999999999999 247 34152110699999999999999
210122 51 18 27 65119183253318361365325253178125110126163211264309330312271114M0103536822 533099999999999999 315 17155611099999999999999
252164 76 18  6 31 80140207277337368358305230161122120145186235284320325271115M01116370223832899999999999999 347  5163311699999999999999
289214122 43  2  7 44 98161228296348367345285211152126134165208255298322271116M01158367231432399999999999999 423 -1171312599999999999999
311261180 92 26  1 18 61117179246309352361329267199150134149181223266302271117M01243363235531499999999999999 5 3  1175813499999999999999
314293237157 79 25 12 35 79133194259316351351315255193153144160191230268271118M01331355999999999999999999999 550 12184814399999999999999
295300275220149 82 39 32 54 95147205265316344340303247192158150164192225271119M0 041302142334699999999999999 643 31194715099999999999999
258281284262216156100 64 57 74109156210265311335330295244194161150160181271120M0 139286152033799999999999999 745 56205915099999999999999
210240264272260226178129 94 82 92120161210261303326322291243194158141144271121M0 256272162232899999999999999 9 1 82222014099999999999999
161188219248267268248209163125104105125161206254296320319290241188145122271122M0 4332701727323999999999999991027102233611899999999999999
119135164201240272287277243195149120113127159203250292318317287233172121271123M0 6 72871829322999999999999991148112999999999999999999999
 94 91110145191242286312307272218164127115128159203251295320316278215145271124M0 722314192332299999999999999 036 89125611599999999999999
 90 63 66 92135191253307337332291229167127116131164209259302323310260186271125M0 82234020 932399999999999999 124 61135311699999999999999
111 57 38 49 85137202270328357345295225162124118137174222272310322295232271126M0 914358205032299999999999999 2 5 37144211699999999999999
150 75 30 22 45 90149220291346367345286212151121123149190240287317314272271127M010 0367212632199999999999999 243 21152511899999999999999
197112 44 13 19 53105169241310358367332266193140121132165210260301318298271128M0104336922 031899999999999999 318 1116 512199999999999999
241159 78 24  9 28 71127193264326361356310241174132124145184232278309311271129M01123364223331599999999999999 353  9164412399999999999999
275207124 54 16 16 46 94153220286337357337283214156128132160204251292310271130M012 135723 631199999999999999 429 11172212699999999999999
296247174 97 40 19 32 701221822473053423463132541901441281421772222662982712 1M01237349234130599999999999999 5 5 1918 012899999999999999
303276219147 80 38 31 55 971522122713183403292872271711371331541912352742712 2M01311341999999999999999999999 542 30183913199999999999999
295289253194128 74 47 52 811271812382903243323092612051591361401652022412712 3M0 018296134533399999999999999 620 45192013599999999999999
272285271232177120 80 65 771091552072593003223182872391891531381461712052712 4M0 1 0285142132499999999999999 7 2 6520 713899999999999999
239264270255219171126 96 891041351782262703023143022682221791501391471702712 5M0 14927115 031499999999999999 748 8821 213999999999999999
2002292512572452161781421191141271551932342712963022872542111721451341402712 6M0 252257154830399999999999999 84611322 713499999999999999
1601872162392512472271961651431351431661982352672882932772452031631331212712 7M0 41525116442949999999999999910 0135231412099999999999999
1251441732052352552602472211891621471501681972302622832882722371911461132712 8M0 5462611745289999999999999991122146999999999999999999999
 981051271622022412712832732442051701491481641922272602842882692261721192712 9M0 7 3283184328999999999999999 011 98123514699999999999999
 84 72 85115158208256293308295259211168144142159191229265289290262208143271210M0 8 3308193329399999999999999 058 72133514099999999999999
 85 52 48 70111163222277317330310263206159135137159195237276298291250182271211M0 853330201829999999999999999 137 46142513399999999999999
108 50 23 31 64114175240299338345314256193145127136165206251289305286230271212M0 94034721 030599999999999999 215 2215 812799999999999999
151 72 18  2 22 66124189258319354350308242176133123141176221267301308276271213M01026357214131099999999999999 254  2154912399999999999999
207119 40 -6 -9 23 74136206276335362348295223158124124149190237282310306271214M01111363222431399999999999999 334-12163012099999999999999
261183 91 17-18-10 29 85150222293347365340277202143118128159203251293314271215M0115636523 931599999999999999 417-20171111899999999999999
300246161 71  5-19 -2 42 99167240309355362325256182130116132167212260298271216M01240365235631399999999999999 5 2-19175511699999999999999
313291231146 62  5 -9 14 59118186259322358353306233163121114135172217262271217M01323361999999999999999999999 550-10184111399999999999999
297306281221140 64 18 11 36 82140207275329354337283211148114112135171214271218M0 04830714 735499999999999999 640  9193210999999999999999
257289296271216144 79 42 40 65107163225285329342317260192136108109130164271219M0 145297145134299999999999999 734 37202810599999999999999
205246277286266220160106 76 74 95133182237287320324295241178128103101119271220M0 250286153832699999999999999 835 712132 9999999999999999
151190230263278268234186141113107122153194240281306305277227169122 94 90271221M0 4 7278163030999999999999999 9451072243 8999999999999999
104133172214252276278256218177147135142164197235270291291265217162113 82271222M0 53528017292949999999999999911 71352352 7499999999999999
 74 87115155202248283296283249207171151150166194228260282282258210152100271223M0 7 02961833285999999999999991232148999999999999999999999
 66 57 70101145199253296316307272224181155149162189223257279280252200137271224M0 811317193228399999999999999 053 57134614999999999999999
 82 48 41 58 94144204265313335323281226177148143158188225261283279245185271225M0 9 9335202328599999999999999 145 40144314299999999999999
117 61 31 30 54 97153218282330346326275213163136137159194236272289276231271226M0 95734621 728999999999999999 230 27152813499999999999999
164 93 40 18 28 60109170238300342348315255190143126136167209252285293268271227M01039350214629499999999999999 310 1816 512699999999999999
211136 67 22 13 34 74129193261318347338292225162125120143182228271296291271228M01117349222329899999999999999 346 12163811899999999999999
252184107 43 12 16 48 96156222285331345318259190135112122155201249287301271229M01151345225830199999999999999 421  9171011299999999999999
282229154 78 26 10 29 70125188253308339333289222156115108131172221267298271230M01221342233330399999999999999 455 10174110799999999999999
300266202124 56 19 20 51101160224283326337310252182127103111144190239280271231M01248338999999999999999999999 528 15181210299999999999999
