 45 44 46 49 54 60 64 68 69 68 65 61 57 53 50 49 49 50 50 51 51 51 50 4927 1 1MC 8 2 691943 5199999999999999 044 441538 4999999999999999
 48 48 49 52 56 61 66 70 73 73 72 68 64 59 54 50 48 46 46 46 47 48 49 5027 1 2MC 844 73999999999999999999999 028 481754 4699999999999999
 51 52 53 55 57 61 66 70 74 76 76 74 70 65 59 54 49 46 44 43 44 45 47 5027 1 3MC 934 769999999999999999999991858 43999999999999999999999
 52 54 56 57 59 61 65 69 73 76 78 78 76 72 66 59 53 48 43 41 41 42 45 4827 1 4MC1030 799999999999999999999991939 41999999999999999999999
 52 55 58 59 60 61 63 66 70 75 78 80 80 77 73 66 58 51 45 41 39 40 42 4627 1 5MC1127 809999999999999999999992015 39999999999999999999999
 50 55 58 60 61 61 62 64 67 71 76 80 82 81 78 72 64 56 49 43 39 38 40 4327 1 6MC1220 829999999999999999999992049 38999999999999999999999
 48 52 57 59 60 61 61 61 63 67 72 77 81 83 82 77 70 61 53 45 40 37 37 4027 1 7MC13 7 839999999999999999999992120 37999999999999999999999
 45 50 54 57 59 59 59 59 60 63 67 73 78 82 83 80 75 66 57 48 41 37 36 3827 1 8MC1348 839999999999999999999992149 36999999999999999999999
 42 46 51 55 57 58 58 57 57 58 62 67 74 79 82 81 77 70 61 51 43 37 35 3627 1 9MC 456 581425 8299999999999999 733 572215 3599999999999999
 39 43 49 53 56 57 57 56 55 55 57 62 68 74 78 80 78 72 64 54 46 39 35 3427 110MC 512 571459 8099999999999999 817 552238 3499999999999999
 37 41 46 51 55 56 56 55 54 53 54 57 62 68 73 77 77 73 66 57 48 41 36 3427 111MC 529 571532 7799999999999999 9 1 532259 3499999999999999
 36 40 45 50 54 56 57 56 54 53 52 54 57 62 68 72 73 72 67 60 52 44 39 3627 112MC 547 5716 4 7399999999999999 948 522319 3699999999999999
 37 40 45 50 54 57 58 58 56 54 52 52 53 57 61 66 68 69 66 61 54 48 42 3927 113MC 6 5 581637 69999999999999991041 522336 3999999999999999
 39 42 46 51 56 59 61 61 59 56 54 52 51 53 56 60 63 64 64 61 56 51 46 4427 114MC 621 611713 64999999999999991142 512346 4399999999999999
 43 45 49 53 58 62 64 64 63 60 57 54 52 51 52 54 57 59 59 58 56 53 50 4827 115MC 638 641756 59999999999999991255 512344 4899999999999999
 48 49 52 57 61 65 68 69 68 65 62 58 54 51 50 50 51 53 54 54 54 53 52 5127 116MC 656 6919 3 54999999999999991427 502315 5199999999999999
 52 53 56 60 64 69 72 73 73 71 68 64 59 55 51 48 47 47 48 49 50 51 52 5327 117MC 723 739999999999999999999991623 47999999999999999999999
 54 56 59 62 66 70 74 77 78 77 75 72 67 61 56 51 47 44 43 44 45 47 49 5227 118MC 8 8 789999999999999999999991810 43999999999999999999999
 54 57 60 63 66 70 74 78 80 81 81 79 75 70 63 56 50 44 41 39 40 41 45 4827 119MC 918 819999999999999999999991916 39999999999999999999999
 52 56 59 62 65 68 72 76 79 82 84 85 83 79 73 65 57 48 42 37 36 37 40 4427 120MC1045 8599999999999999999999920 5 36999999999999999999999
 49 53 57 60 63 65 67 71 75 79 83 86 88 86 82 75 66 56 46 39 35 34 36 4027 121MC12 3 889999999999999999999992047 34999999999999999999999
 45 50 55 58 60 61 63 65 68 73 78 83 87 89 88 83 75 64 53 44 36 33 33 3727 122MC13 8 899999999999999999999992123 33999999999999999999999
 42 47 53 56 58 59 59 59 61 65 70 76 82 87 89 87 81 72 61 50 41 35 33 3527 123MC14 3 899999999999999999999992154 33999999999999999999999
 40 46 51 56 58 58 57 56 56 57 61 67 74 80 85 86 83 76 67 56 46 38 35 3527 124MC 432 581451 8699999999999999 744 552221 3499999999999999
 39 45 51 57 60 60 58 55 53 52 54 58 64 71 77 81 81 77 70 60 51 43 38 3727 125MC 438 601535 8199999999999999 858 522243 3799999999999999
 40 46 52 58 62 63 62 58 54 51 50 51 55 61 68 73 75 74 69 62 54 47 41 3927 126MC 455 631614 759999999999999910 1 5023 2 3999999999999999
 41 46 53 60 65 67 67 63 59 54 50 48 50 54 59 64 67 68 66 62 56 50 45 4327 127MC 518 681652 689999999999999911 2 482316 4299999999999999
 43 47 54 61 67 71 72 69 65 59 54 50 48 49 53 56 60 62 62 59 56 52 48 4627 128MC 545 721727 629999999999999912 4 482325 4699999999999999
 46 49 54 61 68 73 75 74 71 65 60 54 51 49 50 52 54 56 57 56 54 52 50 4927 129MC 615 7518 3 57999999999999991313 492323 4999999999999999
 49 51 55 61 67 73 76 77 75 71 66 61 56 52 50 50 51 52 52 52 52 52 51 5127 130MC 649 771845 52999999999999991447 502227 5199999999999999
 52 54 57 61 66 71 76 78 78 76 72 67 62 58 54 51 50 49 49 49 49 50 51 5327 131MC 731 789999999999999999999991751 49999999999999999999999
 54 56 58 61 65 69 73 76 78 78 76 73 69 64 59 55 52 49 47 47 47 48 50 5327 2 1MC 828 789999999999999999999991918 47999999999999999999999
 55 58 60 62 64 67 70 73 76 78 78 77 74 70 65 60 55 51 47 45 45 46 48 5127 2 2MC 949 789999999999999999999991952 45999999999999999999999
 55 58 60 62 63 65 66 69 72 75 77 79 78 76 71 66 59 53 48 44 43 43 45 4927 2 3MC1115 799999999999999999999992021 43999999999999999999999
 53 57 60 61 62 63 63 65 67 71 75 78 80 79 76 71 64 57 50 44 41 41 42 4627 2 4MC1219 809999999999999999999992046 40999999999999999999999
 50 55 58 60 61 61 60 60 62 65 70 75 79 80 79 75 68 60 52 45 40 38 39 4327 2 5MC 359 6113 8 8099999999999999 615 6021 9 3899999999999999
 47 52 56 59 60 59 58 57 57 60 64 70 75 79 80 78 72 64 55 46 40 37 37 4027 2 6MC 356 601347 8099999999999999 716 572129 3699999999999999
 44 50 55 58 59 58 57 55 54 55 58 64 70 76 79 78 74 66 57 48 41 36 35 3727 2 7MC 4 4 591423 7999999999999999 8 3 542148 3599999999999999
 42 48 53 57 59 58 56 53 51 51 53 57 64 70 75 76 74 68 60 50 42 37 35 3627 2 8MC 416 591457 7699999999999999 845 5022 5 3599999999999999
 40 46 52 57 59 59 57 54 50 48 48 51 57 63 69 72 72 69 62 53 45 39 36 3627 2 9MC 429 601531 7399999999999999 927 482222 3699999999999999
 40 46 52 57 60 61 59 55 51 47 46 47 51 56 62 67 69 67 62 55 48 42 38 3827 210MC 443 6116 5 699999999999999910 9 452236 3899999999999999
 41 46 53 58 62 63 62 58 53 48 45 44 46 50 55 60 64 64 62 57 51 45 42 4127 211MC 457 631641 64999999999999991053 442246 4199999999999999
 44 48 54 60 64 66 65 62 57 51 46 43 43 45 49 54 58 59 59 56 52 48 46 4527 212MC 511 661718 60999999999999991141 432247 4599999999999999
 47 51 56 62 67 69 69 66 62 56 50 46 43 43 45 48 51 54 55 54 52 50 48 4827 213MC 527 701759 55999999999999991237 432234 4899999999999999
 50 53 58 64 69 72 73 71 67 62 56 51 47 44 43 44 46 48 49 50 50 49 49 4927 214MC 549 731856 50999999999999991352 432149 4999999999999999
 51 55 59 64 70 74 75 75 73 69 64 58 53 48 45 43 43 44 44 45 46 46 48 4927 215MC 620 769999999999999999999991550 43999999999999999999999
 52 55 59 64 68 73 76 77 76 74 71 66 61 56 51 46 43 41 40 40 41 43 45 4827 216MC 7 9 779999999999999999999991825 40999999999999999999999
 51 54 58 61 65 69 73 75 77 77 76 74 70 65 59 52 46 41 38 37 37 38 41 4527 217MC 839 779999999999999999999991926 36999999999999999999999
 49 52 56 59 62 64 67 70 73 76 77 78 77 73 68 60 53 45 39 35 34 35 37 4227 218MC1053 7899999999999999999999920 3 34999999999999999999999
 46 51 54 56 58 59 61 63 67 70 74 77 79 78 75 68 60 51 42 36 32 32 35 3927 219MC1217 799999999999999999999992032 32999999999999999999999
 45 50 53 55 56 55 55 56 58 62 67 72 77 79 79 74 67 57 47 39 33 31 33 3827 220MC1319 799999999999999999999992056 31999999999999999999999
 43 49 54 56 55 54 52 50 50 53 58 64 70 75 78 76 71 62 52 43 36 32 33 3727 221MC 323 5614 9 7899999999999999 728 502118 3299999999999999
 43 50 55 58 58 55 51 47 45 45 48 54 61 68 72 74 71 65 56 47 39 34 34 3727 222MC 327 581454 7499999999999999 831 452138 3399999999999999
 43 51 57 61 62 59 54 48 43 40 41 45 51 58 64 68 68 65 58 50 42 37 35 3827 223MC 342 621535 6999999999999999 924 402155 3599999999999999
 44 51 58 64 66 64 59 52 45 40 37 38 43 49 55 60 63 62 57 51 45 40 37 3927 224MC 4 3 661614 63999999999999991013 372211 3799999999999999
 44 51 59 65 69 69 64 57 50 43 37 36 37 42 47 52 56 57 55 51 46 42 40 4027 225MC 427 691651 579999999999999911 1 362223 3999999999999999
 44 50 58 65 70 72 69 63 56 48 41 37 36 38 42 46 50 52 51 49 47 44 42 4227 226MC 453 721727 52999999999999991150 362230 4299999999999999
 45 50 57 64 69 72 72 68 62 54 47 42 38 38 39 42 45 47 48 47 46 44 44 4427 227MC 522 7318 2 48999999999999991244 382220 4399999999999999
 46 50 55 61 67 71 72 70 66 60 54 48 43 41 40 41 42 43 44 44 44 44 44 4527 228MC 555 729999999999999999999991356 40999999999999999999999
 47 50 54 59 63 68 70 70 68 64 59 54 49 46 43 42 41 41 41 41 42 42 44 4627 3 1MC 633 709999999999999999999991647 41999999999999999999999
 48 50 53 56 60 63 66 68 67 66 63 60 56 51 48 45 42 40 39 39 39 40 42 4527 3 2MC 726 689999999999999999999991910 39999999999999999999999
 48 50 52 54 57 59 61 63 65 65 65 63 61 57 53 48 44 41 38 37 36 38 40 4427 3 3MC 9 7 659999999999999999999991936 36999999999999999999999
 47 50 52 53 54 55 56 58 60 62 64 65 64 62 57 52 47 42 37 35 34 35 38 4227 3 4MC11 1 659999999999999999999991956 34999999999999999999999
 46 49 51 52 52 51 51 52 55 58 61 64 65 65 61 56 50 43 37 33 31 32 35 3927 3 5MC1210 659999999999999999999992015 31999999999999999999999
 44 48 51 51 51 49 48 47 48 52 56 61 64 65 64 59 53 45 38 33 30 30 32 3727 3 6MC 256 511259 6599999999999999 648 472031 2999999999999999
 42 47 50 51 50 48 45 43 43 45 49 55 60 64 64 62 56 48 40 33 29 28 30 3527 3 7MC 258 511340 6599999999999999 737 422048 2899999999999999
 41 46 50 52 51 48 44 40 38 39 42 48 55 60 63 62 57 50 42 35 29 27 29 3327 3 8MC 3 6 521418 6399999999999999 818 3821 4 2799999999999999
 40 46 51 53 52 49 44 39 35 33 35 40 47 54 59 60 58 52 45 37 31 28 29 3327 3 9MC 317 531456 6099999999999999 856 332120 2899999999999999
 39 46 51 54 54 51 45 39 33 30 30 33 39 46 52 56 56 53 47 40 34 31 30 3427 310MC 330 551533 5799999999999999 933 292134 3099999999999999
 40 46 52 56 57 54 48 41 34 29 26 28 32 39 45 50 53 52 47 42 37 33 33 3527 311MC 345 571610 53999999999999991011 262145 3299999999999999
 41 47 54 58 60 58 53 45 37 30 26 25 27 32 38 44 47 48 46 43 39 36 35 3727 312MC 4 0 601649 48999999999999991050 242151 3599999999999999
 42 48 55 60 62 62 57 50 42 35 28 25 24 27 32 37 41 44 44 42 39 37 37 3827 313MC 418 621728 44999999999999991134 242146 3799999999999999
 42 48 55 60 64 64 62 56 49 41 34 28 26 26 28 32 36 38 39 39 38 37 37 3927 314MC 441 651813 39999999999999991226 252125 3799999999999999
 42 47 53 59 64 66 65 61 55 48 41 35 30 28 27 29 31 33 34 35 35 36 37 3827 315MC 510 669999999999999999999991338 27999999999999999999999
 41 46 51 56 61 64 65 63 60 55 49 43 37 33 30 28 28 29 30 31 32 33 35 3727 316MC 547 659999999999999999999991536 28999999999999999999999
 40 44 48 53 57 60 62 63 61 59 55 51 46 40 36 31 29 27 27 27 28 30 33 3627 317MC 638 639999999999999999999991757 27999999999999999999999
 39 42 45 48 51 54 57 59 59 59 59 57 53 48 43 37 31 27 25 24 25 28 31 3527 318MC 829 599999999999999999999991852 24999999999999999999999
 38 41 43 45 46 48 50 52 54 56 58 58 58 55 50 43 36 30 25 23 23 26 30 3427 319MC11 4 589999999999999999999991922 23999999999999999999999
 39 42 43 43 43 42 42 43 46 49 53 56 58 58 55 49 42 34 28 24 23 25 29 3427 320MC 249 431224 5899999999999999 535 421945 2399999999999999
 40 43 45 44 42 39 37 36 37 40 45 50 54 57 57 53 46 38 31 25 23 25 29 3527 321MC 210 451322 5799999999999999 7 4 3620 6 2399999999999999
 41 46 48 47 44 39 34 30 29 31 35 41 47 52 55 53 49 42 34 28 24 25 29 3527 322MC 214 481411 5599999999999999 759 292026 2499999999999999
 42 48 52 52 48 42 35 28 24 23 26 32 38 45 50 51 49 44 37 31 27 26 29 3527 323MC 229 521456 5199999999999999 846 232045 2599999999999999
 43 50 55 56 53 47 38 30 23 19 19 23 30 36 42 46 47 44 39 33 29 27 29 3427 324MC 250 561538 4799999999999999 929 1921 3 2799999999999999
 42 50 56 59 58 53 44 34 25 19 16 17 22 29 35 40 43 42 39 35 31 28 29 3327 325MC 314 601619 43999999999999991010 162119 2899999999999999
 41 49 56 61 61 58 50 40 31 22 17 15 18 23 28 34 37 39 37 35 32 30 30 3327 326MC 340 621658 39999999999999991051 152131 3099999999999999
 39 46 54 59 62 60 55 46 37 28 21 17 17 19 24 28 32 34 35 33 32 31 31 3227 327MC 4 9 621738 35999999999999991133 162135 3099999999999999
 37 43 50 56 60 60 57 51 43 34 27 21 19 19 22 25 28 30 31 31 31 31 31 3227 328MC 439 611825 31999999999999991218 1921 7 3199999999999999
 35 40 46 52 56 58 57 53 47 40 33 27 23 22 22 23 25 27 28 29 29 30 31 3227 329MC 511 589999999999999999999991316 22999999999999999999999
 34 38 42 47 51 54 54 53 49 44 38 33 28 25 24 24 24 25 25 26 27 28 30 3227 330MC 546 549999999999999999999991459 24999999999999999999999
 34 36 39 42 46 48 50 50 48 46 42 38 34 30 27 25 24 23 23 23 25 27 29 3227 331MC 631 509999999999999999999991736 23999999999999999999999
 34 36 37 39 41 43 44 45 46 45 44 41 38 34 30 27 24 22 21 21 22 25 28 3127 4 1MC 752 469999999999999999999991827 21999999999999999999999
 34 36 37 37 37 38 38 40 41 42 43 43 41 38 34 30 25 22 20 19 20 23 27 3127 4 2MC1015 439999999999999999999991853 19999999999999999999999
 34 36 37 36 35 33 33 33 35 37 40 42 42 41 37 33 27 23 19 18 18 21 25 3027 4 3MC 157 371142 4299999999999999 6 8 331913 1799999999999999
 34 37 38 36 34 31 28 27 28 31 35 39 41 42 40 36 30 24 20 17 17 20 24 3027 4 4MC 150 381243 4299999999999999 7 3 271931 1799999999999999
 35 38 39 38 34 29 25 22 21 24 28 33 38 41 41 38 33 27 22 18 17 19 24 3027 4 5MC 154 391332 4199999999999999 743 211949 1799999999999999
 35 40 41 40 36 30 23 18 16 16 20 26 32 37 40 39 35 30 25 20 18 20 24 3027 4 6MC 2 3 411417 4099999999999999 818 1520 6 1899999999999999
 36 41 44 43 39 32 24 17 12 10 13 18 25 32 36 38 36 32 27 23 20 21 25 3127 4 7MC 216 4415 0 3899999999999999 853 102022 2099999999999999
 37 43 46 46 43 35 27 18 10  6  6 11 17 24 31 35 35 33 29 25 23 22 25 3127 4 8MC 232 471541 3699999999999999 928  62035 2299999999999999
 38 44 49 50 47 40 31 21 12  6  3  5 10 17 24 29 32 32 29 26 24 23 26 3127 4 9MC 251 501623 329999999999999910 5  32043 2399999999999999
 38 45 50 52 51 46 37 27 17  9  3  2  5 11 17 23 27 29 28 26 24 24 25 3027 410MC 313 5217 5 29999999999999991044  22044 2499999999999999
 36 43 49 53 54 50 43 34 24 15  7  3  4  7 12 17 21 24 25 24 23 23 25 2827 411MC 340 541754 25999999999999991129  32034 2399999999999999
 33 40 47 52 54 53 48 41 32 22 14  8  5  6  8 12 16 19 21 21 22 22 23 2627 412MC 411 549999999999999999999991222  5999999999999999999999
 30 36 42 48 51 52 50 45 38 30 22 16 11  8  8 10 12 15 17 18 20 21 22 2427 413MC 447 529999999999999999999991332  8999999999999999999999
 28 32 37 42 46 48 48 46 42 36 30 23 18 14 11 10 11 12 14 16 18 20 22 2427 414MC 527 4999999999999999999999915 3 10999999999999999999999
 26 29 32 36 39 42 43 43 41 39 35 30 25 20 16 13 11 11 12 14 16 19 22 2427 415MC 618 439999999999999999999991631 11999999999999999999999
 26 28 29 31 33 35 36 37 38 37 36 34 31 26 22 17 13 12 12 13 16 19 23 2627 416MC 811 389999999999999999999991728 11999999999999999999999
 28 29 29 28 28 28 28 29 31 32 34 35 34 31 27 22 17 14 12 13 16 20 25 2927 417MC 126 291057 3599999999999999 443 2718 5 1299999999999999
 31 32 31 28 25 23 21 21 22 25 28 31 33 33 30 26 21 17 14 14 16 21 27 3227 418MC 045 321223 3399999999999999 631 211834 1399999999999999
 35 36 35 31 26 20 16 14 14 17 21 25 30 32 32 29 25 20 16 15 17 21 28 3427 419MC 054 361327 3299999999999999 725 141859 1599999999999999
 39 41 40 36 29 22 15  9  7  8 12 18 24 28 31 30 27 23 19 17 17 21 28 3527 420MC 113 411420 3199999999999999 8 8  71923 1799999999999999
 41 45 45 41 34 25 16  8  3  2  5 10 16 23 27 29 28 25 22 19 18 21 26 3427 421MC 136 4515 8 2999999999999999 847  21945 1899999999999999
 41 47 49 47 40 31 21 11  3 -1  0  4 10 16 22 26 27 26 23 20 19 20 25 3227 422MC 2 2 491553 2799999999999999 924 -120 6 1999999999999999
 40 46 50 50 46 37 27 16  6  0 -3 -1  4 10 16 21 24 25 23 21 20 20 23 2927 423MC 231 511637 259999999999999910 2 -32025 2099999999999999
 36 44 49 51 49 42 33 22 11  3 -2 -2  1  6 11 17 20 22 22 21 20 20 22 2627 424MC 3 1 511723 22999999999999991039 -22037 2099999999999999
 32 40 46 49 50 45 38 28 18  9  2 -1  0  3  8 12 16 19 20 20 19 19 20 2327 425MC 332 509999999999999999999991117 -1999999999999999999999
 28 35 41 45 47 46 40 32 23 14  7  3  1  3  5  9 13 15 17 18 18 18 19 2127 426MC 4 4 479999999999999999999991158  1999999999999999999999
 25 30 35 40 43 44 41 35 28 20 12  7  4  4  5  7 10 12 14 15 16 17 19 2027 427MC 436 449999999999999999999991244  3999999999999999999999
 23 26 30 34 38 39 38 35 30 24 17 12  8  6  5  6  8 10 12 13 15 17 18 2027 428MC 5 9 399999999999999999999991342  5999999999999999999999
 22 24 26 29 32 34 34 33 30 26 21 16 11  8  7  6  7  8 10 12 14 16 19 2027 429MC 543 349999999999999999999991454  6999999999999999999999
 22 23 24 25 27 28 29 29 28 26 23 19 15 12  9  7  7  7  9 11 13 16 19 2227 430MC 626 2999999999999999999999916 4  7999999999999999999999
 23 23 23 23 22 22 23 23 23 23 23 21 18 15 12 10  8  7  8 10 13 17 20 2327 5 1MC 1 6 23 832 2399999999999999 429 221656  799999999999999
 25 25 24 22 19 17 17 17 18 19 21 21 21 19 16 13 10  9  9 10 13 17 22 2527 5 2MC 035 2511 1 2199999999999999 625 161733  899999999999999
 27 28 26 22 18 14 11 10 11 13 16 19 21 21 19 17 14 11 10 11 14 18 23 2827 5 3MC 034 281233 2199999999999999 7 5 1018 3 1099999999999999
 30 31 29 24 18 12  7  4  4  6 10 15 19 21 22 20 17 15 13 13 15 20 25 3027 5 4MC 042 311339 2299999999999999 738  41827 1399999999999999
 34 35 33 28 21 13  5  0 -2 -1  3  8 14 19 22 22 20 18 16 15 17 21 26 3227 5 5MC 056 351433 2299999999999999 810 -21848 1599999999999999
 37 39 38 33 26 16  7 -1 -6 -7 -5  1  8 14 19 21 21 19 18 17 18 21 27 3327 5 6MC 114 391523 2199999999999999 844 -819 4 1799999999999999
 39 42 43 39 32 22 11  1 -7-11-10 -6  1  8 14 18 20 19 18 17 18 20 26 3227 5 7MC 138 431610 2099999999999999 920-111914 1799999999999999
 39 44 46 45 39 29 18  6 -4-11-13-11 -6  1  8 13 17 17 17 16 17 19 23 3027 5 8MC 2 7 461659 179999999999999910 0-131916 1699999999999999
 37 43 47 48 44 37 26 14  3 -6-12-13-10 -4  2  8 12 14 15 15 15 16 20 2527 5 9MC 241 489999999999999999999991042-13999999999999999999999
 32 39 45 48 47 42 33 22 11  1 -7-11-11 -7 -3  3  8 11 12 13 13 14 16 2127 510MC 317 489999999999999999999991129-11999999999999999999999
 27 33 40 44 45 43 38 29 19  9  1 -5 -8 -8 -5  0  4  8 10 11 12 13 14 1727 511MC 356 459999999999999999999991219 -8999999999999999999999
 21 27 33 38 41 41 38 33 25 17  8  2 -3 -5 -4 -2  2  5  8 10 12 13 14 1527 512MC 435 419999999999999999999991313 -5999999999999999999999
 18 21 26 30 34 35 35 32 27 21 15  8  3  0 -2 -1  2  5  8 11 13 15 15 1627 513MC 516 3599999999999999999999914 7 -2999999999999999999999
 17 18 20 23 26 28 29 28 26 23 18 13  9  5  2  1  3  5  9 12 15 17 19 1927 514MC 559 292248 19999999999999991457  1999999999999999999999
 19 18 18 18 19 20 21 21 21 20 19 16 13 10  7  5  5  6  9 13 17 21 23 2427 515MC 7 9 212257 2499999999999999 220 181540  599999999999999
 23 21 19 16 14 13 13 14 14 15 16 16 15 14 11  9  8  8 11 15 19 24 27 2927 516MC1040 162320 2999999999999999 542 131619  899999999999999
 29 26 22 18 13  9  7  6  7  9 12 14 16 16 15 13 11 11 12 15 20 26 31 3427 517MC1238 162348 3599999999999999 653  61655 1199999999999999
 35 33 28 22 15  8  3  1  1  2  6 10 14 16 17 16 15 14 14 16 20 26 32 3727 518MC1357 17999999999999999999999 734  01730 1399999999999999
 39 39 35 28 19 11  3 -2 -4 -3  0  5 10 14 17 18 17 16 15 16 20 25 32 3827 519MC 018 391457 1899999999999999 810 -418 4 1599999999999999
 42 43 40 34 25 15  6 -2 -7 -8 -5 -1  5 11 15 18 19 18 17 17 19 23 29 3627 520MC 050 431549 1999999999999999 845 -81836 1799999999999999
 42 45 45 40 32 22 11  1 -6-10 -9 -5  0  6 12 16 18 18 18 17 18 21 26 3327 521MC 124 451636 1899999999999999 920-1019 5 1799999999999999
 40 44 46 44 37 28 17  6 -3 -9-10 -8 -4  2  8 13 16 17 17 17 17 18 22 2827 522MC 158 46999999999999999999999 956-10999999999999999999999
 35 41 45 45 41 33 23 12  2 -6 -9 -9 -7 -2  4  9 13 15 16 16 15 16 19 2427 523MC 233 469999999999999999999991031-10999999999999999999999
 30 37 42 44 42 37 28 18  7 -1 -7 -9 -8 -4  0  5 10 12 14 14 14 15 16 2027 524MC 3 7 4499999999999999999999911 5 -9999999999999999999999
 25 31 36 40 41 37 31 22 12  3 -3 -7 -8 -5 -2  3  7 10 12 13 13 14 14 1727 525MC 340 419999999999999999999991139 -8999999999999999999999
 21 25 31 35 37 36 32 25 16  8  0 -4 -6 -6 -3  1  4  8 10 12 13 13 14 1527 526MC 411 379999999999999999999991213 -6999999999999999999999
 18 21 25 29 32 32 30 25 18 11  4 -1 -4 -5 -3  0  3  7  9 12 13 14 15 1527 527MC 441 329999999999999999999991245 -5999999999999999999999
 16 18 21 24 26 27 26 24 19 13  8  2 -1 -3 -2  0  3  6  9 12 14 16 16 1727 528MC 5 8 279999999999999999999991318 -3999999999999999999999
 17 17 18 19 20 21 22 20 18 14 10  6  3  1  0  1  3  6 10 13 16 18 19 1927 529MC 534 222244 19999999999999991351  0999999999999999999999
 19 18 17 16 16 16 16 15 15 13 11  9  7  5  4  4  5  8 11 14 18 21 22 2327 530MC2248 239999999999999999999991423  4999999999999999999999
 22 20 17 14 12 10 10 10 10 11 11 11 10  9  8  8  8 10 13 17 20 24 26 2727 531MC10 5 1123 1 2799999999999999 635 101451  899999999999999
 26 24 20 15 10  6  4  3  4  6  8 10 11 12 12 12 12 13 16 19 23 27 30 3227 6 1MC2321 32999999999999999999999 659  3999999999999999999999
 31 29 24 18 11  4  0 -3 -3  0  3  7 11 13 15 15 16 16 18 21 25 29 34 3627 6 2MC2348 37999999999999999999999 729 -3999999999999999999999
 37 35 30 23 14  6 -2 -7 -8 -7 -3  2  7 12 15 17 17 18 19 22 25 30 36 4027 6 3MC9999999999999999999999999999 8 2 -8999999999999999999999
 42 41 38 30 21 11  1 -7-12-12 -9 -4  2  8 13 16 17 18 19 21 24 29 35 4127 6 4MC 021 42999999999999999999999 839-12999999999999999999999
 45 46 44 39 29 18  7 -4-11-15-14-10 -4  2  8 13 15 17 17 19 21 26 32 3827 6 5MC 1 0 46999999999999999999999 918-15999999999999999999999
 44 48 49 45 38 27 15  3 -7-14-16-14 -9 -3  3  9 12 14 15 16 18 21 26 3327 6 6MC 143 4999999999999999999999910 0-16999999999999999999999
 40 46 49 49 44 36 24 12  0 -9-14-15-12 -7 -1  5  9 12 13 13 14 16 20 2627 6 7MC 227 499999999999999999999991042-15999999999999999999999
 33 40 45 47 46 41 32 20  9 -2 -9-13-13 -9 -4  2  7 10 12 12 12 13 15 1927 6 8MC 310 489999999999999999999991123-13999999999999999999999
 25 32 38 42 43 41 35 26 16  6 -3 -8-10 -9 -5  0  6 10 12 13 13 13 13 1527 6 9MC 352 4399999999999999999999912 1-10999999999999999999999
 19 24 29 34 37 37 34 28 20 12  3 -3 -6 -6 -4  1  6 11 14 16 16 15 14 1427 610MC 432 381939 16999999999999991234 -72236 1499999999999999
 15 18 22 26 29 30 30 26 21 15  8  3 -1 -3 -1  2  7 12 16 19 20 20 18 1627 611MC 5 8 3120 9 209999999999999913 1 -3999999999999999999999
 15 15 17 19 21 23 23 22 19 15 11  7  3  2  2  5  9 14 19 23 25 25 24 2227 612MC 542 232044 2599999999999999 030 151322  299999999999999
 19 17 15 14 15 15 16 16 15 13 12  9  7  6  6  7 11 15 21 25 29 31 30 2827 613MC 614 162123 3199999999999999 3 7 141333  699999999999999
 25 21 17 14 11 10 10 10 10 10 10 10 10 10 10 11 13 17 22 27 31 34 36 3527 614MC22 5 36999999999999999999999 640 10999999999999999999999
 32 27 22 16 11  7  5  4  5  6  8 10 11 13 14 14 16 18 22 27 32 36 39 4027 615MC2249 40999999999999999999999 713  4999999999999999999999
 38 34 28 21 14  8  3  1  0  2  4  8 11 14 16 17 18 20 22 26 31 36 40 4327 616MC2334 43999999999999999999999 744  0999999999999999999999
 43 40 35 28 19 11  4 -1 -3 -2  0  4  9 14 17 19 20 21 22 24 28 34 39 4327 617MC9999999999999999999999999999 816 -3999999999999999999999
 46 45 41 34 26 16  7  0 -4 -5 -3  1  6 12 16 19 21 22 22 23 26 30 36 4127 618MC 019 46999999999999999999999 849 -5999999999999999999999
 45 47 46 40 32 22 12  4 -3 -6 -5 -2  3  8 14 18 20 21 21 22 23 26 31 3727 619MC 1 3 47999999999999999999999 922 -6999999999999999999999
 43 47 47 44 38 28 18  8  0 -5 -7 -5 -1  5 10 15 18 20 20 20 20 22 26 3227 620MC 143 48999999999999999999999 954 -7999999999999999999999
 39 44 47 46 41 33 23 13  3 -3 -7 -6 -3  2  7 12 16 18 19 18 18 19 22 2727 621MC 221 479999999999999999999991024 -7999999999999999999999
 33 39 44 45 43 37 27 17  7 -1 -6 -7 -5 -1  4 10 14 16 17 17 17 17 19 2227 622MC 255 459999999999999999999991051 -7999999999999999999999
 27 33 39 42 42 37 30 21 11  2 -4 -7 -6 -2  2  8 12 15 17 17 17 16 17 1927 623MC 327 421843 17999999999999991116 -72111 1699999999999999
 22 28 33 37 38 36 31 23 14  5 -1 -5 -5 -3  1  6 11 15 17 18 18 17 16 1727 624MC 356 3819 5 18999999999999991137 -622 2 1699999999999999
 19 23 27 31 33 33 30 24 16  8  2 -2 -4 -2  1  6 11 15 18 20 20 19 18 1727 625MC 424 341928 20999999999999991157 -423 7 1799999999999999
 18 19 22 25 28 29 27 23 17 11  5  1 -1  0  3  7 12 17 20 22 22 22 20 1927 626MC 450 291950 22999999999999991213 -1999999999999999999999
 18 18 19 20 22 23 23 21 17 13  9  5  4  4  6 10 14 19 23 25 26 26 24 2227 627MC 515 232013 2699999999999999 038 181223  399999999999999
 20 18 17 17 17 18 18 17 16 13 11  9  8  8 10 13 17 22 26 28 30 30 29 2727 628MC 540 182039 3099999999999999 245 171217  899999999999999
 24 20 17 15 13 12 12 12 12 12 12 12 12 13 14 17 21 25 29 32 34 35 35 3327 629MC2111 3599999999999999999999911 4 12999999999999999999999
 29 25 20 15 11  8  7  7  7  8 10 12 14 16 18 20 23 27 31 35 38 40 40 3927 630MC2155 40999999999999999999999 653  7999999999999999999999
 36 32 26 19 12  7  3  1  1  3  6 10 13 16 19 22 25 28 31 35 39 42 45 4527 7 1MC2250 45999999999999999999999 726  1999999999999999999999
 44 40 34 26 17  9  2 -2 -3 -2  1  5 10 15 19 22 24 27 30 33 38 42 46 4927 7 2MC2349 50999999999999999999999 8 3 -3999999999999999999999
 50 48 43 35 25 15  5 -2 -6 -7 -5  0  5 11 16 20 23 25 27 30 34 39 44 4927 7 3MC9999999999999999999999999999 842 -7999999999999999999999
 52 53 50 44 35 24 12  2 -5 -9 -8 -5  1  7 13 17 20 22 23 25 28 33 39 4527 7 4MC 046 53999999999999999999999 921 -9999999999999999999999
 50 54 55 51 44 33 21  9 -1 -8-10 -8 -3  3  9 15 18 20 20 21 23 26 31 3827 7 5MC 139 55999999999999999999999 959-10999999999999999999999
 45 50 54 54 49 40 29 17  5 -3 -8 -8 -5  1  7 13 17 19 19 19 19 20 23 2927 7 6MC 228 549999999999999999999991032 -9999999999999999999999
 36 43 48 51 50 44 35 24 12  3 -4 -6 -4  0  7 13 18 20 21 19 18 17 18 2127 7 7MC 313 511739 219999999999999911 1 -621 2 1799999999999999
 27 34 40 44 46 43 37 28 18  8  1 -3 -2  1  7 14 19 23 24 23 20 18 16 1727 7 8MC 354 461755 24999999999999991126 -32216 1699999999999999
 20 25 31 35 38 38 35 29 21 13  6  2  1  3  9 16 22 26 29 28 26 22 19 1727 7 9MC 431 391819 29999999999999991144  12330 1799999999999999
 17 19 23 27 30 31 30 27 21 15 10  6  5  6 11 17 24 29 33 34 32 28 24 2027 710MC 5 3 311848 34999999999999991157  5999999999999999999999
 18 17 18 20 23 24 24 23 20 16 12 10  9 10 13 19 25 31 36 38 38 35 31 2627 711MC 532 251922 3899999999999999 053 1712 0  999999999999999
 22 19 17 17 18 18 19 18 17 15 14 13 12 13 16 20 26 32 37 41 42 41 38 3427 712MC 550 1920 4 4299999999999999 245 171144 1299999999999999
 29 24 20 17 16 15 14 14 14 14 14 15 15 17 19 22 27 32 37 41 44 45 44 4127 713MC2056 45999999999999999999999 838 14999999999999999999999
 36 31 26 21 17 14 12 11 11 11 13 15 17 20 22 25 27 31 35 40 43 46 47 4627 714MC22 0 47999999999999999999999 741 10999999999999999999999
 43 38 32 26 20 15 11  9  8  9 11 14 18 21 24 26 28 30 33 37 41 44 47 4827 715MC23 9 48999999999999999999999 759  8999999999999999999999
 48 45 39 33 26 19 12  8  6  6  8 12 17 21 25 27 29 30 31 34 37 41 45 4927 716MC9999999999999999999999999999 826  6999999999999999999999
 50 49 46 39 32 23 15  9  5  4  6  9 14 19 24 27 29 29 29 30 33 37 41 4627 717MC 010 50999999999999999999999 853  4999999999999999999999
 50 51 50 45 37 28 19 11  6  3  3  6 11 17 22 26 28 28 28 28 29 32 36 4227 718MC 1 0 51999999999999999999999 920  3999999999999999999999
 47 51 52 49 42 33 23 14  7  2  2  4  8 14 19 24 26 27 26 25 25 27 31 3727 719MC 142 521651 2799999999999999 944  11937 2599999999999999
 43 48 51 50 45 37 27 17  8  3  0  2  6 11 17 22 25 26 25 24 23 23 26 3127 720MC 218 5117 0 269999999999999910 6  02021 2399999999999999
 37 43 48 49 46 40 30 20 11  4  0  1  4  9 15 21 25 26 26 24 22 21 22 2527 721MC 250 491712 26999999999999991025  021 4 2199999999999999
 31 37 43 46 45 40 32 23 13  6  1  0  3  8 14 20 25 27 27 25 22 20 20 2127 722MC 320 461726 27999999999999991042  02148 2099999999999999
 26 31 37 41 42 39 33 25 16  8  3  2  4  8 14 20 25 28 29 27 24 21 20 1927 723MC 349 421742 29999999999999991057  22234 1999999999999999
 22 26 31 35 37 37 33 26 19 12  7  4  6 10 15 21 27 30 31 30 27 24 21 1927 724MC 418 371757 31999999999999991110  42325 1999999999999999
 19 22 25 29 32 33 31 26 21 15 10  8  9 12 18 23 29 33 34 34 31 27 24 2127 725MC 447 331813 34999999999999991118  8999999999999999999999
 19 19 21 24 26 28 27 25 21 17 14 13 13 16 21 26 32 36 38 38 36 32 28 2427 726MC 516 281829 3899999999999999 026 191115 1399999999999999
 21 19 19 20 21 23 23 22 20 18 17 16 17 20 24 29 34 39 41 42 41 38 34 3027 727MC 547 231852 4299999999999999 147 191052 1699999999999999
 26 22 19 18 17 18 18 18 17 17 17 18 20 23 27 31 36 41 44 46 46 44 41 3727 728MC1929 46999999999999999999999 913 17999999999999999999999
 33 28 23 19 16 14 13 13 13 14 16 18 21 24 28 32 36 41 44 47 49 49 48 4527 729MC2034 49999999999999999999999 7 0 13999999999999999999999
 41 36 30 24 18 13 10  8  8 10 12 16 20 24 28 31 35 39 42 46 49 51 52 5127 730MC2217 52999999999999999999999 734  8999999999999999999999
 49 45 39 31 23 16  9  6  4  5  8 12 17 22 26 29 32 35 38 42 45 49 52 5527 731MC2346 55999999999999999999999 8 9  4999999999999999999999
 55 53 48 41 32 22 13  6  2  1  3  8 13 19 24 27 30 31 33 36 39 44 49 5327 8 1MC9999999999999999999999999999 842  1999999999999999999999
 57 58 55 50 41 30 19  9  3  0  1  5 10 17 22 26 28 28 29 29 32 35 41 4727 8 2MC 052 58999999999999999999999 912  0999999999999999999999
 53 57 58 55 48 38 26 15  6  1  0  3  9 15 21 26 28 27 26 25 25 27 32 3827 8 3MC 146 581622 2899999999999999 939  01932 2599999999999999
 46 52 56 56 52 43 32 21 11  4  2  4  9 15 22 27 30 29 27 24 22 21 24 2927 8 4MC 234 561621 309999999999999910 2  22043 2199999999999999
 36 43 49 52 51 45 36 26 16  8  4  5 10 16 24 30 33 34 31 26 22 19 18 2127 8 5MC 316 521634 34999999999999991021  42144 1899999999999999
 26 33 40 44 46 43 37 29 20 13  8  8 11 18 26 32 37 39 37 32 26 21 17 1727 8 6MC 355 461654 39999999999999991038  72241 1799999999999999
 20 25 31 36 39 39 35 29 22 16 12 11 13 19 27 34 40 43 43 39 33 26 21 1727 8 7MC 431 391719 43999999999999991050 112338 1799999999999999
 17 19 24 28 31 33 31 28 23 19 15 14 16 20 27 35 42 46 47 45 40 33 27 2227 8 8MC 5 3 331747 47999999999999991057 14999999999999999999999
 19 18 20 23 25 27 27 25 23 20 18 17 18 22 28 35 42 47 49 49 46 40 34 2827 8 9MC 531 271820 5099999999999999 041 181054 1799999999999999
 24 21 20 20 22 22 23 22 21 20 20 20 21 24 29 34 40 46 49 50 49 46 41 3627 810MC 550 231859 5099999999999999 2 5 201016 2099999999999999
 31 26 23 21 20 20 20 19 19 19 20 22 24 26 30 34 38 43 47 49 50 49 46 4327 811MC1952 50999999999999999999999 8 5 19999999999999999999999
 38 33 29 25 22 20 18 17 17 18 20 22 25 28 31 34 37 40 43 46 48 49 49 4727 812MC2119 49999999999999999999999 740 17999999999999999999999
 45 40 36 30 25 21 18 16 15 16 18 22 26 29 32 34 36 37 39 42 45 47 49 5027 813MC23 3 50999999999999999999999 756 15999999999999999999999
 49 46 42 36 30 24 19 15 13 14 16 20 24 29 32 34 35 35 36 37 40 43 47 5027 814MC9999999999999999999999999999 817 13999999999999999999999
 51 51 47 42 35 27 20 15 12 11 14 18 23 28 31 33 34 33 33 33 34 38 43 4727 815MC 012 511548 3499999999999999 837 111823 3399999999999999
 51 52 51 46 39 31 22 15 11  9 11 15 21 26 30 33 33 32 30 29 30 32 37 4327 816MC 1 1 521541 3399999999999999 856  91920 2999999999999999
 48 52 52 49 43 34 25 17 11  8  9 13 18 24 29 33 33 32 29 27 26 27 31 3727 817MC 140 521547 3399999999999999 914  820 4 2699999999999999
 43 49 51 50 45 37 27 18 11  8  8 11 17 23 29 33 34 33 29 26 23 23 25 3027 818MC 214 511557 3499999999999999 930  72043 2399999999999999
 37 43 48 49 46 39 30 21 13  8  7 10 16 22 29 33 35 34 31 26 22 20 21 2427 819MC 246 4916 9 3599999999999999 945  72122 2099999999999999
 30 37 43 45 45 40 32 23 15 10  8 10 15 22 29 34 37 36 33 28 23 19 18 2027 820MC 317 461622 3799999999999999 959  822 0 1899999999999999
 24 31 36 41 42 39 33 26 18 13 11 12 16 23 30 35 39 39 36 31 26 21 17 1727 821MC 349 421636 39999999999999991011 112239 1799999999999999
 20 25 30 35 38 37 33 27 21 16 14 15 18 24 31 37 41 42 40 35 29 23 19 1627 822MC 420 381650 42999999999999991020 142320 1699999999999999
 17 20 25 29 32 33 32 28 23 20 18 18 21 27 33 39 43 45 44 40 34 28 22 1827 823MC 453 3317 5 45999999999999991022 17999999999999999999999
 17 18 21 24 27 29 29 27 24 22 21 21 24 29 35 41 46 48 48 45 40 34 28 2327 824MC 527 291724 4899999999999999 0 9 171010 2099999999999999
 20 18 18 20 22 24 25 24 23 22 22 23 26 30 36 42 47 50 51 49 45 41 35 3027 825MC 6 3 251750 5199999999999999 115 18 936 2299999999999999
 25 22 19 19 19 19 20 20 20 21 22 24 27 31 36 41 46 50 52 52 50 47 43 3827 826MC1830 52999999999999999999999 313 19999999999999999999999
 33 28 24 20 18 16 16 16 16 18 20 23 26 30 35 39 43 47 50 51 52 51 49 4627 827MC1941 52999999999999999999999 644 16999999999999999999999
 42 37 31 25 20 16 13 12 12 14 17 21 25 29 33 36 39 42 45 48 50 51 52 5227 828MC2220 52999999999999999999999 721 12999999999999999999999
 50 46 40 33 25 18 13 10  9 10 14 19 23 28 31 34 36 37 39 41 44 48 51 5327 829MC2356 54999999999999999999999 750  9999999999999999999999
 54 53 48 41 33 23 15 10  8  8 12 17 22 27 31 33 33 33 33 34 36 40 45 5027 830MC9999999999999999999999999999 815  7999999999999999999999
 54 55 53 48 40 30 20 13  8  8 11 16 22 28 32 34 33 31 29 27 28 31 36 4327 831MC 059 5515 7 3499999999999999 836  71915 2799999999999999
 49 53 54 52 45 36 26 17 11  9 11 16 23 30 35 37 35 32 28 24 22 22 27 3327 9 1MC 151 5415 6 3799999999999999 856  92015 2299999999999999
 40 47 51 51 47 40 30 21 14 11 12 17 25 32 38 41 40 36 30 24 19 17 18 2327 9 2MC 236 511518 4199999999999999 914 1121 7 1799999999999999
 31 38 44 47 46 41 33 25 18 14 14 18 26 34 41 45 46 42 35 28 20 15 14 1627 9 3MC 318 471538 4699999999999999 930 132155 1499999999999999
 22 29 35 40 41 39 34 27 21 17 16 19 26 35 43 48 51 49 42 34 25 18 13 1327 9 4MC 357 4116 1 5199999999999999 944 162241 1299999999999999
 16 21 27 32 35 36 33 28 23 20 19 21 26 34 43 50 53 53 49 41 32 24 17 1427 9 5MC 434 361628 5499999999999999 955 192329 1399999999999999
 14 17 21 26 30 31 30 28 25 22 21 22 27 33 41 48 54 55 53 47 40 31 24 1827 9 6MC 5 9 311657 559999999999999910 0 21999999999999999999999
 16 16 19 22 25 27 27 26 25 23 23 24 27 32 39 46 51 54 54 51 45 38 31 2527 9 7MC 543 271729 5599999999999999 020 16 950 2399999999999999
 21 19 19 21 22 23 24 24 24 24 24 26 28 32 37 42 47 51 53 52 49 44 38 3327 9 8MC18 6 53999999999999999999999 128 19999999999999999999999
 28 25 23 22 21 21 22 22 22 23 25 27 29 32 36 39 43 47 49 50 49 47 43 3927 9 9MC1855 50999999999999999999999 4 6 21999999999999999999999
 35 31 28 25 22 21 20 20 20 22 24 27 30 33 35 37 40 42 44 46 47 47 46 4427 910MC2034 47999999999999999999999 653 20999999999999999999999
 41 37 33 29 25 21 19 18 18 20 23 27 30 33 35 36 37 38 39 41 43 45 46 4627 911MC2249 46999999999999999999999 717 18999999999999999999999
 45 42 38 33 28 23 19 16 16 18 22 26 30 33 35 36 35 34 34 35 37 40 44 4627 912MC1448 36999999999999999999999 736 161746 3499999999999999
 47 46 43 37 31 24 19 16 15 16 20 25 30 34 36 36 34 32 30 30 31 34 39 4327 913MC 0 1 471432 3699999999999999 753 151852 3099999999999999
 47 48 46 41 34 27 20 15 13 14 18 24 29 34 37 37 35 32 28 26 26 28 33 3927 914MC 050 481434 3799999999999999 8 9 131935 2599999999999999
 44 47 47 43 37 29 22 16 13 13 17 23 29 34 38 39 36 32 27 23 21 22 26 3227 915MC 130 471443 3999999999999999 824 132012 2199999999999999
 39 44 46 44 39 32 24 18 14 13 16 22 29 35 39 41 39 34 28 22 18 17 20 2527 916MC 2 7 461455 4199999999999999 839 132047 1799999999999999
 32 39 43 44 41 34 27 20 16 14 16 22 29 36 41 43 42 37 30 23 17 14 15 1927 917MC 242 4415 8 4399999999999999 854 142121 1499999999999999
 26 32 38 41 40 36 30 23 18 16 18 22 29 36 42 45 45 40 33 26 18 13 11 1427 918MC 318 411523 4599999999999999 9 8 162156 1199999999999999
 19 26 32 37 38 36 31 26 21 19 20 24 30 37 44 47 48 44 38 30 21 15 11 1127 919MC 353 381538 4899999999999999 919 192232 1099999999999999
 14 20 26 31 34 34 31 27 24 22 22 25 31 38 45 49 51 48 43 35 26 19 13 1127 920MC 429 351555 5199999999999999 924 222311 1099999999999999
 12 16 21 26 29 31 30 28 25 24 24 27 32 38 45 50 53 52 48 41 32 25 18 1327 921MC 5 6 311616 5399999999999999 919 242358 1299999999999999
 12 13 17 21 24 26 27 26 25 24 25 28 32 38 44 50 53 54 51 46 39 32 25 1927 922MC 548 271642 5499999999999999 858 24999999999999999999999
 16 14 15 17 20 22 23 23 23 24 25 28 32 37 42 48 52 54 53 50 45 39 33 2727 923MC1714 54999999999999999999999 1 3 14999999999999999999999
 22 19 17 16 17 18 19 20 21 22 24 27 31 35 40 44 48 51 52 51 48 45 41 3627 924MC1758 52999999999999999999999 255 16999999999999999999999
 31 26 22 18 16 15 15 16 18 20 23 26 30 33 37 40 43 46 48 49 48 47 46 4327 925MC1914 49999999999999999999999 526 15999999999999999999999
 39 34 28 23 18 15 14 14 15 18 22 26 30 33 35 37 38 40 41 43 45 46 47 4727 926MC2229 47999999999999999999999 627 14999999999999999999999
 45 41 36 30 23 18 14 13 14 17 22 27 31 33 35 35 34 34 34 35 38 41 44 4727 927MC1442 352359 4899999999999999 657 131719 3499999999999999
 48 46 42 36 29 22 16 14 14 18 23 28 33 36 37 35 33 30 28 27 29 32 37 4227 928MC1349 37999999999999999999999 719 141847 2799999999999999
 46 47 46 41 34 27 20 16 16 18 24 30 36 40 41 39 35 29 24 21 21 23 28 3427 929MC 1 1 471349 4199999999999999 739 151941 2099999999999999
 40 45 46 44 38 31 24 19 17 20 25 32 39 44 46 44 39 32 25 18 15 15 19 2527 930MC 153 4614 2 4699999999999999 758 172027 1599999999999999
 32 39 43 43 40 34 28 23 20 21 26 33 41 48 51 51 46 38 28 20 13 10 12 172710 1MC 239 431423 5299999999999999 816 2021 9 1099999999999999
 24 31 37 40 39 36 31 26 22 22 26 33 42 50 55 56 53 45 35 24 16 10  8 112710 2MC 322 401447 5699999999999999 833 222150  899999999999999
 17 24 30 35 36 35 32 28 25 24 26 32 41 49 56 59 58 52 42 31 21 13  9  92710 3MC 4 4 361514 5999999999999999 848 242232  899999999999999
 12 18 24 29 32 33 31 29 26 25 27 31 38 47 54 59 60 56 49 39 29 19 13 102710 4MC 445 331544 6099999999999999 9 0 252314 1099999999999999
 11 15 19 24 28 30 30 28 27 27 27 30 36 43 50 56 59 58 53 45 36 27 20 152710 5MC 528 301615 5999999999999999 9 2 27999999999999999999999
 13 15 17 21 24 26 27 27 27 27 28 30 34 40 46 51 55 56 54 49 42 34 27 212710 6MC1648 56999999999999999999999 0 0 13999999999999999999999
 18 17 18 20 22 24 25 25 26 27 28 30 33 37 42 46 50 52 52 49 45 39 33 282710 7MC1725 53999999999999999999999 058 17999999999999999999999
 24 21 20 20 21 22 23 24 25 27 29 31 33 35 38 42 45 47 48 47 45 42 38 342710 8MC18 8 48999999999999999999999 235 20999999999999999999999
 30 26 23 22 21 20 21 22 24 26 29 31 33 35 37 38 40 41 43 43 43 42 41 382710 9MC1925 43999999999999999999999 450 20999999999999999999999
 35 31 27 24 22 20 20 20 22 25 29 32 34 36 36 36 36 36 37 38 39 40 41 40271010MC22 2 41999999999999999999999 552 20999999999999999999999
 38 35 31 27 23 20 19 19 21 25 29 33 36 37 37 36 34 32 31 32 34 36 39 40271011MC1323 372332 4199999999999999 622 1918 8 3199999999999999
 40 39 35 30 26 22 19 19 20 24 29 34 38 39 39 37 33 30 27 26 27 30 34 38271012MC1321 40999999999999999999999 643 191857 2699999999999999
 40 40 38 34 29 24 20 19 20 24 29 35 39 42 42 39 34 29 24 21 21 24 29 34271013MC 032 411328 4299999999999999 7 2 191934 2199999999999999
 38 41 40 37 32 27 22 20 21 24 30 36 41 45 45 42 37 30 23 18 16 18 22 28271014MC 121 411339 4599999999999999 720 2020 7 1699999999999999
 34 38 40 39 35 30 25 22 22 25 30 37 43 47 48 46 40 33 24 17 13 12 15 21271015MC 2 4 401353 4899999999999999 737 222039 1299999999999999
 28 34 38 39 37 33 28 25 24 26 31 38 44 49 52 50 45 37 27 18 12  9 10 15271016MC 245 3914 9 5299999999999999 753 242111  999999999999999
 22 29 35 38 37 35 31 28 26 27 32 38 45 51 54 54 50 42 32 22 14  8  7 10271017MC 325 381428 5599999999999999 8 7 262145  799999999999999
 16 23 29 34 36 35 32 29 28 28 32 38 45 52 56 57 54 48 38 28 18 11  7  7271018MC 4 5 361450 5799999999999999 816 282223  699999999999999
 11 17 24 29 32 33 32 30 29 29 32 37 44 51 56 59 58 53 45 35 25 16 10  8271019MC 446 331515 5999999999999999 816 2923 5  899999999999999
  9 13 19 24 28 30 30 29 28 29 31 35 42 49 55 58 59 56 50 42 32 23 16 11271020MC 534 301545 5999999999999999 8 4 282355 1099999999999999
 10 12 15 19 23 26 27 27 27 28 30 34 39 45 51 56 58 57 54 48 40 32 24 18271021MC1619 589999999999999999999999999999999999999999999999999
 14 13 14 16 19 22 24 25 26 27 29 32 36 41 46 51 54 55 54 50 45 39 32 26271022MC1657 55999999999999999999999 1 1 13999999999999999999999
 21 18 16 16 17 19 21 23 25 27 29 32 34 38 42 45 48 50 51 50 47 43 39 34271023MC1743 51999999999999999999999 229 16999999999999999999999
 29 24 20 18 17 18 20 22 25 28 30 32 34 36 38 40 42 44 45 45 45 44 42 39271024MC19 3 45999999999999999999999 356 17999999999999999999999
 35 31 26 22 20 19 20 22 25 29 32 35 36 37 37 37 36 37 37 39 40 41 42 42271025MC1323 372222 4299999999999999 455 1916 4 3699999999999999
 40 37 32 28 24 21 21 23 27 31 36 39 41 40 39 36 33 31 30 31 32 35 38 41271026MC1219 412358 4299999999999999 533 2118 6 3099999999999999
 42 40 37 33 29 25 24 25 29 34 39 44 46 46 43 38 33 28 25 23 24 28 32 36271027MC1225 46999999999999999999999 6 2 2419 1 2399999999999999
 40 41 40 37 33 29 27 27 30 36 42 48 51 52 49 44 36 29 22 18 17 20 24 30271028MC 1 7 411243 5299999999999999 627 261945 1799999999999999
 35 39 41 40 37 33 30 29 31 36 44 50 56 58 56 51 42 33 24 17 13 13 17 23271029MC 2 3 4113 6 5899999999999999 650 292024 1399999999999999
 29 35 39 40 39 36 33 31 32 36 43 51 58 62 62 58 50 39 28 19 12 10 12 17271030MC 252 401334 6299999999999999 713 3121 3 1099999999999999
 23 30 35 39 39 37 35 33 33 36 42 50 57 63 65 63 57 47 35 24 16 10  9 13271031MC 339 3914 4 6599999999999999 734 332141  999999999999999
 18 24 31 35 37 37 36 34 34 35 40 46 54 61 65 66 62 54 43 32 21 14 10 112711 1MC 424 381437 6699999999999999 752 342220 1099999999999999
 15 20 26 31 34 36 35 34 34 35 37 43 50 57 63 65 64 58 49 39 29 20 14 132711 2MC 513 361510 6599999999999999 8 5 3423 0 1399999999999999
 14 18 23 27 31 33 34 34 34 34 36 40 46 52 58 62 63 60 54 45 36 27 20 162711 3MC1545 639999999999999999999992343 15999999999999999999999
 16 17 21 24 28 30 32 33 33 34 35 38 42 47 52 57 59 59 55 49 41 33 26 212711 4MC1620 599999999999999999999999999999999999999999999999999
 19 19 20 23 26 28 30 31 33 34 35 36 39 43 47 51 54 55 54 50 44 38 31 262711 5MC1655 55999999999999999999999 031 18999999999999999999999
 23 21 21 22 24 27 29 30 32 34 35 37 38 40 43 46 48 50 50 48 45 41 36 312711 6MC1732 50999999999999999999999 127 21999999999999999999999
 27 24 23 23 24 26 28 30 32 35 37 38 39 40 40 41 43 44 45 45 43 41 38 352711 7MC1821 45999999999999999999999 232 23999999999999999999999
 31 28 26 25 25 26 27 30 33 36 39 40 41 41 40 39 38 38 39 39 40 40 39 372711 8MC12 8 412027 4099999999999999 333 241626 3899999999999999
 35 32 29 27 26 26 28 30 34 38 41 43 44 43 41 38 36 34 33 34 35 37 38 382711 9MC1157 442251 3899999999999999 421 2618 7 3399999999999999
 37 36 33 31 29 28 29 31 35 39 43 46 47 46 44 39 35 31 28 28 29 32 35 37271110MC12 3 47999999999999999999999 458 281848 2899999999999999
 39 39 37 35 32 31 31 33 36 41 46 49 51 51 47 42 36 30 25 23 23 26 30 35271111MC 022 391215 5199999999999999 529 301921 2399999999999999
 38 40 40 38 36 34 33 34 38 42 48 52 55 55 52 46 39 31 24 19 18 20 24 30271112MC 126 401231 5699999999999999 555 331952 1899999999999999
 35 39 41 41 39 37 36 36 39 44 49 55 59 60 57 52 43 34 25 18 14 15 19 24271113MC 219 411251 6099999999999999 618 362024 1499999999999999
 31 37 40 42 41 40 38 38 40 44 50 56 61 63 63 58 50 39 29 20 14 11 14 19271114MC 3 6 421316 6499999999999999 635 382059 1199999999999999
 25 32 37 40 41 40 39 39 40 44 49 56 62 66 67 64 57 47 35 25 16 11 11 14271115MC 351 411344 6799999999999999 647 392137 1099999999999999
 20 26 32 37 39 39 39 39 39 42 47 54 61 66 69 68 63 54 43 32 22 14 11 12271116MC 437 401418 6999999999999999 651 392219 1199999999999999
 15 21 27 32 36 37 37 37 38 40 44 50 57 63 68 69 67 61 51 41 30 21 15 12271117MC1454 6999999999999999999999923 5 12999999999999999999999
 14 18 23 28 32 34 35 36 36 38 41 46 52 59 64 67 67 64 57 48 38 29 21 16271118MC1533 689999999999999999999992355 15999999999999999999999
 15 17 20 24 29 32 34 35 35 36 38 42 47 52 58 62 64 64 60 53 45 37 29 23271119MC1614 659999999999999999999999999999999999999999999999999
 19 18 20 23 27 30 33 34 36 36 38 39 43 47 51 56 59 60 58 55 49 43 36 30271120MC1655 60999999999999999999999 049 18999999999999999999999
 25 23 22 24 27 30 33 35 37 38 39 40 41 43 45 48 51 53 53 52 50 46 41 36271121MC1742 53999999999999999999999 142 22999999999999999999999
 31 28 26 26 28 31 34 38 40 42 43 43 42 42 42 43 44 46 47 47 46 45 43 40271122MC1013 431854 4799999999999999 229 261316 4299999999999999
 37 34 31 30 31 33 37 40 44 47 48 48 46 44 42 40 39 39 39 40 41 42 42 42271123MC1021 4822 4 4299999999999999 310 301641 3999999999999999
 40 38 36 35 34 35 39 43 48 51 54 54 53 49 45 41 37 34 33 33 35 37 39 41271124MC1044 55999999999999999999999 346 341812 3399999999999999
 42 42 41 39 38 38 41 45 50 55 59 61 60 56 51 44 38 32 29 27 28 31 35 38271125MC 012 421113 6199999999999999 419 3819 1 2799999999999999
 42 43 44 43 42 41 42 46 51 57 62 66 66 64 58 51 42 34 28 24 23 26 29 34271126MC 138 441145 6699999999999999 452 411942 2399999999999999
 39 43 45 45 45 44 44 46 50 57 63 68 71 70 66 58 49 39 30 24 21 21 25 30271127MC 242 461220 7199999999999999 526 442020 2199999999999999
 35 41 45 47 47 46 46 46 49 55 61 68 72 74 71 65 56 46 36 27 21 19 21 26271128MC 334 471257 7499999999999999 6 0 462057 1999999999999999
 31 37 42 46 47 47 46 46 48 52 58 65 71 74 75 71 63 53 42 32 24 20 20 23271129MC 421 471336 7599999999999999 633 462135 1999999999999999
 28 33 39 43 46 46 46 46 46 49 54 60 67 72 75 74 68 60 49 39 30 23 21 21271130MC1414 759999999999999999999992213 20999999999999999999999
 25 30 35 40 43 45 45 45 45 46 50 55 61 68 72 73 71 64 55 45 36 28 23 222712 1MC1452 739999999999999999999992251 22999999999999999999999
 24 28 32 37 41 43 44 44 44 45 46 50 56 62 67 70 70 66 59 50 41 33 27 242712 2MC1528 719999999999999999999992327 24999999999999999999999
 24 26 30 34 38 41 43 43 43 44 45 47 51 56 61 65 67 65 61 54 45 37 31 272712 3MC16 3 679999999999999999999999999999999999999999999999999
 25 27 29 33 37 40 42 43 44 44 44 45 48 51 55 59 62 62 60 55 48 41 35 302712 4MC1636 62999999999999999999999 0 0 25999999999999999999999
 28 28 29 33 36 39 42 44 45 45 45 45 46 48 50 53 56 57 56 54 49 44 38 342712 5MC17 9 57999999999999999999999 032 27999999999999999999999
 31 30 31 33 36 40 43 45 47 48 48 47 47 47 47 49 50 52 52 51 48 45 41 372712 6MC 932 481745 5299999999999999 1 1 301236 4799999999999999
 35 33 33 35 37 41 44 47 49 51 51 50 49 48 46 45 46 46 46 47 46 45 43 412712 7MC 948 511844 4799999999999999 129 331527 4599999999999999
 39 37 37 37 39 42 46 49 52 54 55 54 53 50 47 44 42 41 41 42 42 43 43 432712 8MC10 7 552153 4399999999999999 155 371737 4199999999999999
 42 41 41 41 42 45 48 51 55 58 59 59 57 54 50 45 41 38 36 36 38 40 42 442712 9MC1028 59999999999999999999999 218 411827 3699999999999999
 45 45 45 45 46 47 50 54 57 61 63 64 63 59 54 48 41 36 33 31 32 35 38 42271210MC1052 6499999999999999999999919 2 31999999999999999999999
 45 47 48 49 49 50 52 55 59 63 67 69 68 65 60 53 45 37 31 28 27 30 34 39271211MC1122 699999999999999999999991937 27999999999999999999999
 43 47 49 51 51 52 53 56 60 65 69 72 73 72 67 60 51 41 33 27 24 25 28 33271212MC1157 739999999999999999999992015 24999999999999999999999
 39 44 48 50 51 52 53 55 59 64 69 74 77 77 74 68 58 48 38 29 23 22 24 28271213MC1238 779999999999999999999992055 22999999999999999999999
 34 40 45 48 50 51 52 53 56 61 67 73 77 80 79 75 67 57 45 35 26 22 21 24271214MC1322 809999999999999999999992138 21999999999999999999999
 29 35 41 45 48 49 49 50 52 56 62 68 74 79 81 80 74 65 54 43 32 25 21 22271215MC14 7 819999999999999999999992221 21999999999999999999999
 25 31 36 41 45 47 47 48 49 51 55 62 68 75 79 80 78 71 62 51 40 31 25 23271216MC1453 8099999999999999999999923 3 23999999999999999999999
 24 28 33 39 43 45 46 46 46 48 50 55 61 67 73 76 77 74 67 58 48 38 31 26271217MC1537 779999999999999999999992342 25999999999999999999999
 26 28 32 37 42 45 47 47 47 46 47 50 54 59 65 70 72 71 68 61 53 45 37 32271218MC 638 471620 7299999999999999 850 46999999999999999999999
 29 30 33 38 43 47 49 50 49 48 47 47 49 52 57 61 65 66 65 61 56 49 42 37271219MC 7 0 5017 1 6699999999999999 015 291020 4799999999999999
 34 34 36 40 44 49 52 54 54 52 50 49 48 49 51 54 56 58 59 58 55 51 46 42271220MC 728 541745 5999999999999999 043 3312 4 4899999999999999
 39 38 39 42 47 52 56 59 60 59 56 53 51 49 48 48 50 51 52 52 52 50 48 45271221MC 8 1 601840 5299999999999999 1 3 3814 8 4899999999999999
 43 42 43 45 49 54 59 63 65 65 63 60 56 52 49 46 45 45 46 47 47 48 48 47271222MC 839 652146 4899999999999999 115 421623 4599999999999999
 47 47 47 48 51 55 60 65 69 70 70 68 63 58 53 48 44 42 41 42 43 44 46 48271223MC 922 71999999999999999999999 1 6 4718 8 4199999999999999
 49 50 51 52 53 56 61 66 70 74 75 74 71 66 59 53 47 42 39 38 39 40 43 47271224MC1010 7599999999999999999999919 3 38999999999999999999999
 50 52 54 55 56 57 60 65 69 74 77 78 77 73 67 59 52 45 39 36 36 37 40 44271225MC11 0 789999999999999999999991945 35999999999999999999999
 49 52 55 57 57 58 60 63 67 72 77 80 81 79 74 67 58 50 42 37 34 34 37 41271226MC1152 819999999999999999999992023 34999999999999999999999
 46 51 55 57 58 59 59 61 64 68 74 79 82 82 80 74 65 56 47 40 35 33 34 38271227MC1241 8299999999999999999999921 1 33999999999999999999999
 43 48 53 56 58 58 58 58 60 64 69 75 80 83 83 79 72 63 53 44 37 33 33 35271228MC1327 839999999999999999999992136 33999999999999999999999
 40 45 50 54 56 57 57 57 57 59 64 70 76 80 82 81 76 68 58 49 40 35 32 33271229MC14 9 8399999999999999999999922 9 32999999999999999999999
 37 42 47 51 54 56 56 55 55 56 59 64 70 76 80 81 78 72 63 53 44 37 33 33271230MC 523 561447 8199999999999999 752 552238 3299999999999999
 35 40 44 49 53 55 55 54 53 53 54 58 63 69 75 77 77 73 66 57 47 40 35 33271231MC 538 551523 7899999999999999 840 5323 2 3399999999999999
