 70 70 65 59 53 49 49 55 64 75 86 93 96 93 85 74 60 47 37 30 29 33 41 5127 1 1MI 020 7112 0 9699999999999999 524 491943 2999999999999999
 60 67 71 71 68 64 62 62 66 72 80 88 94 95 92 84 72 57 42 30 22 20 24 3327 1 2MI 224 711251 9599999999999999 626 622050 2099999999999999
 46 59 70 77 79 77 74 71 69 70 75 81 88 94 95 92 83 69 53 36 22 13 12 1827 1 3MI 4 2 791352 9699999999999999 8 7 692144 1199999999999999
 30 47 63 77 85 87 85 80 74 71 70 74 81 89 95 97 92 81 66 47 28 13  5  627 1 4MI 456 871448 9799999999999999 935 702228  499999999999999
 15 32 52 72 86 93 94 88 81 73 68 68 73 82 91 98 99 92 78 60 38 19  5 -127 1 5MI 533 941536 99999999999999991033 6723 6 -199999999999999
  3 17 38 62 81 94 99 96 87 76 68 63 65 73 84 95101100 90 73 51 28  9 -327 1 6MI 6 3 991618102999999999999991114 632341 -699999999999999
 -5  4 24 49 73 91100100 93 81 69 61 59 64 75 89100104 99 85 65 41 18  027 1 7MI 6311021657104999999999999991147 59999999999999999999999
 -8 -5 11 35 61 84 98103 98 86 72 60 54 56 66 80 95104104 95 77 54 29  727 1 8MI 657103173210599999999999999 013 -91218 5499999999999999
 -6 -9  0 21 48 74 93102101 91 77 62 52 50 56 69 86 99105101 88 67 42 1827 1 9MI 72410318 710599999999999999 044-101249 5099999999999999
  0 -9 -6 10 35 62 85 99102 96 82 67 53 46 48 58 74 91101103 95 78 55 3027 110MI 750102184110499999999999999 114 -91320 4699999999999999
  9 -4 -7  4 25 51 76 93101 99 88 72 57 46 43 48 62 79 93100 98 86 67 4427 111MI 816102191610099999999999999 142 -71354 4399999999999999
 22  5 -2  2 17 41 66 86 98100 93 79 63 49 41 41 50 64 80 92 95 90 76 5727 112MI 8421011954 9599999999999999 210 -31430 4099999999999999
 36 18  7  5 15 34 57 79 94100 97 85 70 55 43 38 40 50 65 79 87 88 81 6727 113MI 9 81002038 8999999999999999 238  51511 3799999999999999
 50 33 20 14 18 31 50 71 88 97 98 91 78 62 48 38 35 38 48 61 73 80 80 7427 114MI 936 992132 8199999999999999 3 7 141559 3599999999999999
 62 48 36 28 27 34 47 65 81 93 98 95 85 72 56 43 34 31 34 43 54 65 72 7327 115MI10 7 982247 7399999999999999 338 271659 3199999999999999
 69 62 53 45 41 42 49 61 74 86 94 96 91 81 67 53 40 30 26 27 34 44 55 6427 116MI1045 96999999999999999999999 416 411813 2699999999999999
 69 70 67 62 58 56 57 62 70 79 88 93 94 89 80 66 51 36 25 18 17 23 33 4627 117MI 042 701137 9499999999999999 511 561937 1799999999999999
 58 68 75 76 75 72 69 68 69 73 80 87 92 94 90 81 67 50 33 18  8  5 10 2227 118MI 259 761250 9499999999999999 659 682053  599999999999999
 39 57 72 83 88 87 83 78 73 71 72 78 85 93 96 94 85 69 49 28 10 -3 -7 -227 119MI 423 8814 9 9699999999999999 9 8 712157 -799999999999999
 14 36 59 79 93 98 97 90 81 73 68 68 75 85 95101100 89 71 48 23  1-14-1827 120MI 514 991518102999999999999991026 672251-1899999999999999
-10 11 38 66 88102106101 90 78 67 61 63 72 87100107105 93 72 45 17 -7-2227 121MI 5551061618108999999999999991118 612340-2599999999999999
-24-12 13 45 75 97109109100 85 70 58 53 58 72 90105112109 95 70 40 11-1327 122MI 63211017121139999999999999912 2 53999999999999999999999
-26-25 -7 22 56 85104112107 93 76 59 48 46 55 73 93109115109 92 66 35  627 123MI 7 611218 211599999999999999 025-281243 4599999999999999
-15-25-18  5 37 69 95109111101 83 64 48 39 41 54 75 95109113105 86 59 2927 124MI 738112185011399999999999999 1 6-251322 3899999999999999
  4-13-16 -4 22 54 82102110106 91 71 52 38 32 38 54 75 94106107 97 77 5127 125MI 8 8110193710899999999999999 144-1714 2 3299999999999999
 26  6 -5 -2 15 42 71 93106108 98 80 60 42 31 29 37 54 74 90 98 97 86 6727 126MI 8361092023 9999999999999999 218 -51443 2899999999999999
 45 26 12  9 18 37 62 85100106102 88 69 50 35 27 28 38 53 70 82 88 85 7527 127MI 9 31062112 8899999999999999 248  91526 2699999999999999
 60 43 31 24 27 39 57 77 94102102 93 78 61 44 32 26 28 37 50 63 72 76 7427 128MI 92810322 9 7699999999999999 314 241615 2699999999999999
 66 56 46 40 40 46 58 73 87 97100 96 85 71 55 41 31 27 28 34 44 53 61 6527 129MI 9551002334 6699999999999999 336 391717 2699999999999999
 66 63 58 54 53 55 62 71 81 90 94 94 89 79 66 53 41 32 27 26 29 36 44 5227 130MI1026 95999999999999999999999 354 531839 2699999999999999
 59 63 65 65 65 66 68 72 77 83 87 89 88 84 76 65 53 42 31 24 21 22 28 3727 131MI1111 899999999999999999999992013 21999999999999999999999
 47 57 66 71 74 75 75 75 75 77 79 82 84 85 82 76 66 54 41 29 19 14 15 2127 2 1MI1242 859999999999999999999992124 13999999999999999999999
 33 47 62 73 81 84 83 79 75 72 72 73 77 82 85 84 78 68 54 38 23 12  6  827 2 2MI 514 841420 8599999999999999 951 722214  699999999999999
 18 34 53 70 83 89 90 85 77 70 65 65 68 76 83 88 88 81 68 51 32 15  3  027 2 3MI 532 901526 89999999999999991040 642254 -199999999999999
  5 21 41 63 81 92 95 90 81 70 61 57 59 67 78 88 94 91 82 65 44 23  6 -427 2 4MI 552 951614 94999999999999991112 572328 -599999999999999
 -4  8 29 53 75 91 98 96 86 72 59 51 50 57 70 84 95 98 93 79 58 35 13 -227 2 5MI 614 981654 99999999999999991140 502359 -899999999999999
 -8 -2 17 42 67 87 99100 91 76 61 48 43 46 59 76 92101101 91 73 49 24  427 2 6MI 63510017301029999999999999912 7 43999999999999999999999
 -8 -7  7 31 58 82 97102 96 82 64 48 38 38 47 65 84 99104100 85 63 37 1427 2 7MI 65710218 410499999999999999 027 -91235 3799999999999999
 -2 -7  1 21 48 74 94103100 88 70 51 37 31 36 51 72 91102104 94 75 51 2727 2 8MI 718103183810599999999999999 054 -713 4 3199999999999999
  7 -3 -1 15 40 67 89102103 94 77 57 39 29 28 38 57 79 95103 99 86 64 4027 2 9MI 739104191210399999999999999 120 -41335 2799999999999999
 19  6  3 12 33 59 83 99105 99 84 64 44 30 23 28 42 63 82 95 99 92 76 5427 210MI 8 01051949 9999999999999999 145  214 7 2399999999999999
 34 18 11 15 30 53 77 95104102 91 72 52 34 23 21 29 45 65 82 91 91 82 6627 211MI 8211042030 9299999999999999 210 111443 2099999999999999
 48 33 23 23 32 49 70 89101103 96 80 61 42 27 19 20 30 46 63 77 84 82 7427 212MI 8431032120 8499999999999999 235 221524 1999999999999999
 61 48 38 35 38 50 66 83 95101 98 87 71 53 36 24 18 20 29 43 57 68 74 7427 213MI 9 91012228 7599999999999999 3 0 351615 1899999999999999
 69 61 54 49 49 55 65 77 88 96 97 91 80 65 49 34 23 18 18 24 35 47 58 6527 214MI 940 97999999999999999999999 327 491725 1799999999999999
 68 69 66 64 63 64 68 74 81 88 91 91 86 77 64 50 36 24 17 14 16 24 35 4727 215MI 030 691024 9299999999999999 4 0 6319 1 1499999999999999
 59 68 73 76 77 76 75 75 77 79 82 85 86 84 78 68 55 40 26 14  7  6 12 2427 216MI 351 771157 8699999999999999 631 752037  599999999999999
 40 57 72 82 87 88 85 80 75 72 71 75 80 85 88 85 76 62 44 25  9 -2 -5  227 217MI 438 8814 0 8899999999999999 937 712148 -599999999999999
 18 39 61 80 92 97 95 87 77 68 62 62 68 78 89 95 94 85 68 46 23  3-10-1327 218MI 5 9 971524 95999999999999991034 612243-1499999999999999
 -3 18 44 70 90102103 96 83 68 56 50 52 64 80 95103103 92 71 45 19 -3-1627 219MI 5391041626104999999999999991115 502330-1899999999999999
-16 -1 25 56 82101108104 90 72 55 42 39 46 64 85102111109 95 70 42 14 -727 220MI 6 71081718112999999999999991151 38999999999999999999999
-17-12  9 39 70 95108110 98 79 58 40 30 30 44 67 90108115110 92 66 36 1027 221MI 63511118 511599999999999999 010-171227 2899999999999999
 -7-11  1 26 58 86105112105 88 65 43 27 20 27 46 71 95110114105 85 58 3127 222MI 7 1112184911499999999999999 047-1213 2 2099999999999999
 10 -1  2 19 47 76 99111110 96 75 51 30 17 16 28 50 75 96108108 96 75 5127 223MI 725112193110999999999999999 119 -21338 1599999999999999
 29 14 10 20 41 68 92107111103 84 61 38 21 13 16 32 54 76 93101 98 85 6627 224MI 748111201310199999999999999 148 101413 1399999999999999
 46 31 23 27 41 63 85102109106 92 71 49 29 17 13 20 36 56 75 87 91 86 7427 225MI 8101092055 9199999999999999 213 231450 1399999999999999
 59 45 37 37 45 61 79 95105105 96 80 60 40 25 17 17 25 40 56 69 77 79 7427 226MI 8311062144 7999999999999999 234 361530 1699999999999999
 66 57 50 48 52 62 76 89 98101 96 85 69 52 37 25 20 21 29 40 52 61 67 6927 227MI 8521012254 6999999999999999 250 481617 2099999999999999
 67 63 60 58 60 66 74 83 91 94 93 86 75 62 49 37 29 24 25 29 36 45 53 5927 228MI 912 94999999999999999999999 259 581724 2499999999999999
 63 65 66 67 68 71 75 79 83 86 86 83 78 70 60 50 41 32 27 25 26 30 37 4627 3 1MI 933 8699999999999999999999919 9 25999999999999999999999
 54 62 69 73 76 77 77 77 77 77 77 77 76 74 70 63 54 45 35 26 21 20 23 3127 3 2MI 8 8 779999999999999999999992047 20999999999999999999999
 43 55 67 76 82 83 81 77 73 69 68 68 71 74 76 74 68 59 47 34 22 15 13 1827 3 3MI 453 8314 1 76999999999999991011 682147 1399999999999999
 29 45 62 76 86 89 87 80 71 63 59 58 63 70 77 82 80 74 61 46 29 16  8  827 3 4MI 5 4 891519 82999999999999991033 582229  799999999999999
 17 34 54 73 87 93 92 84 72 60 51 48 52 62 75 85 89 87 77 60 41 22  9  327 3 5MI 521 9416 9 89999999999999991056 4823 4  399999999999999
  8 23 44 67 85 96 97 90 76 60 47 40 41 52 67 83 94 97 90 76 55 33 14  327 3 6MI 539 981649 97999999999999991121 392334  199999999999999
  2 14 35 59 81 96101 95 81 63 46 34 31 39 56 76 93102101 90 70 47 25  927 3 7MI 5581011725103999999999999991146 31999999999999999999999
  2  8 26 51 76 95103101 88 69 48 32 24 27 42 64 86101106101 85 62 38 1827 3 8MI 617104175910699999999999999 0 2  21214 2499999999999999
  7  7 20 44 70 92104105 95 76 53 33 20 18 28 49 74 95106107 96 76 53 3127 3 9MI 636106183310899999999999999 029  51242 1799999999999999
 16 10 18 38 64 87103108101 84 61 38 21 12 16 33 57 82100107103 88 67 4527 310MI 65510819 910799999999999999 055 101312 1299999999999999
 27 18 20 34 57 82100109106 92 70 46 25 11  9 18 39 64 87100103 96 79 5927 311MI 715109194710499999999999999 121 181344  899999999999999
 41 30 27 35 53 75 95107108 98 79 56 33 15  7  9 22 44 68 86 96 96 87 7127 312MI 7351092029 9799999999999999 146 271419  699999999999999
 55 43 37 40 52 70 89102107101 87 66 44 24 11  6 11 26 46 66 81 88 87 7927 313MI 7581072120 8999999999999999 211 371459  699999999999999
 67 57 50 49 55 68 82 95102101 92 77 57 38 21 11  8 14 27 44 60 72 78 7827 314MI 8231032230 7999999999999999 236 491549  899999999999999
 74 68 63 61 63 69 78 87 94 97 93 83 69 53 37 24 15 12 16 25 37 51 62 6927 315MI 852 97999999999999999999999 3 2 611657 1299999999999999
 73 74 73 72 72 73 76 81 85 88 88 85 78 68 56 43 30 20 15 14 19 28 40 5327 316MI 050 74 934 8899999999999999 335 721836 1499999999999999
 64 73 79 82 82 81 79 77 76 76 77 79 80 78 73 64 52 38 25 15 10 12 19 3327 317MI 339 821151 8099999999999999 818 762018 1099999999999999
 49 65 79 87 91 89 84 76 69 65 64 67 73 80 83 82 74 61 45 28 13  5  5 1427 318MI 410 911414 8399999999999999 943 632131  499999999999999
 31 52 72 88 97 97 91 80 67 56 50 51 59 72 85 93 93 85 69 49 28 10  1  227 319MI 437 981533 94999999999999991022 502225  099999999999999
 15 36 61 83 98104 99 86 69 53 40 36 42 57 76 93103103 92 73 49 26  8  027 320MI 5 31041631104999999999999991057 3623 9  099999999999999
  5 23 49 75 96107106 95 76 55 36 25 25 37 59 83102111109 95 72 47 24  827 321MI 5281081719112999999999999991131 242347  499999999999999
  4 15 38 65 90106111103 85 61 38 21 14 20 39 65 90108115109 92 68 43 2327 322MI 55211118 31159999999999999912 5 14999999999999999999999
 12 15 31 56 83103113110 95 71 45 24 10  8 20 44 72 96111114105 85 62 4027 323MI 616113184411599999999999999 021 121238  799999999999999
 25 21 30 50 76 98112113103 82 56 31 12  4  8 26 52 79 99110108 96 77 5627 324MI 639114192411199999999999999 051 211312  399999999999999
 40 32 34 48 69 92108114108 91 67 42 20  6  3 13 34 59 82 98104 99 86 6927 325MI 7 111420 310499999999999999 118 311345  399999999999999
 53 43 41 49 65 85102111109 97 77 54 31 14  5  8 21 41 64 82 93 95 89 7727 326MI 7221112043 9599999999999999 142 411418  599999999999999
 64 54 50 53 64 80 95105107100 85 64 43 25 13  9 15 29 47 65 78 85 85 7927 327MI 7431072128 8699999999999999 2 4 491454  999999999999999
 71 62 58 58 65 76 88 97101 98 88 72 54 37 24 16 15 22 34 49 62 72 77 7727 328MI 8 41012229 7799999999999999 224 571534 1499999999999999
 74 69 65 65 67 74 82 89 93 93 87 77 63 49 36 26 21 21 27 36 47 57 65 7027 329MI 825 93999999999999999999999 245 641627 2199999999999999
 72 72 72 71 72 74 77 81 84 84 82 77 69 60 50 40 32 27 26 28 34 42 51 6027 330MI 034 73 845 8499999999999999 3 4 711748 2699999999999999
 67 72 76 77 77 76 76 75 75 74 74 73 71 67 62 54 46 37 31 27 27 30 38 4827 331MI 328 779999999999999999999991933 26999999999999999999999
 59 69 77 82 83 81 76 71 67 64 64 66 69 71 71 68 61 52 41 32 25 23 27 3627 4 1MI 348 831331 7199999999999999 938 642052 2399999999999999
 49 63 76 85 89 87 80 71 62 55 53 55 61 69 76 78 76 68 55 42 30 22 20 2627 4 2MI 4 8 891459 7899999999999999 959 532144 2099999999999999
 38 55 72 86 93 93 86 73 60 48 42 43 51 63 76 85 87 83 72 56 40 26 19 2027 4 3MI 428 941553 88999999999999991024 422224 1899999999999999
 30 47 67 84 96 98 92 79 62 45 34 31 38 52 70 86 95 96 88 72 54 36 23 1827 4 4MI 448 991636 96999999999999991050 312258 1899999999999999
 24 40 61 81 97103 99 86 66 46 30 22 24 38 59 80 96104101 88 69 49 32 2227 4 5MI 5 81031714104999999999999991117 212329 2199999999999999
 22 34 54 77 96106105 94 74 51 30 16 13 22 43 68 91106109102 85 64 45 3027 4 6MI 5281071751110999999999999991147 122359 2599999999999999
 25 31 48 71 93107110102 83 59 35 16  6  9 25 51 79100111111 99 80 59 4227 4 7MI 5481101828112999999999999991217  5999999999999999999999
 32 32 44 65 88105112108 93 69 43 20  4  0  9 32 60 86105112108 93 74 5627 4 8MI 6 911219 711299999999999999 029 311250  099999999999999
 42 38 44 60 81101112112101 81 55 29  9 -3 -1 13 39 67 90105109101 86 6927 4 9MI 632113194810999999999999999 058 381325 -499999999999999
 55 47 47 57 75 94108112106 91 68 42 19  2 -4  1 19 44 70 90101102 94 8127 410MI 657112203510299999999999999 128 4614 4 -499999999999999
 67 58 54 58 70 86100108107 97 79 57 33 14  1 -2  6 24 46 68 85 93 93 8727 411MI 7251092130 9499999999999999 159 541447 -299999999999999
 78 69 64 63 69 79 91100103 99 88 70 50 31 15  5  4 11 26 45 64 77 85 8627 412MI 7561032246 8799999999999999 233 631540  399999999999999
 83 78 73 71 71 76 82 89 94 94 90 80 66 50 34 21 12 10 15 27 42 57 70 7927 413MI 835 95999999999999999999999 319 711647 1099999999999999
 83 84 82 79 77 76 76 78 81 84 84 82 76 67 55 42 29 20 16 17 25 37 52 6527 414MI 041 84 945 8499999999999999 517 751814 1599999999999999
 77 84 88 87 84 79 74 69 68 69 72 76 78 78 73 64 52 39 27 20 18 23 35 5027 415MI 222 881223 7899999999999999 8 8 681944 1899999999999999
 66 80 90 94 92 85 75 65 57 53 55 62 71 79 84 83 75 62 47 33 22 19 23 3627 416MI 310 941418 8499999999999999 912 532057 1999999999999999
 53 72 88 97 99 93 81 66 52 42 38 44 56 71 85 93 93 85 70 52 36 24 21 2727 417MI 344 991532 9499999999999999 954 382153 2099999999999999
 42 63 83 98104102 90 72 53 36 26 26 37 55 76 93102102 92 74 55 38 27 2527 418MI 4121051627103999999999999991031 252239 2499999999999999
 35 54 76 95107109 99 81 59 37 21 14 19 36 60 84102110107 94 75 55 39 3127 419MI 43910917151109999999999999911 6 132318 3099999999999999
 33 47 68 90106113108 92 69 44 22  8  6 17 40 67 92108114107 92 72 54 4127 420MI 5 41131758114999999999999991141  52352 3799999999999999
 37 45 62 84103114113102 81 55 30 10  1  5 22 48 76 99112113104 87 69 5327 421MI 5291151838114999999999999991215  1999999999999999999999
 45 46 58 77 97111116109 91 67 41 18  3 -1  9 30 58 84102111109 97 80 6527 422MI 554116191611199999999999999 023 441248 -199999999999999
 54 50 57 71 90106114112 99 78 53 29 10  0  2 17 40 66 88103107101 89 7427 423MI 618115195410799999999999999 052 501320  099999999999999
 62 56 58 68 83 99109111104 87 65 41 20  6  2  9 26 49 72 90100100 93 8127 424MI 643112203310199999999999999 119 561354  299999999999999
 70 62 60 66 77 90102107104 93 75 53 33 16  7  7 17 35 56 75 88 94 92 8527 425MI 7 91072115 9499999999999999 146 601428  699999999999999
 76 68 64 65 72 83 93100101 94 81 64 45 28 16 11 14 25 41 59 74 84 88 8627 426MI 73610122 7 8899999999999999 216 6415 7 1199999999999999
 80 74 69 67 70 76 84 90 93 91 84 72 57 42 28 20 17 21 31 45 59 72 80 8327 427MI 8 7 932318 8399999999999999 253 671552 1799999999999999
 82 79 75 72 71 72 76 80 84 84 82 75 66 54 42 32 25 24 27 35 47 59 69 7727 428MI 847 85999999999999999999999 354 711650 2499999999999999
 81 82 81 77 74 71 70 71 72 74 75 74 71 65 57 47 38 32 29 31 37 47 58 6927 429MI 050 8210 7 7599999999999999 6 9 7018 5 2999999999999999
 78 83 85 84 79 73 67 63 61 62 65 69 71 72 69 63 54 45 37 33 33 38 48 6027 430MI 2 2 851237 7299999999999999 810 611927 3399999999999999
 72 82 89 90 86 78 69 59 52 50 52 58 66 74 77 76 71 61 51 41 35 35 40 5127 5 1MI 245 901419 7899999999999999 9 1 502035 3499999999999999
 65 79 90 95 94 86 73 59 47 39 38 45 56 69 80 86 86 79 67 54 43 37 37 4527 5 2MI 316 951524 8799999999999999 937 382128 3699999999999999
 58 75 89 99100 94 80 63 45 32 26 29 41 59 77 90 97 94 85 70 56 44 39 4127 5 3MI 3431011614 97999999999999991010 262212 3899999999999999
 52 69 87100106102 90 70 49 30 18 15 24 43 66 87101106100 88 71 56 45 4227 5 4MI 4 81061658106999999999999991043 152251 4299999999999999
 48 63 82 99109109100 81 57 33 15  6  9 24 49 75 97110112103 88 70 56 4727 5 5MI 4331101740112999999999999991117  52329 4699999999999999
 47 58 76 95109114109 92 69 42 19  3 -3  6 28 56 84105115114102 86 69 5627 5 6MI 4591141823116999999999999991153 -3999999999999999999999
 51 55 69 88106116115104 82 56 29  7 -6 -7  8 33 64 91109116112 99 83 6827 5 7MI 52811719 611699999999999999 0 5 511232 -899999999999999
 58 56 64 80 98112117112 96 71 44 18 -1-10 -6 12 39 69 94109113107 94 8027 5 8MI 559117195311399999999999999 042 561313-1199999999999999
 68 62 63 73 89104114115105 86 62 35 12 -4-10 -3 17 44 72 93105108101 9027 5 9MI 633116204310899999999999999 120 611357-1099999999999999
 78 69 66 69 80 93105111108 97 78 54 31 10 -3 -6  4 23 48 72 90100102 9627 510MI 711111214010299999999999999 2 2 661445 -699999999999999
 87 78 71 69 73 82 93101104100 89 72 51 31 13  3  2 11 29 50 71 86 95 9727 511MI 7571042244 9799999999999999 251 691537  199999999999999
 93 86 78 73 71 73 79 87 93 95 92 83 69 53 35 21 12 11 18 33 52 70 84 9227 512MI 856 952356 9499999999999999 4 0 711637 1099999999999999
 94 92 86 79 73 69 68 71 77 82 86 85 80 71 58 43 30 22 20 26 38 54 70 8327 513MI1028 86999999999999999999999 538 681745 2099999999999999
 92 95 93 86 78 69 62 58 59 64 71 78 82 82 76 66 53 41 32 29 33 43 58 7327 514MI 1 2 951225 8299999999999999 717 581857 2999999999999999
 87 95 98 95 86 74 62 51 46 46 52 63 74 83 86 84 75 63 51 41 37 40 49 6427 515MI 156 9814 5 8699999999999999 827 4520 8 3799999999999999
 79 93101102 95 83 67 51 38 32 34 43 58 74 87 93 92 84 72 59 48 44 46 5727 516MI 2381021521 9499999999999999 918 312110 4499999999999999
 72 88101106104 93 76 57 38 25 20 25 39 59 78 93101 99 90 77 64 54 50 5427 517MI 31310716201019999999999999910 2 2022 2 5099999999999999
 65 82 97108110104 88 67 45 26 13 11 21 40 64 85101107104 94 79 66 57 5527 518MI 3461111710107999999999999991041 112246 5599999999999999
 61 75 92106113111 99 79 56 33 15  6  8 23 46 72 93107111105 93 79 66 5927 519MI 4171141753111999999999999991118  52325 5999999999999999
 60 70 85101112115108 92 69 44 22  7  2 10 29 55 80100111112103 90 76 6627 520MI 4471151832113999999999999991154  2999999999999999999999
 62 66 78 94108115113101 81 57 33 13  2  2 15 38 65 89105112109 98 84 7227 521MI 51711619 911299999999999999 0 0 621229  199999999999999
 65 64 72 86101112114108 92 70 46 23  7  1  7 24 48 74 94107109103 91 7827 522MI 548115194511099999999999999 032 6313 3  199999999999999
 68 64 68 78 92105112110 99 81 59 36 16  5  4 14 33 58 81 97105104 96 8427 523MI 619112202210699999999999999 1 4 641337  399999999999999
 73 66 65 71 83 96105108103 90 70 49 28 13  6  9 23 43 66 85 98102 98 8927 524MI 65210821 010299999999999999 137 651411  699999999999999
 78 70 65 67 75 86 96103102 94 80 61 41 24 13 10 17 32 52 72 87 96 98 9327 525MI 7271032141 9899999999999999 213 651447 1099999999999999
 84 75 68 65 68 76 85 93 97 94 85 71 54 37 23 16 16 25 41 59 76 88 94 9427 526MI 8 6 972227 9599999999999999 256 651526 1599999999999999
 89 81 73 67 65 68 74 82 87 89 86 78 66 51 37 27 22 25 34 49 64 79 89 9327 527MI 855 892318 9399999999999999 352 651610 2299999999999999
 92 87 79 71 66 63 65 69 75 80 82 80 74 64 53 42 34 31 34 43 55 69 81 9027 528MI10 3 82999999999999999999999 5 7 6317 0 3199999999999999
 93 92 86 78 69 62 58 58 61 67 73 77 78 74 67 58 49 42 39 42 50 61 74 8527 529MI 012 941141 7899999999999999 633 5718 1 3999999999999999
 93 96 93 86 76 65 55 49 48 52 59 68 76 80 79 74 66 58 50 47 49 56 67 7927 530MI 1 3 961325 8099999999999999 745 481910 4799999999999999
 90 98 99 95 85 72 57 45 38 37 42 53 67 78 86 88 84 75 66 58 54 55 61 7327 531MI 148 991447 8899999999999999 839 362019 5399999999999999
 86 97103103 95 82 64 47 33 25 26 35 51 69 85 95 97 93 83 72 63 58 59 6727 6 1MI 2271041551 9799999999999999 925 242120 5899999999999999
 80 94104109105 93 75 54 34 19 13 17 31 52 75 93104106100 89 77 67 62 6427 6 2MI 3 410916441079999999999999910 8 132214 6299999999999999
 73 87102112113105 89 66 42 21  7  3 11 31 56 82102112113105 92 79 69 6427 6 3MI 3411141733114999999999999991051  323 3 6499999999999999
 68 80 95110117115103 83 57 31 10 -3 -4  9 33 62 89108117116106 92 79 6927 6 4MI 4191181820118999999999999991135 -52349 6799999999999999
 67 73 86103116120115 99 75 48 21  1-10 -7  9 37 68 94112119115104 90 7727 6 5MI 45812019 7119999999999999991220-11999999999999999999999
 69 69 77 92108119121112 94 68 40 14 -5-13 -7 13 42 73 98113118112100 8627 6 6MI 541121195511899999999999999 034 6813 6-1399999999999999
 75 69 70 80 95110119118108 88 63 35 11 -6-11 -2 20 49 77100112114107 9527 6 7MI 627120204211599999999999999 120 681353-1199999999999999
 82 72 67 70 81 96109115113102 83 58 33 11 -3 -5  6 29 56 8210011011010227 6 8MI 717116212911199999999999999 2 8 671441 -699999999999999
 90 78 69 65 69 79 93104109107 96 78 56 34 15  5  5 17 39 63 8510110710527 6 9MI 812109221610899999999999999 3 1 651528  399999999999999
 97 85 74 65 62 65 74 86 96101 99 90 75 57 38 23 16 18 31 50 71 8910110527 610MI 91710123 310599999999999999 4 1 621616 1599999999999999
102 93 81 70 61 57 59 67 77 86 92 92 86 75 60 46 34 29 33 44 61 78 9310227 611MI1035 93235010499999999999999 510 5717 7 2999999999999999
104100 90 78 66 55 50 51 57 66 76 84 87 85 78 67 56 47 43 47 56 70 84 9627 612MI12 7 87999999999999999999999 625 5018 3 4399999999999999
104104 99 88 74 60 49 41 41 46 56 68 79 86 87 83 75 67 59 56 58 66 77 9027 613MI 0371051345 8799999999999999 738 4019 7 5699999999999999
100106105 98 86 70 54 40 32 31 37 49 64 78 88 92 91 84 76 69 66 67 73 8327 614MI 1251061512 9299999999999999 840 302017 6599999999999999
 95104108106 97 82 64 46 32 23 23 31 46 64 81 93 99 98 92 83 76 71 72 7827 615MI 2121091618 9999999999999999 933 222124 7199999999999999
 88 99108111107 95 78 57 38 23 16 17 29 47 69 87100105103 96 86 78 73 7427 616MI 2561111710106999999999999991019 152221 7399999999999999
 81 92104111112105 91 71 49 30 16 10 16 31 53 76 95107110105 96 85 77 7327 617MI 33811317511109999999999999911 1 1023 7 7399999999999999
 75 84 96108114112102 85 63 40 22 10  8 18 37 62 85103112111104 92 81 7327 618MI 4171141828112999999999999991139  82346 7199999999999999
 72 77 88101111115110 96 77 53 31 15  7  9 24 47 72 94108113109 99 86 7527 619MI 45511519 1113999999999999991215  6999999999999999999999
 70 71 79 92106114114105 89 67 44 23 10  6 14 33 57 82101111112104 91 7927 620MI 532115193311399999999999999 021 691250  699999999999999
 70 67 71 82 97109114111 99 80 57 35 17  7  9 22 43 69 91106111107 97 8327 621MI 6 811420 411199999999999999 054 671323  699999999999999
 72 65 65 73 86100110112105 91 70 48 27 13  8 15 32 55 79 98108109101 8927 622MI 645112203610999999999999999 128 641355  899999999999999
 76 66 62 65 75 89101108107 98 81 61 40 23 13 13 25 44 67 88102108105 9527 623MI 72210921 810899999999999999 2 4 621427 1299999999999999
 82 70 62 60 66 77 90100104101 90 73 53 35 22 18 23 37 57 78 9510410610027 624MI 8 3104214010699999999999999 243 6015 0 1899999999999999
 88 76 65 59 59 66 77 88 96 98 93 82 66 50 35 27 26 35 50 69 8710010510327 625MI 849 98221410599999999999999 328 581533 2599999999999999
 95 83 71 61 56 57 63 74 84 90 92 87 77 64 51 40 35 38 48 63 79 9310210527 626MI 945 92225010599999999999999 421 551610 3599999999999999
100 91 79 67 57 52 53 59 68 77 84 87 84 77 67 57 49 47 51 60 73 87 9810427 627MI1058 87233110599999999999999 522 511654 4799999999999999
104 99 88 75 62 52 46 46 51 60 71 80 85 85 81 74 66 60 59 62 70 81 9210127 628MI1233 85999999999999999999999 631 451751 5999999999999999
106104 98 86 71 57 45 38 37 42 53 65 77 86 90 89 83 77 71 69 71 76 86 9627 629MI 0181061414 9099999999999999 739 3619 7 6999999999999999
104108106 98 84 67 50 36 27 26 32 45 62 78 91 98 98 94 87 80 76 76 80 8827 630MI 1111081535 9999999999999999 841 262034 7599999999999999
 99107111108 98 82 62 43 26 16 15 24 40 61 82 98107108103 94 85 79 78 8127 7 1MI 2 7111163810899999999999999 938 152149 7899999999999999
 90102111115111 99 80 57 35 17  6  6 17 38 63 88105115115108 97 87 79 7727 7 2MI 3 11151731116999999999999991031  52250 7799999999999999
 82 92106116120114 99 78 52 27  8 -3 -1 14 39 68 94112120119109 96 84 7627 7 3MI 3541201818121999999999999991123 -42343 7499999999999999
 75 81 94110121123116 99 75 47 21  1 -8 -4 15 43 74100117123118107 92 7927 7 4MI 44612419 2123999999999999991212 -9999999999999999999999
 71 71 81 97113124125116 97 71 42 16 -3-10 -2 20 51 82106120123115101 8527 7 5MI 539126194412399999999999999 030 7013 0-1099999999999999
 73 66 68 80 98115125125114 94 67 39 14 -2 -6  6 31 62 90111121120109 9327 7 6MI 631126202212299999999999999 116 661345 -799999999999999
 77 65 60 65 79 98114122121110 89 63 37 15  3  4 19 45 74 9811412011410127 7 7MI 725123205912099999999999999 2 1 601427  199999999999999
 84 69 58 56 62 77 95109117115104 84 60 38 21 13 18 36 60 8510511611710827 7 8MI 819117213411899999999999999 248 5515 7 1399999999999999
 93 76 62 53 52 59 74 90102108107 96 79 60 43 31 28 36 54 75 9611011511227 7 9MI 91710922 811699999999999999 338 511545 2899999999999999
101 86 70 56 48 48 55 68 82 93 99 98 90 77 63 51 44 45 55 70 8810311211327 710MI1022 99224311499999999999999 433 471623 4499999999999999
107 96 80 65 53 45 44 50 61 73 83 90 91 87 79 70 62 59 62 70 83 9610611127 711MI1142 91232211299999999999999 537 4417 4 5999999999999999
110103 92 77 62 50 42 40 44 53 64 75 84 88 88 84 79 75 73 75 81 90 9910627 712MI1327 88999999999999999999999 649 401758 7399999999999999
110108101 89 75 60 47 38 35 37 46 57 70 82 89 92 92 89 85 83 83 86 92 9927 713MI 0101101516 9399999999999999 8 3 351923 8399999999999999
105108107100 88 74 58 44 33 29 31 40 54 70 84 95 99 99 96 91 87 85 87 9227 714MI 111108163010099999999999999 9 9 2921 4 8599999999999999
 98105108107100 88 72 54 39 27 23 27 38 56 74 91102106105 99 92 86 83 8427 715MI 21610917151079999999999999910 3 232215 8399999999999999
 90 98106110108100 86 68 49 32 21 19 25 41 61 82 99109111107 98 89 81 7927 716MI 3141101748111999999999999991048 1823 2 7999999999999999
 81 89100109113109 99 82 62 42 25 16 16 27 47 71 92107114112104 92 82 7527 717MI 4 31131818114999999999999991128 152338 7499999999999999
 74 80 91104113115109 96 76 54 33 19 13 18 34 57 82101113115109 97 84 7327 718MI 44711518451169999999999999912 3 13999999999999999999999
 69 71 81 96109117116107 90 68 45 25 14 13 24 45 70 93109116113103 88 7427 719MI 526118191111699999999999999 010 681236 1299999999999999
 66 64 71 85101114119114101 81 58 36 19 12 17 34 58 83103115116108 94 7827 720MI 6 3119193711799999999999999 041 6413 6 1299999999999999
 66 60 62 74 90106116118110 93 71 48 29 17 16 27 48 73 96111117112100 8427 721MI 63911820 311799999999999999 112 591335 1599999999999999
 68 58 56 63 78 95109116114102 83 61 40 25 19 25 41 64 88106115115106 9027 722MI 715116202711699999999999999 145 5614 3 1999999999999999
 74 60 53 55 65 82 98109113107 93 74 54 37 27 27 38 58 80100113116110 9727 723MI 753113205211699999999999999 220 531430 2699999999999999
 81 65 54 50 55 67 83 98106107100 85 67 51 39 34 40 54 74 9410811511410427 724MI 835108211811699999999999999 258 501458 3499999999999999
 89 72 58 49 48 55 68 82 95101100 93 80 65 53 46 46 55 70 8710311311510927 725MI 924102214511599999999999999 340 481527 4599999999999999
 97 81 66 53 46 46 53 65 78 89 95 94 88 79 68 61 57 61 70 83 9710811311227 726MI1026 95221811499999999999999 430 4516 1 5799999999999999
104 91 76 61 49 42 42 48 59 71 82 89 91 88 83 77 72 71 74 81 9110110911227 727MI1155 9123 111299999999999999 532 411647 7199999999999999
109101 88 73 58 46 38 36 41 50 63 75 85 91 93 91 87 84 83 84 88 9410210827 728MI1357 93999999999999999999999 647 3618 5 8299999999999999
110108100 88 73 57 43 33 29 31 40 54 70 84 95100101 98 94 90 88 89 9310027 729MI 0 4110153910199999999999999 8 7 282011 8899999999999999
106110110103 91 75 56 39 26 19 21 31 48 68 87102110111107100 93 88 86 9027 730MI 125111164211199999999999999 919 192148 8699999999999999
 97106113115109 96 77 55 34 18 10 11 24 45 70 93110118118111100 90 82 8027 731MI 2431151727119999999999999991020  92250 8099999999999999
 85 96109119121115100 78 53 29 11  2  6 22 48 77101118124120109 95 82 7427 8 1MI 34912118 7124999999999999991114  22337 7299999999999999
 73 81 96113125127120103 78 50 24  6 -2  5 26 56 86110124126118103 86 7227 8 2MI 44812818421279999999999999912 3 -2999999999999999999999
 64 66 79 98117129132123103 76 46 21  4  0 11 37 68 97118127125112 93 7527 8 3MI 542132191612899999999999999 020 641247 -199999999999999
 61 56 61 78100120131132121100 72 43 20  7  8 25 53 83108124127119102 8227 8 4MI 634133194712899999999999999 1 1 561327  699999999999999
 64 52 49 59 79101120130129116 94 67 42 24 16 23 43 71 98117127124111 9127 8 5MI 724131201712799999999999999 142 4914 4 1699999999999999
 70 54 44 46 58 79100116124121108 87 64 45 32 31 42 63 8811012312511710127 8 6MI 814124204512699999999999999 224 431438 3099999999999999
 81 61 47 41 45 58 78 96109115111 99 82 64 51 45 49 62 8210211712312110927 8 7MI 9 5115211212499999999999999 3 8 4115 9 4599999999999999
 91 72 55 44 40 45 58 74 90100104101 92 80 68 61 60 67 80 9611011912011427 8 8MI10 2104214012099999999999999 355 401537 6099999999999999
101 84 67 53 43 41 46 56 69 81 90 94 93 88 82 76 74 76 82 9310411211611427 8 9MI1117 94221111699999999999999 450 4116 5 7499999999999999
106 95 80 65 53 45 42 45 52 62 73 82 88 90 90 88 86 85 87 92 9810410911027 810MI1319 90225411099999999999999 6 0 421641 8599999999999999
108101 91 79 66 55 46 41 42 47 55 66 77 86 92 95 96 95 94 93 95 9710010327 811MI1547 96999999999999999999999 726 411843 9399999999999999
105104100 92 81 68 55 45 38 37 41 50 63 77 89 98102103100 97 93 91 92 9527 812MI 012105163910399999999999999 846 372119 9199999999999999
 99103104101 94 83 69 54 41 33 31 36 48 65 82 96105109107101 94 88 84 8527 813MI 15310417 610999999999999999 947 312220 8499999999999999
 90 97104107105 97 83 67 50 36 27 27 35 51 71 90105112112106 96 86 79 7627 814MI 3 61071731113999999999999991033 262256 7699999999999999
 80 89100109112108 98 81 62 43 29 22 26 39 59 82101113116111100 87 76 7027 815MI 4 01121754116999999999999991111 222325 6999999999999999
 70 79 92106115117110 96 76 54 35 23 20 29 48 72 94111118116106 91 76 6627 816MI 4431171816119999999999999991145 202353 6299999999999999
 62 68 82 98113120119108 90 67 45 29 20 23 39 62 86106118120111 96 79 6527 817MI 5211211839120999999999999991214 20999999999999999999999
 57 59 70 88106119123118103 81 58 38 25 22 32 53 78101116121116102 84 6727 818MI 55612319 012199999999999999 021 561242 2299999999999999
 55 51 58 75 95113123123113 94 71 49 33 26 30 47 70 95113122120109 91 7227 819MI 631124192112399999999999999 050 5113 8 2599999999999999
 56 48 49 62 82102117123119105 84 62 44 33 32 43 64 88109121123115 98 7827 820MI 7 5123194212399999999999999 121 471334 3199999999999999
 60 47 43 50 67 88106118120112 96 75 57 43 38 44 60 82103118124119105 8627 821MI 74112020 312499999999999999 153 431359 3899999999999999
 66 50 42 42 53 71 91107115113103 87 70 56 48 49 60 78 98114122121111 9527 822MI 821115202412399999999999999 227 411424 4799999999999999
 75 57 44 39 43 55 73 91103109106 96 82 69 60 58 63 76 9210811812111510227 823MI 9 8109204912199999999999999 3 6 391450 5899999999999999
 85 67 51 41 38 43 56 71 86 97101 99 91 82 74 70 71 78 8910211211811610827 824MI10 7101211911899999999999999 351 381519 7099999999999999
 95 79 62 49 40 37 42 52 65 78 88 94 94 91 87 83 82 84 89 9710511111311127 825MI1139 9522 011399999999999999 451 371557 8299999999999999
103 92 77 63 50 40 36 38 45 56 69 80 89 94 96 95 94 93 93 94 9810210610827 826MI1411 96231410899999999999999 612 361730 9399999999999999
107102 93 81 67 52 41 33 31 36 46 60 75 89 98104105103100 96 93 93 9510027 827MI1550105999999999999999999999 746 312037 9399999999999999
105107106 99 88 72 55 39 28 23 26 37 55 75 93106113114109101 92 86 84 8727 828MI 114108163411499999999999999 9 7 232156 8499999999999999
 95104112114108 96 78 56 37 22 15 19 33 56 80101115121118108 95 83 75 7327 829MI 24611417 8121999999999999991010 152243 7399999999999999
 80 93108119123117103 81 56 33 17 10 17 36 63 90111123125117101 84 70 6227 830MI 35512317391269999999999999911 1 102323 6199999999999999
 63 75 94114127131124106 81 54 30 14 11 22 46 75102121129124110 90 71 5627 831MI 45213118 8129999999999999991145 10999999999999999999999
 51 57 74 98120133136126106 78 51 29 16 18 34 61 91115128130119 99 77 5727 9 1MI 543137183613199999999999999 0 1 511225 1599999999999999
 44 42 54 76102124136136124101 74 49 31 24 31 52 80107125132126109 86 6327 9 2MI 63113819 313299999999999999 039 4113 2 2499999999999999
 45 35 38 55 80105124134131117 95 71 50 38 37 49 72 98119130130118 97 7327 9 3MI 717134192913299999999999999 117 351335 3599999999999999
 52 37 32 39 58 82105121127122108 88 69 54 48 53 69 91112126130123107 8527 9 4MI 8 3127195313099999999999999 156 3214 4 4899999999999999
 63 44 33 32 42 61 83102114117111 98 83 70 62 62 71 87105120127125114 9627 9 5MI 850117201712799999999999999 236 311431 6199999999999999
 76 56 41 34 36 47 64 82 96105106101 92 82 75 73 76 8610011212012211610427 9 6MI 942107204212299999999999999 318 341454 7399999999999999
 87 69 54 42 38 41 50 63 77 88 95 97 95 90 85 83 84 88 9610511211611410627 9 7MI1052 9721 811699999999999999 4 7 381516 8299999999999999
 95 81 67 55 46 42 44 51 60 71 80 87 91 93 92 91 91 92 9510010410710710527 9 8MI13 7 93214310899999999999999 510 421540 9199999999999999
 99 91 80 69 58 50 45 45 48 55 64 74 83 90 95 97 98 97 96 96 96 97 98 9927 9 9MI1546 982314 9999999999999999 639 4519 9 9699999999999999
 99 96 91 83 73 62 53 46 42 44 50 60 72 84 95101104103 99 94 90 88 88 9027 910MI1611104999999999999999999999 812 422129 8899999999999999
 94 97 98 95 87 77 64 52 42 38 39 47 60 75 90102108108104 96 87 81 78 8027 911MI 141 98163310999999999999999 919 3722 6 7899999999999999
 86 94101103100 92 79 63 48 37 33 36 48 65 83100110113109 99 87 76 70 6927 912MI 3 010316541139999999999999910 6 332234 6999999999999999
 75 87 99107110106 94 77 59 43 32 30 38 54 75 95110116114104 90 75 64 6027 913MI 3531101715117999999999999991044 3023 1 6099999999999999
 64 76 92107115116108 92 72 53 37 29 32 45 66 89107118119110 95 77 62 5327 914MI 4341171736120999999999999991116 292328 5299999999999999
 53 64 82101115122119106 87 65 46 34 31 40 59 82103118122116101 81 63 4927 915MI 5111221756122999999999999991145 302355 4599999999999999
 45 51 68 90110123126118101 79 58 42 34 37 53 75 98116124121108 88 67 5027 916MI 5461261815124999999999999991212 34999999999999999999999
 40 41 54 76100118127125113 93 71 52 41 39 49 70 93113124125115 96 74 5327 917MI 620127183412699999999999999 024 391239 3899999999999999
 39 34 42 60 85107122127120105 84 65 50 45 49 65 87108123127120104 82 6027 918MI 655127185412799999999999999 055 3413 4 4599999999999999
 42 32 32 45 67 92111122123113 96 77 62 53 53 64 82103119126124111 91 6927 919MI 732124191512799999999999999 126 301330 5299999999999999
 48 34 28 34 50 73 95111118115104 89 74 64 60 65 79 97113123125116100 7927 920MI 813118193712599999999999999 2 1 281355 6099999999999999
 58 40 30 28 37 54 75 94107111107 97 85 75 70 71 79 92106118122118107 9027 921MI 9 111120 412299999999999999 240 281422 7099999999999999
 70 52 37 30 30 39 55 73 89 99103100 94 86 81 79 82 89100109116116110 9927 922MI10 3103203511799999999999999 326 291453 7999999999999999
 84 67 51 39 32 33 40 52 67 80 90 95 96 94 91 89 89 91 9510110610910810427 923MI1144 96212110999999999999999 428 311540 8999999999999999
 95 83 69 55 43 36 33 37 46 59 72 83 92 97 99 99 97 95 94 94 95 9810010227 924MI1418 9923 610299999999999999 552 331832 9499999999999999
101 96 87 76 62 49 38 32 32 39 51 65 81 93102106106102 96 90 86 85 87 9227 925MI1525107999999999999999999999 729 322051 8599999999999999
 98103102 97 85 70 54 39 30 27 33 46 64 84100110114110102 91 80 73 72 7727 926MI 12810316 011499999999999999 849 272143 7299999999999999
 88100109112107 95 77 57 39 27 23 31 47 70 92109118118110 95 79 66 58 5927 927MI 255112163012099999999999999 950 232224 5899999999999999
 70 87105118122117102 81 58 38 26 24 35 56 81104119124118103 84 64 50 4527 928MI 3581221658124999999999999991039 2323 1 4599999999999999
 50 67 90112126130123105 81 57 38 27 30 45 70 96116127126113 92 69 49 3627 929MI 4511311724128999999999999991121 272338 3399999999999999
 34 46 69 96119132134124104 79 56 40 34 41 61 87111126130122103 78 54 3527 930MI 5391351750131999999999999991159 34999999999999999999999
 26 30 47 74102123134133120 99 76 57 45 44 57 79103122131128114 91 65 422710 1MI 624135181613299999999999999 015 251233 4399999999999999
 26 21 30 52 80106124132127113 93 73 59 53 58 74 96116129131121102 77 532710 2MI 7 8132184113199999999999999 052 2113 4 5399999999999999
 33 21 22 35 58 85107121125118104 87 73 64 63 73 90109123129125111 90 662710 3MI 75112519 512999999999999999 129 201332 6299999999999999
 44 28 22 27 42 64 87105115116108 96 84 74 71 75 86101115124124115 99 782710 4MI 835117193012599999999999999 2 6 221359 7199999999999999
 57 40 29 26 34 49 68 87100107106100 91 83 78 79 85 96107116119115104 882710 5MI 923107195611999999999999999 245 261424 7899999999999999
 70 53 40 32 32 40 53 69 83 94 98 98 94 89 85 84 86 92 99106110110104 942710 6MI1026 99202411199999999999999 329 311454 8499999999999999
 81 66 53 43 38 38 45 55 67 78 87 92 94 93 91 89 89 90 93 97100101100 952710 7MI12 7 9421 010199999999999999 423 371545 8999999999999999
 88 78 67 56 48 43 42 46 54 63 74 83 89 94 95 95 93 91 90 89 90 91 92 922710 8MI1412 952236 9299999999999999 538 4219 3 8999999999999999
 90 86 79 71 61 53 46 43 45 51 60 71 82 91 98100 99 94 89 84 80 79 81 842710 9MI15 6100999999999999999999999 7 9 432052 7999999999999999
 88 90 89 85 76 66 56 47 42 43 49 59 73 87 97104104100 91 82 74 69 69 74271010MI 115 90153710599999999999999 825 422130 6899999999999999
 81 90 95 96 91 82 69 56 45 40 41 49 63 80 95105109106 96 83 70 61 57 61271011MI 240 9616 110999999999999999 920 4022 0 5799999999999999
 71 84 96103104 97 85 69 54 43 39 43 55 72 91105113112103 87 71 56 48 48271012MI 33510416241139999999999999910 2 392228 4799999999999999
 58 73 91105112110100 84 66 51 41 40 49 65 85103115117110 94 75 56 42 38271013MI 4191121645117999999999999991037 402257 3899999999999999
 44 60 81100114119113 99 81 63 49 42 46 60 80100115121116102 81 59 41 31271014MI 45811917 51219999999999999911 9 422327 3099999999999999
 31 44 66 90110121122113 96 76 59 48 46 56 74 95113122122110 90 66 44 28271015MI 5341231726123999999999999991140 462358 2399999999999999
 23 30 49 75100118125122109 90 71 57 51 55 69 89109122125117100 76 51 31271016MI 61112617471259999999999999912 9 50999999999999999999999
 19 19 33 57 84107122125118102 84 68 58 57 66 83103119126123109 87 61 38271017MI 648125181012699999999999999 030 181238 5699999999999999
 21 14 20 38 64 90111121121111 95 79 67 62 66 78 96113124125115 97 74 49271018MI 728123183512699999999999999 1 5 1413 8 6299999999999999
 29 16 13 23 44 69 93110117114104 90 78 70 69 76 89105118123119106 86 63271019MI 81311719 412399999999999999 143 131339 6999999999999999
 41 24 15 16 28 48 71 92105110107 98 88 79 75 77 85 97109116117110 96 78271020MI 9 4110193611899999999999999 225 141413 7599999999999999
 57 38 24 17 20 31 50 70 87 98102101 95 88 83 82 84 90 98106110109102 90271021MI1010103201711099999999999999 315 171459 8299999999999999
 74 56 40 28 23 24 34 49 66 81 91 97 98 96 92 88 86 86 89 93 98101100 96271022MI1143 98212210199999999999999 417 221626 8699999999999999
 87 75 61 47 35 29 28 34 46 61 76 88 96 99 99 96 91 87 83 82 83 87 91 94271023MI13251002331 9499999999999999 534 271857 8299999999999999
 94 90 81 69 56 43 34 31 34 44 58 74 88 99104104 99 91 81 74 69 70 75 83271024MI1427104999999999999999999999 7 0 312026 6999999999999999
 91 96 97 91 80 65 50 39 33 35 44 60 78 94105110107 98 85 71 60 54 56 65271025MI 133 9715 711099999999999999 816 322117 5499999999999999
 79 93103106101 89 73 56 42 35 37 48 66 86103113114107 92 74 57 44 39 45271026MI 255106154011599999999999999 918 352159 3999999999999999
 59 79 98111115110 96 77 59 45 39 43 56 77 98113120116103 82 60 41 29 27271027MI 35711516 91209999999999999910 9 392238 2799999999999999
 38 59 83105119122115 99 79 61 48 44 51 69 90110122123113 94 69 45 27 17271028MI 4491231638124999999999999991052 442316 1799999999999999
 21 37 62 90112124126116 98 79 62 52 52 63 83104120126122106 82 56 32 16271029MI 53612717 5126999999999999991131 512353 1199999999999999
 11 20 41 69 97117126124112 94 77 63 58 62 76 96115126126115 95 69 43 22271030MI 61912717331279999999999999912 6 58999999999999999999999
 10 10 24 48 77102119125119106 89 75 65 64 73 89107121126121105 82 57 33271031MI 7 112518 012699999999999999 030  81238 6399999999999999
 16  9 14 31 57 83105117119112 98 84 73 68 71 83 98113122122112 94 70 472711 1MI 741120182812399999999999999 1 6  913 8 6899999999999999
 27 14 12 21 40 64 87104113112103 91 80 73 72 78 90104114118113101 82 602711 2MI 822113185811899999999999999 142 111338 7299999999999999
 39 24 16 18 29 48 70 89102106104 96 86 78 75 77 84 94105111111103 89 722711 3MI 9 6106192811299999999999999 219 151410 7599999999999999
 53 36 24 20 25 37 55 73 88 97100 97 91 84 78 77 80 86 94101104101 93 802711 4MI 95610020 310499999999999999 259 201451 7799999999999999
 65 49 36 28 26 32 43 58 73 85 93 95 93 88 83 79 78 80 84 89 93 94 91 852711 5MI1059 952049 9499999999999999 343 261553 7899999999999999
 75 62 50 40 34 33 38 48 60 73 83 90 93 92 89 84 80 77 77 78 81 84 85 842711 6MI1216 9322 9 8599999999999999 437 321745 7799999999999999
 80 73 64 54 45 40 38 42 50 61 73 83 90 94 94 90 84 78 72 69 69 71 75 792711 7MI1326 95999999999999999999999 545 381938 6899999999999999
 81 81 76 69 60 52 45 43 45 52 63 75 86 94 98 97 91 82 72 63 58 58 62 692711 8MI 020 811415 9899999999999999 7 0 432037 5799999999999999
 77 83 85 83 76 67 57 49 46 48 55 67 80 92100102 98 88 75 62 51 46 47 552711 9MI 2 1 85145110299999999999999 8 9 462117 4599999999999999
 67 79 89 93 91 83 72 60 52 48 51 60 74 88100107105 96 81 64 48 37 34 40271110MI 3 9 93152010799999999999999 9 5 482152 3499999999999999
 53 70 86 98102 98 88 75 62 53 50 56 68 84 99109111105 90 70 50 33 24 25271111MI 4 1102154611299999999999999 951 502225 2399999999999999
 36 56 77 96107109103 90 75 62 54 54 63 78 95109116113100 80 56 35 19 14271112MI 4441101612116999999999999991031 532259 1499999999999999
 20 38 62 87105115114104 89 74 62 56 60 72 90107117119110 91 67 42 21  8271113MI 52511616381199999999999999911 8 562335  699999999999999
  7 19 43 71 96113119115102 86 72 62 60 67 83101115122117103 80 53 28  9271114MI 6 511917 6122999999999999991144 59999999999999999999999
  0  5 22 50 78102117120113 99 83 70 63 65 76 93110120122112 93 68 41 17271115MI 647120173712299999999999999 012  01220 6399999999999999
  1 -3  6 27 56 84105117117108 94 80 70 66 71 84100114121118105 83 57 31271116MI 730118181112199999999999999 052 -31257 6699999999999999
 10 -2 -3 10 33 61 87105113111102 89 78 71 70 76 89104115117111 96 74 50271117MI 817114184911899999999999999 134 -41337 6999999999999999
 26  8 -1  1 15 39 65 87102108105 97 86 77 72 73 80 91103110111103 88 68271118MI 9 9108193211199999999999999 219 -21423 7299999999999999
 46 25 10  3  7 22 44 67 86 98103100 93 84 77 73 74 79 88 97102102 95 83271119MI10 6103202710399999999999999 3 9  31523 7399999999999999
 65 46 29 16 11 15 29 48 68 84 95100 98 92 84 77 72 71 74 80 87 92 93 89271120MI11101002144 9399999999999999 4 4 111646 7199999999999999
 80 67 51 37 26 21 24 35 52 69 84 94 99 97 92 83 75 68 64 64 69 75 82 86271121MI1215 992333 8799999999999999 5 6 211824 6399999999999999
 87 82 72 60 47 36 31 33 42 56 72 86 96100 99 92 82 70 59 53 51 55 64 74271122MI1313101999999999999999999999 615 311946 5199999999999999
 83 88 87 80 70 58 47 41 41 49 61 76 91100104101 91 77 62 48 39 37 42 54271123MI 123 8814 110499999999999999 727 402046 3799999999999999
 69 83 92 94 90 80 67 56 49 49 55 68 83 97106108102 88 70 51 35 25 24 33271124MI 250 94144210899999999999999 835 482135 2399999999999999
 50 69 87 99102 98 87 74 63 55 55 62 76 92105112110100 82 60 38 22 13 15271125MI 357102151911299999999999999 934 542219 1299999999999999
 28 50 73 93106109104 92 78 66 60 60 69 84100112116110 95 73 48 26 10  5271126MI 4511091554116999999999999991024 592259  599999999999999
 11 29 54 80100112113105 92 78 67 62 66 77 93108117116106 87 62 37 16  3271127MI 53711416281189999999999999911 8 622338  099999999999999
  1 12 35 62 88106115113103 89 76 67 65 71 85101113118113 99 76 51 26  8271128MI 61911617 1118999999999999991146 64999999999999999999999
 -1  2 18 43 71 95110115110 98 84 72 66 67 77 91106116116107 89 65 40 18271129MI 657115173411799999999999999 015 -21221 6599999999999999
  3 -1  7 27 53 80100111111104 91 78 68 65 70 82 97109114111 98 78 54 30271130MI 73411218 711599999999999999 051 -11254 6599999999999999
 11  1  2 15 37 63 86102109106 96 83 72 65 66 73 86 99109110103 87 67 442712 1MI 8 9109184111099999999999999 125  01327 6599999999999999
 23  8  3  9 25 48 71 91102104 99 88 76 67 64 67 76 88 99105103 93 77 562712 2MI 845104191610599999999999999 159  314 2 6499999999999999
 36 19  9  8 18 35 57 78 93100 99 92 82 71 65 64 68 77 87 95 98 94 83 672712 3MI 9231001954 9899999999999999 234  71444 6399999999999999
 49 32 19 13 16 28 45 65 82 93 97 94 87 77 68 63 63 67 75 83 89 90 85 752712 4MI10 4 972039 9099999999999999 3 9 131535 6299999999999999
 61 45 32 23 20 26 38 54 71 84 92 94 90 83 74 66 61 61 64 70 76 80 81 772712 5MI1049 942140 8199999999999999 348 201642 6099999999999999
 69 58 46 36 30 30 36 48 62 75 86 92 93 89 81 72 64 58 55 57 61 67 72 752712 6MI1138 932310 7599999999999999 431 2918 6 5599999999999999
 73 68 60 52 44 39 40 46 55 67 79 88 93 93 88 80 69 59 51 47 47 52 59 662712 7MI1230 94999999999999999999999 525 391925 4699999999999999
 72 74 72 67 60 53 49 49 53 62 72 83 92 96 95 88 78 64 51 41 36 36 43 532712 8MI 1 3 741319 9699999999999999 632 482024 3599999999999999
 64 73 79 80 76 69 62 57 56 59 67 77 88 96100 97 87 73 57 41 29 23 26 362712 9MI 237 8014 310099999999999999 748 552112 2399999999999999
 50 66 79 87 89 85 77 69 62 60 63 71 83 94102103 98 84 66 46 28 15 11 17271210MI 345 89144310499999999999999 857 602155 1199999999999999
 32 52 72 88 97 98 92 82 72 65 62 66 76 89101108106 96 79 56 33 14  3  2271211MI 437 99152110899999999999999 955 622236  199999999999999
 12 32 57 80 97106105 96 84 73 65 64 69 82 96108112107 93 71 45 21  2 -8271212MI 52310616 0112999999999999991044 632318 -899999999999999
 -5 10 36 64 89105111108 97 84 72 65 65 73 88103113115106 88 62 35 10 -8271213MI 6 61111639115999999999999991130 64999999999999999999999
-15 -8 12 41 71 96110114107 94 80 69 63 66 77 93108116115102 81 54 25  1271214MI 649114172011799999999999999 0 1-151213 6399999999999999
-15-18 -7 17 48 78100112112103 90 76 66 62 67 80 97111116112 97 74 46 18271215MI 73211318 411699999999999999 045-191256 6299999999999999
 -5-17-17 -2 25 56 84103111108 98 84 71 62 61 68 82 98110113107 91 67 40271216MI 815111185011399999999999999 129-191341 6099999999999999
 14 -6-15-11  7 34 64 88103108103 91 78 66 59 59 67 81 96105107100 84 61271217MI 858108194110799999999999999 213-151429 5899999999999999
 36 14 -2 -7  0 19 45 71 91102104 97 85 72 61 55 56 64 77 89 97 98 92 77271218MI 9411042038 9999999999999999 257 -71523 5599999999999999
 58 37 19  7  5 14 33 56 77 93101100 92 80 67 57 51 51 58 69 80 87 89 84271219MI10231022147 8999999999999999 341  41626 5099999999999999
 73 58 41 28 20 20 30 46 66 83 95 99 97 88 76 63 52 45 44 49 58 68 76 80271220MI11 81002316 8099999999999999 428 191740 4499999999999999
 79 72 61 50 40 35 36 45 58 73 87 96 99 95 86 73 59 47 38 35 38 46 56 67271221MI1155 99999999999999999999999 519 3519 0 3599999999999999
 74 77 75 69 61 54 50 51 57 67 79 90 97 99 94 84 71 55 41 30 25 27 35 47271222MI 1 5 771247 9999999999999999 621 492014 2599999999999999
 61 72 79 81 78 72 66 62 61 65 73 83 93 99100 95 83 67 50 33 20 14 17 26271223MI 251 81134010099999999999999 740 612115 1499999999999999
 42 59 75 85 89 87 82 75 69 67 69 76 86 95101102 95 81 63 43 24 11  5  9271224MI 410 89143310299999999999999 9 2 6722 6  599999999999999
 22 42 63 81 93 97 94 87 78 71 68 70 77 88 98104103 94 78 57 35 15  2 -1271225MI 5 5 9715211059999999999999910 9 682250 -199999999999999
  6 24 47 70 89100102 97 88 77 69 66 70 79 91102107103 91 72 48 25  7 -4271226MI 54710316 5107999999999999991059 662330 -699999999999999
 -4  8 30 56 80 97105104 95 83 72 65 64 70 82 96105108101 85 63 39 16 -1271227MI 6211061645108999999999999991139 63999999999999999999999
 -8 -3 14 40 67 89103107101 89 76 65 60 62 72 86100108106 96 77 53 28  7271228MI 653107172310899999999999999 0 6 -81214 6099999999999999
 -6 -8  3 25 52 78 97106104 95 81 67 58 56 62 75 91103107102 88 67 42 18271229MI 722106175810799999999999999 040 -91246 5699999999999999
  0 -8 -4 13 38 65 87101105 99 86 71 59 53 55 65 80 95104104 95 78 55 31271230MI 751105183310599999999999999 111 -81317 5399999999999999
 10 -3 -5  5 26 52 77 94103101 90 76 62 52 49 55 68 83 96102 98 86 67 44271231MI 81810319 910299999999999999 140 -51349 4999999999999999
