 76101141185222246250234205171143125125142175212244262262243207163120 8627 1 1MM 5422511730265999999999999991133123999999999999999999999
 66 68 9112917521724625825122819817015014415217420423124624622819515210927 1 2MM 7 8258182824899999999999999 024 65125714499999999999999
 77 59 60 8012016921725327227225222018816314814916519222023623722118814427 1 3MM 828274193423999999999999999 129 57142914699999999999999
100 67 49 50 7311717222626729029026723019216114214015718821823623721918227 1 4MM 930293203223999999999999999 229 47153813999999999999999
134 88 55 39 43 7012218424228430530027022618315013113315719522824424021627 1 5MM1019307212024599999999999999 321 38162712999999999999999
172119 73 43 30 39 7613720426130031429925920916613512213316821224325424327 1 6MM11 031422 025499999999999999 4 7 3017 512299999999999999
209156100 56 31 25 43 9216022828031131428623718614612111714218923325926227 1 7MM1137316223626399999999999999 449 24173911599999999999999
241195135 79 41 22 24 5611719025329631630426220816012611012016021325427127 1 8MM12 9316231227199999999999999 527 20181110999999999999999
264231174110 60 29 18 32 8015122327730931428523217813611010513118423726927 1 9MM1239316234727699999999999999 6 2 18184210399999999999999
276258212148 86 44 21 20 51114191255297316303257199150116 9810714920725427 110MM13 7316999999999999999999999 634 181914 9799999999999999
276273244187119 65 33 21 33 82157230283311313281224166125 98 9111617022727 111MM 023278133431699999999999999 7 5 201947 9099999999999999
264276264223160 96 53 31 30 59122199263301315298250189137103 85 9113018827 112MM 1 0276135931599999999999999 734 272019 8499999999999999
240267271250201138 83 51 39 50 94164234284308305272215156112 86 78 9614427 113MM 140272142531099999999999999 8 5 392052 7799999999999999
201244265263236185128 84 61 58 80130197255290300284241183129 93 73 7510227 114MM 225267145430199999999999999 839 572128 7199999999999999
152204242259255227181133 99 83 86112160215259282282258212158111 79 65 7327 115MM 319260152928599999999999999 922 822211 6599999999999999
103150198234253251228192154125112115137174216249265260234192143100 70 5927 116MM 424255161526699999999999999101911123 5 5999999999999999
 68 96139186225249254242216184157141138150174205232246242220184138 95 6427 117MM 5482551717247999999999999991141137999999999999999999999
 51 57 81122171216249266264246216186163150149163188216233235219186140 9327 118MM 725267183523699999999999999 012 51133414899999999999999
 58 40 40 6010115621125628329027524320617315014014717320723123822619414527 119MM 850290195223999999999999999 129 3815 914099999999999999
 91 49 26 22 39 8214621226630131429825921317314312613316620924025023920427 120MM 958314205925099999999999999 245 21161612699999999999999
148 86 38 12  4 20 6914422027931833131026120716413011212516922125526525327 121MM1054331215926599999999999999 355  317 911299999999999999
212146 77 28  0-11  8 6815323329333234030724919214911510012418123827027927 122MM1143342225527999999999999999 458-11175610099999999999999
263213138 67 20 -9-20  8 82174252308342338291226171129 97 9113119825428327 123MM1226346234829099999999999999 553-201839 8899999999999999
290267206125 58 15-13-18 25111202273322345323263196145106 79 8914521626727 124MM13 4345999999999999999999999 639-201918 7799999999999999
292295263192112 52 14 -9 -1 59150234294332337296227163117 81 65 9416022927 125MM 037297133834099999999999999 720-121955 6599999999999999
274296292249175103 53 20  6 33104192263310331315259189131 89 60 6110517427 126MM 12429814 833199999999999999 756  62030 5699999999999999
236275293280231162101 60 36 37 78152227282313315281219154103 67 50 6611827 127MM 2 9293143531899999999999999 830 3221 5 5099999999999999
183236271282264215157109 78 64 77124189247285300286242182126 84 56 51 7727 128MM 25628315 330099999999999999 9 5 632141 5099999999999999
128184230260268248209164128105100119161209249272273250207156110 75 57 6027 129MM 348268153327599999999999999 944 992222 5599999999999999
 87131178219246254241213182155137135151179210234246241218183143105 77 6427 130MM 45125416132479999999999999910381342314 6499999999999999
 69 92127168206234247244229207184167160164177195211219216200173142110 8427 131MM 61924717142209999999999999912 6160999999999999999999999
 71 73 8911815519522824925725023120718416816016317418920220519617714811627 2 1MM 8 0257184620599999999999999 024 70141516099999999999999
 89 71 68 7910614619123226127426924821618415914514415718020021020518715627 2 2MM 914275201021099999999999999 145 68153414399999999999999
118 85 63 57 67 9714419824527729128125020917014112613015418721422522019627 2 3MM10 6291211022699999999999999 255 57161912599999999999999
157111 73 50 43 57 9715521526329430128023718814712011112816620823624423327 2 4MM1046301215624599999999999999 351 43165311199999999999999
198147 94 56 34 32 5610917723828230630026421016112410310614019123525926027 2 5MM1120307223526299999999999999 438 30172410099999999999999
237188127 73 39 22 28 68135206263299310286235178133103 9111216322026027627 2 6MM1151310231127699999999999999 518 201755 9199999999999999
267230166101 54 25 15 37 96172239286310303259199146109 85 8812919324827827 2 7MM1218312234728599999999999999 554 151826 8299999999999999
284263209137 77 39 18 21 63138214270304311282222161117 87 74 9715522226827 2 8MM1244313999999999999999999999 626 151857 7499999999999999
288283246179109 59 31 20 41104186253294312298247180125 90 69 7211518524627 2 9MM 02228913 731299999999999999 657 201926 6699999999999999
280290273222149 88 51 32 36 78154231283307305269203138 94 68 58 8014021127 210MM 056290132831099999999999999 725 301954 5899999999999999
262286286256195127 78 53 45 65123200264297304283229159102 68 51 57 9616327 211MM 132289134730599999999999999 752 452020 5099999999999999
228270286277238177119 83 67 70103166233278295286248187122 75 50 44 6311327 212MM 21128614 929599999999999999 822 652048 4499999999999999
179235269280266226172127100 91103140194245273277257213154 99 61 43 46 7327 213MM 258280143927999999999999999 9 0 912124 4199999999999999
123182231261271257224183149128122134164203237254251228187138 92 60 45 5127 214MM 356271152125599999999999999 9511222215 4599999999999999
 77120171216247261257236207180160151155170193215228227210179139 99 68 5227 215MM 51526216242309999999999999911131512327 5099999999999999
 52 71105149194232257265258238212187169159160171190207214208187155116 8027 216MM 7 126518 4214999999999999991327158999999999999999999999
 56 47 55 8012217322225928128426823720317215014014616919821822220917913527 217MM 839285194522299999999999999 1 2 4715 814099999999999999
 88 53 35 33 53 9715922126929930728824820116213211612616220423424523620227 218MM 94930821 324599999999999999 235 32161011699999999999999
147 88 45 20 12 31 84159230283317324294240186142109 9511716922325727026027 219MM104132522 727199999999999999 352 121657 9599999999999999
217148 81 35  6 -4 21 88174247300331327281216161119 86 8112018724628029227 220MM112533523 029299999999999999 453 -41739 7899999999999999
275218139 71 27 -2 -9 30112201268315337314252183132 93 66 7613621126829827 221MM12 3337234830799999999999999 543-111818 6499999999999999
306277206124 63 23 -3  2 60151233291327330285212147102 66 51 8415823428427 222MM1235334999999999999999999999 625 -71853 5199999999999999
310310266187110 59 24  7 32106196265308327307244168112 72 44 4810118225127 223MM 03131413 432899999999999999 7 1  71926 4099999999999999
294314301244166102 61 33 32 77158236288315313270197128 81 48 33 5912520327 224MM 111315132831999999999999999 734 281957 3399999999999999
262298308282221153102 69 53 70128203263297306282225154 96 57 34 38 8014927 225MM 151309134930699999999999999 8 5 532025 3199999999999999
216266294294260203149109 86 84114172231271288279241182122 76 46 36 5510427 226MM 231298141128999999999999999 835 812054 3699999999999999
166222262282274241196155126112120153198238260263242201150103 69 50 52 7927 227MM 314283143726499999999999999 9111112126 4899999999999999
124174219251265257231200171149141151175203225235229207172135101 76 65 7327 228MM 4 7265151023599999999999999 95714122 7 6599999999999999
 97133172208236249247234214192174166168178190200205200185162137112 93 8327 3 1MM 52125016 32059999999999999911151652312 8399999999999999
 8810412916019322224124924523221319217616616416717418318618217015213010827 3 2MM 7102491759186999999999999991358164999999999999999999999
 94 90 9811614518021624426026225022519516915014114315817719219719017214527 3 3MM 839263195319799999999999999 049 90151814099999999999999
115 91 80 82 9913217722225727627725822218214812611913015919121422221418927 3 4MM 93527921 022299999999999999 221 80155611899999999999999
149108 78 63 64 8613118723827429228525220415712310310413317721824324823227 3 5MM1015292214724999999999999999 327 61162710099999999999999
193139 92 60 45 50 86145209260292301278229174128 97 8510315120724927026827 3 6MM1048301222727399999999999999 417 441657 8599999999999999
238181119 72 43 31 49103174237282305298255194140101 76 7811718123927629027 3 7MM111830723 429099999999999999 458 311729 7399999999999999
276227158 97 56 31 29 66137211266299308278218155109 77 62 8314421526729527 3 8MM1146309234030199999999999999 535 2618 0 6299999999999999
299269204132 80 47 29 43102181247289308295243174118 82 58 5810217724528727 3 9MM1210308999999999999999999999 610 291831 5399999999999999
306297248175110 70 45 39 75149226277302302266197129 85 58 45 6613121026827 310MM 015307123230699999999999999 642 3719 0 4599999999999999
300308284222149 98 68 52 63119198262294302280223148 90 58 40 43 8616323727 311MM 050309124930299999999999999 713 511927 3799999999999999
284307303264197134 96 74 70 99165236281296286245176106 60 38 31 5211219027 312MM 12530913 629699999999999999 743 681950 3199999999999999
255292306292245182132103 89 97138202256283283258205136 77 43 28 34 7013527 313MM 2 3306132928699999999999999 814 892017 2799999999999999
207261292299278232181142120113128169219256268258225172112 65 39 31 46 8727 314MM 24730014 226999999999999999 8531132053 3199999999999999
147208255282287268232192162143139153182215238243231200156109 71 48 43 5827 315MM 343288144824499999999999999 9461392146 4399999999999999
 94143195238266275266243214188168159163176195211217211191160124 91 67 5827 316MM 5 027516 121799999999999999111515923 5 5799999999999999
 65 88126171215250270274263240212186166155156167184200207201182153118 8627 317MM 64527418 4207999999999999991329154999999999999999999999
 66 60 7210014419524127328828526222718915713512713916719922022621518614227 318MM 819289195222699999999999999 050 60145512799999999999999
 97 65 49 50 7412318624228430630327222417513610810012116621324525824921227 319MM 92530821 825899999999999999 227 471549 9999999999999999
155 98 58 35 31 58119192254298320310264203150109 81 8011818123827328827527 320MM101432122 628999999999999999 341 291633 7699999999999999
225154 92 51 25 21 59133212272312326300238171119 81 58 7213120626429931127 321MM1054326225431199999999999999 437 191712 5799999999999999
286221144 85 47 21 27 81165239291321319271198133 89 56 44 7915523228631827 322MM1128325233732499999999999999 524 181749 4399999999999999
321281205131 81 46 28 51121204267305320296229154 99 62 36 42 9918425630327 323MM1157320999999999999999999999 6 3 281823 3399999999999999
328318262185122 80 52 47 90168242289311306258182114 69 39 26 5512821127427 324MM 017329122131399999999999999 638 441854 2699999999999999
313327302238167117 83 64 79137212269299304276213138 82 47 26 32 8115923327 325MM 055328124230699999999999999 710 631921 2499999999999999
286317317278215156116 90 85118180243282295282236169105 60 34 27 5311318727 326MM 13132113 229599999999999999 740 831947 2699999999999999
250292311298254199152120104114155211255277276248195134 83 50 35 43 8314427 327MM 2 8312132628099999999999999 8111032012 3499999999999999
207258290298277236192155130124143182222250258245210161113 76 54 50 7011327 328MM 246299135525899999999999999 8461232041 4899999999999999
166217257280280259227193164146146165192216230230213182144109 83 69 72 9627 329MM 331283143023299999999999999 9301442119 6899999999999999
133175215247265265250227201178163161171185197205204191169144120100 90 9427 330MM 42926715242069999999999999910361602215 8999999999999999
11113917120423325225725123521419117216316116517318318818617616014112110727 331MM 5552571715189999999999999991243161234610399999999999999
10411213115719022224726025924722419516814914114215417319120019818516413727 4 1MM 7302611918201999999999999991422140999999999999999999999
11310010111414118022025227027225622518515012611612314818221122722821117927 4 2MM 837273203222999999999999999 127 9915 811699999999999999
140107 87 83 98132182230266284282255210162124100 9511515720524125925622927 4 3MM 923286212326099999999999999 244 831544 9499999999999999
182131 93 71 67 89138198250283296281238181131 95 76 8312218123627228727527 4 4MM10 129622 628799999999999999 341 661618 7599999999999999
232171116 79 58 60 96159224271298299266206145100 70 59 8314321326729930627 4 5MM1033302224630799999999999999 427 551652 5999999999999999
280220154103 70 53 67120193253289304287233164108 72 50 53 9917424529231727 4 6MM11 2304232532099999999999999 5 9 531727 4799999999999999
313270200137 95 67 58 90158230277299298259189121 77 50 37 5912520727131027 4 7MM1128302999999999999999999999 548 5818 0 3799999999999999
326308250179127 93 71 76125200260291299277219143 85 53 33 34 7815823729127 4 8MM 0 3326115029999999999999999 624 681831 3099999999999999
322327293228164123 96 82104166236280294286245174103 57 34 24 4310418926027 4 9MM 04132912 929599999999999999 7 0 8219 0 2499999999999999
304327320274210157125103101137202258285286262208135 74 39 23 25 6113321327 410MM 119329123228899999999999999 735 981928 2199999999999999
274311325307258201158130115125167223264277268233175109 59 32 23 36 8315427 411MM 2 032513 427799999999999999 81311420 1 2399999999999999
225278310317294249201165141131146184227254260245208154100 60 38 33 5310027 412MM 246318134626099999999999999 8571312043 3399999999999999
164225272300305285248209176154146158185215234238225195152109 74 54 50 6827 413MM 341307144423899999999999999 9561462141 4999999999999999
107160214258287295283256222190166153155170191210219215198168132 99 76 6727 414MM 454295161521999999999999999112315223 1 6799999999999999
 76103146195241275291288268236200169147138144164189211221217197165127 9627 415MM 62129218132229999999999999913 6138999999999999999999999
 77 74 9112717722826929329727924420015912811211614218121824124723219715027 416MM 741298194824799999999999999 038 73142011199999999999999
108 79 68 77111167226273301306285239184137102 84 9313218723626827926422027 417MM 844307205827999999999999999 2 7 681514 8399999999999999
162112 78 61 67107171235282309310277217156108 74 60 8113720626129630728427 418MM 933313215330799999999999999 318 601559 6099999999999999
228162111 76 58 68119190253294313302253183122 79 50 46 8315623028531932427 419MM1012314224032799999999999999 413 571639 4399999999999999
289223156109 77 62 84146218272303310281216143 90 55 33 4410118325530533427 420MM1045311232233699999999999999 5 0 621716 3299999999999999
328279208149109 81 75113183248288305295247173107 64 36 27 5712921127732027 421MM1113306999999999999999999999 540 731750 2699999999999999
338318259192143109 88 99150219271296299269206133 78 45 26 33 8216123829427 422MM 0 2339113630199999999999999 615 871820 2499999999999999
328333298236178138109101128188247284295281235166102 59 34 27 5211519326027 423MM 038336115929599999999999999 6481001848 2699999999999999
306329319274216167133113119160217263285283254198133 80 48 32 40 8215022127 424MM 113330122528799999999999999 7191111913 3199999999999999
277313322299251200159130121141186234266276261222165110 69 45 42 6511618127 425MM 148323125527699999999999999 7511211940 4099999999999999
242287312308278233189154133134161201237257257235193143 98 68 53 61 9414627 426MM 223314133026099999999999999 8261302011 5399999999999999
203254289303292261221183154140148173204228240235211173133 99 76 70 8511927 427MM 3 3303141224199999999999999 9 91402050 7099999999999999
166214256283290277250216183158148155173195213221216197169138111 93 9010427 428MM 35129015 92219999999999999910 61482141 8999999999999999
13417321424927227926924621718616215015116217819520720919917915413011210627 429MM 4522791638210999999999999991126149225510699999999999999
11513716920523926427426824822018715914113614416118420521721520117815012627 430MM 6 62741823218999999999999991253136999999999999999999999
11211413015819523326227627225221918014512211512414918421723824222920116527 5 1MM 717276194524299999999999999 025111135711599999999999999
131110105118148192236269283277251207160121 97 9210914919824026627225521727 5 2MM 814284204627399999999999999 1471051446 9199999999999999
169128103 95109147200248280291278238183130 92 72 7410516122226929629827227 5 3MM 859291213730199999999999999 255 951528 7099999999999999
220165123 97 89109158218265291293267213148 98 66 52 6411318425029632031527 5 4MM 937295222332299999999999999 351 8916 8 5199999999999999
275214157119 94 90121181242281296287244176112 69 45 38 6613221227631733627 5 5MM101129723 633699999999999999 440 881647 3899999999999999
320268203152118 96100144211264291295270211137 80 48 30 34 7815823829633227 5 6MM1040296234934499999999999999 525 931725 2899999999999999
343314254193150119102118174238279293285244174103 57 33 21 39 9918526031127 5 7MM11 8294999999999999999999999 6 710218 2 2199999999999999
341342302240186150122112142202258286289268215141 78 42 23 20 5212420927627 5 8MM 031346113829099999999999999 6481121840 1899999999999999
322345334287229182149125126165223267284278247188118 64 34 20 26 7114722727 5 9MM 114346121428599999999999999 7301211918 1999999999999999
287327342323275221179148130140182232266276264228169107 61 34 25 40 9116527 510MM 159342125727699999999999999 8131291959 2599999999999999
238293327335312265217177148135149188229256263250215162108 67 43 37 5810827 511MM 246336135226399999999999999 9 21352047 3799999999999999
176242292322326302259214176149138150181216241250241212168121 84 61 56 7527 512MM 33932815 12509999999999999910 01382144 5599999999999999
120180239285312316295257213175146133140165197225240240221186144108 83 7427 513MM 43931816292429999999999999911101332255 7499999999999999
 8812417623027530330929125521217013712012214317821323924924021317313410427 514MM 54531018 3249999999999999991224118999999999999999999999
 90 95123169222267297305289253205158121 99 9912216421024726826724320215727 515MM 650305192827099999999999999 015 891332 9699999999999999
120100 98120164218265294302286244190137 98 76 7710716021826429129426922227 516MM 750303203829699999999999999 135 961429 7399999999999999
171131106100119166222269295300277227165111 74 55 6210316823428431431628527 517MM 842301213531999999999999999 247 991518 5499999999999999
231176136110102126178235276297294260200135 86 54 40 5711218625530433232827 518MM 924299222433599999999999999 34710216 2 4099999999999999
288228176138112110142198252284296281234167106 64 40 35 6513221027532134227 519MM10 029623 834299999999999999 4371071641 3399999999999999
327278218171136116123165223268290290261203135 82 50 32 40 8515923529333127 520MM1030293234734299999999999999 5191141718 3199999999999999
342314260205163133121142192246280291277235171108 65 41 33 5511319025830827 521MM1058291999999999999999999999 5561211750 3399999999999999
336333294239189153130131164218263286285259206142 88 55 38 43 8014621928027 522MM 024339112828999999999999999 6301271821 3799999999999999
320335317271218174142129144187237273286273236178119 75 49 42 6111118024727 523MM 05833512 028699999999999999 7 21291850 4299999999999999
298326327297247198158134132159205249275278256211155103 67 49 54 8714421127 524MM 131330123628099999999999999 7351301920 4899999999999999
270310326313275226180146130140173217253270265236189137 93 65 57 7311517527 525MM 2 4326131627199999999999999 8101301953 5799999999999999
237286315319296255207167139132148183221249260249219174128 92 72 72 9614227 526MM 23932114 126099999999999999 8501312030 6999999999999999
199253293312307279237194158136134153185217241248237208169130100 86 9111827 527MM 318313145524899999999999999 9361322116 8599999999999999
16221325929130329426422518515313413315017920923124023320917614311710410927 528MM 4 430316 4240999999999999991033131221410399999999999999
13317221725728429328225421717814612712514016819922624124022319516313612027 529MM 4572931727242999999999999991137124232711999999999999999
12114017321325127728627624820916813411311012515519322925225824622018515327 530MM 5572861850258999999999999991241109999999999999999999999
132127139168207247274283272242199152114 93 9010914719624127228327424420227 531MM 65728320 428399999999999999 0481271338 8999999999999999
163137127135163206249276284270233181128 90 71 71 9614620826129631029826127 6 1MM 75128421 531099999999999999 2 71271430 6899999999999999
212168139125131163212257282285264218156101 66 51 56 9115422528231833231427 6 2MM 839286215833299999999999999 3161241518 5099999999999999
268214169140124132172226268287284253196128 76 47 35 47 9416924430133634627 6 3MM 921289224834799999999999999 41312316 5 3599999999999999
321267211169140124139187243279291279238171103 57 33 26 4510418726231634927 6 4MM10 0291233735599999999999999 5 51241653 2599999999999999
352318260207168139128152206259287290270219148 84 45 25 21 5011920527732727 6 5MM1040292999999999999999999999 5531271742 1999999999999999
356351309251202165137132166223270290288260202130 72 38 20 21 6113822229027 6 6MM 024359112329299999999999999 6401301829 1799999999999999
336359345297240194159134138179235275290283250188119 67 35 19 28 7815823927 6 7MM 110359121029099999999999999 7251311916 1899999999999999
302343357335283227183149129142188241276287278241179114 67 38 25 42 9918027 6 8MM 15535713 428799999999999999 81012920 1 2599999999999999
255311346351320266213170138124144191240271282272235176117 74 47 40 6412327 6 9MM 23935314 428299999999999999 8571242048 3999999999999999
199267316343339303249197156126118142187232263277268234181129 89 65 62 8927 610MM 324346151027799999999999999 9461182138 6099999999999999
146214273315334323285233183142115111134177221254272268240195149112 90 8827 611MM 41033416212739999999999999910401092235 8699999999999999
11416322027230732030626821816912910310012216320824727027325321717514011727 612MM 5 03201738275999999999999991138 98234111299999999999999
113132171220265295304290254206156115 91 8710814819824427528627424320316627 613MM 5543041859286999999999999991239 86999999999999999999999
140131142173216256284291277242193142101 77 73 9413919524728530329726722527 614MM 652292201530499999999999999 0581311340 7299999999999999
185156142146171212251277283268230178125 86 63 61 8613720025830032131628327 615MM 749283211832399999999999999 2191411436 5999999999999999
237195163144146172214252275278259216160108 71 52 55 8614521327331633632527 616MM 840279221133699999999999999 3271421526 5099999999999999
287238194161142147178223259277275248199140 91 60 46 55 9516123229032934327 617MM 923279225634399999999999999 4211411611 4699999999999999
324279228185155140153192238270281270234178120 77 52 45 6311418525330633827 618MM10 1281233634399999999999999 5 51401652 4599999999999999
341311261211172146141165211256280283262217157102 67 48 49 7914021227531927 619MM1036284999999999999999999999 5431401729 4699999999999999
340330290237190157139146182233272288281250196135 87 59 48 6010317124129627 620MM 012341111128899999999999999 61613818 3 4799999999999999
330337313264211169142135156203252284291274232173116 75 54 52 7813520627027 621MM 045338114729199999999999999 6481341835 5099999999999999
315336328289235186150131136171223267289287261211150 99 66 53 6410517124127 622MM 115337122529199999999999999 72012919 7 5399999999999999
295328335311262208163134125143187239275289279244189131 87 64 61 8513820827 623MM 14433613 528999999999999999 7531241939 5999999999999999
271314334325288234182144123124153202248277283266225170119 84 69 7711317327 624MM 213334134728499999999999999 8281202013 6999999999999999
239292323329307261208162130116127163211251273275254212161118 92 8410014327 625MM 244330143527799999999999999 9 61162051 8499999999999999
20225930132031528423618514511911313016821224826826824720816512910910612627 626MM 319321153127199999999999999 948112213810599999999999999
16722026729830929626221516813211110912916620824426526725021818115013112927 627MM 3583091638268999999999999991036107223612899999999999999
14718222426328829327824419915512010110112115820124026627426423920517415427 628MM 4462941757274999999999999991130 98235214899999999999999
148159184219254276280265233189143107 88 8810814619424027429028726523219727 629MM 5432811921291999999999999991230 86999999999999999999999
172159161179211245268273260227180131 93 73 72 9213419124528731031229125327 630MM 647274203531499999999999999 1231581332 7099999999999999
213181162156171204241267274260224171117 77 56 56 7812619125530233033431027 7 1MM 749274213933699999999999999 2481561433 5499999999999999
266220184159150165203246273279262221162103 62 42 41 6612219726631734734927 7 2MM 845279223535299999999999999 3561501533 3999999999999999
320269219181154144164210256283285265217151 90 50 31 30 6012520727833035927 7 3MM 937287232836299999999999999 4531441633 2899999999999999
357320263213175147140169222270292292267212140 79 42 23 23 6013522129134027 7 4MM1028295999999999999999999999 5441381732 2099999999999999
366357310251202164137137177237282301297267205130 72 38 19 23 7015324030627 7 5MM 016368112130299999999999999 6311331825 1699999999999999
351369348293232186150126137188250291307301264196122 69 37 19 32 9118026127 7 6MM 1 1369121630799999999999999 7151251912 1899999999999999
321359366331269210166131115140199259296310301257187118 71 41 28 5312321027 7 7MM 141368131131099999999999999 7581151956 2899999999999999
283334361353306241185143112107144206262296310297249181120 79 52 49 8615927 7 8MM 21936314 531099999999999999 8381052037 4799999999999999
238300340354331275212161121 97104148209260293306289242182131 95 75 8112527 7 9MM 25535415 030699999999999999 919 952119 7399999999999999
192259308335335301245187139104 8810414920525328629828324319315012010611827 710MM 33033915582989999999999999910 2 8822 510699999999999999
159214266303319308272220167124 94 8510414619724427729228225221417715114027 711MM 4 831917 6292999999999999991050 8523 314099999999999999
150180222260287295282248202155115 90 8410113818623327029028927023920718127 712MM 4542951828292999999999999991145 83999999999999999999999
167169187216246267273262234193149112 88 82 9512917622626829530329226423127 713MM 552273195430399999999999999 0221661249 8199999999999999
202182174182203230251260252228190147109 85 77 8812117122627430732031128227 714MM 7 226021 532099999999999999 2 01741356 7799999999999999
244209182168171192222246257251227188142103 78 70 8211817423428632133432127 715MM 8 925722 033499999999999999 3191671457 7099999999999999
286242202172157163190225253263255228183134 94 71 64 8012318625030233434127 716MM 9 5263224634299999999999999 4151561550 6499999999999999
319275226186158147162200240267273260224172120 83 63 61 8513820727131734227 717MM 950274232434499999999999999 4571471636 5999999999999999
338304252203166144144173220262283282260213154103 71 57 63 9916423529233027 718MM1029285235734499999999999999 5311401717 5699999999999999
344325278223178147134149193246282296286251194133 87 62 54 7312519826531327 719MM11 5296999999999999999999999 6 21341752 5499999999999999
339337302245192154131131163219270298302282234169111 74 56 59 9516223629427 720MM 027343114130399999999999999 6321281825 5499999999999999
330342321270211165134120136185244288306301268209143 94 66 57 7613020527327 721MM 054342121730799999999999999 7 21201855 5799999999999999
319341334294234178140117116150209265298307292246181122 84 66 6910517324827 722MM 119342125430899999999999999 7331131924 6499999999999999
304335340314259197150119106121169230278302303276223159111 84 75 9314421627 723MM 143342133230599999999999999 8 41061954 7599999999999999
281322337326283221164125104102132188246285301294260204149112 94 9612618427 724MM 2 6338141430199999999999999 8341002026 9299999999999999
250300326326299247186137107 9410514520125328529628524819815412611512516027 725MM 23132915 129699999999999999 9 6 9421 411599999999999999
214267302315303267214160119 95 9111015320625228129127924820717214914215427 726MM 3 2315155929199999999999999 943 90215514299999999999999
185227267291294277240192144109 89 8911115120024427528828326022919917816927 727MM 3412951712289999999999999991030 8723 616999999999999999
175195225253271273257225183139105 86 8610414018723327029129528325722820327 728MM 4362751844296999999999999991131 84999999999999999999999
188183191210235254260250224185142104 82 77 9012217022226830031430928625327 729MM 553260201431599999999999999 0531831246 7699999999999999
220195179178192219245258255233195147103 73 63 7110215321527231333533330727 730MM 718259212633799999999999999 23617614 4 6399999999999999
266224190168161178213248269269248206150 97 63 48 52 8314221528132735335027 731MM 830272222635599999999999999 3481611518 4799999999999999
317266217179153147171218262286287264215148 89 52 34 36 7214222529434136627 8 1MM 932289231736799999999999999 4441451626 3299999999999999
357312252201163137136174233281304303276216141 80 44 24 28 7315624330935427 8 2MM1030306999999999999999999999 5321321726 2299999999999999
373351293230181145121132186253299319316281209130 74 40 20 31 9118326732627 8 3MM 0 1373112532199999999999999 6161191816 1999999999999999
364371332264202158123107135202270312329322276197122 73 41 26 5112621829227 8 4MM 040373121733199999999999999 65710719 0 2699999999999999
342368356300228172132101 98145220283320335320263184119 77 49 44 8716925427 8 5MM 11536913 633599999999999999 735 941939 4199999999999999
314351361328261192142105 83 99159233289323333309248177123 87 67 7713221227 8 6MM 146362135233499999999999999 811 832015 6599999999999999
282327349339291221160116 85 76107172240290320325294237178135106 9612017727 8 7MM 215350144032799999999999999 846 752052 9699999999999999
244296326331306251187135 97 75 8012018124028531131128223519015513413316127 8 8MM 242333153131599999999999999 921 73213213099999999999999
209259293309301268217164121 90 78 9113118323427529829927724421018216716827 8 9MM 31230916313019999999999999910 1 78222516599999999999999
190222254275281268238197154119 95 8810313517922326228629328326223521119527 810MM 3502811752293999999999999991049 88234719199999999999999
191200216234248252243221191157126105 9810813216821125128129729728325923327 811MM 4482521931299999999999999991156 98999999999999999999999
21019619219721022523423322019716713611310110412315720124728530831430227427 812MM 623235205031499999999999999 156192131810199999999999999
240209185174176193215233238231210177141112 96 9511214920125429632332831127 813MM 756238214532999999999999999 3201731433 9499999999999999
274230192166154162190223247255247221180136102 85 8410515121226931233633527 814MM 9 1255222733999999999999999 4 61541534 8299999999999999
305256207169145140163204245269275260223170121 88 72 7610716623429032834327 815MM 94727523 234399999999999999 4411391622 7199999999999999
328283227179145128139179232273292290263211150102 74 63 7712419526231234027 816MM1026294233234599999999999999 51112817 2 6399999999999999
341307249193152125121150207263297309296253188127 86 63 61 9215723229233027 817MM11 1309235934599999999999999 5401191737 5999999999999999
345326273211161128111124174239289315317289229160106 75 60 7212320027031727 818MM1135319999999999999999999999 6 911118 9 5999999999999999
342338296232174134109105139204268308323313269199135 93 71 67 9916924630327 819MM 02434412 932399999999999999 6391031839 6599999999999999
335342315255189141111 96110164235290318323299241171118 89 76 8914121828627 820MM 046343124332499999999999999 7 8 9519 8 7699999999999999
326340327278209150113 93 91126193261304322316278213152113 94 9312318826127 821MM 1 5340131832399999999999999 735 891936 9099999999999999
312333330296233165118 92 82 9814922027831132030425719514611910912016322927 822MM 122335135532099999999999999 8 0 8220 410999999999999999
288320325304256190131 95 78 8111217223828631131429024319115413613315319927 823MM 142326143731699999999999999 825 77203913299999999999999
254295311302271218158110 83 75 8812718524228430530528224220317516116218227 824MM 2 9311153030899999999999999 856 75212715999999999999999
219257283288274240192143104 82 79 9613418423427329529828325622620218818627 825MM 246289164129999999999999999 942 78224018599999999999999
197219243259262250223186145111 90 85 9812717021625628529829627925523121027 826MM 3432631819299999999999999991048 84999999999999999999999
198196203218234243240225197162127100 86 9011014519224028130731530728325127 827MM 52024320 031599999999999999 0441951219 8699999999999999
220195180179192216238248243221186143104 80 73 8511917123228432133733130027 828MM 710248211433899999999999999 2361771352 7399999999999999
257213179157153174212249269270250208152101 68 55 62 9716123529633735634427 829MM 83227222 935699999999999999 3401521513 5499999999999999
302245195157133134169224271296298274220150 92 57 39 45 9016825031235236727 830MM 937300225536799999999999999 4291291619 3899999999999999
342284219169133111124179247296321321288219141 84 49 31 4310219227332936327 831MM1033324233437099999999999999 5121101713 3099999999999999
366323251187142108 95127199271318339335288207130 80 48 33 5813422629834427 9 1MM1123342999999999999999999999 552 941759 3399999999999999
366349287211154115 86 87140223292333351336275191124 82 54 48 9317926332027 9 2MM 0 936712 935199999999999999 630 811840 4699999999999999
352357317242170123 89 70 91162245306341352325256179124 89 68 7914022529327 9 3MM 039360125235399999999999999 7 5 691916 6699999999999999
333350333274197135 96 68 65107185261313343345306237173131102 9312118826127 9 4MM 1 4350133434899999999999999 737 621950 9299999999999999
311334332296228159109 76 59 7412920527031433732928522617714312312616522627 9 5MM 127337141733899999999999999 8 8 59202412099999999999999
280311319301253189132 93 69 65 9415221827230932431027122518816114916219927 9 6MM 15031915 232499999999999999 839 6321 214999999999999999
245279295290262216163120 90 76 8311716822226729730829526623420518417819027 9 7MM 217296155630899999999999999 912 75215117799999999999999
215242260266256229192154122100 9310513417421725528229328827224922520619827 9 8MM 25226617 929499999999999999 954 93231319899999999999999
20121122323223522821018716113711911212014016920524127028729228526724322027 9 9MM 3492351852292999999999999991057112999999999999999999999
20319419119620521421721119817915613512312313415719123026629230330028125127 910MM 551217201730499999999999999 150191123312199999999999999
21819117316617219021122522822020017114112111311914218223027330431831128427 911MM 748229211231899999999999999 3 216614 411399999999999999
242201167147144162194227249254244214173134108 9710413418524228932032931227 912MM 852255215332999999999999999 34014315 9 9799999999999999
270218172140124133169217256278280259215161117 90 81 9614020326530933433127 913MM 937282222633699999999999999 4101241557 8199999999999999
297241184141115111139193249288305297260200141 99 76 7310216323329132734027 914MM1014306225534099999999999999 4391091637 7199999999999999
319266202149114 97110160227282314323300244176120 85 68 7812620026831533827 915MM1049323232134099999999999999 5 8 961714 6799999999999999
333290223162119 93 89124192261308331327287218151106 79 71 9916624329933027 916MM1124333234533899999999999999 538 871748 7099999999999999
337309246177127 96 79 94151228289325338319261189133100 81 8813721428132027 917MM1158338999999999999999999999 6 9 791820 8099999999999999
335321270197136 99 78 75112185260309334335299232167125102 9411918425930827 918MM 0 5335123233899999999999999 637 721851 9399999999999999
328324289221150102 78 67 8314021928432233732327420715512611111615922828927 919MM 02133013 633799999999999999 7 3 67192111099999999999999
319322299246173112 79 64 6710217124730032733230725219415513512814619725927 920MM 036324134233499999999999999 726 62195212899999999999999
302314302265203135 88 65 60 7712619726230532632329124119416515015117722427 921MM 058314142432899999999999999 749 60202914899999999999999
270295295273229170115 79 63 66 9214420926430131731128324220718317117519727 922MM 129298151531899999999999999 822 62211917099999999999999
231261274269245205157113 84 72 7810515120425228730530428425622720519119027 923MM 211275162630799999999999999 912 72223918999999999999999
200219238247244228200164129102 88 8910814218623126929530429727725122520327 924MM 31824818 3304999999999999991026 86999999999999999999999
189186194208223232229215189157125102 92 9812116020825529231331530027023327 925MM 519232193931799999999999999 04718612 7 9299999999999999
199174160163182211236248244223187144107 85 81 9613519225129832733431627527 926MM 716249204833599999999999999 2211591345 8099999999999999
225181147130136169215255278280257211153104 74 63 7612119025931234234731827 927MM 836282214034999999999999999 31712915 3 6399999999999999
262201152117102119171235283310312282220151 98 65 51 6712520527732735334727 928MM 936315222235599999999999999 4 210216 4 5199999999999999
301230166121 89 82117189261311337334291216143 93 62 49 7714923429933935527 929MM1027340225835599999999999999 443 801654 4999999999999999
331266189131 92 67 74131215287333355342284202135 93 65 6110518726631834527 930MM1113356232934999999999999999 522 641738 5899999999999999
343298220147100 68 53 80155242307347361335265188133 98 76 871472292943292710 1MM1155362235534199999999999999 558 531817 7599999999999999
340318254173112 75 51 51 99183264320353357316244179136107 951241922653112710 2MM1236360999999999999999999999 631 461852 9599999999999999
330323280207134 86 57 44 631272102813283523422932271751411191221642302862710 3MM 017331131635399999999999999 7 2 44192611699999999999999
314317293238166107 71 50 51 881572322913293423212712171761481361531992522710 4MM 039319135534299999999999999 730 47195913699999999999999
289303293256198138 93 66 56 721181842472953233263002572141811591571802192710 5MM 1 5303143632999999999999999 758 56203715599999999999999
256277279260221170124 91 73 74 991462012522913113082852512171901741761952710 6MM 136281152231399999999999999 829 71212317299999999999999
221243254250229196159126102 91 991251642082492802962942782532252011871862710 7MM 215255162229799999999999999 9 8 91223418599999999999999
1952082202272242101881631401211131201391682032382672852882792602352101912710 8MM 31322717452889999999999999910 4113999999999999999999999
1821801851952052112081981821621421301291401611912262592812912872692412092710 9MM 511211191229199999999999999 043180113512899999999999999
182164156161177198216224221207183156135125129147179220259288301296273235271010MM 714224201530299999999999999 2 8156131412599999999999999
194159137131144173209238252250230196157127112113134174225271301312300265271011MM 82325321 031299999999999999 251131142611099999999999999
215166129110112140187235269284276244195147113 96100131184243289315318292271012MM 911284213732099999999999999 3251081520 9599999999999999
240181132100 88105153215268301310291242182131 99 85 98143208268308325313271013MM 95231122 832599999999999999 357 8816 5 8599999999999999
267202142100 75 76114180249299327326290227164118 90 83110172241293321323271014MM1030330223632699999999999999 429 721646 8299999999999999
291228158106 74 60 78137215281323342327274205148111 90 94139210273310323271015MM11 734223 132399999999999999 5 2 601724 8799999999999999
307254180117 79 56 55 94170249305338346314250185140111 97117177249297317271016MM1144347232231999999999999999 534 5218 1 9799999999999999
313277208134 85 59 47 62121205276322345339293226172138116113150218278308271017MM1220347234031399999999999999 6 5 47183711099999999999999
312291237161 98 63 46 46 81154236296332345325270209166140125136185249293271018MM1257345999999999999999999999 633 43191212599999999999999
307296260195123 73 50 42 55106185258308336338307253201167146140162213265271019MM 0 2307133634199999999999999 7 0 42194913999999999999999
293294272226161 99 62 46 46 72131206270312332327293244201173156156182226271020MM 031296142033499999999999999 730 43203115399999999999999
264280274247200142 92 63 51 58 91149215270307324316285244208182167169190271021MM 111280151232499999999999999 810 51212616599999999999999
222249259252228188142101 75 65 73104154211261296313309286252219192175171271022MM 2 5259161831499999999999999 9 5 65224517199999999999999
183204224236236222194159124 97 83 86107147196244283305308293264230198173271023MM 3292381740310999999999999991022 82999999999999999999999
160161176199220233232217189154121 98 91101132177229273304314304275234192271024MM 52923419 131499999999999999 0251581156 9199999999999999
158136131147179216244256250224184140106 89 90115162220273309323312277225271025MM 71225720 632399999999999999 1441301326 8799999999999999
173131105101125173226266288286256205150108 84 80104158225281317330312264271026MM 826290205833099999999999999 241 991441 7999999999999999
200142100 75 77116181246294319315277214152108 81 76106170241294325330299271027MM 925321214033199999999999999 328 721541 7599999999999999
235164108 70 51 65122201271319343333282210149108 83 82123195263307327319271028MM1015344221632999999999999999 410 511632 7899999999999999
271195125 77 47 37 68141227294339357334272201147111 90100153226284315322271029MM11 0357224632399999999999999 449 371716 8899999999999999
296232153 92 54 32 36 85169252312350358322255190146115102127189256299315271030MM1142359231131699999999999999 525 29175610299999999999999
306262189116 68 40 28 48113198273325353347301236182145121120159222277304271031MM1222356233630899999999999999 559 28183211699999999999999
306281224150 90 53 34 35 721452262893323483282772191741441281421892462862711 1MM13 0348999999999999999999999 630 3119 612899999999999999
299288250187122 74 47 37 531041782483013333363062562061681431391642112572711 2MM 0 3299133633999999999999999 658 37194013899999999999999
283285263218158104 68 49 51 811382052653083283192852391951631461521812222711 3MM 036287141332899999999999999 726 47201714599999999999999
255270264236190140 98 70 61 741111662252753073173012682271891621521621892711 4MM 113270145331799999999999999 758 6121 015299999999999999
220243250240213174134101 82 80 991371862352763003032862562201871641571662711 5MM 157250153930499999999999999 836 78215615799999999999999
1852072242302222001711401151001011201531942362702892912772502181871651552711 6MM 255230163729399999999999999 926 98231315599999999999999
1581721902062162152021811571341191181311571922292612812852742502181851582711 7MM 4242171746286999999999999991036117999999999999999999999
1431421521721952142232192031791541331251311521832212562792862752492121732711 8MM 610223185328699999999999999 03714112 412599999999999999
1411221191331621972272442452302011671381231241421762192582832902762431972711 9MM 734247195029099999999999999 140118132712199999999999999
150114 96 97121164212251273274253214170135115114135176226268292294271225271110MM 834277203629699999999999999 227 93143511299999999999999
169119 85 71 81121179238281303299267216165128107108136188243282299292255271111MM 923305211430099999999999999 3 7 70153010499999999999999
195133 86 58 52 77134205267308326313267208157122103110150211264294301279271112MM10 7327214730299999999999999 345 51161810299999999999999
226156 97 59 39 43 85157234293330340313257196150119105122175238282300294271113MM1049341221630199999999999999 423 3717 210599999999999999
256189117 67 39 28 45104186261313343342303240185147120113144204261292298271114MM1130347224429899999999999999 5 0 28174411299999999999999
277224150 84 46 27 25 58130215282326348335286225178145123127170231277294271115MM1211349231229599999999999999 536 22182512199999999999999
287254190116 62 33 21 30 78158239297334346322268213173145129144193249283271116MM1252347234528999999999999999 613 2019 612999999999999999
289272228160 93 49 27 21 42101183256308337340307253204169144136160209256271117MM1335343999999999999999999999 650 21194913699999999999999
279277254205140 81 45 28 29 59124202268313336330294243198166144142169214271118MM 025281142033799999999999999 730 26203514099999999999999
252268264238191132 81 50 36 42 78142213273312330319283236194163143144169271119MM 11626915 933099999999999999 816 35212914099999999999999
207239254251229187137 93 64 51 59 95153217271307321310275231191159139137271120MM 22025516 432199999999999999 910 51223313599999999999999
158190221239243229197154114 85 71 76106156213263298312302271229186151127271121MM 34424417 6312999999999999991016 70234512199999999999999
122137168202230244241218182142110 91 90111153205255290305298268224177136271122MM 5192451810306999999999999991133 88999999999999999999999
108 99112146189229255262247214171133107 99112148198249285302294263214160271123MM 650262191330299999999999999 055 991254 9999999999999999
114 83 73 89130186237273288278243194149118103111144197249285300290253195271124MM 8 728820 830099999999999999 156 73141210399999999999999
135 87 58 50 72126193253295314303262207158124106111148204256288298281233271125MM 910315205529899999999999999 249 49151910499999999999999
167106 62 36 34 67133209273316334317268209161127108118161219266291292265271126MM10 3334213529599999999999999 336 31161410799999999999999
206136 79 42 22 29 75151230292332344317261203159127113131181238276291282271127MM105034522 929299999999999999 419 2117 011399999999999999
241175106 57 28 17 36 95176251307341342305246193153126121150205256284287271128MM1132346224028999999999999999 458 17174111999999999999999
265213144 82 43 22 21 54122203271319342330284227179145125132173228269286271129MM1212343231128699999999999999 535 18181812499999999999999
278244184117 66 35 23 34 80154230289326336311260206164136127147194245276271130MM1248336234428399999999999999 6 7 22185212699999999999999
282263219157 96 55 33 30 561131872553033283232872351851491281311632122552712 1MM1321330999999999999999999999 638 28192512699999999999999
275272244194134 82 49 36 46 841482182763133243062632111661361251391772222712 2MM 021277135432599999999999999 7 7 36195912599999999999999
256268257223171117 74 50 47 681171812442913163142862391901511281251471852712 3MM 1 0268142731999999999999999 739 45203712399999999999999
225250255239203155108 74 58 64 951472082612973112992652191741411241271512712 4MM 14525615 231199999999999999 815 58212112299999999999999
187220239242224190148109 83 75 871211712242682942992822462031631341201262712 5MM 237243154330099999999999999 857 75221212099999999999999
149181210228231217188154122101 951091411852292652852862662321911541271142712 6MM 341232163128899999999999999 949 95231311399999999999999
1191401701992202292212001711421221151241501872262572752742552211821441152712 7MM 5 22291727277999999999999991057115999999999999999999999
1011051261581932222382372211951651411281321511822192502672672482131691272712 8MM 629239182827099999999999999 017100121812899999999999999
 96 82 861101501952332562622482191831531341311451762152482662642422011512712 9MM 747262192626899999999999999 117 81134313099999999999999
105 73 60 68100151206252281289273236193157134126140174218252269263235184271210MM 850289201626999999999999999 210 60145512699999999999999
127 79 50 40 54 96160224274305312288243195156130121139181228261273261222271211MM 94331321 027399999999999999 258 40155312199999999999999
161 99 54 29 24 46102176244295325326293241191153127120145195243271275254271212MM1032329214127699999999999999 345 23164511999999999999999
204136 74 34 15 15 47114195264312337330289233184148124123158213258278274271213MM1119339222027999999999999999 431 11173211999999999999999
243183111 54 21  5 11 55132215280324343327277221176143121129174230269280271214MM12 434323 028099999999999999 518  4181812099999999999999
269230163 91 40 12  0 14 69153234294333344317262208167135120138189243274271215MM1249344234428099999999999999 6 5  019 212099999999999999
280262215145 77 33  8  0 24 89176252306338339302245193155126118146201250271216MM1332343999999999999999999999 651  0194611799999999999999
275276254202132 70 31  9  7 42114199269316339329284226177140115115151206271217MM 034278141434099999999999999 736  5203111199999999999999
250271271246193126 70 35 18 23 66141220281320334313263206160125104112152271218MM 130273145633499999999999999 820 16211710399999999999999
203243264264239189129 80 49 35 47 94165235287318321293242188143110 94106271219MM 232267153832499999999999999 9 7 3522 6 9499999999999999
145194232255259237193142100 72 61 76120182240284307304273223172128 96 83271220MM 340260162430999999999999999 959 6123 1 8399999999999999
 97133179219247257243208166128101 90102138188237274291285255209159115 83271221MM 45525717152929999999999999911 0 90999999999999999999999
 71 83116162208243261256232196159130117121146186228260275269241197147101271222MM 619262181327599999999999999 0 2 71121611699999999999999
 70 57 66 99149202245271277259225186154134130146179218249263258232187134271223MM 744277191526499999999999999 1 6 57134413099999999999999
 88 56 42 51 87142203253287298283247205168142131141173213244258253224176271224MM 856298201425999999999999999 2 9 4215 313199999999999999
120 73 42 29 41 82145212267304316298257210169140127139174216247259249215271225MM 95531621 525999999999999999 3 5 2916 412799999999999999
161104 59 31 21 38 87157227282318325300252202162133123142184227255261245271226MM1044327214826199999999999999 356 21165312399999999999999
203144 86 46 22 18 44102177246297326324288236186149124123153201243264262271227MM1127329222626699999999999999 442 17173412099999999999999
237186123 70 35 18 22 59127203266309327312266211166133117129171222259271271228MM12 432823 227199999999999999 522 1618 911799999999999999
260224165102 54 27 18 34 85159232286318322291237184144119114141193243270271229MM1237324233727599999999999999 557 18184011399999999999999
273252205140 81 42 23 24 56120196260303321308263205156123107118159214257271230MM13 7321999999999999999999999 628 20191010799999999999999
276269237181116 65 35 25 40 88161233285314315284229173131106101127178231271231MM 014276133331999999999999999 658 25194110099999999999999
