 92 86 79 74 73 77 87100113124129127120107 91 75 62 53 50 53 60 69 79 8827 1 1MR1016129999999999999999999999 342 7318 2 5099999999999999
 93 95 94 91 89 89 93100110120127130127118104 88 70 55 44 39 41 48 60 7327 1 2MR 1 9 95105813099999999999999 429 881914 3999999999999999
 86 96102104103100 99101106113121127129126117103 84 64 47 34 29 31 41 5627 1 3MR 258104115812999999999999999 559 992011 2999999999999999
 74 91104112114112107104103106113121128130127117100 79 56 37 24 19 25 3827 1 4MR 35211513 213099999999999999 7401032057 1999999999999999
 58 80100115122122116109103101104112122130133129116 95 70 45 25 13 12 2227 1 5MR 428123135913399999999999999 8511012136 1199999999999999
 40 65 90111124128124115105 98 97103113125135137130112 88 59 33 14  5  927 1 6MR 458128144613799999999999999 939 962212  599999999999999
 24 48 75101121130130122109 98 92 94103117131140139127105 77 47 21  4  127 1 7MR 5271311527141999999999999991017 912246  099999999999999
 10 31 59 88112128132127115100 89 86 92106123137143138121 95 63 33 10 -127 1 8MR 55513216 5143999999999999991050 862318 -199999999999999
  2 18 44 74101122132130120104 90 82 83 94111129141143133111 81 50 22  427 1 9MR 6211321641144999999999999991122 812348  099999999999999
  0 10 31 60 89114129132124110 93 80 76 83 97116132141138123 98 68 38 1527 110MR 6461321716142999999999999991154 76999999999999999999999
  4  8 24 49 78105123131128115 98 82 73 73 84100119133137129111 84 56 3127 111MR 711132175313799999999999999 017  41227 7299999999999999
 15 11 21 42 68 96117129130121104 87 73 67 72 85102118129129118 98 73 4827 112MR 734131183213099999999999999 045 1113 3 6799999999999999
 30 21 25 39 62 88110126131125111 93 76 65 63 70 84100114121119107 88 6727 113MR 757131191512199999999999999 112 211343 6399999999999999
 48 36 34 42 60 82104121130128118101 83 68 59 59 67 81 95107112108 98 8327 114MR 82113020 711299999999999999 141 331429 5899999999999999
 67 54 48 51 62 79 98116127129123109 92 74 61 54 54 62 73 86 97102100 9327 115MR 847130211710299999999999999 211 481526 5399999999999999
 84 74 67 65 70 81 95110122128126117103 85 68 55 47 46 52 62 74 85 93 9627 116MR 9161282310 9699999999999999 245 651636 4699999999999999
 94 90 86 83 83 88 96107117125127123114 99 82 64 49 39 35 39 48 61 75 8727 117MR 955127999999999999999999999 327 821758 3599999999999999
 95100102101 99 99101106112119125126123114100 81 61 42 28 21 23 33 48 6627 118MR 2 0102105312799999999999999 444 991917 2199999999999999
 84100110115115113110108109113119125128127119103 82 57 33 15  6  7 18 3827 119MR 332116121712899999999999999 7 91082023  599999999999999
 62 87107121127126121114108107110117126133134126108 83 53 24  2 -9 -7  827 120MR 419128133813499999999999999 8481072120-1099999999999999
 33 63 93117132136132121110102100106117130140142133112 82 47 15 -9-20-1427 121MR 457136144314399999999999999 9451002210-2099999999999999
  5 36 71103127139139130115101 92 92102118135147149138113 79 41  6-17-2427 122MR 5301411540150999999999999991028 912255-2499999999999999
-14 11 46 83114135142137121103 87 80 84 99119139152152137110 73 34  2-1727 123MR 6 114216311549999999999999911 8 802336-2199999999999999
-19 -3 26 63 98126140140128108 87 72 69 78 97120140151149132102 66 30  327 124MR 6301421720152999999999999991146 69999999999999999999999
-10 -5 16 48 83114134141133114 91 71 59 60 73 95118137145140121 92 59 3027 125MR 65514118 714599999999999999 013-101225 5899999999999999
 10  6 17 42 73104127139136121 99 75 57 50 55 71 92113129134126108 83 5627 126MR 718139185413499999999999999 046  613 5 5099999999999999
 35 25 28 44 69 97121136138128108 84 63 49 45 53 68 88106117119112 96 7627 127MR 740139194312099999999999999 115 241347 4599999999999999
 58 46 44 53 70 93115132137132117 96 73 55 45 44 52 65 81 95103104 99 8827 128MR 8 1137203810599999999999999 141 431435 4399999999999999
 75 65 61 64 76 93111126135134123107 86 67 52 44 44 50 61 73 84 90 92 9027 129MR 8231352156 9299999999999999 2 3 611532 4399999999999999
 85 80 76 77 83 94108120129132127115 99 82 66 53 45 44 47 54 64 72 80 8527 130MR 849132999999999999999999999 219 761648 4499999999999999
 88 88 89 89 92 98105114122126125120110 96 81 67 54 45 41 41 46 54 64 7427 131MR 9231269999999999999999999991823 41999999999999999999999
 84 91 97100101103105109113117120120116108 97 84 68 54 42 35 33 37 47 6027 2 1MR10251209999999999999999999991946 33999999999999999999999
 74 88100107110109107106106108111115117117111101 85 68 50 35 26 24 30 4327 2 2MR 417110121911899999999999999 7291062043 2499999999999999
 61 80 98110116116112106100 99101107114120121116103 85 63 42 25 16 17 2727 2 3MR 429117134412199999999999999 855 992126 1599999999999999
 45 68 90109120122117108 98 92 91 96106118126127120103 80 54 30 14  8 1327 2 4MR 448122144012899999999999999 937 9022 1  899999999999999
 30 53 80103120126123113 99 87 82 85 95110125133132120 98 70 42 18  5  427 2 5MR 5 912615241349999999999999910 9 822233  399999999999999
 17 39 67 95116128128118102 86 75 74 82 99117132139133115 88 58 29  9  127 2 6MR 52912916 3139999999999999991038 7323 1  199999999999999
  8 27 55 85111127131123107 88 72 65 69 84104125138140129106 76 45 19  527 2 7MR 54913116391419999999999999911 7 652329  399999999999999
  5 20 45 75104124133128113 92 72 59 57 68 88111130140137121 94 63 34 1427 2 8MR 6 91331716141999999999999991137 562355  899999999999999
  8 17 38 67 96120133132119 98 75 57 49 53 70 93116133138129109 81 52 2927 2 9MR 62713417531389999999999999912 7 48999999999999999999999
 17 20 35 61 89115131135126106 81 59 45 43 53 73 97118131131119 97 71 4727 210MR 646135183213299999999999999 020 161239 4299999999999999
 31 28 38 58 84109128136130114 90 65 46 37 40 55 76 98116124121108 87 6627 211MR 7 5136191312599999999999999 045 281314 3799999999999999
 49 41 45 60 81104124134133120 99 75 52 38 33 40 56 76 95109115110 98 8227 212MR 72413520 111599999999999999 110 411352 3399999999999999
 67 58 57 66 81100118130133125109 87 64 45 34 32 40 54 72 88 99103100 9327 213MR 74513321 410399999999999999 135 561440 3299999999999999
 83 75 72 76 86 99114125131128117 99 79 59 43 33 31 37 48 62 76 87 93 9427 214MR 8 91312255 9499999999999999 158 721543 3199999999999999
 93 90 88 89 94101111120126126121110 95 78 60 45 34 29 31 38 49 62 75 8527 215MR 838127999999999999999999999 214 881714 2999999999999999
 93 98101102104106110114118121121117110 98 83 66 48 33 23 20 24 35 49 6627 216MR 9291219999999999999999999991856 20999999999999999999999
 83 97108113115114112110110111114117118115107 92 73 51 30 15  8 10 22 4127 217MR 359115115111899999999999999 7391102015  899999999999999
 64 87106119124123116108102 99102108117124125118102 78 51 25  5 -4  0 1627 218MR 413125134312699999999999999 9 1 992112 -499999999999999
 41 69 97118129130123110 97 88 86 92105120133137129109 81 48 18 -3-11 -327 219MR 435131145213799999999999999 942 862159-1199999999999999
 19 49 82111129136130115 96 79 71 73 86105126142145135111 78 43 12 -7 -927 220MR 4591361547146999999999999991018 702239-1199999999999999
  4 32 66 99125137136121 99 76 60 55 63 83108132147149135108 73 37 10 -327 221MR 5221381636150999999999999991052 552315 -499999999999999
  1 22 53 88118136140129106 79 56 42 43 58 82111135148146129100 66 35 1427 222MR 5441401722149999999999999991127 412347  999999999999999
  9 21 46 78110132141135115 88 59 38 30 37 57 84112133142137118 90 60 3627 223MR 6 514118 71429999999999999912 2 30999999999999999999999
 25 28 46 73103128141139124 98 69 42 27 25 37 59 86111128132124105 81 5827 224MR 624142185013299999999999999 016 241237 2499999999999999
 44 41 52 73 99123138141131109 81 53 32 22 26 41 63 87107118119110 94 7627 225MR 643142193412099999999999999 041 411313 2299999999999999
 62 56 61 75 96117134140135118 94 67 44 29 25 31 46 66 85 99106105 98 8627 226MR 7 3140202210799999999999999 1 3 561352 2599999999999999
 76 69 70 79 95112127136134123104 82 59 42 32 31 38 50 65 79 89 94 94 9027 227MR 7231362125 9599999999999999 122 691437 3099999999999999
 85 81 80 85 95107119128130124111 94 75 58 45 38 38 42 51 62 72 80 85 8727 228MR 746130999999999999999999999 134 801537 3799999999999999
 88 88 89 92 97104112119122120114103 89 75 62 52 45 42 43 48 55 63 72 8027 3 1MR 8111229999999999999999999991711 42999999999999999999999
 87 92 96 99101104106109112112111106100 91 80 68 57 48 41 39 41 47 56 6827 3 2MR 84811299999999999999999999919 3 39999999999999999999999
 80 92100105107106104102101102103105105102 96 87 74 59 46 36 31 33 41 5427 3 3MR 4 1107113510599999999999999 7591012015 3199999999999999
 70 87101110113110104 98 92 91 93 98105109110104 92 75 57 39 27 23 27 4027 3 4MR 4 0113133411099999999999999 855 9121 1 2399999999999999
 58 79 98112118116108 96 86 80 81 88 98110117118110 93 72 49 30 19 18 2727 3 5MR 414118143411999999999999999 924 802136 1799999999999999
 46 69 93112122122113 98 82 71 68 74 87104119127124112 90 64 39 21 13 1827 3 6MR 430123151812799999999999999 951 6822 6 1399999999999999
 35 59 86109123127119102 82 65 57 59 72 91112128134127109 83 54 30 16 1527 3 7MR 4461271558134999999999999991018 562234 1399999999999999
 27 50 78105123131125108 85 63 48 44 54 74 99122136137125102 73 45 25 1727 3 8MR 5 31311636138999999999999991045 4423 1 1799999999999999
 24 43 71 99122133131116 91 65 43 33 37 54 80108130140136119 93 63 39 2527 3 9MR 5201341714140999999999999991113 332328 2499999999999999
 26 40 65 93118134136123100 71 44 27 24 35 59 88115134139130110 83 57 3927 310MR 5371371752139999999999999991143 232354 3399999999999999
 33 42 62 88114132138130109 80 51 27 16 20 38 65 94119132133121100 76 5627 311MR 5551381832134999999999999991213 16999999999999999999999
 46 48 62 84109129138135118 92 61 34 16 12 22 43 71 97117126123110 92 7327 312MR 614139191412799999999999999 019 451247 1299999999999999
 61 58 66 83104124136137125103 75 47 24 13 14 27 48 73 95110116112101 8827 313MR 63413820 411699999999999999 044 581325 1199999999999999
 76 71 74 85101118131135129113 90 64 40 22 15 18 31 49 70 88100104102 9627 314MR 656135211010499999999999999 1 8 711411 1599999999999999
 89 84 85 90101113124130129119102 82 60 41 27 21 23 32 46 62 77 88 94 9727 315MR 7191302323 9799999999999999 129 841514 2199999999999999
 96 95 95 98103110117122123119110 97 81 64 48 35 27 25 29 39 51 65 78 8827 316MR 747123999999999999999999999 132 951649 2599999999999999
 96102105106107108110111113113111106 99 88 75 59 44 31 24 23 29 41 56 7327 317MR 8351139999999999999999999991838 23999999999999999999999
 89102111114113109105101 99100103106109107100 88 70 50 32 20 16 21 35 5427 318MR 315114121410999999999999999 812 991957 1699999999999999
 76 97112120120114103 92 85 83 86 95106116119114 99 78 53 30 15 11 18 3627 319MR 330121135511999999999999999 852 822052 1199999999999999
 61 87109123127120106 89 74 65 66 76 93111126131125107 81 52 28 13 12 2427 320MR 350127145913199999999999999 925 642136 1099999999999999
 47 75103123132128112 91 68 52 46 53 70 94118135140131109 80 50 27 16 2027 321MR 410132155114099999999999999 958 462214 1599999999999999
 38 65 95120134135121 98 70 46 32 31 45 70 99125141143131106 76 48 29 2527 322MR 4311361638144999999999999991031 302247 2499999999999999
 35 58 88115134140130108 78 48 25 17 24 44 74105130143141125100 71 48 3727 323MR 45114017221449999999999999911 3 172317 3699999999999999
 40 57 82110132142137119 89 57 28 11 10 23 49 80110131139133116 92 68 5227 324MR 51114218 5139999999999999991136  82345 4999999999999999
 49 59 79104128141142128102 70 39 15  5 11 29 56 86112127131122105 85 6827 325MR 53214318461319999999999999912 9  5999999999999999999999
 60 64 79100122138143134113 85 53 27 10  7 18 39 65 90110120120110 96 8127 326MR 553143192812199999999999999 011 601242  799999999999999
 72 71 80 96115131139136121 97 69 43 22 13 15 28 48 70 91105111109101 9027 327MR 615140201311199999999999999 035 701318 1299999999999999
 82 78 82 93108122132133125107 84 60 39 25 21 26 38 55 72 87 97101 99 9427 328MR 638134211010199999999999999 058 781357 2199999999999999
 89 86 87 93102114123126123112 95 75 57 42 33 31 35 45 58 70 81 89 93 9427 329MR 7 21262253 9499999999999999 119 851447 3199999999999999
 93 92 92 94 99106112116116111101 88 73 60 49 42 39 41 47 56 66 75 83 9027 330MR 727117999999999999999999999 132 9216 2 3999999999999999
 94 97 98 98 99101103105106105101 95 87 77 67 57 49 44 43 45 52 61 71 8227 331MR 7591069999999999999999999991750 43999999999999999999999
 92 99103104102 99 96 95 94 95 96 97 95 91 84 75 64 53 44 40 41 48 59 7327 4 1MR 2461041051 9799999999999999 746 941918 4099999999999999
 87 99107110107101 93 86 82 82 86 92 98101100 93 81 67 52 41 36 38 47 6227 4 2MR 259110131510199999999999999 828 822013 3699999999999999
 80 97109115114105 93 80 71 68 72 82 94104110109100 85 66 49 37 33 38 5227 4 3MR 315116142011199999999999999 855 682054 3399999999999999
 72 93110120120111 96 78 62 54 56 66 83100115121117104 84 62 44 34 34 4527 4 4MR 33212115 812199999999999999 922 542128 3299999999999999
 64 87108123126118101 79 58 43 39 47 65 89111126130122104 81 58 41 35 4127 4 5MR 349126155013099999999999999 949 3922 0 3599999999999999
 58 81105124131126109 84 57 36 25 28 44 70 98121135135123101 76 54 42 4227 4 6MR 4 71311631137999999999999991017 242230 4099999999999999
 54 76101122135134119 93 63 35 16 12 23 47 78108130140136119 96 72 54 4827 4 7MR 4261361711140999999999999991046 1123 0 4899999999999999
 54 72 96119135139128105 73 41 15  2  6 24 53 86115134140132113 90 70 5827 4 8MR 4461391753140999999999999991117  12329 5799999999999999
 59 71 91114133141136117 87 53 22  1 -4  6 29 61 93119133135124106 87 7227 4 9MR 5 81411836136999999999999991151 -52358 6799999999999999
 67 73 88109128140140127102 70 37 10 -4 -4 11 36 67 95117127126116101 8627 410MR 5311421923128999999999999991228 -6999999999999999999999
 78 79 88104121135140133114 87 57 28  7 -2  2 18 42 69 93110118116108 9827 411MR 556140201911899999999999999 026 771310 -299999999999999
 89 86 91101114127134133122102 77 51 27 11  6 11 25 46 68 8710110810810427 412MR 623135213410999999999999999 056 8614 1  699999999999999
 99 95 95100108117125127123112 94 74 52 34 21 16 19 30 46 63 80 9310110527 413MR 654127232810599999999999999 129 9415 6 1699999999999999
105103101101104108112116116112104 92 77 61 45 33 26 26 32 44 59 74 88 9927 414MR 736116999999999999999999999 2271011634 2599999999999999
106108108105102100 99100102103103101 96 86 73 58 44 34 30 32 42 56 73 9027 415MR 113108 93910499999999999999 555 9918 7 3099999999999999
103111114111104 96 88 84 83 86 92 99104104 98 86 70 53 39 32 33 43 59 7927 416MR 155114123310599999999999999 739 831922 3299999999999999
 97112119118110 97 82 71 64 65 73 86100111115111 98 79 59 43 35 37 49 6827 417MR 22412014 011599999999999999 823 642017 3599999999999999
 90110122125118103 83 63 49 44 50 64 84105120126120105 84 62 46 40 45 6127 418MR 24812615 212699999999999999 859 4421 3 4099999999999999
 82105123131128113 90 64 42 29 28 40 62 88112129134126108 85 64 50 48 5727 419MR 312131155313499999999999999 933 272142 4799999999999999
 76100121134135124101 71 43 22 13 18 37 65 95120135137127107 84 65 56 5927 420MR 33513716391389999999999999910 7 132217 5599999999999999
 73 94117134141133113 84 52 23  6  4 16 41 72103126138136123103 82 68 6427 421MR 3591411723139999999999999991040  32249 6499999999999999
 72 89111131142140125 98 65 33  9 -2  3 21 49 81110129136131116 97 81 7227 422MR 42314318 4136999999999999991112 -22320 7199999999999999
 74 86105125139143134112 81 48 20  2 -2  9 31 60 90114128131123108 92 8027 423MR 4471431844131999999999999991145 -32349 7799999999999999
 77 84 99117133141138122 96 65 36 13  2  4 19 43 70 95114123123114101 8927 424MR 5131421924124999999999999991219  1999999999999999999999
 82 84 94109124135137128108 82 53 29 12  8 14 31 53 77 98111117114106 9627 425MR 54013820 711799999999999999 019 821254  899999999999999
 88 86 90101114126131128115 95 70 47 28 18 17 26 42 62 81 9710710910710027 426MR 6 9132205810999999999999999 049 851333 1699999999999999
 94 89 90 96105115122123117103 84 64 46 32 26 28 36 50 66 82 9410210410327 427MR 63912422 410499999999999999 123 891418 2699999999999999
 99 95 92 93 98104110114112105 94 79 63 50 40 36 37 44 55 68 81 92 9910327 428MR 713114232910399999999999999 211 921515 3599999999999999
103100 97 95 94 96 99102103102 97 89 79 68 57 49 44 44 49 58 69 81 9210027 429MR 8 5103999999999999999999999 347 941630 4399999999999999
105106103 99 94 90 88 88 90 93 94 93 90 84 75 65 56 50 48 51 59 71 84 9627 430MR 0431061017 9499999999999999 618 881753 4899999999999999
105110110105 96 87 79 75 75 79 85 91 96 96 92 84 73 62 54 51 54 62 76 9027 5 1MR 1261111239 9799999999999999 731 7419 2 5199999999999999
104113116112102 88 74 64 59 62 70 82 94103106102 93 79 66 56 53 57 68 8427 5 2MR 155116135810699999999999999 8 9 591956 5399999999999999
101115122120110 93 74 56 45 43 51 66 84102114117112 99 83 68 58 57 64 7827 5 3MR 220122145411799999999999999 842 432041 5699999999999999
 97114125128119101 78 54 35 26 30 44 67 91112125127119103 85 69 61 63 7427 5 4MR 243128154212899999999999999 913 262121 6199999999999999
 92111127134129112 87 58 32 14 11 21 43 72101123135134123105 86 72 67 7227 5 5MR 3 7134162713699999999999999 946 102158 6799999999999999
 87107125137138125100 69 37 11 -2  1 18 46 79110131140137123104 86 75 7427 5 6MR 3321391712140999999999999991020 -32234 7399999999999999
 84101121137143136116 85 50 18 -4-12 -3 20 52 87116135141135120102 87 8027 5 7MR 4 01431758141999999999999991057-122310 8099999999999999
 84 97115133144144130104 70 34  5-13-15 -1 25 59 92118134137130115100 8927 5 8MR 4291451846137999999999999991137-162346 8799999999999999
 87 94108125139145139120 92 58 24 -1-14-11  5 32 64 94117129130123111 9927 5 9MR 5 11451938131999999999999991220-15999999999999999999999
 92 93102116130140141131110 82 50 21  1 -8 -3 14 39 68 9411312312311710727 510MR 536142203512499999999999999 023 9213 8 -899999999999999
 99 95 98106118129135132121101 76 49 25  9  3  8 24 46 70 9210911711811327 511MR 616135213711899999999999999 1 6 9514 1  399999999999999
106 99 96 99105113121124122112 96 75 53 34 21 16 21 33 52 73 9210611411527 512MR 7 5124224211599999999999999 2 3 9615 1 1699999999999999
111105 98 95 94 98103108112111105 94 79 62 47 35 30 32 43 59 77 9410711427 513MR 820112234011699999999999999 332 9416 9 3099999999999999
115111103 95 88 84 85 88 93 99102102 97 87 74 60 49 43 44 52 66 83 9911127 514MR1027103999999999999999999999 528 841722 4299999999999999
118117111100 88 77 70 68 71 79 88 97103103 97 86 73 61 54 54 61 75 9110727 515MR 027118123210499999999999999 651 681830 5399999999999999
118123120109 94 76 61 52 50 55 67 83 97108112108 97 84 71 63 63 71 8510227 516MR 1 6123135911299999999999999 746 491930 6299999999999999
117126128120104 83 61 43 34 34 44 61 82102116121117106 91 78 71 72 81 9627 517MR 13912815 412199999999999999 829 332022 7099999999999999
113127133130117 95 69 44 26 18 23 38 61 87109124129123110 95 82 77 80 9127 518MR 211134155712999999999999999 9 8 1821 8 7799999999999999
108124135138129109 82 53 27 12  8 18 39 66 94117131133126111 96 85 82 8827 519MR 242138164313499999999999999 945  82150 8199999999999999
101118133141138123 97 67 37 13  2  4 20 45 75103125135134124109 94 86 8627 520MR 3131411724136999999999999991020  12228 8599999999999999
 95111128140143133113 84 52 23  4 -2  7 27 55 85112129136131119104 92 8627 521MR 34514318 3136999999999999991055 -223 3 8699999999999999
 91103119134143140125100 69 39 14  0  1 14 38 66 95117130132125112 98 8927 522MR 4171431841133999999999999991129 -12337 8799999999999999
 88 96110126138141133114 87 57 29 10  2  8 25 50 77102120128126117104 9327 523MR 44914119181289999999999999912 4  2999999999999999999999
 88 90101115129137136123102 75 47 24 10  8 18 37 61 86107120124119110 9827 524MR 522138195612499999999999999 011 881240  899999999999999
 90 88 93105118128132127112 90 65 41 24 15 18 30 49 72 9310911811911310427 525MR 557132203611999999999999999 046 881317 1599999999999999
 94 89 89 95106117124124116101 81 59 40 28 24 29 42 60 80 9811011611510827 526MR 633125211911699999999999999 127 881355 2499999999999999
100 92 88 89 95103111116114106 92 75 58 44 35 34 41 53 70 8710211111511327 527MR 71611622 511599999999999999 218 881438 3499999999999999
106 98 91 86 87 91 97103106105 98 88 75 61 51 45 45 52 63 78 9310511311527 528MR 815106225211599999999999999 328 861528 4499999999999999
112105 96 87 82 80 82 87 92 97 98 95 88 79 69 61 56 56 62 72 85 9911011627 529MR 949 98233811899999999999999 458 801628 5599999999999999
117112103 92 81 72 68 70 75 83 90 96 97 94 88 79 71 66 65 70 80 9310511627 530MR1150 97999999999999999999999 616 681737 6599999999999999
121120112 99 84 69 58 53 55 64 76 88 99104104 99 90 81 75 73 78 8810011327 531MR 019121133010599999999999999 711 531845 7399999999999999
122126121110 92 72 53 40 36 42 55 72 91106115116110100 90 82 80 85 9510927 6 1MR 057126144011699999999999999 756 361947 8099999999999999
122130130122104 80 55 34 22 20 30 49 73 97115126127120108 96 88 86 9210427 6 2MR 134131153712799999999999999 837 192043 8699999999999999
118131137133119 95 66 38 15  5  7 23 48 77104125135135126113100 92 91 9927 6 3MR 210137162813699999999999999 919  42132 9199999999999999
113128140143134114 85 51 21 -1 -9 -2 19 49 82111132141139128114101 94 9627 6 4MR 24714317171429999999999999910 1 -92217 9499999999999999
106122137146146132107 73 38  7-12-16 -5 20 53 88117136143139127112101 9627 6 5MR 32714818 5143999999999999991046-1723 0 9699999999999999
101113129143150146128 99 64 28 -1-17-18 -3 25 59 93120137141135123109 9927 6 6MR 4 81501853141999999999999991132-202343 9699999999999999
 97104117133146150142122 92 56 23 -3-16-13  5 33 66 9812213513712911610327 6 7MR 4521501939138999999999999991218-16999999999999999999999
 96 96104118133144145136115 86 53 23  1 -8 -2 17 44 7510312313213112210927 6 8MR 539146202413399999999999999 028 9513 6 -899999999999999
 98 92 93102115128137137127108 81 53 28 11  6 13 32 57 8510812412912611527 6 9MR 63113821 512999999999999999 117 911354  699999999999999
102 92 86 88 96107119126126118102 80 57 37 25 23 32 49 72 9511412512712127 610MR 731127214412799999999999999 214 861441 2299999999999999
109 96 85 79 80 86 96106113114109 98 82 65 50 42 42 51 66 8610511912612527 611MR 846115222212799999999999999 324 791531 4199999999999999
117104 90 78 71 69 74 82 92100105104 98 88 76 65 60 60 68 82 9811312412827 612MR102510523 012899999999999999 444 691623 5999999999999999
124114 99 83 69 60 57 59 68 79 90 98103102 97 88 80 76 76 83 9510812012827 613MR1221103234213099999999999999 6 1 571723 7599999999999999
129124111 95 76 59 48 43 46 55 69 84 97106109107100 93 88 88 9410311512627 614MR14 2109999999999999999999999 7 7 431830 8799999999999999
132131123109 89 67 48 35 31 35 47 65 84101113118116110102 96 9510010912027 615MR 027132151311899999999999999 8 1 311940 9599999999999999
130135133122104 81 57 36 24 21 28 44 66 88108122127124115106 99 9810311327 616MR 11413516 512799999999999999 847 202042 9899999999999999
125134138134120 98 71 46 25 14 14 26 46 71 97117130132127116106 99 9910527 617MR 2 0138164713299999999999999 929 132133 9899999999999999
117129139141133115 89 60 34 15  7 12 28 53 81107126135134126113102 96 9827 618MR 24314117241369999999999999910 7  72215 9699999999999999
107121134142141129107 78 49 24  8  5 15 36 63 92116132137132120107 96 9327 619MR 3231431758137999999999999991044  42253 9399999999999999
 99111126139144139122 97 67 38 15  5  7 22 46 75103123134135126112 99 9127 620MR 4 21441831136999999999999991119  42327 9099999999999999
 91101115131142143133113 85 55 29 11  6 14 33 60 88112128134129118103 9227 621MR 43914419 2134999999999999991153  6999999999999999999999
 87 91104119134141139125101 73 45 23 11 12 25 47 74100120130131122109 9527 622MR 515142193213299999999999999 0 1 871226 1099999999999999
 86 85 93106122133137130114 90 63 39 22 17 23 40 63 8811012513012611410027 623MR 55213720 113099999999999999 036 841258 1799999999999999
 88 82 84 94107121129130120102 80 56 37 27 27 37 56 7910111812812812010727 624MR 632131203012999999999999999 115 821330 2599999999999999
 93 83 79 83 93105116122120110 93 73 55 41 36 41 54 72 9311212412812411327 625MR 716122205912899999999999999 159 7914 2 3699999999999999
100 87 78 75 80 89100109113111102 88 72 59 50 49 56 70 8710511912712712027 626MR 8 9114213012899999999999999 251 751437 4999999999999999
108 93 81 72 70 74 82 92100105104 98 88 77 68 63 64 72 8510011412412812527 627MR 92110522 412899999999999999 353 701519 6399999999999999
116102 87 74 65 61 64 72 82 92 99102100 94 87 81 78 79 86 9710912012712927 628MR11 3102224412999999999999999 5 2 611612 7899999999999999
124113 98 81 65 54 49 52 60 72 85 96103106104100 95 91 92 9710511512413027 629MR13 5106233113199999999999999 610 491724 9199999999999999
130124111 93 73 54 41 35 37 48 63 81 9710911611711310710310110411112012827 630MR1439117999999999999999999999 712 34185210199999999999999
134133125110 88 64 42 26 19 23 36 57 8010111812712912411711010610811412327 7 1MR 026134154412999999999999999 8 8 19201410699999999999999
133139138128109 83 54 28 10  4 10 28 53 8110712713713813112111210710811627 7 2MR 124140163513899999999999999 9 1  4211910799999999999999
127139146144131108 77 44 16 -3 -8  1 23 53 8611513514414213312111010510727 7 3MR 220146172014599999999999999 951 -8221010599999999999999
117131145152149133106 71 36  6-12-15 -2 24 58 9312214114714213011510410027 7 4MR 31315218 2147999999999999991040-16225610099999999999999
105118135150156151132102 65 29  0-16-15  2 32 68102129144146137122106 9527 7 5MR 4 51571840147999999999999991126-172339 9399999999999999
 94102118137152157149129 97 60 26  0-12 -6 14 45 81112135145142129111 9527 7 6MR 4561571915145999999999999991211-12999999999999999999999
 86 87 98116135149153144122 91 57 26  6  0 10 33 64 96123139142134117 9827 7 7MR 548153194614299999999999999 022 851252  099999999999999
 83 77 81 94112130142144134114 86 57 33 19 18 32 55 8411113114013712410627 7 8MR 641144201514099999999999999 1 7 771331 1799999999999999
 87 73 69 74 87104120130132123106 83 61 44 37 41 56 7810312413713913111527 7 9MR 738132204213999999999999999 156 6914 7 3799999999999999
 95 77 66 63 68 80 94108117119112100 84 69 59 58 65 80 9911813213913512427 710MR 84211921 913999999999999999 251 631442 5799999999999999
106 87 71 60 57 61 71 83 95104107105 98 89 81 76 78 86 9911412813613713127 711MR10 7107213913899999999999999 356 571517 7699999999999999
118101 83 67 56 51 54 61 72 83 93100103102 98 94 93 9510211112213113613527 712MR1213103221813699999999999999 511 511559 9399999999999999
127115 98 80 64 52 45 45 51 62 75 88 9810610910910710510611011712513113427 713MR1425109231313599999999999999 629 45171410599999999999999
133126114 97 78 60 46 38 37 43 55 71 8710211311911911611311111211712313027 714MR1535119999999999999999999999 737 3719 611199999999999999
134133127114 96 75 55 39 30 29 38 53 72 9311012212712612011411011011412127 715MR 025134161412899999999999999 833 29203310999999999999999
129135136129114 93 69 47 30 22 24 36 55 7910212013113312811911010510511127 716MR 134136164513399999999999999 918 21212710499999999999999
121132139139130111 87 61 37 21 16 22 39 63 89113130137135125113103 9810127 717MR 230140171413799999999999999 958 1522 7 9899999999999999
111124137144141128106 78 50 27 14 13 25 47 74102124137138131118104 94 9227 718MR 3161441741139999999999999991033 122241 9299999999999999
 99113130143147141123 97 67 39 18 10 16 34 60 89115133140136123107 93 8627 719MR 35614718 61409999999999999911 6 102312 8699999999999999
 89101118136147148136114 85 55 29 14 13 25 48 76105127138138128112 95 8327 720MR 4341491830140999999999999991136 122344 8099999999999999
 80 88104123140147143127102 72 44 24 16 22 40 66 95119135140133118 99 8327 721MR 51014818531409999999999999912 5 16999999999999999999999
 75 77 90108127140144135116 90 62 39 25 25 37 59 86112131140137124106 8727 722MR 547144191514099999999999999 016 751232 2399999999999999
 74 70 77 92111127137136124104 79 56 39 33 39 56 80105126138139130113 9327 723MR 626138193614099999999999999 051 701258 3399999999999999
 76 67 67 77 93110124131127114 94 73 55 46 47 58 7710012113514013412010127 724MR 7 8131195814099999999999999 128 651325 4599999999999999
 82 68 62 65 76 91107118122117105 89 73 62 59 64 78 9611513113913712711027 725MR 756122202113999999999999999 2 9 621353 5999999999999999
 91 74 62 58 62 73 87101110113110101 90 80 74 75 83 9611212613613813211927 726MR 857113204713899999999999999 258 581423 7499999999999999
102 84 68 57 53 57 66 79 91101106106102 96 92 90 92 9911012113113613512727 727MR1028107212013799999999999999 4 0 531457 9099999999999999
114 97 80 63 52 46 48 56 68 81 9310210710810710610510711111812613213513327 728MR13 510822 813599999999999999 516 46155110599999999999999
126113 97 78 60 45 37 36 42 55 70 8710111211812112011811711812112613113427 729MR15 8121232813599999999999999 637 3618 611799999999999999
134129117100 78 56 37 25 22 28 42 62 8410512013013313012512011711812313027 730MR1557133999999999999999999999 751 22201411799999999999999
136139136124104 78 51 28 12  8 15 34 59 8711213114014113512511611111211927 731MR 1 1139163314299999999999999 852  8211911199999999999999
130141148145131108 77 45 18  0 -3  8 32 62 9512214114714413211810610110527 8 1MR 21514817 614899999999999999 944 -322 510199999999999999
117133148156153137109 74 38  9 -7 -7  9 37 72107133148150140123105 93 9027 8 2MR 3151571737151999999999999991030 -92245 8999999999999999
 98115136154162157138107 69 33  6 -7 -2 19 52 88121143151146130108 89 7827 8 3MR 4 916218 5151999999999999991113 -72324 7799999999999999
 79 92114138156163156134102 65 31  8  2 13 39 72107134149150137115 91 7327 8 4MR 5 11631831151999999999999991151  2999999999999999999999
 65 71 89113137154158149126 95 61 34 19 20 36 64 96125145151143123 98 7527 8 5MR 550159185515199999999999999 0 3 651226 1799999999999999
 59 56 66 86110132146148138116 89 62 43 36 44 63 90118140150147132109 8327 8 6MR 640149191715099999999999999 043 561258 3699999999999999
 62 51 52 63 83105124135135125107 86 67 57 58 70 90113134147149139120 9627 8 7MR 731136193815099999999999999 126 501326 5699999999999999
 72 55 48 51 62 80 98113121121113101 87 77 74 80 9311113014314814312910927 8 8MR 82912220 114899999999999999 212 471351 7499999999999999
 87 67 54 48 51 61 75 89101108109106100 93 90 92 9911112513714414313512127 8 9MR 945109202614599999999999999 3 7 481411 9099999999999999
102 83 67 56 50 52 58 69 80 90 9810210410410310410711312113013713913612827 810MR1219104205813999999999999999 417 50141610399999999999999
116100 84 70 58 52 50 54 61 71 82 9210110811211411511611912312813113213027 811MR2154132999999999999999999999 548 50999999999999999999999
125115103 88 73 59 50 45 47 54 65 79 9310611612112212111911811812112412727 812MR1551122235212899999999999999 716 45191011899999999999999
128126119107 91 73 57 44 38 40 48 63 8110011512612912712211511111011412027 813MR16 5129999999999999999999999 819 38203911099999999999999
127131131124110 90 69 50 36 30 34 47 67 8911012613413312611610710110210927 814MR 127132162613599999999999999 9 5 30212110199999999999999
120130137137127109 86 61 40 27 25 34 52 76102123136138132120106 95 92 9727 815MR 226138164713999999999999999 942 242154 9299999999999999
109124138144141127104 77 50 30 21 24 39 63 91117134141137125108 92 84 8527 816MR 31114517 7141999999999999991015 202223 8399999999999999
 96113132145149141122 95 65 40 23 20 31 52 80109131142142130112 93 78 7427 817MR 3511491727144999999999999991044 202252 7499999999999999
 81 98120139151150137113 83 54 32 22 27 45 71100126142145136118 96 77 6627 818MR 4271521746145999999999999991111 222321 6699999999999999
 68 82104127145152146128101 71 46 31 29 41 65 93120140147142125102 79 6327 819MR 5 415218 4147999999999999991136 282350 5899999999999999
 58 67 86110132146149138116 89 63 43 36 43 61 87114136147146132110 85 6427 820MR 54014918221489999999999999912 1 36999999999999999999999
 53 55 69 91115134144141127105 80 59 48 49 62 84109132146148138118 93 6927 821MR 618144184014999999999999999 021 521225 4799999999999999
 53 48 55 72 95116132137132116 96 77 63 59 67 83105127143148142126103 7827 822MR 658137185914899999999999999 054 481250 5999999999999999
 58 46 46 57 75 96114126128121108 92 79 73 75 87104122138146145133113 9027 823MR 744129192014799999999999999 131 451313 7399999999999999
 68 52 44 47 58 75 93108117118113104 94 88 87 9310511913314214413712310327 824MR 842118194214499999999999999 214 441336 8799999999999999
 82 64 50 45 47 56 70 85 9810610910910510210110310911812813714013813011627 825MR1016110201014199999999999999 312 45135410199999999999999
 99 81 65 52 45 44 50 60 73 86 9610411011211411511712012513013413513312627 826MR2054135999999999999999999999 435 44999999999999999999999
116102 86 69 54 43 38 39 47 60 75 9110511612312612612512412412512712913027 827MR1536126225913099999999999999 617 38184112499999999999999
129123111 95 75 55 38 28 27 34 49 69 9111112613413613212511911511511912627 828MR1545136999999999999999999999 740 26203011499999999999999
133136134123103 79 53 31 18 15 25 45 71 9812213714314013011710610110311227 829MR 1 913616 714399999999999999 841 15211410199999999999999
125139147146133110 80 49 24  9  9 24 49 80111134147147137119102 89 85 9227 830MR 223148163014899999999999999 930  82151 8599999999999999
108128147157155139112 78 44 19  7 12 32 63 97127146152144125102 81 70 7027 831MR 3211581654152999999999999991012  72226 6899999999999999
 84107133154164160140109 74 41 19 14 25 50 84117142154151134108 81 61 5327 9 1MR 4121641716155999999999999991049 1323 2 5399999999999999
 60 80108136157165157135104 70 42 27 29 46 75108136153155142118 88 61 4427 9 2MR 5 11651738156999999999999991124 262338 4199999999999999
 42 55 79109137155159149127 97 69 48 42 51 73101130150157150129100 69 4527 9 3MR 5481601758157999999999999991154 42999999999999999999999
 34 38 55 81110134148149137116 92 71 60 62 76 99125146157154138113 83 5527 9 4MR 634150181915899999999999999 015 341222 5999999999999999
 37 32 40 59 83108127137135124108 90 78 75 83100121140153155145124 98 7127 9 5MR 722137183915699999999999999 053 321246 7599999999999999
 49 36 36 46 63 84104118124122114103 93 89 92102118134147152147133111 8827 9 6MR 81512419 115299999999999999 133 3513 7 8999999999999999
 66 49 42 43 52 66 82 9710711211210810310010110611612813914514413612110327 9 7MR 926112192414699999999999999 220 411321 9999999999999999
 84 67 55 49 50 56 66 78 89 9710310610710810911111612313013513713412611427 9 8MR1951137999999999999999999999 322 49999999999999999999999
100 86 73 63 56 54 57 63 71 81 9110010711211511711812012212512612612412027 9 9MR2034127999999999999999999999 456 54999999999999999999999
112103 92 80 69 60 54 53 57 65 76 8910211312012312312011711511511611811927 910MR1521123233412099999999999999 643 53194611599999999999999
119117110 99 85 71 58 49 47 51 61 77 9411012212812812311610810410410711427 911MR1530129999999999999999999999 753 47203610399999999999999
120125124117104 86 68 52 42 41 48 63 83104121132134129118105 96 91 9410327 912MR 123125154613499999999999999 839 4021 6 9199999999999999
115127133132122104 82 60 44 36 39 52 72 96118133139134122106 90 81 81 8927 913MR 22113416 313999999999999999 915 362133 8099999999999999
104122136142137122100 74 52 37 34 43 62 87113132142140128109 89 73 68 7427 914MR 3 5142162014399999999999999 945 342159 6899999999999999
 89110131145147138118 92 65 45 35 39 55 79107130144145135114 90 69 58 5927 915MR 3441481637146999999999999991013 352226 5699999999999999
 72 94119140151149134110 82 57 42 40 51 73100126144149141122 96 70 52 4627 916MR 4201521654150999999999999991040 392254 4699999999999999
 55 75102128147153146127100 74 54 46 51 69 95122142152147130104 75 51 3827 917MR 45715317111529999999999999911 5 462322 3799999999999999
 40 56 82111135150151139117 91 69 56 56 69 91117139152152138113 84 56 3627 918MR 5341521729154999999999999991130 552352 3199999999999999
 31 40 62 90117138147144129108 86 70 65 72 89112134150154144123 95 65 4127 919MR 6121481748154999999999999991155 65999999999999999999999
 29 30 44 68 96120136141134119101 85 77 79 90109129146153148132107 79 5227 920MR 65314118 815399999999999999 024 271219 7699999999999999
 34 27 34 50 73 98117129131124112 99 90 88 95108125140149149138119 94 6827 921MR 741131182915099999999999999 1 0 271242 8899999999999999
 47 34 31 39 54 74 94110119120116109102 99102110122134143146140127108 8627 922MR 843120185214699999999999999 144 3113 3 9999999999999999
 65 49 39 37 43 55 70 86 9910811211311111011111412112813513813713111910427 923MR1040113191913999999999999999 243 36131411099999999999999
 87 70 56 46 41 43 50 62 75 8910010911511812012112212412612812912812411727 924MR20 2129999999999999999999999 412 41999999999999999999999
108 95 80 65 52 43 40 43 52 66 82 9811212212712812612211811611511712012227 925MR1444128232912399999999999999 6 0 40193811599999999999999
122118108 92 74 56 41 34 35 45 62 82103121132136132124113104 9910010611627 926MR1459136999999999999999999999 722 332022 9999999999999999
126132131121103 80 57 38 29 31 44 65 91115133141140129113 96 84 80 85 9927 927MR 123132151914299999999999999 820 282057 8099999999999999
116133144144132110 83 56 36 27 33 51 77106130144147137117 95 74 63 63 7527 928MR 231145154014799999999999999 9 6 272130 6199999999999999
 96120142154153138112 82 54 37 33 43 66 96124145152145126 99 72 51 43 4927 929MR 32515516 215299999999999999 946 3222 4 4399999999999999
 69 97126149160156138111 80 55 43 45 61 88117142155153137110 78 49 32 3027 930MR 4141611623156999999999999991021 422238 2999999999999999
 43 69101132153161154134106 79 60 54 63 84111137155159147122 90 57 31 202710 1MR 5 01611644159999999999999991053 542313 1999999999999999
 24 44 73106134152156146126101 80 68 70 84107132152160154134104 71 40 212710 2MR 54615617 6160999999999999991123 672348 1699999999999999
 16 27 50 80110134146146135117 98 84 80 87104126146158158144119 87 56 312710 3MR 6301481728160999999999999991150 80999999999999999999999
 19 20 35 58 86111129137135124110 97 90 92104121139152156148129103 74 482710 4MR 715138175115699999999999999 023 181216 9099999999999999
 31 24 30 45 67 89109122126124116106 99 98104116130143150147135115 91 672710 5MR 8 5127181515099999999999999 1 1 241240 9899999999999999
 48 36 34 41 55 72 90104113117115111106104106113123133140141135122104 852710 6MR 910117184114199999999999999 143 3413 310499999999999999
 67 53 46 45 51 61 74 87 98106110112111110110113117123128131129123112 992710 7MR11 611219 813199999999999999 236 45132511099999999999999
 85 72 62 56 54 56 63 72 82 931021081131151151151151161171191191171141082710 8MR1945119999999999999999999999 355 54999999999999999999999
100 90 80 71 63 58 57 61 69 79 911021121181211201161121081061061071091102710 9MR141012123 711099999999999999 539 57193310699999999999999
109105 98 88 77 66 58 55 58 67 79 94109120126126120112103 96 93 94 99106271010MR1430126999999999999999999999 7 0 552010 9399999999999999
113116114106 94 79 65 55 53 57 69 85103119129132126115101 88 80 79 85 96271011MR 1 8116144913299999999999999 753 522038 7999999999999999
109120125122112 96 78 62 52 52 61 77 97117131137133121103 84 70 64 69 81271012MR 21012515 613799999999999999 833 5121 4 6499999999999999
 99117130135129114 94 74 58 52 56 70 90113131141140128108 84 64 52 52 63271013MR 256135152414299999999999999 9 7 522131 5099999999999999
 84107128140142132113 90 70 57 55 65 85108130144146136115 88 62 43 37 44271014MR 336143154214799999999999999 938 542158 3799999999999999
 64 91118138148145130108 85 67 60 64 80103127144151144125 96 66 40 26 27271015MR 41514916 01519999999999999910 7 602226 2599999999999999
 43 69100128146151144125102 81 69 67 78 98122142153151135108 75 44 23 16271016MR 4531521620154999999999999991035 662256 1699999999999999
 25 47 78110135149150138119 97 81 74 80 95117138153155144120 88 55 27 12271017MR 53215116421569999999999999911 4 742329 1099999999999999
 12 28 55 87116138147144131112 95 84 84 94112133149156150132103 70 39 17271018MR 61414717 5156999999999999991131 83999999999999999999999
  9 15 35 62 92118135140135123108 96 92 96109126143153153140118 88 58 32271019MR 659140172915499999999999999 0 4  91159 9299999999999999
 16 12 22 42 68 94115128131127117107101101108121135146149144128105 78 52271020MR 752131175615099999999999999 044 12122810099999999999999
 32 20 20 30 48 70 91109119123120115110107110117126136141141133118 98 76271021MR 9 3123182614299999999999999 132 1913 010799999999999999
 55 39 30 29 37 51 68 86101112117118117115114115119124129131129123111 97271022MR104911819 513199999999999999 233 28135311499999999999999
 80 64 50 40 37 41 51 65 81 96109117121121119117115114114116118118116111271023MR1237122204111899999999999999 357 3717 211499999999999999
102 90 76 62 50 43 43 50 63 79 96111122127126121114106100 98 99103109114271024MR1324127235311699999999999999 530 4219 9 9899999999999999
116112103 89 73 58 48 45 51 65 83102119130133128117104 90 81 78 82 92105271025MR1353133999999999999999999999 647 451955 7899999999999999
117125125116101 81 63 51 48 56 72 93114130138137125107 86 69 59 59 68 85271026MR 130126141913999999999999999 746 482032 5799999999999999
106124135137127108 87 67 55 55 65 84107128142145135116 90 65 46 38 43 60271027MR 236137144314599999999999999 834 5421 8 3899999999999999
 84111133145145133112 89 71 62 65 79101124143151146128101 70 43 26 23 34271028MR 33014715 815199999999999999 915 612143 2299999999999999
 58 88118140151149134112 90 75 70 78 96119140153154140115 82 49 24 12 15271029MR 418152153315599999999999999 952 702217 1199999999999999
 33 62 95125145153147131110 91 80 81 93113135152158150129 98 63 32 11  5271030MR 5 41531558158999999999999991027 792252  599999999999999
 15 38 70102130146150142125106 92 86 92107128146157156141114 81 47 21  6271031MR 5471501625159999999999999991059 862327  599999999999999
  7 22 48 79109131143143133118103 93 94103120138152156148128 99 66 37 162711 1MR 6291441652156999999999999991130 92999999999999999999999
  9 15 33 59 87112130137134124111101 96101113128143151149136113 85 56 332711 2MR 712137172015299999999999999 0 2  912 1 9699999999999999
 19 17 27 45 69 93113125129125117107101100107119132142145138122100 75 522711 3MR 757129175014599999999999999 039 16123310099999999999999
 34 26 28 39 56 77 96111120122118112106102104111121130135134125110 90 702711 4MR 849122182113699999999999999 119 26131010299999999999999
 53 41 36 40 50 65 81 97108115117115111106105106111117123125122113101 862711 5MR 954117185712599999999999999 2 3 3614 310599999999999999
 71 58 49 46 50 58 70 83 96107113116115112108105105106109112112110105 972711 6MR1112116195011399999999999999 259 46154710599999999999999
 87 76 66 59 55 57 63 73 85 97108115118118114108102 98 96 97 991011031022711 7MR1219119221010399999999999999 412 551814 9699999999999999
 98 92 84 75 67 62 62 67 76 88101112120123121114104 94 86 83 83 88 941002711 8MR13 2123999999999999999999999 533 611920 8299999999999999
104105100 92 82 73 66 65 70 80 94108120127127121109 94 80 70 67 70 80 922711 9MR 033105133212899999999999999 642 651957 6799999999999999
104112114110100 88 76 69 68 75 87103119130134129116 97 77 61 52 52 61 77271110MR 151114135713499999999999999 736 682029 5199999999999999
 96112122124118106 91 78 72 73 83 98115130138137125105 80 57 41 35 41 57271111MR 245125142113999999999999999 820 712059 3599999999999999
 80104123133133124109 92 80 75 80 93111129141144135115 88 59 35 22 22 35271112MR 330135144514599999999999999 9 0 752130 2099999999999999
 59 87114134142139126109 92 82 81 90106125142149145128101 68 38 16  7 14271113MR 413142151015099999999999999 936 8022 3  799999999999999
 35 65 97124142147140125107 92 86 89102120139151153141116 83 48 19  1 -1271114MR 4551471537153999999999999991011 852238 -299999999999999
 13 39 72105131145147137122105 94 91 99114133149156150132102 66 32  6 -6271115MR 53814816 6156999999999999991045 912316 -799999999999999
 -2 17 46 80111133144143132117104 96 98108125142153155144120 88 53 22  1271116MR 6231451637156999999999999991120 962356 -699999999999999
 -6  2 24 53 85113132139137126114103100105117132146153149134108 77 45 18271117MR 7121401712153999999999999991156100999999999999999999999
  2 -1 10 32 60 89113128133130121111104103110121133143146140123 99 71 43271118MR 8 5133175014699999999999999 041 -1123710399999999999999
 22 10  9 21 41 66 91111123128125118110105105110119129135135128114 94 70271119MR 9 4128183513699999999999999 131  8132910499999999999999
 48 31 21 22 32 49 71 92110121124122116109104103106111117122123118108 93271120MR10 6125193912399999999999999 227 20144810399999999999999
 75 58 43 35 35 43 58 76 95111121124122115107100 95 95 97102107110110106271121MR11 4124213111199999999999999 331 341644 9499999999999999
 97 84 70 58 50 48 54 67 83100115124126123114102 91 82 78 79 84 92101107271122MR1153126235110999999999999999 442 481819 7899999999999999
109105 96 84 72 63 60 65 76 92108122129130123110 94 77 65 59 60 68 81 96271123MR1234131999999999999999999999 553 601920 5999999999999999
108115115109 97 84 74 71 75 86101118130136133121103 81 60 46 40 44 57 75271124MR 132116131013699999999999999 658 7120 6 4099999999999999
 96113124126119107 93 83 79 84 96112128139141133116 91 65 42 27 24 32 51271125MR 243126134514199999999999999 755 792047 2499999999999999
 75100121133134127113 99 89 86 93106123138146144130107 77 48 25 12 13 27271126MR 340135141914699999999999999 845 862126 1199999999999999
 51 80108129140139130115100 92 92101116133146150143123 94 62 32 11  3  9271127MR 428141145215099999999999999 930 9122 4  399999999999999
 29 57 88116135144140128113100 94 97109125141151150137112 80 47 19  3  0271128MR 51114415261529999999999999910 9 942240 -199999999999999
 12 36 66 98123139143137123108 98 95102116133147153146128 99 66 35 11  0271129MR 55114316 0153999999999999991046 952316 -199999999999999
  3 20 47 77106128139139130116103 95 97107122138149150138115 85 54 26  8271130MR 6291401634151999999999999991121 952351  399999999999999
  3 12 32 59 88113130136132122108 98 94 99111127140147142127102 73 44 222712 1MR 7 613617 8147999999999999991155 94999999999999999999999
 10 11 23 45 72 97117129131125113102 94 94102114128138140132114 90 63 392712 2MR 742131174214099999999999999 026  91231 9399999999999999
 23 17 22 37 59 83104119126125117107 97 93 95103115125132130119102 80 572712 3MR 819127181913299999999999999 1 2 171311 9299999999999999
 39 28 27 35 51 71 92109120123120112102 95 92 94102111119122118108 92 742712 4MR 85812419 012299999999999999 138 2614 1 9299999999999999
 56 43 37 39 49 64 82 99113120121117108 99 92 89 91 96103108110107 99 872712 5MR 939122195311099999999999999 216 3715 8 8999999999999999
 73 60 52 49 52 61 75 91105116121120115106 97 89 84 84 87 92 97100 99 942712 6MR1023121211810099999999999999 259 491636 8499999999999999
 87 78 69 63 61 64 73 85 98110119123121114103 92 82 75 72 74 80 87 92 962712 7MR11 81232328 9699999999999999 352 6118 1 7299999999999999
 96 92 86 80 74 72 75 82 93105116123125121112 99 84 70 61 58 61 69 79 902712 8MR1152125999999999999999999999 459 7219 1 5899999999999999
 98102102 98 91 85 82 83 89100111122128128122108 90 71 54 44 42 48 60 772712 9MR 124103123312999999999999999 613 821946 4199999999999999
 93106113114109101 93 89 90 96106118129134131120101 78 55 36 26 27 38 56271210MR 237114131213499999999999999 722 882026 2599999999999999
 78100116124124118108 99 93 94102114126136139133116 91 63 36 17 10 15 31271211MR 331125135013999999999999999 821 9321 6  999999999999999
 56 84108126134132123112101 96 99108122135144144132109 79 46 18  1 -3  7271212MR 418134142814599999999999999 912 962147 -499999999999999
 30 60 91117135141136125112102 98103115130144150146128100 65 31  3-12-11271213MR 5 314115 815099999999999999 956 982229-1499999999999999
  4 32 66 98125140143136123110100 99107121137150154145122 90 53 19 -7-18271214MR 5471431548154999999999999991038 982312-1999999999999999
-13  7 38 73105129142142133118105 98100110126142153153140115 81 44 11-11271215MR 6311431631155999999999999991119 982356-1899999999999999
-18 -9 14 47 81111132140137126112100 95100112128143151148133106 73 39 10271216MR 71314017161529999999999999912 2 95999999999999999999999
 -8-11  2 26 58 90116132137131118104 94 92 98110126139144140124 98 68 38271217MR 75413718 414499999999999999 040-121248 9199999999999999
 14  2  3 17 42 71 99120131132124110 97 88 87 93105118129133128114 92 67271218MR 833133185813399999999999999 124  01340 8699999999999999
 42 24 17 21 36 59 85108124130127117103 90 81 80 85 95106116120116106 89271219MR 91013020 412099999999999999 2 9 171442 8099999999999999
 70 52 40 36 42 56 76 98116127129123111 96 83 74 71 74 82 92101106106101271220MR 946129213210799999999999999 253 361558 7199999999999999
 90 78 65 57 56 62 75 92109122129128120106 91 76 65 60 60 66 76 86 95100271221MR1023129233410099999999999999 341 561722 5999999999999999
100 96 89 81 75 75 80 90104117126130127118103 85 68 55 47 46 51 62 75 88271222MR11 4130999999999999999999999 437 741839 4599999999999999
 98104105101 95 91 89 93101111122130132128117100 80 60 43 34 32 38 52 69271223MR 139105115313299999999999999 548 891941 3299999999999999
 86101111115113107101 98100106116126133135129116 96 72 49 31 21 20 30 47271224MR 3 4115124613599999999999999 710 982033 1999999999999999
 68 90109121125121114106102102108118129136137130114 90 63 38 19 10 13 26271225MR 359125133913899999999999999 8231012117 1099999999999999
 48 74 99118129131125115105100101109121133140140129109 82 52 26  9  3 10271226MR 441131142814199999999999999 9201002158  399999999999999
 28 54 83109127135133124111101 96100110124137144141126101 71 41 16  1  0271227MR 51613515121449999999999999910 4 962235 -199999999999999
 12 35 65 94119133137130118104 94 92100113129142146138119 91 59 29  7 -2271228MR 5491371552146999999999999991041 9223 9 -299999999999999
  3 20 47 78106126136134123108 95 88 90101118134144144132108 78 46 19  3271229MR 6191361629146999999999999991115 872342 -199999999999999
  0 11 33 62 92116131134127113 98 86 83 90104122137143138122 95 65 36 14271230MR 64713517 6144999999999999991148 83999999999999999999999
  4  8 25 50 79105124132129118102 87 79 80 91107124136138129109 82 54 29271231MR 713132174213999999999999999 0 5  41221 7899999999999999
