20824526927526123420116914814415919123227029530228825821617313611210712127 1 1MS 247275145030299999999999999 844143214710699999999999999
152190227254267264246221194174166175199231263286293282254214170131104 9427 1 2MS 41726815552939999999999999910 01662258 9499999999999999
105134174216252275279267243214188172173191221254281293286258215167122 8927 1 3MS 54628017 8294999999999999991127171999999999999999999999
 77 8812016621726229130028725822218716516318121425428630229426221315710627 1 4MS 652300181130299999999999999 0 2 77123816199999999999999
 70 58 7411417022928131231829926221717615115017421626330031530126120314027 1 5MS 74331919 331599999999999999 056 58133214799999999999999
 85 50 44 6811918425030333132930025320115713514117622728031732730425318627 1 6MS 826334194832899999999999999 143 42141713399999999999999
118 63 33 36 7313520827632534433028923317713512214118824830233533429823527 1 7MS 9 4344202933999999999999999 225 30145512299999999999999
161 91 40 21 38 8916123930434434932026720514911611615121027432534833228127 1 8MS 93835121 634899999999999999 3 2 21153011299999999999999
208130 63 23 19 5411919827433135534129723517212310412217223830234435131827 1 9MS10 8355214035399999999999999 336 1616 110499999999999999
253173 97 39 15 31 8315924031035135432126319813910310213920026832535334127 110MS1035357221335499999999999999 4 7 141631 9899999999999999
290216136 68 26 22 58126207283338357338288224160112 9411316423029433834727 111MS1059357224434999999999999999 436 1817 0 9499999999999999
317254177104 50 28 46100175254317351347308248184129 97 9813319125631033827 112MS1123354231633999999999999999 5 4 281729 9399999999999999
329284217145 85 49 48 84148223290336348323271209151108 9310915421327131227 113MS1148348235232599999999999999 532 4418 0 9399999999999999
325303252189128 84 65 81127191258311337330292237178129 99 9612116822227227 114MS1217339999999999999999999999 6 3 651836 9499999999999999
302305278231178130 99 94118164222277314325306265212160119 9710012616821727 115MS 035308125232599999999999999 641 931924 9599999999999999
260285286264227185148127127149188235278304308288250202155117 97 9711815527 116MS 132289133830999999999999999 7301242030 9499999999999999
200241268276265240207177157154167195232267289294280249206159119 92 84 9727 117MS 254276144529599999999999999 8441532154 8499999999999999
130174220256277280265239209184169170187217250277291286261219169120 82 6327 118MS 43928116162919999999999999910281682318 6299999999999999
 68 98146201251288304297272236201173161169197235272297303282238180119 6827 119MS 61130417433049999999999999912 6160999999999999999999999
 37 35 6512118825430633232930025520616414114617722527531332630725818811427 120MS 723334185632699999999999999 033 32132114099999999999999
 50  9  4 3810318426532836035631926220014611712316222328633435233027219127 121MS 822363195835299999999999999 138  1142111599999999999999
105 30-17-21 21 98192284353385373324255181120 9110415622930335737534527727 122MS 913386205337599999999999999 236-251512 9099999999999999
186 91 11-36-33 21110214310378401374313233152 91 69 9616224532437838734727 123MS 956401214139099999999999999 327-411557 6999999999999999
268170 73 -5-42-25 43141248341397401357283197117 65 5910217826634438838427 124MS1034405222539399999999999999 411-431637 5599999999999999
330245147 55-11-30  6 86188290367400381321240155 84 50 6412120328935638327 125MS11 740023 438399999999999999 450-301713 4899999999999999
362298212122 44  0  5 58144241327379384343272191115 63 51 8314923030435327 126MS1135388234036399999999999999 525 -41746 5099999999999999
360325259180105 50 32 58121205287347370349293221148 89 59 6711117724830527 127MS12 0370999999999999999999999 555 311817 5799999999999999
334325283222158104 74 78118181252312345342304245180121 82 71 9213719625227 128MS 015335122434899999999999999 623 711850 7199999999999999
291303286248200154122112130170224276313323305264210157114 91 9111415319927 129MS 054303125132499999999999999 6521121930 8899999999999999
24026527025723019817015415417120324227529429327223719515512410710712415327 130MS 145271132629699999999999999 730151202910599999999999999
18721723824724423221519818718619421323625626826725423019916613912011312027 131MS 314248142826999999999999999 84018522 111399999999999999
13916619422124025125024122721220019620121523224825625524021418214912110527 2 1MS 5282521621257999999999999991056196233610299999999999999
10311714518021725027027626724622019518017919221624226327025923119214811027 2 2MS 6512761755270999999999999991234178999999999999999999999
 86 81 9713318022927129630028225021017615515617821425328229327824118913527 2 3MS 740301185529399999999999999 044 80132815399999999999999
 89 62 60 8613419425329932131428323718714813114117722727630931528923817427 2 4MS 817322194131699999999999999 133 5814 813099999999999999
111 62 39 48 8915122228532733731526921115611911213919125330633532928722227 2 5MS 849338202033799999999999999 213 38144211199999999999999
147 81 35 23 49107182258319349342301241176121 9410515021628433535333027127 2 6MS 918351205735399999999999999 249 231514 9399999999999999
194115 50 16 22 67141224299348359330273203136 90 8011117424831635835831527 2 7MS 946361213136499999999999999 322 131544 7999999999999999
242158 81 26  9 38103187271337367353303233159 98 68 8013120528234336834727 2 8MS101136722 336899999999999999 352  91614 6799999999999999
286205121 52 15 22 73152239316363366328261186116 69 60 9516124031235836127 2 9MS1035370223536599999999999999 421 121642 5899999999999999
320248166 90 38 24 55123208289348369345286212139 81 55 6912219627233135727 210MS105736923 635799999999999999 449 2317 9 5499999999999999
339283209133 73 43 53104179259325360352306237163101 61 56 9015322629233427 211MS1120362233934399999999999999 516 411737 5499999999999999
340307247178117 76 67 97156229295340349319261192127 79 57 7011417724329627 212MS1144350999999999999999999999 544 6618 8 5799999999999999
322314275220164119 97105143200261310333323282224162109 74 66 8713118724227 213MS 016323121233399999999999999 615 961847 6699999999999999
283299287255212171141131145180226271302311293254204153110 84 79 9713217827 214MS 1 4299124931199999999999999 6551311943 7899999999999999
224258274270251223195174167175197228258280285272245207165127100 87 9311627 215MS 217275134828599999999999999 7581672112 8799999999999999
152193230256267265251230209194188193209231252266268257230193151113 86 7527 216MS 41926815402699999999999999910 418823 1 7599999999999999
 86116160207249280293287266236206182171177200231261282285265226173119 7327 217MS 61029317392869999999999999912 8171999999999999999999999
 47 49 7913219525730432732229324920015913714217322027030832130325518711527 218MS 719329185732199999999999999 027 44131913599999999999999
 53 16 14 51118199277335361349306244179125 9911015622228934035833327219027 219MS 811362195635899999999999999 133 101412 9899999999999999
103 30-12 -9 40123218306368386360300223145 86 65 9115423631637138434827427 220MS 854387204638699999999999999 226-171457 6599999999999999
180 85  8-29-13 52148251341394396351275187105 51 44 8816726034339439434427 221MS 932401213140199999999999999 312-301538 4099999999999999
259159 64 -5-27  7 87191294373405384320233141 65 26 4110319328836540138427 222MS10 5405221140299999999999999 353-281614 2599999999999999
320230133 47 -4 -3 52142244335391395349271180 95 35 21 5713322631437538927 223MS1034400224639099999999999999 429-111647 1999999999999999
353282194107 42 17 44113205296364388362297213128 60 25 36 9017125833036727 224MS1059388231936999999999999999 459 171716 2399999999999999
358310238160 94 55 59105179262332368361312239160 90 44 36 6813120727932827 225MS1120371234934199999999999999 525 511742 3499999999999999
341316264201141 99 87112167235300341348317258188122 73 53 6510716723028227 226MS1140350999999999999999999999 549 8718 8 5299999999999999
308304273228180142123132165215268309325310269214156109 81 78 9913918823427 227MS 02131012 132599999999999999 6121231837 7699999999999999
26627726724321118216215917420323927329229126923319015011910510812615518927 228MS 1 0277122729499999999999999 640158192010499999999999999
21923924624323121620219419420321923725426125624121819116514413112813515127 3 1MS 2 724713 726199999999999999 727193204712899999999999999
17219421322823724023723122221521021021522323023523422721119116814813312727 3 2MS 459240152623599999999999999102920923 212799999999999999
13214817119922725026426525523721519618518519621523524925224021418114711927 3 3MS 6372661741252999999999999991228183999999999999999999999
10410712616020224427629228826623319616715315918321925427828226422617813027 3 4MS 718293184228499999999999999 023103131215399999999999999
 94 77 8511716722327430731629825921016413212514618824028631230927622215927 3 5MS 749316192431499999999999999 111 77134512499999999999999
103 64 54 7612519025730933532829123617512510010814820827232134132327320327 3 6MS 81733620 234199999999999999 149 531416 9899999999999999
131 71 39 43 84150227297342352324268199133 87 7610416523930835335932225527 3 7MS 844353203836299999999999999 224 361447 7599999999999999
175 99 44 24 48109189271336366353303231155 91 56 6511619227434137436230727 3 8MS 912367211437699999999999999 257 241518 5499999999999999
228143 70 26 27 72149237316366373334266185109 54 39 7114022630936638134827 3 9MS 938376214838299999999999999 329 201549 3899999999999999
279194112 49 25 49114200286352379358298218136 67 30 39 9317426333737837127 310MS10 4379222238199999999999999 4 1 251619 2899999999999999
320243161 89 44 44 90166252327371369323248165 90 38 24 5712621229435337227 311MS1028376225437299999999999999 431 381647 2399999999999999
345284208135 80 59 81142221296351367338275195118 58 27 38 8816324431335227 312MS1052367232835699999999999999 459 591716 2699999999999999
350310248181123 89 91130194264322352342295226152 88 46 36 6312019126131327 313MS1116353999999999999999999999 528 851746 3599999999999999
334319277222169130116132176233288325332307254190128 80 54 57 8914220325927 314MS 0 4334114433499999999999999 5591161824 5299999999999999
296306290256215178154151170206249286306302274229178130 94 76 8010514619427 315MS 051306122030899999999999999 6381491919 7599999999999999
238268279272253227203186183193213240263276274256228192154122100 9410413027 316MS 2 6279132127799999999999999 7461822054 9499999999999999
167206240263273269255235215200193196210228246258261250226191153118 93 8627 317MS 41427315422619999999999999910111932251 8699999999999999
100132176223263291300289264231197171161169194228261284288268228176122 8027 318MS 55730017402899999999999999912 3161999999999999999999999
 58 6610215822228032133431827922717513411713117122628031933030725518611527 319MS 657334185033199999999999999 015 5713 311799999999999999
 58 29 39 86158238309354362333276206139 91 7710416323830835636633226618227 320MS 742364194336799999999999999 116 281350 7799999999999999
100 36  9 29 91178268343382375327253170 96 50 49 9417226033838538633926027 321MS 821385203039299999999999999 2 5  91432 4499999999999999
168 82 21  5 41117213306373396368302215127 55 22 3910319328836540138632627 322MS 857396211340399999999999999 248  41510 2199999999999999
240147 66 18 21 74161258342391390340259168 82 24 11 5012822431738240036827 323MS 928397215140199999999999999 327 121545  999999999999999
299212125 57 31 55123214303369391363294207118 46  9 21 7816525933938438127 324MS 956391222638999999999999999 4 1 311616  799999999999999
334261180107 62 61105181266339378370318239153 77 25 15 5012020628934936927 325MS1020381225736999999999999999 431 551644 1399999999999999
347292222153101 82105162236307355364330264185109 52 27 42 9216424230634227 326MS1042366232734699999999999999 458 8217 8 2799999999999999
340305250191140112117154213277327347330280213143 85 51 50 8113620126330527 327MS11 3347235631999999999999999 5211091733 4699999999999999
319303266219175145138158198249294321318286235176122 85 72 8512117022126427 328MS1125323999999999999999999999 5451371759 7299999999999999
28728726923920617916617119322626128729528024720516112510510311914918522127 329MS 031290115029599999999999999 613165183510199999999999999
24826125924823021219819319921323225026226124822619817014713313214015818127 330MS 123262122726399999999999999 656193193913199999999999999
20522523824524524023122221421021121622423223523422721319417515814614314927 331MS 335246141423599999999999999 924210215414399999999999999
16318420723024926026225323821920119018719520922724124824122319716814312827 4 1MS 53726217 2248999999999999991143187233212699999999999999
12714216920424027028628526723820417415615617420423926728027224520416112427 4 2MS 62628818 8281999999999999991231154999999999999999999999
10310512816921926630031330026622017213612113216721726730331429625319714127 4 3MS 659313185331499999999999999 02710113 512099999999999999
 98 79 89128186248301332331300247186131 95 9112117724330233934130724817927 4 4MS 729335193334499999999999999 1 9 781337 8999999999999999
116 72 62 88145216285337355335283215144 87 60 7412419827533736735530423227 4 5MS 759355201236899999999999999 147 611411 6099999999999999
156 91 54 58102174254323364364322253173 99 48 37 7114122730936738435529127 4 6MS 829370205138499999999999999 225 501445 3599999999999999
211132 72 48 70131213294355379356294212128 58 20 29 8316725933938638634127 4 7MS 9 0379213039299999999999999 3 2 481520 1799999999999999
269187112 63 57 98171255329375375329253166 85 26  7 3710819929036139137427 4 8MS 93138122 839299999999999999 338 541553  799999999999999
318242164100 68 82137215294354377353290206122 50  9 12 6114123231537038127 4 9MS10 0377224538399999999999999 413 671626  499999999999999
349288215147 99 88119182257323362361317244162 87 32 11 33 9317525932736327 410MS1029367232236699999999999999 446 8717 0 1199999999999999
358318258195142113119161222286335352331277204131 70 32 29 6312520027232427 411MS1058352999999999999999999999 5201111735 2699999999999999
343329289237187150137154195248297327328297243180120 73 50 56 9114721126827 412MS 0 3344113133199999999999999 5561371818 4999999999999999
306318303271231194169164181213253286304298271228178131 95 77 8210815220327 413MS 055318121630599999999999999 6441641918 7699999999999999
250283296290270241213192183190209235260275276262235199160126103 9711014127 414MS 211296133527799999999999999 8 51832050 9699999999999999
183227264287294284262234206185177183202227252269273261234195154118 97 9727 415MS 35329415472749999999999999910 51772230 9499999999999999
120161210258295313308284247205168146144164200242279300298272226172122 8727 416MS 51831417253039999999999999911341422347 7899999999999999
 7810014720826931633933129624418613510510413418724830233433430124417711527 417MS 6153401830339999999999999991231100999999999999999999999
 72 63 90148221292343362343293224153 95 65 7311919026633136536031624817127 418MS 7 0362192236899999999999999 046 611317 6399999999999999
103 60 57 96166247321368374338272191114 56 35 5912120629135738637031523927 419MS 73937720 838699999999999999 135 531359 3599999999999999
159 92 57 66118197281349382370316237151 75 26 21 6213923131737639336330027 420MS 815384205139399999999999999 218 551437 1799999999999999
222144 85 64 89153235314369382350281195111 43 11 25 8316826033938438534427 421MS 847384213039099999999999999 258 641513 1099999999999999
276199129 86 83124195275342377367315237151 75 23 12 4611620429035438136427 422MS 91837922 638199999999999999 333 791545 1199999999999999
314246175120 95112166238309358369337271190111 50 19 30 8115624031335836427 423MS 945370223936799999999999999 4 6 951614 1899999999999999
334279215156119115149208275331358346297225149 82 40 33 6312319727132534927 424MS1012359231034999999999999999 4351121642 3199999999999999
338299245189147129144187245301337341310253184119 70 49 6210316423128832327 425MS1037344234033099999999999999 5 212917 8 4999999999999999
328306266218176151151177220269308325312272216156106 76 73 9714219725029027 426MS11 4325999999999999999999999 5301471736 7199999999999999
308302277241205177166176203239275298300279240193147112 9710413016921425327 427MS 013308113430299999999999999 6 11661811 9799999999999999
27928727925823220618918519521524126427627225322418915513212313015018121527 428MS 057287121627799999999999999 64618519 312399999999999999
24526427226825523621720319719921022624225225424522720217615514314315517727 429MS 2 8272133725499999999999999 813196203114299999999999999
20523325526927226524922920819318518820122023825125524722619917215114114627 430MS 3502721550255999999999999991013185221214199999999999999
16519422825928129028226123019817115615817620623926728127625221617814512827 5 1MS 5 32901714282999999999999991124154232412699999999999999
13015319123527630431229726321717113511912816020725629631430527122317213127 5 2MS 5513131811314999999999999991210119999999999999999999999
110116148199255303331331302250190134 95 8410615622028332934532628021916027 5 3MS 630335185834599999999999999 0181081250 8399999999999999
114 95109155218282332354340293225154 93 56 57 9616424231335936833828021027 5 4MS 7 7355194337099999999999999 1 5 941329 5299999999999999
146100 87114172244311357367336272193115 55 26 42 9918026734138238133927327 5 5MS 745369202838799999999999999 150 8614 9 2699999999999999
199133 92 89128196272337374368320243157 79 24  8 4011120229236339538233227 5 6MS 822377211339699999999999999 233 851450  899999999999999
261186124 91101152225300357380357294210123 49  4  4 5013122631437739737327 5 7MS 9 0380215739899999999999999 316 891531 -299999999999999
317245174119 99122180254323368374335263177 94 29 -3 12 7115624933038138927 5 8MS 938377224039199999999999999 358 991611 -399999999999999
356297228163120115149210280338368357307231149 74 21  5 33 9818326933837527 5 9MS1015369232337899999999999999 4391121652  599999999999999
370332275212158129136176236297342356333278205130 67 28 25 6112620528033627 510MS1054356999999999999999999999 5191271735 2299999999999999
360348309256202161144157197250300332336308255191127 76 48 52 8914821828227 511MS 0 9360113733899999999999999 6 41441823 4699999999999999
326341327292246201169157171205249288312313289245192139 97 75 7911016222127 512MS 1 0341123231699999999999999 6571571921 7399999999999999
275312326315285246206176163171196232266290297283251208163124100 9812216427 513MS 2 2326135029799999999999999 8 81632034 9699999999999999
21726730332031428925121117615615417320524227429229227123519014811810812327 514MS 313321152829599999999999999 934152215410899999999999999
16121126330432532329725620816413412614217822426930131229826221416412610927 515MS 423327165631299999999999999105012523 710999999999999999
121158211268314339335303253194140103 9311315921827632033632228222717112727 516MS 52234118 3336999999999999991150 93999999999999999999999
107119161221283331354342300238170109 71 65 9515422529334135833929223016927 517MS 610354185835899999999999999 0 81071240 6399999999999999
123106123173238303349363340286213139 78 45 49 9216224131336037034429022527 518MS 653364194637299999999999999 1 01061324 4299999999999999
163119109136192261324362364327261183108 52 29 4710218026333337237333827927 519MS 733368203137899999999999999 14710814 5 2999999999999999
213154118118155217286342368355305231151 81 35 26 5812320628734937736632327 520MS 811369211337899999999999999 2301131443 2499999999999999
262197144120132179245310355366337275197120 59 27 35 8015323531035937335027 521MS 846367215137499999999999999 3101191519 2599999999999999
301238178136127153208273330361354310241164 94 46 31 5511218826632936336027 522MS 920363222636699999999999999 3461261553 3199999999999999
326272212161134141179238299343357333278206133 75 43 47 8615022529334035627 523MS 952357225835699999999999999 4191321624 4199999999999999
339297242188151140162208266317346341304242172109 66 54 7412318925731234227 524MS1023348232734599999999999999 4491401653 5399999999999999
340312266215172150155186235286324336317271210147 98 72 7510816122328031927 525MS1054336235833299999999999999 5191481723 6999999999999999
332318284240197167158174208253293318316289242187136100 8910414119324729127 526MS1128321999999999999999999999 5511581756 8999999999999999
31631729726322419017017018822025728830229426622417813911511213116721325827 527MS 03232012 930299999999999999 631167183811099999999999999
29230730328325221819117517619221824827328427825622218515313413214918122027 528MS 11730813 928499999999999999 728174193513199999999999999
25928830129827925121919117416918020323125827427626223620317215114515618327 529MS 217302143727799999999999999 847169205214599999999999999
21925728730330228525521918515914915618021424927628828225822418816014715327 530MS 32830516102889999999999999910 6149221314799999999999999
17821625829331431529525721116713311812715820425229131230928324219816214227 531MS 43331717233149999999999999911 9118232214099999999999999
145172216266307331330302252194139 99 84 9914320226431333933530325420215827 6 1MS 52833418223419999999999999912 1 84999999999999999999999
134138171223279325349341302240170108 65 54 7913520828133736535631726020127 6 2MS 617350191636699999999999999 0221321249 5399999999999999
152127135174233295343363347295222145 78 36 31 6713521929935838437032426227 6 3MS 7 436420 838499999999999999 1171261338 2899999999999999
198147122135182247312359373346284203121 53 13 16 6314123131537539637732527 6 4MS 75137321 039699999999999999 2101221427  999999999999999
259192141120140194263328371377340270185101 33 -1 11 6615124633038740237627 6 5MS 839380215140399999999999999 3 11201516 -299999999999999
320251183135121149208279342379375330254167 84 21 -5 16 7916826334439440027 6 6MS 926383223840399999999999999 34912116 4 -699999999999999
366306236171130126162225294352380367315236150 72 17  1 3210119128235539427 6 7MS1012381232339799999999999999 4351221650  099999999999999
389348286218159128134177240306356374352295218138 67 24 20 5913121730036127 6 8MS1058374999999999999999999999 5201251735 1699999999999999
385370324263200151130145190251310351360332276205133 74 43 49 9316324231327 6 9MS 0 6386114536199999999999999 6 51301821 4199999999999999
359371347300241186146134154198253304337340313262200139 92 71 8412719126027 610MS 048371123734399999999999999 65313419 9 7199999999999999
31835135332628022617714413615519524428931832229925820615611810311615521127 611MS 133356133832399999999999999 74713620 310399999999999999
27031734133931126721717214113214718222827130131029726522317914613114117427 612MS 224344145531099999999999999 85213121 713199999999999999
22227331333433130526121116513111913116420925629231030628124420216815015427 613MS 32233616193119999999999999910 1119221814999999999999999
18222527331233333030325820415311610011014519524929432032230026221918115827 614MS 42333517343249999999999999911 6100232815699999999999999
159184227275316338334303252193137 96 79 9313319125230433533831527422718427 615MS 52134018373409999999999999912 3 79999999999999999999999
159159185231282324345337299241176117 76 63 8313119726432035135132327722527 616MS 613346193135599999999999999 0301551254 6399999999999999
180154157189239294336352336290226156 97 59 53 8213921128233736335732327127 617MS 7 1352201836599999999999999 1241521340 5199999999999999
215170148158197253309347356331276205135 78 48 52 9115723230335237135531227 618MS 74635721 137199999999999999 2121481423 4599999999999999
256199158144164212272326358356319256182113 63 43 6011018225932536537134327 619MS 827362214037399999999999999 25414415 3 4399999999999999
293233179146145177233294343364349300230155 91 51 46 7813921428934537136227 620MS 9 6364221437299999999999999 3321411539 4499999999999999
322266206160139153198259318357363333273199127 73 48 6010617525131836036827 621MS 941365224436999999999999999 4 61391611 4899999999999999
342293234180145141170224285337362352307240166103 63 57 8614521728834136427 622MS1014363231036599999999999999 4371391641 5599999999999999
354314259203159140153194251308347356330275205139 88 66 7812318825831835327 623MS1045357233635999999999999999 5 614017 9 6699999999999999
357330282227178147144171218273320345338301242178122 88 8311016322829033527 624MS1118346999999999999999999999 5361421739 8199999999999999
35233930125120116314515518823528432033231527321816312110111014620025930927 625MS 0 3352115533299999999999999 6 9145181210199999999999999
33934131827622918615614816319724128231031529525620916513412413917622527527 626MS 035344124231699999999999999 651148185412499999999999999
31533332730026021617815314816319523427229630128625521618015514816219423727 627MS 115334134430299999999999999 745147195014899999999999999
28031232631829225321117314713915118021925828729929226923620217716617520027 628MS 2 832615 829999999999999999 85413921 416699999999999999
23727730832231729325420816513412012815820124728530731029226022419417617727 629MS 31532316373119999999999999910 8120222917499999999999999
197232272307326325301258205153114 9410113418524129132433431828424320417827 630MS 4273281752334999999999999991116 93234717199999999999999
171188225270311336338312262200138 90 66 7311217224130234435934330525620827 7 1MS 5343401858359999999999999991217 65999999999999999999999
173161178219271319350353323265193123 67 40 49 9416424431536538136331926227 7 2MS 635356195838199999999999999 0551611316 3899999999999999
206164149169216276331366368333267186108 47 17 29 8216225133038440037732527 7 3MS 734372205440099999999999999 1561491414 1699999999999999
261197151137161217284345382382340266178 94 30  0 18 7916826434840141238127 7 4MS 830387214441499999999999999 25213615 8  099999999999999
322250182135126159222296360396390340260167 81 16 -7 20 9018528536841541527 7 5MS 922399223042199999999999999 3431241558 -799999999999999
374306229160118119163234311374405390331246153 69 11 -1 3811621531238641927 7 6MS1011405231142099999999999999 4291131644 -399999999999999
404352279201138107121174249325382402376312227138 63 19 23 7315725233939727 7 7MS1056403234741199999999999999 5111061726 1599999999999999
410379318244172120104131191265334380387352287207129 69 44 6312120328935927 7 8MS1140390999999999999999999999 55210418 5 4499999999999999
394388345280210149112111146206274333365361323262194132 91 8311217224531527 7 9MS 020397122436899999999999999 6311061843 8199999999999999
36437835730824718513611312215921527332034133329824819414912412715921327327 710MS 053379131334299999999999999 714112192412199999999999999
32535535532727922417213411913116521226129931631028524820817616016619423727 711MS 130359141431799999999999999 8 4119201416099999999999999
28332033833230526321517013712413216020024327829930128726223220519119221127 712MS 216339153930299999999999999 9 8124212618999999999999999
24227830732231929626021517313912112414618322626529430730228325622820720027 713MS 3203231713307999999999999991023120225520099999999999999
21023526629531531729926522017313511111013016921626430232232230327223820927 714MS 4373181829325999999999999991135107999999999999999999999
194199222257292318325308271221168123 96 9311716221827531934234131627723427 715MS 548325192634599999999999999 0151931236 9199999999999999
198180186214257300330338317273215155106 79 8111216623229434036035131726927 716MS 646338201136199999999999999 1161791327 7699999999999999
218179164177216268316348350321267200135 87 64 7511818225431836137235130527 717MS 735353205037299999999999999 2 31641411 6499999999999999
249195159152178228288338364357315250177112 68 56 8013620928434437737333827 718MS 817366212538099999999999999 2431511450 5599999999999999
282221169142149190251314360376354298224149 88 54 58 9916724631836838436327 719MS 855376215538499999999999999 3181401525 5199999999999999
313250188145133158213280341378377338270191119 68 51 7413220928735138437927 720MS 930383222138799999999999999 3501321556 5199999999999999
339278212157128135177242310363384365309234156 93 58 6310617625632837638627 721MS10 2384224538799999999999999 4191261624 5599999999999999
358303237176133123149205273336374376339272196127 79 65 9115122730236038527 722MS103338123 838599999999999999 4471221651 6599999999999999
371324261198146121130173235300350372355304235166110 82 9013420127533837427 723MS11 4372233138099999999999999 5141201718 8099999999999999
37534128422116512912214719826031635235632527020715011110212718124731035527 724MS1137358235637099999999999999 543120174610199999999999999
37035130524719014512413116521727331834033329824719415112913516822027832727 725MS1215341999999999999999999999 616123181912899999999999999
35535332327422017113812614017622327130832331228224120016915816920124529127 726MS 02635813 532399999999999999 65712619 215899999999999999
32734133130025620816613812914217321525829130730228225222119718719521825127 727MS 1 6342141630799999999999999 75412920 418799999999999999
28731432531729125421017014012613215619423727429830629827725022621020721827 728MS 2 4325155930699999999999999 913126214320699999999999999
24227229931531529826622217713911411012816621426130032232430828024922120527 729MS 3323171737326999999999999991042109232920399999999999999
205223253287314326318287239184132 95 81 9613719425631034535533930526122027 730MS 5 732718523559999999999999912 0 81999999999999999999999
191183200237283324348345312255187121 72 50 6411218225932737238536531926327 731MS 624350195238599999999999999 04918213 7 5099999999999999
208168157179227287341374373335267185107 48 22 40 9818127135040040937932227 8 1MS 729378204441199999999999999 15115614 6 2299999999999999
252186141132163225298363401397350270178 91 26  2 28 9819429337642342337927 8 2MS 826405212942999999999999999 2431301459  299999999999999
309229157113112158232315385422410352263165 75 12 -3 3611922232440343742027 8 3MS 91642422 943899999999999999 3301061547 -599999999999999
362281196125 90104164248335404431407339246147 62 11 12 6715826335942243527 8 4MS10 3431224543799999999999999 413 891629  499999999999999
399328242158 97 79111182270354412425387312221130 59 28 4911721130838742527 8 5MS1045426231642799999999999999 452 7817 6 2899999999999999
413359281197124 81 84131207292365405400353279196122 72 6510417726534539827 8 6MS1124409234341099999999999999 527 761739 6299999999999999
408374310233159104 8310315823230636138236431424818212810411716523430736427 8 7MS12 1382999999999999999999999 6 1 83181010399999999999999
389375328263195137102 9912918424830634234932528223118415214717121727432627 8 8MS 0 8389124235099999999999999 635 96184114699999999999999
35836133428622917513411512215219824929131431529626623220318719121324928927 8 9MS 035364133231799999999999999 714114192018699999999999999
32133532830126121617614713414016319823526728629228527025023222222223425527 810MS 1 9336145629299999999999999 810134202822199999999999999
28029930730228425622319016414914715918321324426928729328927726024523423227 811MS 2 730717 529399999999999999 939146223923299999999999999
24125627328729328726924120817615113814216219323126829831531530127724922527 812MS 4 32931831317999999999999991116138999999999999999999999
21321623325828430230529025921717413911912014318423428432234133731327623527 813MS 541306192034299999999999999 018212122611799999999999999
202186193220259298325330309267213159117 9610313619025331035036334730925827 814MS 642331195736399999999999999 1121861316 9599999999999999
208173162181224277324352350317261195134 91 77 9614521228334137437434128827 815MS 727355202937899999999999999 1511621356 7799999999999999
228175146149185243305355376360311241167106 69 6810517024731937138936932027 816MS 8 5376205838999999999999999 2251431431 6499999999999999
255191143127149203272338382389355290210135 79 57 7513120828935739339035027 817MS 840391212539799999999999999 25612715 3 5799999999999999
285215153117120162231306368399387334257175105 62 5910017225633438740237427 818MS 914400215040299999999999999 3261131533 5599999999999999
315242172120103128188265339390402369302220142 83 60 8114122330637240339127 819MS 946403221440499999999999999 35510316 2 6099999999999999
341270196133 98104150222300364398388337262183116 76 7712119427634939439927 820MS1017400223640299999999999999 422 951629 7199999999999999
361295221153106 93121182257328377390360298225156106 8911317324932337639527 821MS1047391225839599999999999999 449 921655 8999999999999999
373316245176122 9410414821528634437536732426219714411512016122529535238227 822MS1119376232038499999999999999 516 93172211399999999999999
375333269202144107 9912517724130234435733729223718615114116220826732135927 823MS1153358234536899999999999999 544 98175014199999999999999
36734229223217413010811414619625130033033331027223119517517720124228732627 824MS1236335999999999999999999999 619107182617399999999999999
34634031026421416813412012815619724328230631029727224422020821022725428527 825MS 018347134231199999999999999 7 8120192120799999999999999
31032131529225821918115013413315018021825528329830029127325423823023224427 826MS 1 9322153930199999999999999 831131211923099999999999999
26328329830229427424320616914012412614818422726930232032230928425723221727 827MS 2533021736324999999999999991024123233321499999999999999
216231256283306316307278234183136103 9311015120826831935235934130525921627 828MS 5 43161846360999999999999991153 92999999999999999999999
186179197236283325350347314256187122 74 57 7612920228034738739236230924527 829MS 625353193839499999999999999 04717813 0 5799999999999999
187148142172228295354388384341268183103 46 28 5612321330537941841236629627 830MS 725391202242199999999999999 1401401354 2899999999999999
218149109112158233315385421410353266170 83 25 14 5613824033841043841535127 831MS 81742321 243899999999999999 2261051443 1299999999999999
267180110 77 96159249340411441417348253153 67 17 21 7917327937343344039627 9 1MS 9 4441213844499999999999999 3 9 771526 1299999999999999
318226138 75 59 97175272364428443405327230135 59 27 5112322232340343942127 9 2MS 947445221044099999999999999 348 5816 5 2799999999999999
358271179100 54 60115202299382430426375295204121 66 5810118227636341842427 9 3MS1026435223842899999999999999 424 501639 5599999999999999
382306218135 74 52 80147235322388413392335259182120 9010616324232338541027 9 4MS11 241323 241099999999999999 456 521710 9099999999999999
388329251172106 68 7111418426433437738134929323017213513116322229135138427 9 5MS1137384232438799999999999999 526 64173712899999999999999
380340276205142 98 8410415221628032935134130826221618016517821526631635127 9 6MS1211351234636099999999999999 554 8418 316599999999999999
36033729223517913511211313918223327830831730528025022220420322024928431427 9 7MS1253317999999999999999999999 626109183320199999999999999
32932229725921717815113914416519523026028028728427325824423623524425827627 9 8MS 01232914 928799999999999999 711139193123499999999999999
29029528827224922319717716616417218921123525527228228528127226125124424327 9 9MS 055295165228599999999999999 843163223424399999999999999
24925726527027026224622520118016516016818721424627629931030729326924422327 910MS 3312711817311999999999999991053160999999999999999999999
21321723125327529029127524721117614813714417020925529832733732629625721827 911MS 533292185733799999999999999 01421312 713699999999999999
19018019322326330032232129725420315512211112816822328233035735532728022727 912MS 629324192736099999999999999 056180125411199999999999999
181154156186235290334355343302243179125 94 9412718525431836337835731024827 913MS 7 9355195437899999999999999 1271511330 9099999999999999
186141126146197263326369379350291218148 96 75 9314521829535739038334127627 914MS 744380202139299999999999999 15612614 3 7599999999999999
205143108111153222298362396388340266186117 74 7110917926233838940237130927 915MS 819398204740399999999999999 2261041435 6799999999999999
233159104 86112174255335392409381316234154 92 66 8414322530937640839534227 916MS 853410211340999999999999999 255 8615 6 6599999999999999
265185116 76 80128205291366409406359283201127 80 7511618927535240140836827 917MS 927414213841199999999999999 325 721537 7199999999999999
298216139 82 64 91157242325387410387326248171111 8510316124132138240738527 918MS10 041022 340799999999999999 355 6316 7 8499999999999999
325246166101 64 7011819427735039439535528821615211110714621329035539339027 919MS1032401222639799999999999999 423 61163510499999999999999
345274195126 79 65 9215323030536238536731825519414712814519526132637138327 920MS11 4385224938499999999999999 451 6417 312899999999999999
356298225157103 75 8212218625631835636233428623318816015918823829434136427 921MS1139364231536599999999999999 520 73173215599999999999999
356316256193138101 8910715020726531233633330726823020018619422326330433327 922MS1222338234834199999999999999 554 8918 818699999999999999
34032228323418414211611112816320825429031031029427024522521722223926429027 923MS1329312999999999999999999999 64411019 821799999999999999
30731029727123720016614213113615618922726228830130229127425524023123124127 924MS 041311153330399999999999999 812130212823099999999999999
25727428629028326423419916513912613215619423827931132732430627724521820127 925MS 2512901722328999999999999991013125232919999999999999999
202218246278303314305276230179133103 9812116922828933636135832928323118527 926MS 5 53151823363999999999999991140 96999999999999999999999
158157185232286332356350311250179116 74 67 9715923731337039538233526920027 927MS 61835819 939599999999999999 0311541242 6599999999999999
142111119164233307368397384332255170 96 50 48 9216926134540341838732223927 928MS 713398194941999999999999999 1181091333 4399999999999999
158 96 72 96160247335400426402336247155 78 38 4810819829637942642337229027 929MS 8 1426202643199999999999999 2 1 721418 3699999999999999
198114 58 48 91172270362424438400324230138 69 42 7014323933540643340733827 930MS 84643921 043399999999999999 241 4615 0 4299999999999999
246153 75 33 44104197297383433431380299208125 71 641091912853694204213722710 1MS 927439213142799999999999999 318 311538 6199999999999999
290197110 48 28 59133229323395426406347268187120 871021612433273914143892710 2MS10 6426215941499999999999999 353 271612 8699999999999999
323238151 79 38 43 921712623423944033703092371711251171502152903563933892710 3MS1042405222439799999999999999 425 34164211599999999999999
343270189116 66 50 751342112883493773683282722131661451572002613223643752710 4MS1115378224737699999999999999 453 5017 914499999999999999
348292222154101 74 791161752423013403483292912452041771751982402893313502710 5MS1147349231035199999999999999 520 72173517399999999999999
340303249191140107 991171552062572973173162962672352112002072302622953172710 6MS1225319233732199999999999999 548 9918 620099999999999999
3193002662231811491311331511812182532792902892782612432302262312442622782710 7MS1323291999999999999999999999 625130185722699999999999999
2872842702472211941731611611701882122362562702782792732632522432372362412710 8MS 015288153627999999999999999 734160213823599999999999999
2492562602592522392202011841731701771942162422662862962942822632412212092710 9MS 222260172129699999999999999 949170233220799999999999999
209219236255271276268248220191166153156175206244281309321314290256219188271010MS 45527618 8321999999999999991120152999999999999999999999
173178201235272300309297266223179145129137167212264310339343321280229181271011MS 557309183934499999999999999 016172121112999999999999999
147139158201254304336340315267210156118108128175236298345365353311251188271012MS 63934219 736599999999999999 048138125010899999999999999
136109116156218286341369360318254186128 96 98136200272336376379345283210271013MS 716370193538399999999999999 1181071326 9299999999999999
141 93 80108169247322375392366307232159105 83103159236312371395376320243271014MS 75339220 439599999999999999 149 7914 1 8399999999999999
163 96 60 66116194281356400400357286206136 90 85124194276349395398356283271015MS 830406203440299999999999999 222 571437 8299999999999999
197118 60 41 69137226314382411393336260182119 88102157236315377403382321271016MS 9 741121 440399999999999999 255 411512 8799999999999999
237152 79 37 39 87168259342397408374309233163113100132198277347391394351271017MS 944409213339899999999999999 328 321547 9999999999999999
276191112 53 30 53117202290361398391345279210151119126172241312366388368271018MS102040022 238899999999999999 4 1 30162011699999999999999
309230150 83 43 40 80151234311366385363314253194151138160212276333369369271019MS1057385223137499999999999999 433 36165313799999999999999
332266192123 72 49 64112182256319357361334287235191164165194243296337354271020MS113736423 335499999999999999 5 8 49172916199999999999999
339295234170115 79 70 92139201263312338335310272232200185191218257296323271021MS1224340234432999999999999999 548 69181318499999999999999
328309270220170127100 96114153203254294316317300273243219205207223248275271022MS1333319999999999999999999999 643 95192420499999999999999
295301290265230190154128116124150189234273301312308289263236214203204219271023MS 051301151131399999999999999 8 7116212220299999999999999
242265283289281259225186150125118133167213261301325329313281243205178168271024MS 259289164133099999999999999 950118225916899999999999999
178206244280307314298262213162122103111147202263316349355332288232178138271025MS 4493141742356999999999999991112102999999999999999999999
123138180237294336352335290227162110 84 95139207280342377376339277205138271026MS 559352182838199999999999999 0 01231214 8499999999999999
 92 81109169245317369385361303229154 97 72 91147226307370398383328250167271027MS 65438519 939899999999999999 047 8013 5 7299999999999999
 95 52 52 97174263344396405370302220143 88 72102171256337392406372301213271028MS 742407194740799999999999999 130 471351 7199999999999999
126 57 25 41103192287367412409363289207133 87 84128204290363404397345263271029MS 827417202340799999999999999 211 241433 7999999999999999
172 89 31 15 49123218311383414398344269190126 95108164242322381401374307271030MS 9 9415205640199999999999999 249 141512 9499999999999999
220132 60 19 23 72154247332389403375316244174125112141204279347386384338271031MS 949404212739199999999999999 325 15154811199999999999999
263178100 43 23 471081912773473843813432842181621311371782423093603773532711 1MS1026388215637799999999999999 358 23162112999999999999999
296219142 78 43 44 821492273003513693513082521971581461672152743273573532711 2MS1059369222436099999999999999 428 38165114699999999999999
315252181117 73 58 761231882563123433443182752271871651691982442933293402711 3MS1131347225234099999999999999 457 58172116399999999999999
320275217157109 84 851141622192733113253162892512151881801932222602953142711 4MS12 5325232331699999999999999 526 81175318099999999999999
3122862441951501181071181471902352752993042932702412162001982092322582802711 5MS1248304999999999999999999999 6 0107183819799999999999999
2902822602281921601391341451692022372662832882812652452252122062112232402711 6MS 0 5290135428899999999999999 64913420 320699999999999999
2562642632512312051811631551591751992282552742852852742552342141991942002711 7MS 121265152828699999999999999 811155215919499999999999999
2152332502612612502292031801631581671892192512782962992872632312001751642711 8MS 334262164330099999999999999 952158231016499999999999999
1701912212522772862772522181841571451531802182602963183182972592131691382711 9MS 5 228617323219999999999999911 6145235512899999999999999
128142178225271305317303268221175141129142179230282323341331295240180129271110MS 5573171810342999999999999991159129999999999999999999999
 97 96126179243301338345320272213160123116140190252310350359333278209140271111MS 643347184636099999999999999 033 92124511599999999999999
 86 61 74123194270333367364326266200143109111149211280339371365321250170271112MS 725371192137499999999999999 110 61132810599999999999999
 98 49 36 67133216298361387372322254184129103116167238309362382359297216271113MS 8 8388195838299999999999999 148 35141010299999999999999
132 62 21 24 72151242325381396368310238170119104131192266334377381340267271114MS 850397203538599999999999999 227 17145210499999999999999
180 97 34  7 26 87174267345391394356293222157117115154220293352382368314271115MS 933398211238399999999999999 3 6  6153311099999999999999
233147 70 17  5 39110200289359392382337273205149121132180247314362375347271116MS1016394215037699999999999999 346  4161312099999999999999
283201119 52 13 16 61137225306363383363314252192147132155206270326360359271117MS1058383222836599999999999999 427  9165413299999999999999
320253175102 47 22 37 89164245315359366340291235184151148176226281327348271118MS1142368231034899999999999999 5 8 22173614599999999999999
336293230160 99 56 43 64116186257315347347319274225183160162189233279314271119MS1229351999999999999999999999 553 42182615799999999999999
327313274219161110 76 68 90137198260308333331305266223187166167188223262271120MS 0 0327132533599999999999999 646 68192916499999999999999
292306297268225177133102 93109148201255299323323302267227190164157170200271121MS 1 7306143132699999999999999 752 93205015799999999999999
236269291294278245203160126110118149197249294322327309273228184149134140271122MS 240295154332899999999999999 911110221213399999999999999
168209252287305299273231184143118119146193248297330338318276222167123100271123MS 41730516473389999999999999910291152318 9999999999999999
106139190247296325326300254199150119116143194254309345350324271205140 89271124MS 5333291740352999999999999991137113999999999999999999999
 65 76119184254313348350319266205150116114146203269326359358320256180109271125MS 633354182736399999999999999 012 65123411099999999999999
 57 38 58113189269333368365327268202146113116156219288343369356306232151271126MS 725371191137099999999999999 1 0 38132511099999999999999
 79 32 22 54121205288351380369324261194139113125173240308357371345283203271127MS 813381195137299999999999999 144 20141211299999999999999
121 54 16 19 64139227307364383362311246181132116140195264326364365324254271128MS 858383203037099999999999999 226 12145511699999999999999
172 94 36 12 30 86166252326370376346290225165127125160220287341365349297271129MS 93937921 736599999999999999 3 5 12153412199999999999999
221141 72 27 20 52117199279340370361321262200150127140185248309350357326271130MS1016371214135999999999999999 342 1816 912799999999999999
264187113 56 28 38 841552343033493603372902311771401341612132733243493392712 1MS1049361221335099999999999999 414 27164113399999999999999
294227154 91 50 42 681241952663213473413072562031601401491862392923293372712 2MS1119349224533899999999999999 444 40171113999999999999999
311259193129 80 57 661051652312903273363162762271821531481682092572993202712 3MS1147336231732299999999999999 513 56174214799999999999999
314280227168116 83 77 981432002573013223172902492071731551601842222622922712 4MS1218323235530299999999999999 543 76181815599999999999999
302288253205157118 991031311742252703013102982702331981721611681902222532712 5MS1255310999999999999999999999 619 9819 616199999999999999
2752812672371991621341221291551932352722942982862602281961721611651822082712 6MS 046281134529999999999999999 7 7122201616199999999999999
2362572662592392101791541431471671992362682892942842602281951671501471612712 7MS 2 4266145129499999999999999 814142213914699999999999999
1872182462642672552302001731561531681962322662903002912662281871501251192712 8MS 34226816 230099999999999999 939152224811999999999999999
134166207247276288279253218184158150161191231271301313302269221169123 932712 9MS 5 428817 33139999999999999910571502342 8699999999999999
 88109153207260298315304272229186153141153188236283317328311266206143 90271210MS 6 631517543289999999999999912 1141999999999999999999999
 59 59 91148216279324340325285233182144131148190246299335341314257186115271211MS 7 0340184234399999999999999 031 55125713199999999999999
 58 29 37 81152230301348360338290231174134123147198260316350350311244164271212MS 751361193035599999999999999 118 27134912399999999999999
 88 30  5 23 79160246321367374344289224164124119151209276333363353304228271213MS 841376201736499999999999999 2 6  5143911699999999999999
142 64  8-10 18 85173264339381380343282213152116118159224293347370351292271214MS 92938621 437099999999999999 254-10152711299999999999999
210121 44 -7-16 22 98191283355389379333267197138109122171240309358372342271215MS1016390215037299999999999999 341-18161310899999999999999
276190102 29-13-11 38120215304367389367314245177125107130186256321362365271216MS1059389223536999999999999999 427-18165610799999999999999
326255170 87 23 -7  8 65150242322371379347288220158116110142201268326356271217MS1140381232035999999999999999 511 -8173910899999999999999
349304233154 81 29 12 38101183267333367360320260197143113117153211272320271218MS1220369999999999999999999999 554 12182311099999999999999
341327282217147 87 48 43 76138213284335354337293236179134112122158210264271219MS 0 734213 035499999999999999 638 41191211299999999999999
304320306266211153105 78 80113169234292329337315273220168129112120153199271220MS 1 1320134533899999999999999 726 75201011199999999999999
247283299291261218171132110113141188243290319322301261211163124105110137271221MS 2 9300143832499999999999999 824108211910499999999999999
179225264286288269236196161139137157196242284310315296258208158116 92 92271222MS 334290154231699999999999999 9351352231 8999999999999999
115157206252284296286259221184157148162195238279308315297258205150102 73271223MS 5 229616483159999999999999910541482337 6899999999999999
 70 94140196251293312307280240197163148158190235280312321302258199137 85271224MS 61731317503219999999999999912 7148999999999999999999999
 53 51 79131196259308331324294248199159141151187237286320328304254188121271225MS 717332184532999999999999999 035 4813 914199999999999999
 66 35 37 73134206275325346335297244190148132147190246299332334302243171271226MS 8 8346193433799999999999999 127 3214 113299999999999999
101 48 22 32 78147225295342356335289230173134124149201262315342335293226271227MS 853356201934499999999999999 213 21144612399999999999999
149 80 31 15 38 94171251317355357324269207152120123160220283332349329275271228MS 933361205934999999999999999 255 15152511799999999999999
200123 58 20 18 55123204281338361347302240177130112130181246307345348312271229MS10 7361213535299999999999999 332 1416 011299999999999999
246168 94 39 17 33 86162243311352356324268204147113113149209275327351335271230MS103635922 735199999999999999 4 5 16163010899999999999999
285211134 68 29 27 63129208283336355338291229168122106125174238299338343271231MS11 1355223834699999999999999 434 23165810699999999999999
