148184215234239227203175151138140156183213239255255239208170131102 86 8827 1 1MT 346239153225799999999999999 9231372225 8599999999999999
105135171205231243240224201178162158166183206228242243228200162124 93 7627 1 2MT 51724416342449999999999999910521582331 7499999999999999
 76 93125165205238257259245221194172161162175197219235238225196157116 8227 1 3MT 6372601741239999999999999991224159999999999999999999999
 63 63 8412116821525427527726023019716815215216819321923824122419114610127 1 4MT 735279184024299999999999999 029 61133015099999999999999
 65 47 53 8112718223527429328926322518515413914416719922924724622318112927 1 5MT 819294192724999999999999999 117 47141513999999999999999
 80 45 34 48 8714320525829430529025420816513612814317521324525924921616327 1 6MT 85530520 725999999999999999 157 34145012899999999999999
106 56 27 26 5310416823228230930727923318314212012415119223426226824620027 1 7MT 927312204326999999999999999 233 23152111999999999999999
139 79 34 15 27 6813019926030131529925820515512111212916821525527627023527 1 8MT 957315211727799999999999999 3 7 15155011199999999999999
177111 53 17 12 40 9416323128531431228122917412910611114218923727228226227 1 9MT1026317215128299999999999999 339 10161910599999999999999
214149 83 33 10 21 63127199262304317299254197144108 9911816021125628127927 110MT1054318222528499999999999999 411 101649 9899999999999999
246189121 61 23 16 42 96165234287314310277223165118 94 9913117922926728127 111MT112331723 128199999999999999 442 141720 9399999999999999
267224163 99 49 25 34 73134202263302313293248190135 99 8810514519524127027 112MT1151314233927699999999999999 514 241752 8899999999999999
274250202142 87 50 40 62109171233281305300268216159112 87 8811415720524527 113MT1220307999999999999999999999 548 401828 8499999999999999
265262233186133 88 64 66 95144201252286296279239186135 97 81 9012016320727 114MT 021267125129699999999999999 625 6119 8 8199999999999999
241256249222181137103 89 98128171218257278277253213164119 88 79 9112116127 115MT 112256132728099999999999999 7 7 891955 7999999999999999
201231246242221188155129120128152186221249261256232194150111 84 76 8611327 116MT 217247141226299999999999999 8 21202056 7699999999999999
150188220239243232209182160148150164187213234244240220187147108 80 67 7327 117MT 344244151424499999999999999 9221472211 6799999999999999
 96131173211240254253237212187168159163177198219233234219190149107 72 5227 118MT 52325616362359999999999999911131592330 4999999999999999
 52 72111159208249274280266238205175155150161184211232240230199154102 5727 119MT 6462801758240999999999999991248150999999999999999999999
 29 25 48 93152214265298306289253209168141133147177213243256246210155 9227 120MT 74930719 525699999999999999 039 24135113399999999999999
 37  4  0 28 8315522728632232730225519915012011613918022626227726221815127 121MT 84032920 227799999999999999 138 -2143911599999999999999
 77 16-19-18 19 8616824730834133730024117712610010413919124428329527321727 122MT 925344205229599999999999999 229-231521 9899999999999999
140 60 -3-33-24 25102190270328351335285216149100 83 9914620726330030627427 123MT10 6351214030899999999999999 317-3516 1 8399999999999999
209125 45-13-34-14 46129218293340350319257183118 78 7210215722227831030727 124MT1044351222631399999999999999 4 1-341640 7099999999999999
266195111 36-11-20 13 80164247311343336291221148 91 62 6910917023428530827 125MT1119345231130999999999999999 443-211718 6199999999999999
297250178101 38  5 10 52121201272319333309255184117 71 56 7412018124028227 126MT1152333235829799999999999999 523  21757 5699999999999999
297279231165100 53 35 51 98163231285314310275216151 95 62 58 8413118723727 127MT1224317999999999999999999999 6 2 351837 5699999999999999
270277257214160111 79 74 97141196248284295279238183127 84 63 68 9613918627 128MT 046278125529599999999999999 641 731919 6299999999999999
227252256238205165132114116139175215249268267245207160116 85 72 8010514027 129MT 141257132727199999999999999 72311220 7 7299999999999999
178211232237228206181160150153168191216236244238218186150117 94 84 8910627 130MT 25123814 624499999999999999 8181492110 8399999999999999
134165194216228228219204189179176180190203215220216203180153125103 90 8927 131MT 43123015 822099999999999999 9551752236 8899999999999999
100122151182210231240239228211194181175176184195205208202186162133107 8727 2 1MT 6202411653208999999999999991219175999999999999999999999
 80 87108141180216244259259244220193171158157168186204214213197169134 9927 2 2MT 728261182421599999999999999 0 1 80133315699999999999999
 74 64 7310014218923326527827224821317715013814316319121723122820616812327 2 3MT 811279192123299999999999999 1 3 64141213799999999999999
 81 53 46 6310215521025728629227323619115112612213917221023925124020615527 2 4MT 84429320 225199999999999999 148 46144112199999999999999
101 56 32 35 6511818023928330329426021116012210711714919423626326624219327 2 5MT 912303203726899999999999999 224 3015 710699999999999999
131 72 31 18 35 82146213270304309282233176127 98 9712417122226328227223127 2 6MT 938311211028399999999999999 256 171532 9499999999999999
169101 44 13 16 51112183250297316301257197138 96 82 9914219825128529126427 2 7MT10 3316214229399999999999999 326 101557 8299999999999999
209138 70 23  8 29 81152225283316314279221155102 74 7711216722727429828827 2 8MT1028320221429999999999999999 355  81623 7199999999999999
246180107 48 16 19 58122196263307320298245178115 73 61 8313219425129029927 2 9MT1052321224730099999999999999 424 131650 6199999999999999
275221151 84 37 23 45 97167237291317309268204136 81 54 61 9815521726829527 210MT1116318232329799999999999999 454 231719 5399999999999999
291255196129 73 43 46 81140207266303309283229162100 59 48 6911517523327427 211MT1142311999999999999999999999 525 401750 4799999999999999
290275234177120 79 64 80121178236279298287248190127 76 49 52 8213118723727 212MT 0 229012 929899999999999999 559 641825 4799999999999999
269277258220171126 99 96117157204247274278257214160106 67 51 61 9313918827 213MT 047277123927999999999999999 637 9419 7 5199999999999999
230255261246215179147130131149179213241255251228190144102 72 60 69 9613327 214MT 145261131725699999999999999 72712820 3 6099999999999999
175212237247242225200178164161169185205222230227210182147112 84 69 70 8627 215MT 3 9248141423199999999999999 8451602127 6899999999999999
115152189221242250245230210191177171174184198210215209192164129 96 71 5927 216MT 5 525116 12159999999999999911 91712311 5999999999999999
 65 88125170213248269273260235204176158152160179201219225215187147101 6227 217MT 6422741754225999999999999991254152999999999999999999999
 39 37 60104160218265294300281244199159132125140171208238252243209156 9627 218MT 74330119 825399999999999999 033 35134812599999999999999
 44 13 11 40 9616623528931931928723517812910210313117822826628226822215427 219MT 82932320 328299999999999999 134  81428 9999999999999999
 81 22 -9 -5 36105185260314337323276209144 95 75 9013419525429530628122227 220MT 9 7338205030799999999999999 223-1215 5 7599999999999999
142 63  4-21 -4 51130216289334342310247171105 63 57 8914821827931631828027 221MT 942344213332299999999999999 3 6-211539 5599999999999999
209124 46 -4-15 16 82167250313343332281206129 69 41 52 9916824129832731627 222MT1014344221532899999999999999 346-171613 4099999999999999
267190107 39  3  7 52125208281327337305240161 89 42 31 5811719025930732427 223MT1044338225632499999999999999 423 -11647 3099999999999999
302245170 96 43 25 45 98171244300326314267195119 59 29 35 7513820826830427 224MT1112327233731199999999999999 459 251720 2799999999999999
309278222154 96 61 59 90145210268303308280223153 89 45 32 51 9715821926727 225MT1139311999999999999999999999 534 561754 3199999999999999
291286253202149108 90100134184235274290278239183123 74 47 47 7311817122127 226MT 02029212 529099999999999999 6 9 901829 4399999999999999
256270260232192155130124139170207241262262241202154108 75 62 69 9613417527 227MT 1 6270123226599999999999999 64612419 8 6299999999999999
212238247240220194171158157169190213231238231209178142111 90 83 9111013827 228MT 2 324713 123899999999999999 7331561958 8399999999999999
16919721822822922020719418418118419220120821020419017014712611010210311327 3 1MT 331230134521099999999999999 9 1181212510199999999999999
13115417920322023023222621520219018117817918418919218917916514612711010227 3 2MT 54223216 1192999999999999991211178232310199999999999999
10311513816719822524425124522820518216415515616718319720320018516013110427 3 3MT 7 22511812204999999999999991320154999999999999999999999
 87 85 9912816720824226426925522719215913813214216619421722822219916212127 3 4MT 745270191122899999999999999 040 84135113199999999999999
 85 65 66 8913018123026728527925120816412911211714318021824625323820014927 3 5MT 815286195125499999999999999 128 63141611199999999999999
 98 60 45 56 94148208259291297274230176128 98 9411615920825027427124018627 3 6MT 842298202427799999999999999 2 5 441439 9299999999999999
124 69 37 34 62115181243289308295253194135 92 75 8913018624228229527622727 3 7MT 9 6308205629599999999999999 236 3115 3 7599999999999999
160 93 44 24 38 84151220278311311276216149 93 62 64 9915622027430530326627 3 8MT 929315212730999999999999999 3 5 241527 5999999999999999
203129 66 29 27 60121194260306319296241170103 57 44 6712018825330031729827 3 9MT 952319215931799999999999999 334 231552 4499999999999999
246173102 49 29 46 96165236292319310265196121 62 33 41 8314822028031531727 310MT1016320223232199999999999999 4 3 291618 3299999999999999
282220147 84 47 45 79138208270308314284223148 79 34 24 5010617724629731827 311MT104031623 831999999999999999 433 411646 2399999999999999
306261195129 80 60 74118179241288307293247178106 49 21 29 6813120026130027 312MT11 6307234831099999999999999 5 5 601718 2099999999999999
310287239179125 91 86109155210259288290261208141 79 37 24 44 8915021226227 313MT1134293999999999999999999999 541 841753 2499999999999999
291293268225176135115118143183225258272262228176119 71 42 39 6210415720927 314MT 03429512 527299999999999999 6221131836 3799999999999999
250272273254221186158145149168195222242246233203161118 81 60 59 7610915027 315MT 132275124524799999999999999 7161441935 5799999999999999
192227250258250231207187173170176189204216220212194166134105 83 74 80 9927 316MT 258258135222099999999999999 84917021 8 7499999999999999
130167203233252258251234212191175167169178191203208204189163132102 79 7027 317MT 45525816 720899999999999999112016723 2 7099999999999999
 79103141186227260276275256226192162143139151174201222230221194154109 7227 318MT 62527818 1230999999999999991243139999999999999999999999
 52 54 8012618223627829929526722217413311011113417321524926425421816410527 319MT 72130119 826499999999999999 025 50132910799999999999999
 56 31 34 69127194256301318303259200140 96 78 9113118624128229627822916027 320MT 8 2318195829699999999999999 123 2814 6 7899999999999999
 91 39 16 29 76145220283322326294233162 99 60 55 8514221027231131828722427 321MT 837329204132099999999999999 2 9 151439 5399999999999999
146 75 26 14 40100177252308333318267193117 59 33 45 9316423929933132628127 322MT 9 9333212233499999999999999 249 131511 3299999999999999
209128 62 26 28 69138215282324329293226146 74 28 20 5111419126531833831927 323MT 93833222 133899999999999999 327 221543 1899999999999999
263188113 59 38 57109180251303325309256179101 40 12 23 7014121828432533127 324MT10 5325224033499999999999999 4 2 381614 1199999999999999
300240168105 67 63 94151218275310311275211135 66 22 13 40 9616923929432127 325MT1032315231832299999999999999 436 601645 1299999999999999
314275216154106 85 96134189245285300283235169100 47 22 29 6712619225229227 326MT1058300235730699999999999999 510 851717 2099999999999999
306289249197149118111130168215256279277247196136 81 45 36 55 9615120725327 327MT1125282999999999999999999999 5451101749 3699999999999999
281284264229188154137139159192226251260246212166118 79 59 61 8412216721127 328MT 038285115326099999999999999 6231351825 5799999999999999
245262261244218189168158162178200221234233216187151117 93 82 8710713717127 329MT 127264122523599999999999999 7111581910 8299999999999999
20422924324423421820018517717618319420521020719617615313211510610811913927 330MT 236245131321099999999999999 831176202210699999999999999
16318921222923723622821419918617717417618218819219118317015413712311611727 331MT 42323715151929999999999999911 1174222111599999999999999
12914917520222624224824222620418116315315316317819320320419517615212711027 4 1MT 6 02481738205999999999999991228152235410499999999999999
10411313516820423625826425322819416113712713415418220922823121818915311727 4 2MT 65226418442329999999999999913 6127999999999999999999999
 93 86 9913117422025727727725421416913010710512516120323825825723218914027 4 3MT 728280192626199999999999999 051 86133510399999999999999
 97 73 72 97141195246281293278238184132 94 80 9413218323427228727223217527 4 4MT 75629320 128799999999999999 132 6914 0 8099999999999999
118 75 57 70109166226275302297262205142 90 61 64 9815321627030330527521927 4 5MT 822304203530899999999999999 2 6 571425 5999999999999999
152 94 58 54 82136201260300310285230161 95 51 39 6211518425230232431126427 4 6MT 84731121 832599999999999999 238 521451 3999999999999999
197128 76 53 65109173238289313303257186112 53 23 31 7514321928432633330427 4 7MT 912314214233599999999999999 3 9 531518 2299999999999999
245173108 68 61 89144210269306311280217139 67 21 10 38 9717425030833733027 4 8MT 939314221933999999999999999 342 601547  999999999999999
288223153 99 73 81121180242289309295246174 96 35  5 12 5512420227232033627 4 9MT10 6309225833699999999999999 416 721619  399999999999999
317268204143101 89109153210261293297267209136 67 19  5 26 7814822128231827 410MT1037299234132699999999999999 452 891654  599999999999999
325299250193143114113137179227266284274237178112 55 21 18 46 9816322727827 411MT1111284999999999999999999999 5341101735 1699999999999999
306307282239192154134137159194230256264248211159105 61 38 40 6711216822127 412MT 031310115126499999999999999 6231331825 3699999999999999
264287288269237201171155155170194219236240227198158116 82 63 62 8111616027 413MT 134291124424199999999999999 7291531931 6099999999999999
205243268276266244216189170163166180197212220217200174142111 88 79 8610927 414MT 256276141322099999999999999 9 916221 5 7999999999999999
144185225256272272257231201173155149155172192211221219202174140108 87 8227 415MT 43127416192229999999999999910581492246 8199999999999999
 96127170215254279285271240200161133121127150183216240247235204160117 8527 416MT 54828517542479999999999999912 9121999999999999999999999
 72 82115164217263292297276235183134101 9010414018823426827926422417011627 417MT 642299185727999999999999999 0 4 721256 9099999999999999
 77 62 76116173232281307303269214152 98 67 65 9314520626129830628223116727 418MT 724309194630799999999999999 1 2 621334 6299999999999999
108 68 58 81131194255299315297247179112 61 39 51 9616223229032332228622527 419MT 759315202932799999999999999 149 5814 9 3899999999999999
156 98 65 65 99157223279312312276212137 71 30 23 5311418926131533832527727 420MT 83031621 933999999999999999 229 611441 2199999999999999
210142 91 70 83128190252297314295243170 95 38 12 23 7014021828633034131427 421MT 9 0314214734199999999999999 3 7 701512 1199999999999999
259191130 91 84110161221274305304268204128 60 18  9 38 9617124530433533127 422MT 928309222433899999999999999 343 821544  899999999999999
295236173123 98105139192246286300282233164 93 38 13 21 6312720026631232927 423MT 95730023 132999999999999999 418 971615 1299999999999999
313271214160123112129168217261286284253197131 71 31 22 45 9315722327831027 424MT1027289233831699999999999999 4531121647 2299999999999999
314290247196153129129152190232264275261222166108 62 39 43 7312318223827927 425MT1058275999999999999999999999 5301261721 3799999999999999
299294267227186154140147170203235255256235195146100 68 57 6910114719724227 426MT 018300113225999999999999999 6111401759 5799999999999999
273284274249216183161153160180206228239234212178139105 84 80 9412316220327 427MT 1 2284121224099999999999999 7 01531844 7999999999999999
23826126825923921218716916216618019821422121619917414612110610211313516627 428MT 15626813 722199999999999999 8 6162194510299999999999999
19922824925725223721619317416316217018319720620720018416314212611812213727 429MT 3 8257144020899999999999999 937161211211899999999999999
16219122024225425424222119517115314715216618420121221420418516213912312027 430MT 42925616372149999999999999911 3147224412099999999999999
13115418521724526126324822118715513212413215318221023123822920517314111927 5 1MT 53526417562389999999999999912 0124235511199999999999999
11112214918622525727427124821016612710310011815219423325926625121717413427 5 2MT 6222751849266999999999999991239 99999999999999999999999
107101117152198242274286273236185132 92 74 8211516521926429029026421816527 5 3MT 659286193129499999999999999 0471001312 7399999999999999
121 95 95121167219264291291263210148 92 56 50 7412518925129731730626620927 5 4MT 731295201031899999999999999 130 921342 4899999999999999
151107 88 99136190244285301286240173105 52 27 37 8014621928332533531125927 5 5MT 8 2301204833699999999999999 2 9 881413 2699999999999999
194136 98 89112159217268300301268207132 64 20 10 37 9617324931034334230527 5 6MT 833305212734799999999999999 246 881446  999999999999999
245179125 96100133186242286305290242171 94 32  0  5 4811819927432835133827 5 7MT 9 530522 935199999999999999 324 941521 -399999999999999
293230167121103116156209260294299272213138 65 13 -6 13 6514022028933434827 5 8MT 941301225334899999999999999 4 510316 0 -699999999999999
327278216160124115134176226269292287250188115 50  9  1 28 8515823329433127 5 9MT1020294234133999999999999999 4481141643  099999999999999
337312264208160131128150189233267282270230170105 50 19 18 4810217023729127 510MT11 4282999999999999999999999 5371261732 1499999999999999
321323298254205164140139159193229257267253216164109 63 38 40 6711517523427 511MT 034326115626799999999999999 6331371827 3599999999999999
281307308286248206169147144159187217241250241213171125 86 64 62 8412417527 512MT 13331113 125099999999999999 7391431934 6099999999999999
226268294297280247208172148141149171199224238237220189150114 90 82 9612727 513MT 240298142824099999999999999 8571402052 8299999999999999
171217258284291278247208170141127131151180210234244237214179142112 9710227 514MT 35029116 72449999999999999910161272215 9799999999999999
12716621125228129027724620315812410610813016520524026026124120516312710627 515MT 4562901732263999999999999991123104233110399999999999999
105126165211254283292276238188138 99 80 8611516121225528228626422317513327 516MT 5522921838287999999999999991216 79999999999999999999999
108107129170218262289293269222164109 70 56 7111216822827730630627823017727 517MT 638294193030999999999999999 03410413 0 5699999999999999
133109110137182232273295289254197133 78 44 40 6712018725130132431728122727 518MT 718296201632699999999999999 1271061338 3899999999999999
171129109118152201249285296277230165100 50 26 36 7714021227632033531727227 519MT 753296205733599999999999999 2121091413 2599999999999999
215160124113131171222266292290257200131 69 29 20 44 9716723929833333530727 520MT 827295213533899999999999999 2521131447 1999999999999999
255197149121121148193242279292277232168100 47 19 25 6312419726431433632627 521MT 859292221233699999999999999 3291181520 1899999999999999
288234179139123134168215258285286257204138 76 34 21 41 8915422428432133027 522MT 932289224733199999999999999 4 61231554 2199999999999999
309265212164134129149187232268284272234176113 61 32 33 6411718324729632127 523MT10 6284232332399999999999999 4421271628 2999999999999999
318288242192153133138164203243270275254210153 97 57 40 52 9014620726330127 524MT1042277999999999999999999999 51913217 4 4099999999999999
314301267221178147137148177214247265262235190138 91 62 56 7611717122627227 525MT 0 0314112126799999999999999 5581371743 5599999999999999
298302283247205168145142156185218244255246218176132 95 75 7710014119023727 526MT 03930312 425599999999999999 6421411825 7399999999999999
273291288267232195164146145160186214235242233207172136107 94 9812215820127 527MT 121293125624299999999999999 7331431915 9399999999999999
24127028227725522318916014514415718020522523322620717914912511311713716927 528MT 21028314 523399999999999999 833142201511299999999999999
20624026527526924721618315413713514716919521823123121819516714312912914527 529MT 3 7275153123299999999999999 939134212912799999999999999
17220623826127126524321017314212211913215818921924024623821518615813913427 530MT 4 72721656246999999999999991042118224713499999999999999
146171205238262273264238199157121100 9811715019223125927026123520016514127 531MT 5 427318 3270999999999999991134 96235513399999999999999
133144171207243269277263229181132 92 72 7710515120425228529628325020716527 6 1MT 5542771857296999999999999991219 71999999999999999999999
137129142174215253278281259214156100 61 46 6110216122427831332029925720527 6 2MT 638283194532199999999999999 05312813 0 4699999999999999
160131125145183228267287282248192126 67 31 25 5210717824830433533630625527 6 3MT 719289203134099999999999999 1431241341 2399999999999999
198151125126152196244280294279233167 96 38  8 13 5311919727032535134330527 6 4MT 8 0294211635299999999999999 2291221422  699999999999999
248189143122130164212259291297271216143 70 17 -5 10 6013421528833935834227 6 5MT 84229822 335899999999999999 31412115 6 -599999999999999
297236178137122137176226271297295261199123 53  6 -8 16 7315023130034535727 6 6MT 927300225035899999999999999 3591221552 -899999999999999
335285224168133124145187236277298290250185111 46  6 -1 29 8916624430734527 6 7MT1014299233935399999999999999 4471241641 -299999999999999
350322271211160129126150193240278294282240177108 50 16 15 4810718125331027 6 8MT11 6294999999999999999999999 5361241732 1299999999999999
340339307255199152126127152194238272286273233175113 63 36 39 7112819525927 6 9MT 02734412 228699999999999999 6281231825 3399999999999999
307330324290240187145123125150189230262275264230181128 85 63 67 9714720627 610MT 11733213 427599999999999999 7241211921 6199999999999999
261301317307274226176137117119142178217249265260234194150113 93 9612116327 611MT 2 7317141626599999999999999 8241152023 9199999999999999
21325929130329125921416712910911013016420323725826124521317614212212114027 612MT 3 0303153926299999999999999 928107213311999999999999999
173215253281290278247203157119 98 9711615019223125927026123620216814613927 613MT 35729017 3270999999999999991032 95225113999999999999999
151178213248272280268236192145106 83 8210314118723326828528025722218615927 614MT 4542811817286999999999999991133 80999999999999999999999
148155179212245269275261226178129 89 67 69 9413919224428330229727123319327 615MT 550276191830399999999999999 0 71481226 6599999999999999
163149155179214247270273254214162110 70 53 61 9414720726230231830827623227 616MT 64027420 731899999999999999 1111491312 5299999999999999
189157145155184221255274272245198141 88 53 42 6010416422828331832730926927 617MT 724276204932899999999999999 2 31451353 4299999999999999
220176148142159194234266279268232177118 68 39 39 6912218825230333032829927 618MT 8 4279212633399999999999999 2451411430 3699999999999999
253202161139143169209249277282260214154 94 50 32 45 8614721527631833432027 619MT 84228322 133499999999999999 32213815 6 3299999999999999
281230180146134149183227265285280247193130 74 39 34 5911017624229732833027 620MT 918287223433399999999999999 3561341541 3299999999999999
304257204159134135160201245278288272229169107 59 36 43 8013820626831233027 621MT 95428923 733099999999999999 4291311616 3599999999999999
319282231180143129140174218259284285258208147 90 52 42 6110717023428832127 622MT1031288233932799999999999999 5 21291651 4199999999999999
325301257205159131128149188232268284275240187129 81 55 57 8713820025930227 623MT11 9284999999999999999999999 5371261726 5299999999999999
321313279231181143125132159200241269278261222171119 82 67 7911616922727727 624MT 011322115027899999999999999 61412418 3 6799999999999999
308314295256207162132123136167207243265267247209162120 92 8710614519624627 625MT 044315123526999999999999999 6541231843 8699999999999999
28530530127523318714812412213917120824025825823820416513011111213317021427 626MT 120306132826099999999999999 738120192810999999999999999
25528529528425521417113711811913816920423425225323821017714913413515418527 627MT 2 0295143525599999999999999 828116202513299999999999999
22225527728226923920015912711011113016119723025125824922619817215515416727 628MT 247283155525899999999999999 925108213815299999999999999
191221249268272258229189148115 97 9711715019122925827226824922119217116327 629MT 3442721717273999999999999991028 9423 316399999999999999
169189216243262267254223180135 98 78 7810014018823627329329227224020617727 630MT 4472671828295999999999999991129 75999999999999999999999
163165183211241263269254220172120 78 55 57 8413319124829331631529225321027 7 1MT 549269192831999999999999999 0231621225 5299999999999999
175156157177210245270276259218161102 55 31 37 7213120026531433833430325627 7 2MT 647277202134099999999999999 1271541318 2999999999999999
205165145149176216256283287263214148 82 32 10 22 6713521228333335534430527 7 3MT 740288211035599999999999999 22014414 9 1099999999999999
249193152134145179226270297297267208134 64 14 -4 16 7014622830034936434527 7 4MT 831301215736499999999999999 3 81341459 -499999999999999
297235176137125144186239284309304266200121 50  3 -8 20 8116324731635936627 7 5MT 922311224136899999999999999 3531251547 -999999999999999
337280214157122118145195250295317306262191112 44  3  0 3510218526632936227 7 6MT1012318232436699999999999999 4371161635 -499999999999999
359320257191137110114149202258301318302254183107 47 15 20 6113021028433727 7 7MT11 3318999999999999999999999 5221071722 1299999999999999
358343296231167120100113152207261299312293245178111 60 38 51 9516223429627 7 8MT 0 5358115531299999999999999 6 710018 9 3899999999999999
336344319267204146107 95113154207257291300281237179124 85 72 8913219125127 7 9MT 044345125030099999999999999 653 951856 7299999999999999
300326322291239181131100 9411515420224727728627023518914511711012816521227 710MT 124328135228699999999999999 742 93194611099999999999999
259293307297264216165123 98 9611515019323326227326524020617415214715918727 711MT 2 530715 527399999999999999 836 94204714699999999999999
222255278285273243201157120 99 9611214218121925026726825322920318317417927 712MT 252285163227099999999999999 939 9522 917499999999999999
195219243261266256230194155120 98 9310513217021024627027927125122620318827 713MT 35126618 0279999999999999991049 92234818499999999999999
184192209230247255248226192154118 93 85 9612416421025228229528926823820827 714MT 5 32551911295999999999999991157 85999999999999999999999
186177182199222243254249227191149110 83 74 8712016822026729931130127323627 715MT 61325420 231199999999999999 1 91771254 7499999999999999
200174164172195224249261254228186138 95 68 64 8412618223928731632130226527 716MT 710261204232299999999999999 2 21641341 6299999999999999
221181157153170202237264273259224173119 76 54 58 8914220426330832932329127 717MT 755273211733099999999999999 2411521421 5299999999999999
245197159142149178218256280282258211152 96 57 44 6110516723328932533431327 718MT 834284214733499999999999999 3121421457 4499999999999999
270217169139134155194240277295285248190127 74 43 43 7513119826431333632927 719MT 910295221633799999999999999 3411331530 3999999999999999
293240185143125134168216263295301278229164101 56 39 5410016423429333033727 720MT 944302224333899999999999999 41012516 2 3999999999999999
313265207155123119143188239282305299263204138 81 48 46 7713420326831733827 721MT1018306231033999999999999999 4391171633 4399999999999999
327288231173129111121157208259295306287241179117 71 52 6711017324029733127 722MT1053306233733799999999999999 5 811017 4 5299999999999999
334307256196143111106130174227272299299270219158105 73 70 9714821227131427 723MT1130302999999999999999999999 5391041736 6799999999999999
331318277221163120100109142190240278295286252201147106 88 9713318524229027 724MT 0 4331121029699999999999999 6121001810 8799999999999999
318319292245189138105 9811615420124627728727323919315012011313016621426027 725MT 032322125528799999999999999 647 97184811299999999999999
294308297263215164122 99 9912216020424427027726423519816514414316019222927 726MT 1 3308135027799999999999999 729 96193514199999999999999
264285289272238194149115 9810112315819923526127026324321518917317018220427 727MT 14029015 427099999999999999 820 96204117099999999999999
230254269269253223185145113 96 9711514718522325427127326224121719818919027 728MT 231271163927499999999999999 928 94222318899999999999999
201220239253256246222187148113 90 85 9812816921325328129328726824121419427 729MT 3472561810293999999999999991048 84999999999999999999999
185189204225244255252231196152109 77 64 7410615420926029831731329025421627 730MT 517256192031899999999999999 01218512 5 6499999999999999
185169171190219248267268247206152 98 57 39 50 8814621327532034133430125427 731MT 633270201434299999999999999 12416813 9 3999999999999999
205167149155183223262287289264213147 82 35 16 31 7915022729634336034329827 8 1MT 73529221 036099999999999999 21514814 3 1699999999999999
239182142129145185237283311309275213136 64 15  1 25 8516524931936236933927 8 2MT 828314214237199999999999999 2571291452  099999999999999
281213154117113142195255305330322278205122 49  5 -1 3510519127534037336627 8 3MT 917332222037599999999999999 3371111538 -499999999999999
322253181124 96104146208272321342325272193109 42  8 14 6113722330135437227 8 4MT10 5342225637299999999999999 416 951621  599999999999999
349292217147 98 82103155222285329342318259180103 47 26 44 9917525532135827 8 5MT1052343233036399999999999999 455 8217 3 2699999999999999
359321255180117 80 77109166232291327332303244172107 66 58 8614221328032927 8 6MT1139335999999999999999999999 534 741743 5699999999999999
349333285217149 97 73 81119176237287316315284231172123 96 9913118324229327 8 7MT 0 3349122831999999999999999 614 721824 9499999999999999
323326299247185128 89 76 9213018223527629729426822618214813314217121325627 8 8MT 035329132329999999999999999 656 7619 813399999999999999
290304295264217165120 93 8810513918222525927727725923120117917117819922727 8 9MT 1 8304142827999999999999999 743 8720 217199999999999999
25427327726523719815812510510211514117521124126126726124522620920020020927 810MT 146278155826799999999999999 842101212919999999999999999
22323824925124222219416413711811111713516319622825426927226424923121520527 811MT 24225217462729999999999999910 2111234820399999999999999
20320821822823523422220217614812411111012415118622525828128928326423921327 812MT 42223619 4289999999999999991133109999999999999999999999
194185188201219234240234215185151120100 9711214418723327329930629426623027 813MT 6 3240195230699999999999999 1141851242 9699999999999999
196173165175197224247257249224185142105 83 8210514720025329531731629225227 814MT 7 7257202732099999999999999 1571651331 8099999999999999
207171150151173207243269276261224173122 83 65 7411016422528031733031427527 815MT 750276205633099999999999999 2271481410 6599999999999999
225176143133149185230269292290261210150 96 61 55 7912919425830833433129827 816MT 826294212333799999999999999 2531331443 5399999999999999
245189144121127160208259296309293248186121 71 48 57 9816123129233134131827 817MT 858309214734299999999999999 3181201513 4799999999999999
268207151116110134181237287316316283225155 93 54 48 7613220227032134433327 818MT 930320221134599999999999999 3421081541 4699999999999999
291229166118 98110150208266309326310263196127 74 52 6410817424530534034227 819MT10 2326223434699999999999999 4 8 971610 5199999999999999
310253185127 93 91120174236290322324293236167106 69 64 9315021928332834327 820MT1034327225834399999999999999 434 871638 6299999999999999
325275209144 97 80 95139199260305325313271210146 98 78 9013219325730833527 821MT11 8325232233799999999999999 5 1 8017 8 7799999999999999
330294234167111 79 7810916122227631031829624919113810510012517222928231727 822MT1145319234732699999999999999 531 751740 9999999999999999
325304256194134 90 74 8712618023628130530427823418514512613216120525229027 823MT1227308999999999999999999999 6 3 74181612599999999999999
308302271221164114 84 7910014019023827529328926523019316515516519022525827 824MT 015309131929499999999999999 641 7819 015599999999999999
281288274241197150111 90 9010914418722826027727826323921319418619120622727 825MT 049288143228099999999999999 731 8720 718699999999999999
248261263250225190153121101 9711013617120824126527627426024222320920320527 826MT 137264161827799999999999999 844 97221420399999999999999
214227238244240226200169137111 97 9811514618522626228629428826924421819827 827MT 3 924418 4294999999999999991026 95999999999999999999999
189191204222239248243224191151112 84 75 8712016822127030532031428724920927 828MT 512248191232199999999999999 0181881157 7599999999999999
178162166187219250270272251210156103 63 48 6110216323028933034533029023627 829MT 63627320 034599999999999999 11916113 3 4899999999999999
185147133146182229273300302274220151 86 40 25 4610017425131535436033027427 830MT 735305203936299999999999999 2 11331355 2599999999999999
208150114109138190250301330326286217137 67 22 16 4911619928034137036031327 831MT 824332211537199999999999999 2381071440 1399999999999999
242169112 85 96141207275328352337285206121 53 18 24 7114723430935937234327 9 1MT 9 9352214937399999999999999 313 841522 1599999999999999
280200127 79 66 94153228298346361335272189108 50 29 5010818826933336635927 9 2MT 953361222036899999999999999 348 6616 1 2999999999999999
312237156 91 56 61103171248313352356321254175105 62 56 8915222829834435727 9 3MT1036359225035899999999999999 423 531639 5399999999999999
331271193118 66 48 68120191262318347340299235166112 86 9413419526031334027 9 4MT1119349231934299999999999999 459 481716 8499999999999999
333293227155 93 57 55 8514020626831333031727722216813011913617622827831227 9 5MT12 4330234832199999999999999 534 52175411999999999999999
320299252191130 84 64 7310715921526529830829325921717915715517420724627827 9 6MT1253308999999999999999999999 612 64183515399999999999999
295290262218167122 91 83 9612817121525427828527425122319918618720022224627 9 7MT 017296135228599999999999999 653 83192618499999999999999
26326825723219816112911010611714117320623625826726525323722221120721122027 9 8MT 050268151726899999999999999 745106205820799999999999999
23123824023221619417014813212512914216419121924326026826525524122521220527 9 9MT 140240171526899999999999999 910125234320399999999999999
20320721422022221720618916814813312713315017720924026628128227125022420127 910MT 34922218372839999999999999911 2127999999999999999999999
18518018619921622923322720818115212711411713617021125128229929727624420727 911MT 556233192330099999999999999 058180122111399999999999999
177159158174200229250258248220181141109 9510213117622727330531530126722127 912MT 657258195631599999999999999 1321571311 9599999999999999
178147136147178218255278281260218167119 87 79 9714019725430032432129024027 913MT 737283202332699999999999999 1591361348 7899999999999999
186142119122151197247286304295258202141 93 68 7310816523028832533431126227 914MT 810305204733599999999999999 2231171420 6699999999999999
201145109100123170228280315321294241175113 72 61 8413620326831834032828527 915MT 841322211034199999999999999 2461001449 6099999999999999
221156106 84 96138199262311334323280214145 89 62 7011217524530433834030527 916MT 912335213234499999999999999 3 9 841517 6199999999999999
244173112 76 74106165233294333341313255184119 77 69 9515021928432934332227 917MT 943342215534399999999999999 333 701545 6799999999999999
268196126 76 59 78128197265318343334292227158105 80 9013119325931233833127 918MT1015344221834099999999999999 359 591613 7999999999999999
289222148 87 55 57 94156227290331342319267202143104 9712117123228732333027 919MT1049342224233199999999999999 425 511644 9599999999999999
303248177109 63 48 6811818325030333233029824518714011812415620625930031827 920MT112633523 931899999999999999 455 48171811699999999999999
307268208141 86 56 56 8714020326130332131227923218515214115518722926929527 921MT12 9322233930099999999999999 528 52175614199999999999999
298277234178122 81 63 7310615521025829130429426723019617416918220723726327 922MT13 3304999999999999999999999 6 9 63184616999999999999999
276272249211165122 92 81 9011815820224227228528326624221820119419821122827 923MT 017277142028699999999999999 7 2 8120 719499999999999999
24325124823220517213911310010111714618221925127328227826324322220619719727 924MT 114251161028299999999999999 825 99223019699999999999999
20521722823423221919616613711310110412315619723827329429928726223120218027 925MT 3152351747299999999999999991018100999999999999999999999
171176193216238249247228194154115 89 82 9813518523928531432130426822217927 926MT 521250184732299999999999999 0 71711148 8299999999999999
149139150181220257280282259215159106 70 60 8012618925330633733730725519527 927MT 635284193134199999999999999 0581391251 6099999999999999
143112109135182238286314314281222153 91 52 46 7613520827933135334029222427 928MT 72931820 835399999999999999 1371061340 4499999999999999
155102 78 89133198265318344334288216139 76 43 48 9116023930735035732526027 929MT 815345204135999999999999999 212 771423 4099999999999999
181110 65 55 84145221293344362340281202125 68 47 6612119627233135834529327 930MT 857362211235899999999999999 245 5415 2 4799999999999999
216135 70 38 47 93167248317360366331265185115 72 66 981602343013433503182710 1MT 939368214135299999999999999 318 371539 6399999999999999
251169 93 42 28 54114192271331362356312244172115 87 951372002663173403282710 2MT1020364221034199999999999999 351 281616 8699999999999999
280207128 65 31 35 741402162863353533352882251651231111311762332853193232710 3MT11 1353223932599999999999999 425 28165311199999999999999
295238167100 53 37 541011662342923273343112652121661401401642062522893062710 4MT114333523 830699999999999999 458 37173113799999999999999
295258202140 88 58 56 821291872432883113102862482081761611671902242572792710 5MT1227314233928399999999999999 534 53181316199999999999999
282263225176128 92 76 831101511982422752912882692402121911821882052272472710 6MT1319292999999999999999999999 613 7619 518299999999999999
2572542342031671331101021091311631992332582712722602422232071981982052172710 7MT 015258143027399999999999999 7 1102203119799999999999999
2272332292161961731501341261291421641912192432592662632522352182031941922710 8MT 1 8233161026699999999999999 815126224519299999999999999
1972042122162142061911731561421351401541782062352582722742632432181941772710 9MT 31221617382749999999999999910 7135999999999999999999999
170174187203219228227215194168144129128141168203239269286286269239203171271010MT 525229183128899999999999999 0 7170113712799999999999999
150145156181211237253253236204167134114113132168212256288302294264220175271011MT 63025519 730299999999999999 048145123411199999999999999
139121126152191233266282275245201153115 97103134181235281309312288242187271012MT 712282193731499999999999999 1181201315 9699999999999999
137105 98119162215265298306286241185132 96 86106150208265307323308265205271013MT 74730720 232399999999999999 144 971350 8699999999999999
143 96 76 88128187249299325320283225161110 83 88124180243295325323288227271014MT 820327202732999999999999999 2 8 761421 8199999999999999
158 98 63 61 93152221285328341319267200137 95 83104154217277319331308253271015MT 852341205133199999999999999 233 571451 8299999999999999
180109 59 41 61113184257316347344306244175120 91 95132190253304329321277271016MT 925350211633099999999999999 259 411522 8899999999999999
208131 68 33 36 75141218288336353335285219156112 99119165225281317324297271017MT 959353214332699999999999999 326 301554 9999999999999999
238163 90 40 24 45 98171246308344348318263199146117117147197252296316306271018MT1036350221231799999999999999 356 24162911399999999999999
265199125 63 29 29 63124196265316340333298244189148131141174221266296303271019MT1117342224430499999999999999 430 2417 713199999999999999
280232167102 54 33 45 85145211271312327316281234189159150164194232265284271020MT12 4327232228699999999999999 5 9 33175315099999999999999
281254207150 97 61 50 65104157214264298310300271234199176169179201229252271021MT13 2310999999999999999999999 555 50185416999999999999999
263258234195150109 81 72 84114158205249280294290271243214192181182194212271022MT 011264141729599999999999999 656 72202418099999999999999
230241240226201167134107 93 96115148189230264285291280257228200180170174271023MT 128242154829199999999999999 821 92221417099999999999999
187206224235235221196164132108 99107133172216257287299293268233195163145271024MT 32923617 93009999999999999910 2 98233314399999999999999
144160187218244257252229191149113 93 95119161212261297313303271224174134271025MT 51525718 8313999999999999991126 91999999999999999999999
112114139180227266287285257210156111 84 85112162221275313324305259199140271026MT 625290185332499999999999999 0251101230 8199999999999999
 96 78 90130187247295319312275217154103 77 82118176241295327327293233162271027MT 718320193133199999999999999 1 6 781320 7599999999999999
 99 59 52 79136206274323343328279212145 96 76 91137201266314334318267195271028MT 8 434420 433499999999999999 143 5014 4 7699999999999999
119 60 31 39 84154232301346356329271200135 94 85112166231289325329295231271029MT 846357203633299999999999999 217 291445 8499999999999999
152 79 30 17 42102180259323357356317254185128 99103140197258305326311263271030MT 92736121 732699999999999999 251 161523 9699999999999999
190111 48 15 19 60128208282335357343297234171127111127169225277311314285271031MT10 7357213731799999999999999 324 1216 011199999999999999
226151 81 32 16 35 861582332973373463222732151631311281521962462863052942711 1MT104634722 930599999999999999 357 15163712699999999999999
253190121 64 31 30 611161852523033303282982512001601411471742152562842892711 2MT1125333224229099999999999999 432 26171614099999999999999
267221162104 61 43 54 901452062623013163062752331921631531631902252552722711 3MT12 6316231827299999999999999 5 8 43175915399999999999999
267240196145100 71 64 811181672192632912992862582221901701641751972242452711 4MT1251299235925399999999999999 547 63184816499999999999999
253244218181141108 89 891071391812232572782822712472191931761711781942132711 5MT1344283999999999999999999999 632 87195417199999999999999
2282332262061791501261121121261521852192482662712632452211971791701721822711 6MT 055233145227199999999999999 731110212016999999999999999
1972102182172071891681471321281361551822122402602682642472231961731581552711 7MT 22521916 926999999999999999 853128224515599999999999999
1631791982142232212091891661461341361501762072382622732692502191851551362711 8MT 4222231714274999999999999991024133234413299999999999999
1331441681972232412442322081771491311291441732102462722832732452051621272711 9MT 54424518 2283999999999999991137128999999999999999999999
108110132168209245267270252218177142122121141178221261286290270229177128271110MT 637271184029299999999999999 025106123211999999999999999
 93 81 95132182234275296291262217168130111118147193241280299291255200139271111MT 719297191330099999999999999 058 81131511199999999999999
 88 60 61 92145208266306320303261205153117106123164216265298304279227160271112MT 757320194330599999999999999 128 57135310699999999999999
 96 51 35 54103170240298332333303249188137108109138187242286308298256190271113MT 833337201330999999999999999 158 35142910599999999999999
117 56 22 23 60124200272325347336293232171126108120160214266301308282225271114MT 910348204431099999999999999 228 1815 510799999999999999
151 78 25  6 24 76150229297341352328276213157121115138184237283306299259271115MT 948352211730799999999999999 3 2  6154311399999999999999
192116 49  8  3 35 97175252313346346313259198149124127157204254290301282271116MT1030350215430299999999999999 338  0162312299999999999999
233164 91 33  5 12 52118195266318342334297243189148131141173218260287289271117MT1115343223629299999999999999 418  317 813199999999999999
263211144 79 32 14 28 72136207271315332320283233185152140152182221256276271118MT12 5332232427899999999999999 5 4 1418 014099999999999999
273245197137 82 44 32 48 90149212268306319306272228186157146156181214243271119MT13 0319999999999999999999999 555 3219 114699999999999999
260257234193143 97 65 55 69105156211260294306295266227188159146151170198271120MT 02326114 230699999999999999 656 55201414699999999999999
225243246232201162122 92 79 87114157206251283296289264226187155137136151271121MT 14124715 929799999999999999 8 8 79213313499999999999999
177206231243240220188151119100100120155199243276292287263224180142118113271122MT 319244161729399999999999999 930 97224611299999999999999
127156192227251258246217178141115108121153196240275292287259215164120 92271123MT 45325917172939999999999999910521072345 8599999999999999
 86103140187233268283274243199155123111121153198244279295286250198140 91271124MT 6 828318 82969999999999999912 3111999999999999999999999
 63 61 87135193249290307296260210161125111123159206254287297279234172109271125MT 7 6307185229899999999999999 034 5913 211199999999999999
 61 37 45 83142210271313327309265209157122112130171221267294295265209140271126MT 755327193129899999999999999 116 36135111299999999999999
 77 33 20 40 91161234295332337310259200149119117143188239280298286243178271127MT 83933920 729899999999999999 154 20143411499999999999999
108 48 15 15 49110186258314342336299243185140118126160209257289295270216271128MT 920343204229699999999999999 230 10151411899999999999999
147 78 28  8 22 68137213280326342324280222168132122140180228270292285248271129MT 958342211729399999999999999 3 6  7155112199999999999999
187117 56 18 12 39 95166239297330333305256200154128129155198244277287269271130MT1035336215228899999999999999 341 10162812599999999999999
223159 94 43 19 27 651251952593063273172822311811431291391712142542772762712 1MT1111327222828099999999999999 416 1817 512899999999999999
248197136 79 41 30 49 931552192743093162972582091651381331501842242562702712 2MT114731723 627099999999999999 452 29174313299999999999999
260226176120 74 48 48 751231812382823043022762361921561371381591922262512712 3MT1224306234825799999999999999 529 45182513599999999999999
257242207161114 79 64 721031492012492822952852572181801511371431631932212712 4MT13 3295999999999999999999999 6 9 64191313799999999999999
240242226195156119 93 85 971271692142522772822692422061721471371421611862712 5MT 037243134828399999999999999 654 8520 913699999999999999
2112262292171921621331131081201461822192502692712582311981661421311351512712 6MT 140230143927299999999999999 748108211413099999999999999
1751992172242182011771531341281361561862182452622642502241901571311181202712 7MT 3 4224153826599999999999999 858128222011799999999999999
137162191215230231220198173151140143159185215242259261246217179141112 972712 8MT 43623316392629999999999999910201402318 9799999999999999
101122155192225247253242218188161144142156183214243261262243207162118 862712 9MT 5512531733264999999999999991136141999999999999999999999
 73 82112155203245272278263232194161140137153184220251268263236190137 88271210MT 647279181926999999999999999 0 5 72123913699999999999999
 56 48 67110166224271299301278237192153132132154191231263275263224167106271211MT 73430319 227599999999999999 047 47132912999999999999999
 55 27 29 61117185249298322316283233182142124131161204247276281258207140271212MT 818323194228399999999999999 127 24141412399999999999999
 74 24  4 18 64132207275321337321279222168131119135173221263287283248186271213MT 9 0337202328999999999999999 2 6  4145611999999999999999
112 45  1-10 16 74151230296336344318267207154122118143187237277294280234271214MT 94334521 529499999999999999 248-11153811699999999999999
165 88 23-13-14 23 89170249311344343308252191142117121152200250285295273271215MT1028348214929599999999999999 331-18162111599999999999999
220146 71 12-16 -8 37108190265320345335293234175131113124161210257287290271216MT1112346223729399999999999999 416-1817 711399999999999999
263206134 63 12 -8  8 57129207276323339321275216161123111127165213257282271217MT1158339232928599999999999999 5 4 -8175511199999999999999
281251196129 66 23 11 31 81150222282320327303256199149116109127165210249271218MT1244328999999999999999999999 553 10184710899999999999999
271270242192133 80 46 38 60107169232282310310284237184138110105123158199271219MT 026274133131499999999999999 645 37194310499999999999999
235257258236196148104 76 71 91131183235276296292265221172130103 98113145271220MT 132261142129899999999999999 742 702045 9799999999999999
183219244251238209171134109103117149190232265281275250209163122 95 87 99271221MT 252251151628199999999999999 8481032153 8799999999999999
128166204235251248229198165140129136158190225253267263239200154113 83 73271222MT 42325216172689999999999999910 812923 1 7399999999999999
 83111151196234259265252225192163145144158185217245259256232192145100 68271223MT 5492661720260999999999999991136142999999999999999999999
 56 66 98145196243275285274245208173149143154181214243258254227183131 83271224MT 658285181825999999999999999 0 3 56125114299999999999999
 50 39 54 93148207259293303288253210170143137151181217248262253220170113271225MT 75330419 926299999999999999 055 39134913699999999999999
 63 32 27 51 99162227279311314291248199157133131152189228258267250209151271226MT 838316195226799999999999999 140 26143412999999999999999
 90 42 18 23 58116185250299322315282232180140123131161204244269270242191271227MT 917323203227399999999999999 220 16151112299999999999999
127 67 24 10 28 75141212274314325306262207157124117137177223261278267228271228MT 95132521 827899999999999999 257 10154511699999999999999
168102 45 13 12 43100171241294322319286234179134113119150196242274280257271229MT1024325214428199999999999999 332  8161711299999999999999
207142 77 30 10 24 67132204267309322303260204152117108127167216258280274271230MT1054322221928199999999999999 4 6 10164810899999999999999
240183117 59 23 19 46100168236288315312280228173128105110139185232267278271231MT1123318225527899999999999999 439 17172010499999999999999
