118118112102 91 84 82 88100115130142147144133117 98 79 64 56 55 62 75 8927 1 1MU 02711912 914799999999999999 543 821933 5599999999999999
103114119118113105100 98101109121132141145142131114 93 72 56 46 44 51 6527 1 2MU 22111913 314599999999999999 653 982041 4499999999999999
 83101116125128124117110105105111120131141145141130111 88 64 45 34 33 4227 1 3MU 35112814 514599999999999999 8271052136 3299999999999999
 60 83106125136138133123113105104109119132143147143128106 79 53 33 23 2427 1 4MU 44713915 314799999999999999 9451042221 2299999999999999
 38 61 89116136147146137123109100 99107120135147151144125 98 67 39 20 1327 1 5MU 5271481552151999999999999991037 9923 0 1399999999999999
 20 40 69101129148154149134116101 93 96107125142154155143118 86 53 25  827 1 6MU 6 11541634156999999999999991117 932335  599999999999999
  7 21 48 82115142157157145125105 91 87 95112133151160156137107 71 37 1227 1 7MU 6311581712160999999999999991150 87999999999999999999999
  1  7 29 61 98131153161153135113 93 83 85 98120143159163153127 92 55 2227 1 8MU 7 0161174816499999999999999 0 8  11220 8299999999999999
  3  0 14 43 79116144160159144122 98 82 77 86105130151164162144113 75 3927 1 9MU 727161182316599999999999999 040 -11250 7799999999999999
 12  0  6 28 62 99133154161152131106 85 74 76 90113138157164155131 97 5927 110MU 754161185716499999999999999 110  01321 7399999999999999
 27  8  5 20 48 84119146159157141116 92 75 69 77 96120143157158143116 8127 111MU 820160193316099999999999999 139  41354 6999999999999999
 47 22 12 18 39 70105135155159148127102 80 68 68 8010112414415314812910127 112MU 846159201015399999999999999 2 8 121430 6699999999999999
 69 42 25 23 36 61 93123147157153137114 89 71 63 67 8210312413914413611727 113MU 914158205314499999999999999 238 2215 9 6399999999999999
 91 64 45 36 41 57 83111136152154145125102 80 65 60 66 8110011913113412527 114MU 943155214313499999999999999 3 9 361556 6099999999999999
108 87 68 55 52 60 78101124142151148135115 93 73 60 56 62 75 9311012112427 115MU1015151225212499999999999999 345 521653 5699999999999999
119107 92 79 71 71 80 95113131143147142128109 87 68 54 49 53 65 81 9711027 116MU1056147999999999999999999999 429 7018 3 4999999999999999
117118112103 95 89 89 95105119132141143138125106 84 63 47 39 40 50 66 8527 117MU 032118115114399999999999999 532 881923 3899999999999999
102116123124119112105102103109118129138142139128108 84 59 38 25 23 32 5027 118MU 23612413 714299999999999999 7171012041 2299999999999999
 74 99120134139136127116108104106114127139146146134113 83 52 25  8  4 1427 119MU 4 5139142614799999999999999 9 81042147  399999999999999
 37 68101129148154149136120106 98 99110126143155156143117 82 44 11-10-1327 120MU 5 21541535157999999999999991020 972243-1499999999999999
  1 30 69108141162166157137115 97 88 92107129151166167151119 78 34 -3-2427 121MU 5481671634169999999999999991112 882332-2799999999999999
-25 -5 31 76121155173173156130104 84 77 86107135161176175155118 71 24-1327 122MU 6281751727178999999999999991156 77999999999999999999999
-31-27  0 42 91135167179171148117 88 70 68 82109141168182178153111 62 1627 123MU 7 6179181718399999999999999 018-321238 6799999999999999
-17-29-17 15 61109150175178162133 99 72 58 62 81112145171182173144101 5427 124MU 74017919 418299999999999999 1 0-291318 5799999999999999
 13-13-16  2 39 84129162177171147114 82 58 50 59 82114146168174161131 9027 125MU 812177195017499999999999999 140-181358 5099999999999999
 49 17  1  6 30 67109145168172157129 96 67 49 47 60 8411414115816014511627 126MU 842173203516199999999999999 216  11440 4699999999999999
 82 50 29 23 35 61 95130155167161141112 82 58 46 47 62 8511113214414212827 127MU 910167212314599999999999999 250 231523 4599999999999999
105 79 58 47 49 64 89118143158159147125 98 73 54 46 50 63 8310311912712527 128MU 937160221812899999999999999 321 461611 4699999999999999
114 99 82 71 68 74 90110131146153148134113 90 69 55 49 52 63 78 9310511227 129MU10 5153233411399999999999999 350 6817 8 4999999999999999
113108100 92 87 88 95107122135143144137124106 87 70 57 51 52 59 69 82 9327 130MU1038144999999999999999999999 422 871823 5199999999999999
102107109107105103104108115123130135135130119105 88 72 59 50 47 51 59 7227 131MU 154109113013599999999999999 5151031956 4799999999999999
 86 99110116119118115112112113118123127130128120108 91 73 56 44 39 41 5027 2 1MU 4 611913 513099999999999999 7471122114 3899999999999999
 66 85104119128130127120112107106109116125131131125111 92 70 49 34 27 3127 2 2MU 452130143913299999999999999 94410622 8 2799999999999999
 45 66 91114131139138129117105 97 97103115128137139131113 88 61 37 21 1727 2 3MU 5211401542139999999999999991034 962249 1799999999999999
 26 46 74103128144147140124107 92 86 90102120136147146133109 79 47 22  927 2 4MU 54814816281489999999999999911 8 862324  899999999999999
 11 27 55 88120143153149134112 92 79 77 88107129148156151131100 64 31  927 2 5MU 61315417 7156999999999999991137 772354  299999999999999
  2 12 37 71108138155157144121 96 76 68 74 92117142159162149121 85 47 1727 2 6MU 63615817431639999999999999912 5 68999999999999999999999
  1  3 22 55 93129153161153131103 77 62 61 75100129153166162141107 67 3127 2 7MU 659161181716799999999999999 023 -11233 5999999999999999
  7  1 13 41 79117148163160142113 83 60 52 59 81111140161167156128 90 5127 2 8MU 721164185116899999999999999 050  113 2 5299999999999999
 21  6 10 32 66105139161165151125 92 64 47 47 62 89121148164162144112 7427 2 9MU 744166192616599999999999999 117  61332 4599999999999999
 40 19 15 29 57 93129155166159136104 73 49 40 47 68 98128151160152129 9727 210MU 8 616620 216099999999999999 144 1414 4 4099999999999999
 63 38 27 32 52 83117146162162146118 85 57 40 37 50 7410313014815113911527 211MU 829164204215299999999999999 211 261439 3799999999999999
 87 61 44 42 54 78107135155161151129100 70 47 36 38 54 7810412613913912627 212MU 854161212914099999999999999 240 411519 3599999999999999
106 84 67 59 63 77100124144154152138115 87 62 43 36 40 55 76 9811612612627 213MU 921155223012799999999999999 311 5916 8 3699999999999999
118104 90 80 78 84 97115132144148142127106 82 60 44 37 40 51 68 8610211327 214MU 954148999999999999999999999 347 781714 3799999999999999
117115110103 98 97101110120131138139134122105 84 64 47 37 35 41 53 70 8827 215MU 0 9117104413999999999999999 440 971846 3599999999999999
103115121122119115112111112117123129133132125112 93 71 50 33 25 25 36 5427 216MU 243122122213399999999999999 6541112025 2499999999999999
 77100119132137135128118110106107113122132138136125104 77 49 25 10  8 2027 217MU 410137141813899999999999999 9201052139  799999999999999
 42 72104130147152146132115100 92 93104120138150151139114 80 44 13 -5 -727 218MU 4561521537152999999999999991022 912235 -899999999999999
  9 40 78116146162163149126102 83 75 81 99124148164166150118 77 35  1-1627 219MU 53216416361679999999999999911 5 752321-1899999999999999
-13 10 47 92133162173165142112 82 63 60 72 99131160177176154117 70 25 -727 220MU 6 51731727179999999999999991143 59999999999999999999999
-19 -9 22 66112152174176158127 91 61 45 48 69102139169184178151109 61 1927 221MU 635178181318599999999999999 0 3-191220 4499999999999999
 -7-11  7 44 91135168180171143105 68 41 33 44 71109146174183172141 97 5327 222MU 7 4180185718399999999999999 041-131257 3399999999999999
 18  2  7 33 73117155176177156122 82 48 28 27 45 77115149171175158126 8627 223MU 731179194017699999999999999 115  11333 2599999999999999
 50 26 20 34 64103141167176165136 99 62 35 23 29 51 8411914716216014111127 224MU 756176202116399999999999999 147 2014 9 2399999999999999
 79 53 41 44 64 95128155170166147115 79 49 29 25 36 60 9011914014814212427 225MU 82017121 414899999999999999 216 401446 2599999999999999
100 78 63 60 70 92118143160163151127 97 67 44 32 33 46 67 9211412813212527 226MU 842163215013299999999999999 242 591525 3199999999999999
111 96 83 77 81 94112132148154149134111 85 62 46 39 42 54 71 9010511511727 227MU 9 5154225211799999999999999 3 7 771611 3999999999999999
114106 98 93 93 99110123135142143135120101 82 65 53 48 50 58 70 83 9410327 228MU 931143999999999999999999999 331 921713 4899999999999999
108109108106106107111117123129131130123113100 86 72 61 55 53 56 63 73 8427 3 1MU 1 010910 713299999999999999 4 11061851 5399999999999999
 96105112116117117115114114116118120121119114105 93 80 66 55 49 48 54 6427 3 2MU 4 0117115312199999999999999 7191142038 4899999999999999
 79 95110122127127123116109105104107113119122121114101 84 65 50 40 38 4527 3 3MU 430128141812399999999999999 9411042142 3899999999999999
 60 81103122134137133122108 97 91 92100112124132132122105 82 58 39 28 2927 3 4MU 4541381530133999999999999991020 912225 2799999999999999
 42 64 91117136146143130112 94 81 78 85100119135144141127102 73 45 26 1927 3 5MU 5161461617144999999999999991049 782259 1999999999999999
 26 47 76108135150152141119 95 75 66 69 84107131149155147125 93 59 31 1627 3 6MU 5381531656155999999999999991115 652329 1499999999999999
 16 32 61 96129152160151130101 74 57 54 66 90120146162162146116 79 45 2027 3 7MU 5591601731164999999999999991141 532357 1299999999999999
 12 22 48 83120150164161141110 78 52 41 48 69101134160170163138103 64 3327 3 8MU 61916518 61719999999999999912 8 41999999999999999999999
 16 18 38 71110144165168153123 86 54 34 32 48 78114148169172157126 88 5227 3 9MU 640169184117399999999999999 024 151237 3199999999999999
 28 21 33 61 98135162172163136 99 62 34 22 30 54 90127157172168146112 7527 310MU 7 2172191717399999999999999 051 2113 6 2299999999999999
 46 32 35 56 88124154171169148114 75 41 20 18 33 6410113616016815713210027 311MU 724172195516899999999999999 119 311338 1699999999999999
 69 49 44 56 81113143164169157129 92 55 28 15 20 41 7310813815615814412027 312MU 748170203615999999999999999 147 441413 1599999999999999
 92 70 59 63 79104132154164160140109 75 44 23 17 26 49 7910913314514413127 313MU 813165212414699999999999999 217 591453 1799999999999999
112 92 79 76 83100121141155157146124 95 66 41 26 24 33 53 7910312213213127 314MU 840157222713399999999999999 248 751542 2399999999999999
123111100 93 93101114129141147145133114 90 67 47 34 31 38 52 71 9110811827 315MU 914148999999999999999999999 326 921649 3199999999999999
123122117112108108112119126133136134126113 95 76 57 43 36 36 45 59 77 9527 316MU 01412310 813699999999999999 4301081826 3599999999999999
110122127128126121116113113115120125128127120107 90 69 50 36 29 33 45 6527 317MU 241129122012899999999999999 7351132010 2999999999999999
 88110128139142136126114104 99100107117129136135124104 78 52 31 19 21 3527 318MU 348142142413699999999999999 921 982123 1899999999999999
 60 90119141153152141122102 86 79 83 97116136150151139114 82 49 23 10 1427 319MU 42615415381529999999999999910 9 792217  999999999999999
 34 65101135157165157135108 81 64 60 70 93121148165166149119 80 43 16  627 320MU 4581651634167999999999999991047 5923 1  699999999999999
 16 42 80120153171170152121 86 57 42 44 63 95131161177174152116 74 37 1427 321MU 5271731722178999999999999991123 412339  999999999999999
 11 28 61103142170178166137 99 61 34 25 36 64102141171183175148108 67 3527 322MU 55517818 7183999999999999991158 25999999999999999999999
 19 25 49 87128162179176153116 74 38 17 17 36 70112150175182168137 98 6227 323MU 622181184918299999999999999 015 191232 1499999999999999
 38 33 46 76114150174180165133 91 51 21  9 17 43 81121155173173155124 9027 324MU 647180192917699999999999999 048 3213 6  999999999999999
 62 48 52 72103137165177171146109 68 34 13 10 25 55 9212815416515913911227 325MU 71117720 916699999999999999 118 481339  999999999999999
 85 67 63 74 97126153169170154125 88 52 26 14 19 38 6810113014815314412527 326MU 734172204815399999999999999 146 631413 1499999999999999
103 85 77 80 95117141158164156135105 72 44 27 23 32 52 7910612713813912927 327MU 757164213114099999999999999 213 771449 2299999999999999
115100 91 89 97111129145154152140118 91 65 45 35 35 45 63 8510511912712627 328MU 821155222612799999999999999 241 891529 3399999999999999
120111103 99101109120132141143138125106 85 66 53 46 47 55 69 84 9911011727 329MU 849144235711999999999999999 312 991622 4599999999999999
119117113110109110115121127131130125115102 87 74 63 56 55 59 68 79 9110227 330MU 925131999999999999999999999 4 21091742 5599999999999999
112118120120118115113113114116118119118113106 95 83 72 63 57 57 63 72 8627 331MU 22612111 111999999999999999 6501131931 5799999999999999
100113123129129124117109103101103108113118119115105 92 77 63 54 51 56 6827 4 1MU 329129134311999999999999999 9 31012051 5199999999999999
 86105122134138134124110 97 89 87 92103115125130126114 96 76 58 46 44 5327 4 2MU 4 013815 413099999999999999 945 872141 4499999999999999
 70 93117136146145134116 96 80 72 75 87105124138142136119 95 69 49 39 4127 4 3MU 4251471555142999999999999991015 722219 3899999999999999
 56 80108134151155145125 99 75 59 57 67 88114138152154141118 88 60 41 3527 4 4MU 4471551637155999999999999991043 562252 3599999999999999
 45 67 98129152163157137107 76 52 41 46 66 96128153165161142111 78 51 3727 4 5MU 5 91631715166999999999999991110 402323 3699999999999999
 39 57 86120149167167150119 83 50 30 27 42 72109143167174163136102 69 4627 4 6MU 5321691753174999999999999991139 262354 3999999999999999
 39 50 75109142166174163134 95 56 26 13 20 45 83123157176177158127 93 6327 4 7MU 55517418311799999999999999912 9 13999999999999999999999
 48 49 68 98132161176172150112 70 32  9  5 21 54 95136166179172149117 8627 4 8MU 619177191017999999999999999 025 461242  499999999999999
 63 56 65 89120151171176162131 90 48 16  0  5 28 6510614316717416313910927 4 9MU 645177195217499999999999999 056 561317  099999999999999
 84 70 70 84109138162173168146111 70 34  9  1 11 38 7411214416216415112927 410MU 713174203716599999999999999 129 681355  199999999999999
106 88 81 86103125148164167155130 95 59 29 11  8 21 47 8011313815115114127 411MU 743168213015399999999999999 2 4 811440  799999999999999
124107 96 94101116134150158155141117 87 57 33 20 19 31 53 8010712813914127 412MU 818158223914199999999999999 244 931533 1799999999999999
134124113106106111121133143147143131111 88 64 44 32 30 38 54 76 9811713027 413MU 9 3147999999999999999999999 3371051643 2999999999999999
135134128121115112113117124130134133126114 96 77 58 44 38 40 52 69 9011027 414MU 017135102213499999999999999 5171121812 3899999999999999
126136139136129119111106105108115123129129123110 92 71 53 42 40 47 64 8627 415MU 158139123813099999999999999 7401051943 3999999999999999
110130144148143131116101 90 87 91102117131138137125105 81 58 42 38 45 6427 416MU 258148142213999999999999999 856 862054 3899999999999999
 90118141155157146127104 82 69 66 76 94117138151151138115 86 60 42 37 4827 417MU 338157153215399999999999999 943 662148 3799999999999999
 71101132155166161142114 84 60 47 49 66 93123149164163147119 87 59 42 4227 418MU 4121661627165999999999999991022 462232 4099999999999999
 57 85119149168172158130 94 61 37 28 38 63 97133160174169149117 84 58 4727 419MU 4421731715174999999999999991058 282312 4699999999999999
 52 73105138165177171147111 71 38 18 17 35 67107144170179169145112 81 6127 420MU 5101771759179999999999999991133 152348 5599999999999999
 55 67 93126156176178161129 88 48 19  7 14 40 77118153174178163136106 8027 421MU 53817918411799999999999999912 7  7999999999999999999999
 66 68 86114145169179171145107 66 30  8  5 20 51 90129159174171153126 9927 422MU 6 4179192017599999999999999 022 651241  499999999999999
 80 75 84105133158174174157125 86 48 19  6 11 32 6610413716016816014011727 423MU 631176195816899999999999999 054 751314  699999999999999
 96 84 86 99122146164171163139105 68 37 17 12 23 48 8011414115615814712927 424MU 657171203715999999999999999 124 831348 1199999999999999
110 95 91 97113133152163162147121 89 58 34 21 23 38 63 9211913914914613527 425MU 725164211814999999999999999 155 911423 2099999999999999
120106 98 99107122139151156149132107 79 55 37 31 36 52 74 9912013414013727 426MU 75515622 614099999999999999 229 9715 3 3199999999999999
128117107103105114125137144144136119 98 76 58 46 43 49 63 8110111712813327 427MU 830145231013399999999999999 3101031550 4399999999999999
131125117111108109115122130134132125112 96 79 65 56 53 58 69 8410011412527 428MU 917134999999999999999999999 4121081651 5399999999999999
130130127121115110108110114119122123120112100 87 74 65 61 63 71 83 9811327 429MU 035131104112399999999999999 6 01081811 6199999999999999
125133135131124115106100 99102107114119121117108 96 83 71 64 64 71 8310027 430MU 152135124812199999999999999 749 991932 6399999999999999
117131140141135124109 95 86 84 89 99111122128127118104 88 73 64 63 71 8627 5 1MU 241142142112999999999999999 849 842037 6399999999999999
106126142149147135116 96 78 69 69 79 96115131140139128110 90 72 63 63 7527 5 2MU 316150152314199999999999999 928 672126 6299999999999999
 94118140154157148127101 75 57 50 56 74 99125145154150135112 88 70 62 6627 5 3MU 34515816131549999999999999910 2 5022 8 6299999999999999
 83107134155165160142112 79 51 35 33 48 75108138160167158138111 85 68 6427 5 4MU 4131651657167999999999999991034 322247 6499999999999999
 74 96124150168171157128 91 55 27 16 22 46 82120153172175162136107 82 6927 5 5MU 44117217401769999999999999911 8 152325 6899999999999999
 70 86112141165177170147110 68 31  7  3 18 50 92133165181179160132103 8227 5 6MU 5101771823182999999999999991144  2999999999999999999999
 73 80101129157176179164132 90 47 12 -5 -2 21 5810214217118317615512710027 5 7MU 54118019 718399999999999999 0 2 731222 -699999999999999
 84 81 93116144167179175152116 72 31  2 -9  0 27 6711014817217916914712227 5 8MU 615180195317999999999999999 040 8013 3 -999999999999999
100 89 91106129153171177166139101 60 24  0 -6  8 37 7511514816717116014027 5 9MU 651177204317299999999999999 121 881348 -699999999999999
119102 96101116137156169169155128 92 55 24  6  4 18 46 8111614416016215227 510MU 732171213816399999999999999 2 4 961438  399999999999999
136119106102108121137152161159145120 89 58 32 18 17 30 55 8511513915215427 511MU 820161224115599999999999999 2551021533 1699999999999999
147134120110106109118131143149148137117 93 67 45 32 31 41 62 8711313514727 512MU 921150235015199999999999999 4 21061637 3099999999999999
150145134121110104104109119129137139134120101 79 60 47 44 51 68 9011413427 513MU1048139999999999999999999999 5321031748 4399999999999999
147151146135121107 96 92 95103115127135135127112 93 74 60 54 59 73 9411727 514MU 058151123413699999999999999 7 6 9219 3 5499999999999999
137151155149135116 97 83 76 78 88104121135141137125106 86 70 63 66 8010127 515MU 15415514 914199999999999999 817 752011 6399999999999999
124145158160150131106 82 65 57 61 76 97121140150148136116 94 77 70 74 8827 516MU 239160152215199999999999999 910 572110 7099999999999999
111135155165162147121 91 64 46 40 48 69 97126148160158143121 99 82 76 8227 517MU 318166162016099999999999999 954 4022 1 7699999999999999
 99123147165170161139107 73 45 28 27 42 69103135158168163146123100 85 8127 518MU 3531711710168999999999999991034 262245 8199999999999999
 91111136159172171155125 89 54 27 16 21 43 76113145167173165145120 99 8727 519MU 4271741754173999999999999991111 162325 8699999999999999
 88102124149168176167143108 70 37 15 10 23 51 87125155172174161139115 9727 520MU 4591761835175999999999999991147 10999999999999999999999
 90 96113137160173174158128 90 53 24  9 12 31 6310113616217316915313010927 521MU 531175191317499999999999999 0 2 901221  899999999999999
 96 94105125148166174167145111 74 40 17 10 19 44 7811414516517016114212127 522MU 6 2174195017099999999999999 037 931256 1099999999999999
104 96100114135155168169156130 95 60 32 16 16 31 59 9212515016316315013227 523MU 635171202616599999999999999 111 961331 1499999999999999
113101 98106122142158166161143115 82 52 30 21 27 46 7410513315215915414027 524MU 7 816621 315999999999999999 145 9814 7 2199999999999999
123108100101112128144156159150130103 74 49 34 31 40 61 8711513715015314527 525MU 744159214315399999999999999 221 991444 3099999999999999
132117106101105115129142150149138119 95 70 51 41 42 54 74 9812113914814727 526MU 825151222814999999999999999 3 41011525 4099999999999999
139127114105102105114126136142139129112 91 72 58 51 54 66 8510612513914627 527MU 914142231814699999999999999 3591021611 5199999999999999
145137125113104100102109119128132131123110 94 78 67 62 66 77 9311212914127 528MU1020133999999999999999999999 5 910017 5 6299999999999999
146144136124111100 94 94100109119126128123114100 87 77 72 75 8510011713327 529MU 013147115012899999999999999 629 9318 8 7299999999999999
145149146136121105 91 82 81 88 99112123130129122110 97 85 80 81 9010512327 530MU 1 6149132613099999999999999 738 811917 7999999999999999
139150154148134114 93 76 66 66 75 91110127138140134121106 92 85 86 9611127 531MU 153154144614099999999999999 831 652023 8499999999999999
130147158159148128103 77 57 47 50 65 87113135149153146130112 97 89 9010127 6 1MU 235160154815399999999999999 916 472122 8899999999999999
119140157166162146119 87 57 36 28 36 58 88120147163165155137116 99 91 9427 6 2MU 314166164216699999999999999 959 282214 9099999999999999
108128150167172163139105 68 36 16 12 27 56 93130159175175162140117 99 9227 6 3MU 3531721731177999999999999991041 1223 2 9299999999999999
 98116139161176177161130 90 50 17  0  2 22 57 99139169183180163139115 9927 6 4MU 4331781819184999999999999991125 -22348 9599999999999999
 95104124149171182178156120 77 35  4-10 -3 23 6310714717518618016013511227 6 5MU 51518319 7186999999999999991210-10999999999999999999999
 98 98110133157177185176150110 66 25 -3-13 -1 29 7011515317818517615513027 6 6MU 559185195418599999999999999 033 961257-1399999999999999
109 98101116138162179183171142102 59 21 -3 -8  7 38 7912215617718016814727 6 7MU 646184204218199999999999999 119 971345 -899999999999999
124106 98103118140162176178163135 97 57 24  5  3 20 51 9012815817317316027 6 8MU 736179213017599999999999999 2 7 981435  299999999999999
140118103 97103118138157169169155129 95 61 33 18 20 37 6610113415816916627 6 9MU 831170221717099999999999999 3 0 971525 1799999999999999
153133113 99 94 99112130147158158147125 97 69 47 36 39 55 8111113915816527 610MU 93315923 516599999999999999 4 0 941617 3599999999999999
160146127108 94 89 92103119134145148141124103 81 63 55 59 73 9612114315827 611MU1046148235416399999999999999 5 8 891712 5599999999999999
162156142122103 88 80 82 91105121134141138128112 94 80 74 77 8910812914727 612MU1214141999999999999999999999 621 801812 7499999999999999
159161154138117 96 79 69 69 78 93110127137140135123108 96 89 9110111713527 613MU 043162134914099999999999999 732 681918 8999999999999999
151161161152134111 87 68 57 56 65 8310412414014614413412010810010110912427 614MU 133162151314799999999999999 834 55202810099999999999999
140155163162150129102 76 55 44 44 57 7810312814615515314312811410610611427 615MU 222164161915599999999999999 927 43213210599999999999999
129146160166162146121 91 63 42 32 36 53 7910913615516416014713111610710827 616MU 3 81661710164999999999999991013 32222710699999999999999
117134151165169161140111 79 50 30 24 33 55 8611814716517016314712811310527 617MU 3511691753170999999999999991054 24231210599999999999999
109121140158170170157131 99 65 37 21 20 35 63 9713115717217216014112110727 618MU 4321711831174999999999999991133 19235110399999999999999
103111127147165173168150120 85 51 27 16 22 43 7511114316617516915313111327 619MU 51117319 51759999999999999912 9 16999999999999999999999
102103115134155170174164140107 71 40 20 16 29 55 9012515417117316114212027 620MU 548174193817499999999999999 0261011244 1699999999999999
104 99105121142162173172156127 92 58 32 19 22 41 7110613916217116715113027 621MU 62417420 917299999999999999 059 991318 1899999999999999
110 98 98109128149165172165144114 79 49 29 23 34 57 8912215016616815813927 622MU 7 0172204016999999999999999 132 971351 2399999999999999
118102 95 99113133152165167155131101 70 45 32 33 49 7510713615716716314827 623MU 738168211116799999999999999 2 7 951424 3199999999999999
128109 97 94101117136152161158143119 91 65 46 40 48 67 9412214716116415527 624MU 817161214316599999999999999 246 931457 4099999999999999
139119102 93 93102117135148153148133110 86 65 54 53 64 8511013515416216027 625MU 9 1153221716399999999999999 330 921532 5299999999999999
148131112 97 90 91100115130141145139125106 87 72 65 69 8110112414415716127 626MU 954145225516199999999999999 422 891611 6599999999999999
156142124106 92 84 86 94108122133138134124109 94 83 79 84 9611413314915827 627MU11 3138233716099999999999999 521 841659 7999999999999999
159152137118 99 84 76 77 85 99114127134135128118106 97 93 9710712213815127 628MU1232135999999999999999999999 626 7518 0 9399999999999999
159159150133112 91 74 64 64 73 8810612413614113813011911010510611412714127 629MU 02716014 914199999999999999 732 63191810599999999999999
154161160149130106 81 61 49 48 59 7810112414215115114413212011211111712927 630MU 123162153115299999999999999 833 47204111199999999999999
144157165163151128 99 69 45 32 32 45 69 9912815116416515614112611511211727 7 1MU 221166163516699999999999999 930 30215211199999999999999
131148163172169153125 91 56 29 14 16 34 6510113616317617616414512611310927 7 2MU 3171721728178999999999999991023 13225010999999999999999
116133153171180175155122 82 43 14  0  5 28 6510614517318618316714412210827 7 3MU 4111801816187999999999999991114 -1234010599999999999999
105116136160179188180156118 74 32  2-10  0 28 7011515518319218416313711427 7 4MU 5 418819 11929999999999999912 3-10999999999999999999999
101101116140166186193183154113 66 24 -4-12  3 36 8012616518819317915512627 7 5MU 556193194319399999999999999 027 991251-1299999999999999
104 93 98116143170189194181150107 60 21 -2 -4 14 50 9513917319018817014327 7 6MU 647195202319299999999999999 112 931337 -699999999999999
114 94 87 95116143170188190174142101 59 25  8 11 34 7011315217918818015827 7 7MU 73819121 118899999999999999 158 871421  799999999999999
129103 86 82 93114141165180180164134 97 62 36 26 34 58 9313016218018216927 7 8MU 830182213718399999999999999 245 8215 4 2699999999999999
145117 94 80 78 90110135156168167153127 98 71 53 49 60 8411414516817817427 7 9MU 926170221217899999999999999 336 771545 4999999999999999
157133108 87 75 75 86104125144154154143124102 84 73 74 8610713215416917327 710MU1028155224917399999999999999 431 741627 7299999999999999
165147124101 82 72 71 80 96114130141143137126112100 94 9710712414215816627 711MU1147143233016899999999999999 534 701714 9499999999999999
166157140119 97 80 69 67 73 8610211813113813813212411611211312113214515727 712MU1330139999999999999999999999 644 66181611299999999999999
163161152136116 95 76 64 60 65 76 9311112713914414213612912412312613414427 713MU 021163151514499999999999999 758 60194612399999999999999
154160159151135114 92 72 57 52 56 69 8811013114615315214613712812412513227 714MU 126160162515499999999999999 9 5 52211812499999999999999
142153160160152135112 87 64 49 43 49 65 8911513915616316015013712612012127 715MU 233161171216399999999999999 959 43222111999999999999999
129142155163163153133106 78 54 38 35 46 67 9612615116617016214813111811227 716MU 3311641748170999999999999991044 3523 511299999999999999
116128145160169167153128 97 66 42 29 31 48 7510814016317417215913912110827 717MU 4201701819175999999999999991122 28234110699999999999999
106115132152168175169149119 85 53 31 24 33 56 8912415417317816814912710827 718MU 5 21751848178999999999999991157 24999999999999999999999
100103118140161176178166140106 70 41 24 24 41 7110714116717917515913511227 719MU 540179191518099999999999999 012 991229 2299999999999999
 97 94105125149170181177159127 91 56 32 24 32 56 9012715817617916714511927 720MU 616182194118099999999999999 042 9413 0 2499999999999999
 99 89 93109133158176181171146112 76 47 30 30 47 7711214617118017415512927 721MU 65118220 618099999999999999 113 891329 2899999999999999
104 88 85 95116141164177176160132 97 65 43 36 45 6810013416217817816414027 722MU 727179203118099999999999999 145 841357 3699999999999999
113 92 81 84 99122146165173167147118 86 61 47 49 64 9112315217317917115127 723MU 8 4173205617999999999999999 218 811425 4699999999999999
125100 83 78 85102125148163166155134107 82 64 59 67 8611414216517617416027 724MU 844166212217799999999999999 255 781454 5999999999999999
137112 90 77 76 86104126145156156145126104 85 75 75 8710813215417017416627 725MU 930157215117499999999999999 337 751526 7399999999999999
148125102 83 73 74 84102122138147147138123107 95 90 9410612414416016916827 726MU1028148222517099999999999999 426 7216 4 9099999999999999
157139117 95 78 69 70 80 9511312913914113712811811010711112113414916016527 727MU1151141231016599999999999999 526 69165610799999999999999
162152134113 92 74 64 63 70 8410111913314114213913212612212312813714815727 728MU1347142999999999999999999999 640 62182112299999999999999
162160151135114 91 70 56 51 55 69 8911113114615315314814013212812913514427 729MU 018162153015499999999999999 8 1 51202212899999999999999
154162164157140117 89 63 44 35 39 54 7910713515616716816014813512512312827 730MU 143164163616999999999999999 913 35214912399999999999999
140155167172166149120 87 54 30 18 23 42 7311014316918118016714812911611327 731MU 3 11721723182999999999999991014 18224611399999999999999
121138159176184178156122 82 44 15  4 12 37 7611815618319218516614011710327 8 1MU 4 618418 41929999999999999911 6  4233210199999999999999
103116139166187196187161121 75 33  5 -4 10 42 8613217119419818315712610127 8 2MU 5 21961841199999999999999991153 -4999999999999999999999
 89 94113143173196204192161116 68 26  1 -2 18 5610415018520119617414110927 8 3MU 554204191620299999999999999 014 891237 -399999999999999
 85 78 88113146179201205189155109 62 25  7 12 38 7912616719420118715812327 8 4MU 644206194920199999999999999 055 781318  699999999999999
 91 72 70 85114149180199200180145102 61 32 23 35 6410514818119819417314027 8 5MU 732202202019999999999999999 137 681357 2399999999999999
105 77 63 66 85115148176190187167134 97 66 47 47 64 9413116518819418115527 8 6MU 820191204919499999999999999 219 621433 4599999999999999
122 90 68 60 66 87115144166176171153126 98 77 68 74 9312115117518718416627 8 7MU 910176211718899999999999999 3 3 6015 7 6899999999999999
139108 82 65 61 69 88112136153160155141123105 94 9210111914116217718017127 8 8MU10 5160214518099999999999999 350 611540 9199999999999999
152127101 80 67 65 72 8810712513914514413612611611111312213615116417116927 8 9MU1117145221817199999999999999 444 64161611199999999999999
159141121100 82 71 68 73 84 9911412713513813713413012712913414215115816227 810MU131413823 516299999999999999 552 68171012799999999999999
159151137120103 87 75 69 70 78 9010411913214014514414213813613714014515027 811MU1528145999999999999999999999 719 69191913699999999999999
154154149139124107 89 74 66 64 70 8210011913614915515514914213513113213627 812MU 033154162715599999999999999 844 63212413199999999999999
143151155153144128108 87 69 57 55 62 7910112514616016516115013712712112227 813MU 21515517 116599999999999999 945 55221912199999999999999
130142154161160149130105 80 59 47 47 59 8211013815917117116014412611411027 814MU 3241621729172999999999999991030 45225411099999999999999
116129147162170167152127 97 68 47 38 44 63 9212515317217817015213111110127 815MU 41417017541789999999999999911 7 38232410099999999999999
102115135157173179170148117 83 54 36 34 48 75109143169182179162138113 9627 816MU 4551791818183999999999999991138 332352 9199999999999999
 91100120145169183183168139103 68 42 31 38 61 94131163182185172148119 9527 817MU 53118518411869999999999999912 7 31999999999999999999999
 83 86103129157180189182159125 87 55 36 35 51 81118154179189181158128 9927 818MU 6 518919 318999999999999999 019 821235 3399999999999999
 79 75 86110140169187189175146109 73 48 39 47 7210714317318918716913910727 819MU 639191192419099999999999999 047 7413 1 3999999999999999
 81 68 72 91120151176188183162130 94 65 49 50 67 9713316518619017815111827 820MU 713189194619199999999999999 117 681327 4799999999999999
 88 68 63 74 98129158179184173148116 85 64 58 68 9212315517918918316213127 821MU 74918420 819099999999999999 147 631353 5899999999999999
 99 73 60 63 79106136161175174159135107 84 72 75 9111614517018418517014427 822MU 827177203118699999999999999 221 601420 7299999999999999
113 85 65 58 66 85111138158167163148126105 91 87 9511313615917618117415527 823MU 911167205618199999999999999 258 581450 8799999999999999
129101 77 63 60 69 8811113414915615214012511210410511513114916417317316227 824MU10 6156212617499999999999999 342 59152310499999999999999
143119 95 76 64 62 70 8610512413814514513913112412112313014115216216616427 825MU113014622 916699999999999999 441 62161012199999999999999
154138118 97 79 66 62 65 77 9211012613814414614414013613513714214815415827 826MU1350146233115999999999999999 6 3 62175513599999999999999
158153141124104 84 67 57 55 62 77 9711813715115815815414613913513413814527 827MU1535159999999999999999999999 742 54203813499999999999999
153159160152136113 88 64 47 40 46 63 8811714316317317216314813412312012627 828MU 135160162517499999999999999 9 3 40215112099999999999999
138154167173167149121 88 57 34 25 32 55 8712415617818718016314011910610427 829MU 3 317317 31879999999999999910 3 25223710399999999999999
115136160179188182160125 84 47 22 14 27 56 97139173193195180154123 99 8627 830MU 4 71891736197999999999999991052 142316 8699999999999999
 90109138169193202192164123 77 38 15 13 32 69115158190203196171136101 7727 831MU 5 020218 8203999999999999991136 112355 6999999999999999
 69 80107143179203210196162117 70 34 17 23 50 91138178202205187153113 7927 9 1MU 5492111838207999999999999991215 16999999999999999999999
 58 57 76110150186208210191154109 66 38 29 43 76119161193207198170130 9027 9 2MU 63621219 620799999999999999 032 551253 2999999999999999
 60 46 53 78115155187205202179143102 68 50 51 7110514518020120218314910827 9 3MU 721206193320499999999999999 110 461327 4899999999999999
 72 48 42 55 83120156183194187164132100 77 68 7710113316619019918916312727 9 4MU 8 6195195919999999999999999 148 421359 6899999999999999
 91 61 45 46 62 91124154174179170150125103 90 9010412715417719018817214427 9 5MU 852179202319199999999999999 228 431429 8999999999999999
111 81 59 50 55 72 9712414616016315514012411110711212614516417818117315427 9 6MU 943163204818199999999999999 3 9 50145810799999999999999
129102 79 64 59 65 80 9912013614614814413612812312312914015316417016815827 9 7MU1049148211617099999999999999 357 59152912299999999999999
141121101 84 73 69 73 83 9711212513414014113913613513513814415115615715527 9 8MU1248141215515799999999999999 459 69162013599999999999999
147136121106 93 82 76 76 82 9110311612913814414714614414113913914114314627 9 9MU1515147234514699999999999999 631 76192513999999999999999
146144138128115101 87 78 73 75 83 9711313014415315615314713813112812813327 910MU16 0156999999999999999999999 812 73212312899999999999999
139145148145136122104 86 73 65 67 77 9511713815516416415514212811811411727 911MU 2 4148162816599999999999999 920 6522 211499999999999999
127140151158155144125102 79 63 56 61 7710112815216817316615013011310210227 912MU 31515816531739999999999999910 5 56223210199999999999999
112129148163169164147121 93 68 53 50 62 85116145168179176160136112 94 8827 913MU 4 31691715179999999999999991040 492259 8899999999999999
 95113137160176179167143112 80 56 46 51 71102136165182184170145116 91 7727 914MU 4421791737185999999999999991110 462325 7699999999999999
 78 94120150174187183164133 98 67 49 46 61 89125158182190180156123 92 7027 915MU 5181871757190999999999999991138 452351 6499999999999999
 64 75100133164186193181155119 84 59 48 56 80114149178193189168134 98 6927 916MU 55219318181949999999999999912 4 48999999999999999999999
 55 58 79111147177194192173142105 74 57 57 74104139172192194178147110 7527 917MU 626195183819699999999999999 019 541231 5499999999999999
 52 46 60 88124160185195186161127 94 71 63 73 97129162187196186160124 8627 918MU 7 019519 019699999999999999 047 461257 6399999999999999
 56 42 45 66 99136168187189174147116 90 76 77 9412115217819219017113910127 919MU 737190192319499999999999999 117 411325 7499999999999999
 68 45 39 50 76110144170182178161136110 93 87 9611514116718418817715211927 920MU 816183194718999999999999999 150 391353 8799999999999999
 85 58 43 43 59 8511614516517216615012911210210311513415517318117816213627 921MU 9 1172201318299999999999999 228 41142410199999999999999
106 77 56 47 50 66 8911613915415915414313012011612013114516017017216514927 922MU 959159204517299999999999999 313 4715 011699999999999999
126101 79 62 54 57 69 8710812714114814814413713213013313914715516016115527 923MU1131149213216199999999999999 415 54155813099999999999999
143126106 87 71 62 60 66 79 9611413114315015114914514113813714014414815127 924MU1352151232715199999999999999 544 59183813799999999999999
151145135119100 81 66 57 58 67 8410512614515816316115314313312612412813727 925MU1511163999999999999999999999 727 56204612499999999999999
147154156150134112 87 65 50 47 56 7510213115517117616915413511810710511427 926MU 144156155317699999999999999 847 46213910599999999999999
130149165172167148120 88 60 41 38 50 75109143171185184169145118 96 84 8727 927MU 3 6172162718799999999999999 944 372218 8499999999999999
103129157179188181158124 86 54 35 35 53 86125162187196186160127 94 71 6327 928MU 4 51881657196999999999999991031 332255 6399999999999999
 73 99133168193201190161122 81 50 36 42 67105146181200199178142102 68 4827 929MU 4562011727202999999999999991112 352332 4599999999999999
 48 67101141178202207191157116 77 51 44 58 89129168196205192161119 77 4627 930MU 5432081755205999999999999991150 44999999999999999999999
 32 40 67107150186206205184149110 77 59 61 81115154186204201177138 94 552710 1MU 628208182220599999999999999 0 8 321225 5799999999999999
 31 26 42 75116157188202196172139105 81 73 82107140173196201187156115 732710 2MU 711202184820299999999999999 043 251258 7399999999999999
 41 26 29 51 85125161185192182159130105 90 91105131160184195190169134 952710 3MU 754192191319699999999999999 119 251330 8999999999999999
 60 37 30 39 64 971311601761781661461251091031091251481701841861741491162710 4MU 837179193818799999999999999 156 3014 010399999999999999
 83 56 42 41 53 771051331541641631531381241161161241391571711761721561322710 5MU 92416520 417799999999999999 234 39143111599999999999999
104 79 61 52 54 67 871091301451511511441351281251271341451561631631561412710 6MU1022152203316499999999999999 317 5215 812499999999999999
122101 83 70 65 67 77 921081231351421441421381341321331371421481501491432710 7MU1154144211415099999999999999 411 64161313299999999999999
133120105 92 81 75 75 81 911031171291381441451441401361331321331351371382710 8MU14 014523 413899999999999999 531 7519 313299999999999999
137132124114102 90 82 78 79 87 981131281411501531501431341261201191211272710 9MU15 1153999999999999999999999 712 77204911999999999999999
134138139134123109 94 82 75 74 82 97115134150159160153139124111104104111271010MU 136139153516199999999999999 831 74212910399999999999999
123136146149144131113 93 77 69 70 81101124147163168163148128107 93 88 93271011MU 25314916 116899999999999999 922 682159 8899999999999999
108127146158161152134110 87 70 64 70 87113140162175173159135109 86 74 74271012MU 34416116251769999999999999910 1 642227 7299999999999999
 88111137159172170156131103 79 64 63 76101131159177182170146115 84 64 57271013MU 4251731647182999999999999991034 622254 5799999999999999
 67 90121152174183175154124 94 71 63 69 90120152177187181159125 89 59 44271014MU 5 218317 91889999999999999911 4 632321 4399999999999999
 47 67 99135167186189174146114 85 69 68 83110143172189189171139 99 62 38271015MU 5381901731192999999999999991133 662350 3199999999999999
 31 44 74112151180193188167136104 81 72 79101132163186194182154114 73 40271016MU 61419417551949999999999999912 3 72999999999999999999999
 24 27 49 85126163187194182157126 98 82 81 96122152179193189168132 90 52271017MU 651194182019499999999999999 021 231233 7999999999999999
 26 18 30 59 98138170188188172146118 97 89 95114141167186190178150111 71271018MU 730190184619199999999999999 054 1813 4 8999999999999999
 39 21 21 38 70108144170182178160137115102100111131154174184181162132 95271019MU 813182191618599999999999999 130 181338 9999999999999999
 61 35 24 29 49 79113143164171166151133118111113124142160173176168148119271020MU 9 3171194917699999999999999 212 24141611099999999999999
 88 59 40 33 39 58 84112137154160157146134125121123132145157164164155138271021MU10 6160203016599999999999999 3 2 3315 512199999999999999
114 89 66 50 44 48 63 84107129144152153147140133128128132139146151152146271022MU1133153213915299999999999999 4 6 44163212899999999999999
135118 98 79 63 54 54 63 80100121138150155153147138130124123125130137143271023MU1314155234814499999999999999 530 53185512399999999999999
144140129112 93 75 61 56 61 75 95118139155162161152138124112105106114126271024MU1421163999999999999999999999 7 1 56202310599999999999999
139149151144128106 83 65 56 59 73 95122147165172167152130108 91 83 86100271025MU 14515115 517299999999999999 817 562114 8399999999999999
120142158165159141115 88 66 56 59 76103133160177180168144114 86 67 61 69271026MU 3 2165154118199999999999999 916 552155 6199999999999999
 91120149171179171149120 89 66 57 64 86117150175187182161128 92 61 43 42271027MU 4 117916131889999999999999910 4 572233 4099999999999999
 59 89126160183189178152120 89 68 63 76102136167188192177147107 67 38 25271028MU 4521891643193999999999999991047 6323 9 2599999999999999
 32 57 94135170191194179150117 88 73 74 92122155182195189165126 83 45 20271029MU 5381951713195999999999999991126 712345 1499999999999999
 15 30 62104145178195192173143112 89 81 88111141171190194179146104 62 28271030MU 62219617421959999999999999912 2 81999999999999999999999
 11 14 37 73115154182192185163135109 93 91105129157180191186162125 84 46271031MU 7 4192181019299999999999999 021 101236 9099999999999999
 20 12 22 49 87126159180184173151127107 99103120144167183185171143106 682711 1MU 745185183918699999999999999 056 121310 9999999999999999
 38 21 20 36 65100134160173173160140121109106115132153170178173154125 912711 2MU 82517519 817899999999999999 132 18134310699999999999999
 60 38 28 33 52 791101371571641601481321191121141241391551661671581381112711 3MU 9 8164194016899999999999999 2 9 28141811199999999999999
 83 59 44 40 48 66 911161371501551501401281201161191281401511561541431252711 4MU 956155201515799999999999999 249 4015 111699999999999999
103 81 64 54 53 62 78 981181341441471441371291221191211271351411441411322711 5MU105614721 314499999999999999 335 5216 611999999999999999
119102 86 73 65 65 72 841001171311401441431381311241191181201241291321322711 6MU1213145222713299999999999999 433 64175311899999999999999
127118106 94 83 75 73 77 871011161301411461461411321221131081071111171232711 7MU1327147999999999999999999999 549 73193910799999999999999
128128124115103 91 82 77 80 88102118134146152151142129114100 93 92 981082711 8MU 036128141815399999999999999 710 772037 9199999999999999
120130135133125111 97 85 79 80 90106125143155159153139119 98 82 75 77 882711 9MU 213135145415999999999999999 817 782116 7499999999999999
106124139146144133116 98 84 78 82 95114136155165164151128102 77 61 57 66271110MU 316147152416699999999999999 9 9 782149 5799999999999999
 85110134152159154139117 97 82 78 86103127151167173163141111 79 53 41 43271111MU 4 4159155217399999999999999 951 782220 4099999999999999
 61 89120149166170160140115 93 81 81 94117143165178175156125 88 54 31 24271112MU 4461711620178999999999999991029 792252 2499999999999999
 35 62 98134163178177162137110 90 82 87106132159178183170142103 63 30 13271113MU 52618016481839999999999999911 5 822325 1199999999999999
 14 34 69110148175186179158131105 89 86 98121148172185182160124 81 41 12271114MU 6 61861718186999999999999991141 85999999999999999999999
  2 11 39 79122159182187175152124102 90 94110135161181186175146106 62 25271115MU 647187175118799999999999999 0 1  21217 9099999999999999
  2 -1 15 48 90132165182183168144119101 95103122147169183182164131 90 49271116MU 730185182618499999999999999 040 -31255 9599999999999999
 17  0  3 24 58 99137165178175159137116103102112131153171179172151118 79271117MU 81717919 517999999999999999 122 -1133610199999999999999
 43 17  6 12 34 68105138161170166151132116107108119135153166170161140110271118MU 9 8171194917099999999999999 2 8  5142410699999999999999
 76 45 24 17 24 45 75108136156163158146130117110111119132146156158150132271119MU10 4163204415899999999999999 3 0 17152310999999999999999
107 79 54 37 30 37 55 81109134151157154144130118110108113122133142146142271120MU11 815722 114699999999999999 359 30164510899999999999999
130111 88 67 51 45 49 64 86110133149156154144131116105 99100107117128136271121MU1215156234613899999999999999 5 6 451823 9999999999999999
138132119101 82 67 58 60 72 91113135151158156145128110 94 84 82 89101117271122MU1316158999999999999999999999 620 581943 8299999999999999
131140140131115 97 80 70 69 79 96119140156163159144122 98 77 65 62 71 88271123MU 13214114 616399999999999999 734 682042 6299999999999999
110131146150144128108 90 78 76 85104127149164168159139111 81 57 44 44 57271124MU 254150144916999999999999999 839 752130 4299999999999999
 81110136155161155138116 96 83 82 93113138159172171156129 95 62 37 26 30271125MU 359161152817499999999999999 936 812213 2599999999999999
 50 81115145165171162142119 98 87 88102124149169177170148114 76 42 19 13271126MU 45217116 4177999999999999991025 862252 1399999999999999
 24 50 87124155174176164142117 98 90 95112136160176178164135 97 57 25  7271127MU 53917716391799999999999999911 8 902330  599999999999999
  7 25 58 97135164179176160137113 97 93102123147169179175154119 79 41 13271128MU 6211801713180999999999999991147 93999999999999999999999
  2  9 34 70110146170179171152128107 96 97111133156173178166139102 63 29271129MU 7 0179174717899999999999999 0 7  21224 9599999999999999
  8  4 18 47 85123154172174162141119102 96103120142162173171153123 86 50271130MU 738175182117499999999999999 043  31258 9699999999999999
 22  9 12 32 63 99133158169165150129110 99 98109127148163169161139107 732712 1MU 814169185516999999999999999 118  81332 9799999999999999
 42 21 16 25 48 79112140158162154138119105 98102115132149160160148124 942712 2MU 849162193116199999999999999 153 1514 8 9899999999999999
 64 40 27 27 41 65 94122144155154144128113102 991051171331461521481341112712 3MU 92615620 915299999999999999 228 251449 9999999999999999
 85 61 43 36 41 57 80106129145151147136122109101 991051161281381411361222712 4MU10 6151205514199999999999999 3 6 361540 9999999999999999
103 82 63 51 48 56 71 92114133144147142131118107 99 971011101201271301262712 5MU1051147215413099999999999999 347 481647 9799999999999999
115100 84 70 62 62 69 83102120135144145140129116103 94 91 931001091171212712 6MU1142146232212299999999999999 434 6118 7 9199999999999999
120114104 91 81 74 74 80 92108124137145146139127112 97 85 79 80 87 981092712 7MU1236146999999999999999999999 533 731922 7999999999999999
117121119112102 92 85 83 88 99113128141148148139124105 86 71 64 65 75 902712 8MU 1 9121132714999999999999999 645 832019 6399999999999999
106120128129123113101 92 89 93103118134147153150138117 93 69 53 46 50 652712 9MU 238130141315399999999999999 759 8921 6 4699999999999999
 86109128140142135122108 96 92 95107124141154159151133106 76 49 32 28 38271210MU 343142145415999999999999999 9 4 922147 2899999999999999
 60 88117140153154144127110 97 92 98112132150163163150125 91 56 28 12 13271211MU 434155153416599999999999999 958 922228 1199999999999999
 30 59 95128153165163149129109 96 93101119141161170166146114 74 36  8 -4271212MU 5201661614171999999999999991045 9223 9 -499999999999999
  3 27 63104140165174168149126105 93 93106128152170176166140101 57 19 -7271213MU 6 41741655176999999999999991128 922351-1599999999999999
-14 -1 29 71114151173178167145120100 91 95112136160176178163131 88 43  6271214MU 6471791737180999999999999991211 91999999999999999999999
-16-18  1 36 81124158177177162138113 95 90 98118143166179177156121 77 33271215MU 731179182218099999999999999 035-201254 9099999999999999
 -1-18-14  9 47 91133163176172154129106 92 90101122146167176171148112 70271216MU 81517719 917799999999999999 120-191338 8999999999999999
 30  1-11 -3 22 60102139164172164144120100 88 89101122144162169161138105271217MU 85917220 016999999999999999 2 6-111426 8799999999999999
 66 32  9  2 13 39 75113144162166155135113 94 85 87 99117137152158150130271218MU 942166205615899999999999999 253  21521 8499999999999999
101 69 41 24 21 33 58 90122147160159147127106 89 81 82 92108125139144139271219MU102716122 214499999999999999 341 201624 8099999999999999
124101 76 55 43 43 55 76103129148156153140121101 84 74 73 81 94110124132271220MU1113157232513299999999999999 432 411737 7399999999999999
131122106 88 73 63 64 74 92113134148154149136117 96 78 65 62 67 79 95111271221MU12 3154999999999999999999999 528 621854 6299999999999999
123128125116103 90 82 82 89103120137149153147133113 90 69 54 48 52 64 82271222MU 1 9128125615399999999999999 636 8120 7 4899999999999999
102119130133127117105 97 94 98109124139150153147131108 82 58 41 34 38 53271223MU 249133135215399999999999999 755 9421 8 3499999999999999
 75100122137143139129115104 99102111126142153155147128101 72 45 27 21 28271224MU 4 5143144615699999999999999 912 992159 2199999999999999
 47 74104130147153148135119106 99102113129146157158146123 92 60 32 14 11271225MU 5 01531535159999999999999991014 992243 1099999999999999
 23 47 80113141157160151134116102 96101115134152161159143115 80 46 18  4271226MU 54416116201629999999999999911 2 962323  399999999999999
  6 24 55 91126152164162148128108 95 93102120141158165158136103 66 31  7271227MU 62116517 1165999999999999991141 92999999999999999999999
 -1  8 32 67105139160167159140117 98 88 91106127149164166153125 89 51 19271228MU 655167173916799999999999999 0 0 -11216 8899999999999999
  1  0 16 46 84121150165164149127104 88 84 93112136156166162143111 73 37271229MU 726166181516799999999999999 034 -21248 8499999999999999
 11  0  7 30 64102135157164156136112 92 82 84 98120143160164154129 95 58271230MU 755164185016599999999999999 1 6  01320 8199999999999999
 27  9  7 21 50 85120147160159144121 98 82 78 86104126147159158142114 80271231MU 823161192516099999999999999 137  51352 7899999999999999
