 12  9  6  4  4  5  6  9 11 12 12 12 12 11 11 11 12 13 15 17 19 20 19 1727 1 1MZ 959 1221 3 2099999999999999 353  41437 1199999999999999
 15 11  8  5  3  2  2  4  6  9 11 12 13 14 14 15 15 16 17 18 20 21 21 2027 1 2MZ2136 22999999999999999999999 511  2999999999999999999999
 18 15 11  7  4  1  0  1  3  6  9 11 13 15 16 17 17 18 18 19 21 22 23 2227 1 3MZ2214 23999999999999999999999 612  0999999999999999999999
 21 18 14 10  6  2  0 -1  0  3  6 10 13 15 17 18 18 18 19 20 21 22 23 2427 1 4MZ2257 24999999999999999999999 658 -1999999999999999999999
 23 21 18 13  9  4  1 -1 -2  0  4  8 11 15 17 18 18 18 19 19 20 21 23 2427 1 5MZ2343 25999999999999999999999 737 -2999999999999999999999
 25 23 21 17 12  6  2 -1 -3 -2  1  5  9 13 16 17 18 18 18 18 19 20 22 2427 1 6MZ9999999999999999999999999999 812 -3999999999999999999999
 25 25 23 20 15  9  4 -1 -3 -4 -2  1  6 11 14 16 17 16 16 16 16 18 19 2227 1 7MZ 030 2516 6 1799999999999999 847 -41837 1699999999999999
 24 25 24 22 18 12  6  1 -3 -5 -5 -2  2  7 11 14 15 15 14 14 14 15 16 1927 1 8MZ 115 251621 1699999999999999 922 -51922 1499999999999999
 21 24 24 23 20 15  9  3 -2 -5 -6 -5 -1  4  8 12 14 14 13 12 12 12 13 1527 1 9MZ 157 241642 1499999999999999 956 -620 4 1299999999999999
 18 21 23 23 21 17 11  5  0 -5 -7 -7 -4  0  5  9 12 13 12 11 10 10 10 1227 110MZ 236 2317 5 13999999999999991030 -72049 1099999999999999
 14 17 20 21 20 18 13  7  2 -3 -6 -7 -6 -2  3  7 10 12 12 11  9  8  8  927 111MZ 313 211728 129999999999999911 1 -72142  899999999999999
 10 13 16 18 19 17 14  9  4  0 -4 -5 -5 -3  1  5  9 11 12 11  9  8  7  727 112MZ 350 191751 12999999999999991130 -62251  799999999999999
  7  9 12 14 16 16 14 11  7  2 -1 -3 -4 -2  1  5  9 11 12 12 10  8  7  627 113MZ 430 161814 12999999999999991156 -4999999999999999999999
  5  6  8 10 13 14 13 12  9  5  2  0  0  0  2  5  9 12 13 13 12 10  8  627 114MZ 518 141837 1499999999999999 0 3  51218  099999999999999
  5  4  4  6  8 10 11 11 10  8  6  4  3  3  4  6  9 12 14 15 15 13 10  727 115MZ 623 1219 3 1599999999999999 111  41230  399999999999999
  5  3  2  3  4  6  8 10 10 10  9  8  7  7  8  9 11 13 16 17 17 16 13 1027 116MZ 8 1 101935 1799999999999999 220  21223  799999999999999
  7  4  2  0  0  1  4  6  8 10 10 11 11 11 11 12 13 15 16 18 19 19 17 1427 117MZ2017 19999999999999999999999 335  0999999999999999999999
 10  6  3  0 -2 -3 -2  1  4  7 10 12 13 13 14 15 15 16 17 19 20 21 21 1927 118MZ2112 21999999999999999999999 451 -3999999999999999999999
 15 11  6  1 -2 -5 -6 -5 -2  2  7 10 13 15 16 16 16 17 17 18 20 22 23 2327 119MZ2218 23999999999999999999999 559 -6999999999999999999999
 21 17 11  5  0 -5 -8-10 -8 -4  1  6 11 14 16 16 16 16 16 17 18 21 23 2527 120MZ2326 25999999999999999999999 659-10999999999999999999999
 25 22 18 12  5 -2 -8-12-13-11 -6  0  6 11 14 16 16 15 15 14 15 17 20 2427 121MZ1524 16999999999999999999999 754-131832 1499999999999999
 26 26 24 19 11  3 -4-10-14-15-12 -7  0  7 12 14 15 14 12 12 12 13 15 1927 122MZ 032 271544 1599999999999999 846-151930 1299999999999999
 24 27 27 24 18 10  2 -6-12-16-16-12 -6  2  8 12 13 13 11  9  8  8  9 1327 123MZ 133 2716 9 1399999999999999 935-162032  899999999999999
 18 23 26 26 23 16  8  0 -7-13-16-15-10 -3  4  9 12 12 10  8  6  5  5  627 124MZ 231 261636 12999999999999991020-162140  499999999999999
 10 15 21 23 23 20 14  6 -1 -7-12-13-12 -6  0  6 10 12 11  8  5  3  2  127 125MZ 327 2417 6 129999999999999911 2-132246  199999999999999
  3  7 13 17 20 19 16 10  4 -2 -6 -9 -9 -7 -1  5  9 12 12 10  7  4  1  027 126MZ 422 201736 12999999999999991140 -92348 -199999999999999
 -1  1  5  9 13 15 15 12  7  3 -1 -3 -5 -4 -1  4  9 12 13 12  9  6  3  027 127MZ 520 1518 7 13999999999999991214 -5999999999999999999999
 -2 -2 -1  2  6  9 10 10  8  6  3  2  1  1  2  5  9 12 14 14 12  9  6  327 128MZ 624 111837 1499999999999999 051 -21237  199999999999999
  0 -2 -3 -2  0  3  5  7  7  6  6  5  5  5  6  8 10 12 14 15 14 12 10  627 129MZ 749  719 6 1599999999999999 158 -312 1  599999999999999
  3  0 -2 -3 -3 -1  0  2  4  5  6  7  8  8  9 10 12 13 15 16 16 15 13 1027 130MZ1938 16999999999999999999999 316 -3999999999999999999999
  7  4  1 -2 -3 -4 -3 -1  1  3  5  7  9 10 11 12 13 14 15 16 17 16 15 1327 131MZ2018 17999999999999999999999 445 -4999999999999999999999
 10  7  4  1 -2 -4 -4 -4 -2  1  4  6  8 10 12 13 14 15 15 16 16 17 17 1627 2 1MZ2117 17999999999999999999999 555 -4999999999999999999999
 13 11  7  3  0 -3 -5 -5 -4 -2  1  5  8 10 12 13 13 14 14 15 16 16 17 1727 2 2MZ2227 17999999999999999999999 646 -5999999999999999999999
 16 14 10  6  2 -2 -5 -6 -6 -4 -1  3  6  9 11 12 12 12 13 13 14 15 16 1727 2 3MZ2331 18999999999999999999999 726 -7999999999999999999999
 17 16 13  9  5  0 -4 -7 -8 -7 -4  0  4  7  9 11 11 10 10 10 11 12 14 1627 2 4MZ9999999999999999999999999999 8 1 -8999999999999999999999
 18 17 16 12  7  2 -3 -7 -9-10 -7 -3  1  5  8  9  9  9  8  8  8  9 11 1427 2 5MZ 024 181533 1099999999999999 834-101852  899999999999999
 16 17 17 14 10  4 -2 -6-10-11-10 -7 -2  3  6  8  8  7  6  5  5  6  7 1027 2 6MZ 110 171542  899999999999999 9 5-111939  599999999999999
 13 16 17 15 12  7  1 -5 -9-12-12 -9 -5  0  4  7  8  7  5  3  2  3  4  627 2 7MZ 152 171556  899999999999999 935-122026  299999999999999
 10 13 15 15 13  9  3 -3 -7-11-12-11 -7 -2  3  6  8  7  5  3  1  0  0  227 2 8MZ 230 161612  89999999999999910 3-122116  099999999999999
  5  9 13 14 13 10  5  0 -5 -9-10-10 -8 -3  2  6  8  8  6  3  0 -1 -2 -127 2 9MZ 3 8 141629  8999999999999991030-1122 7 -299999999999999
  1  5  9 12 12 11  7  3 -2 -6 -8 -9 -7 -3  1  6  8  9  7  5  1 -1 -3 -327 210MZ 348 121647  9999999999999991055 -92258 -399999999999999
 -2  0  5  8 10 10  9  5  1 -2 -4 -5 -5 -2  2  6  9 10  9  7  3  0 -2 -427 211MZ 433 1117 6 10999999999999991116 -52349 -499999999999999
 -4 -3  0  4  7  9  9  7  4  1 -1 -1 -1  0  3  7 10 12 12 10  6  3 -1 -327 212MZ 526  91728 12999999999999991126 -1999999999999999999999
 -5 -5 -4 -1  3  5  7  7  6  4  3  2  3  3  5  8 11 13 14 13 10  6  2 -127 213MZ 637  71755 1499999999999999 043 -511 6  299999999999999
 -4 -5 -6 -5 -2  1  3  5  6  6  5  5  6  7  8  9 12 14 15 15 13 10  7  327 214MZ1831 15999999999999999999999 147 -6999999999999999999999
 -1 -4 -6 -7 -6 -4 -2  1  3  5  6  7  8  9 10 11 12 14 15 16 16 14 11  827 215MZ1924 16999999999999999999999 3 6 -7999999999999999999999
  3 -1 -4 -7 -9 -9 -7 -5 -1  2  5  7  9 10 11 12 12 13 14 16 17 17 16 1327 216MZ2041 17999999999999999999999 436 -9999999999999999999999
  9  4  0 -5 -9-11-12-11 -7 -3  1  5  8 10 11 11 12 12 12 13 15 17 18 1727 217MZ22 9 18999999999999999999999 553-12999999999999999999999
 15 11  5  0 -6-11-14-15-13 -9 -4  1  6  8 10 10 10 10  9 10 11 14 17 1927 218MZ1456 102327 1999999999999999 654-151747  999999999999999
 19 16 12  6 -1 -7-13-16-17-15-10 -4  2  6  8  9  8  7  6  6  7  9 13 1727 219MZ1448  9999999999999999999999 747-171850  699999999999999
 19 20 17 12  5 -2 -9-14-18-18-14 -8 -2  4  7  8  7  5  3  2  2  3  6 1127 220MZ 035 2015 1  899999999999999 834-181948  299999999999999
 16 19 19 17 11  4 -4-10-15-18-17-12 -5  1  6  8  8  5  2 -1 -2 -3 -1  327 221MZ 136 201521  899999999999999 917-182047 -399999999999999
  9 15 18 18 15  9  2 -5-10-14-16-13 -8 -1  4  8  9  7  3 -1 -4 -6 -6 -427 222MZ 233 181546  999999999999999 956-162144 -699999999999999
  1  7 13 15 15 12  7  0 -5 -9-12-12 -8 -3  3  8 10  9  5  1 -3 -6 -8 -927 223MZ 329 161612 10999999999999991032-122237 -999999999999999
 -6 -1  5 10 12 12  9  4  0 -4 -6 -8 -6 -2  3  8 10 11  8  4 -1 -5 -8-1027 224MZ 424 121638 119999999999999911 3 -82330-1099999999999999
-10 -7 -2  3  7  9  8  6  3  0 -2 -3 -2  0  4  8 11 12 11  8  3 -1 -5 -827 225MZ 521  917 4 12999999999999991125 -3999999999999999999999
-10 -9 -7 -3  1  4  6  5  4  3  2  2  2  3  5  9 11 13 13 11  7  3 -1 -527 226MZ 625  61727 1399999999999999 022-101112  299999999999999
 -7 -9 -8 -6 -3 -1  2  3  3  3  4  4  5  6  8 10 12 13 13 12 10  7  3 -127 227MZ1748 13999999999999999999999 117 -9999999999999999999999
 -4 -6 -7 -7 -6 -4 -2  0  2  3  4  5  7  8  9 11 12 13 13 13 12  9  6  327 228MZ18 9 13999999999999999999999 225 -8999999999999999999999
  0 -3 -5 -6 -7 -6 -5 -3 -1  1  3  5  7  8 10 11 12 12 13 13 12 11  9  727 3 1MZ1841 13999999999999999999999 356 -7999999999999999999999
  4  1 -2 -5 -6 -7 -7 -6 -4 -1  2  4  6  8  9 10 11 11 11 12 12 12 11  927 3 2MZ2011 12999999999999999999999 521 -7999999999999999999999
  7  4  1 -2 -5 -7 -8 -8 -6 -4 -1  2  5  7  8  9  9  9  9 10 10 11 11 1127 3 3MZ22 2 11999999999999999999999 617 -8999999999999999999999
  9  7  4  0 -4 -7 -9-10 -9 -7 -3  0  3  6  7  7  7  7  7  7  8  9 10 1127 3 4MZ2318 11999999999999999999999 659-10999999999999999999999
 11  9  6  3 -2 -6 -9-11-11 -9 -6 -2  2  4  6  6  5  4  4  4  4  6  8 1027 3 5MZ1441  6999999999999999999999 733-111836  499999999999999
 11 11  9  5  1 -4 -8-11-12-11 -8 -4  0  3  5  5  4  3  1  1  1  2  4  827 3 6MZ 015 111439  599999999999999 8 4-121917  199999999999999
 10 11 10  7  3 -2 -7-10-12-13-10 -6 -1  2  4  5  4  2 -1 -2 -3 -2  0  427 3 7MZ 1 2 111446  599999999999999 832-131958 -399999999999999
  8 10 11  9  6  1 -4 -9-11-12-11 -8 -3  2  5  5  4  2 -1 -4 -5 -5 -4  027 3 8MZ 145 111457  599999999999999 9 0-122039 -599999999999999
  4  8 10 10  8  4 -1 -6 -9-11-11 -8 -3  2  5  7  6  3 -1 -4 -6 -8 -7 -527 3 9MZ 227 101510  799999999999999 926-112121 -899999999999999
  0  5  8 10  9  6  2 -3 -6 -8 -9 -7 -3  2  6  8  8  6  2 -3 -6 -9-10 -927 310MZ 310 101526  899999999999999 952 -922 3-1099999999999999
 -5  0  5  8  9  8  5  1 -2 -5 -6 -5 -3  2  7  9 10  8  5  0 -5 -8-10-1127 311MZ 356  91545 10999999999999991016 -62247-1199999999999999
 -9 -5  1  5  8  8  7  4  1 -1 -2 -2  0  3  7 10 12 11  8  3 -2 -6 -9-1127 312MZ 448  816 8 12999999999999991034 -22334-1199999999999999
-11 -9 -4  0  4  6  7  6  4  2  2  2  3  4  8 11 13 13 11  8  2 -3 -7-1027 313MZ 548  71634 13999999999999991021  2999999999999999999999
-11-11 -9 -5 -1  3  5  6  5  5  4  5  6  7  9 11 13 14 14 11  7  2 -3 -627 314MZ 7 8  617 6 1499999999999999 026-12 943  499999999999999
 -9-11-11 -9 -6 -3  0  3  4  5  6  6  7  8 10 11 13 14 14 14 11  7  3 -227 315MZ1750 14999999999999999999999 130-11999999999999999999999
 -6 -9-11-11-10 -8 -5 -2  1  3  5  7  8  9 10 11 12 13 14 14 13 11  8  427 316MZ1858 14999999999999999999999 251-11999999999999999999999
  0 -5 -8-11-12-12-10 -7 -4  0  3  6  7  8  9 10 10 10 11 12 13 13 12  927 317MZ2036 13999999999999999999999 423-13999999999999999999999
  5  1 -4 -8-12-14-14-12 -9 -4  0  4  6  7  8  8  7  7  7  8 10 12 13 1327 318MZ1416  82213 1399999999999999 539-141710  799999999999999
 11  7  2 -3 -8-12-15-15-13 -9 -4  1  4  6  7  6  5  4  3  3  5  8 11 1427 319MZ1346  72332 1499999999999999 637-151813  399999999999999
 14 11  7  2 -4 -9-13-15-15-12 -7 -1  3  6  6  5  3  1 -1 -1 -1  2  6 1127 320MZ1349  6999999999999999999999 726-1619 6 -199999999999999
 13 14 12  8  2 -4 -9-13-15-14 -9 -3  2  6  7  6  3  0 -3 -5 -6 -5 -1  527 321MZ 040 1414 4  799999999999999 8 8-151957 -699999999999999
 10 13 14 11  7  1 -4 -9-12-12-10 -5  1  6  8  8  5  1 -3 -7 -9-10 -8 -327 322MZ 141 141426  899999999999999 847-122047-1099999999999999
  4  9 12 13 10  6  1 -4 -7 -9 -8 -5  1  6  9 10  8  4 -1 -6-10-12-12 -927 323MZ 240 131450 1099999999999999 922 -92135-1299999999999999
 -4  3  8 11 11  9  5  1 -2 -4 -5 -3  1  6 10 12 11  8  3 -3 -8-11-13-1327 324MZ 335 111515 1299999999999999 952 -52221-1499999999999999
 -9 -4  2  7  9  9  7  4  2  0 -1  0  2  6 10 13 13 11  7  1 -4 -9-12-1427 325MZ 430  91539 13999999999999991015 -123 6-1499999999999999
-12 -8 -3  2  5  7  7  6  4  3  3  3  4  7 11 13 14 13 10  5  0 -5 -9-1227 326MZ 527  816 2 14999999999999991013  32350-1299999999999999
-12-11 -7 -3  1  4  6  6  5  5  5  6  7  9 11 13 15 14 12  9  4 -1 -5 -827 327MZ 635  61623 1599999999999999 855  5999999999999999999999
-10-10 -9 -6 -3  0  3  4  5  5  6  7  8 10 11 13 14 14 13 11  7  3 -1 -427 328MZ1641 14999999999999999999999 038-11999999999999999999999
 -7 -9 -9 -7 -5 -3  0  2  3  5  6  7  9 10 11 12 13 13 13 12 10  6  3  027 329MZ1658 13999999999999999999999 133 -9999999999999999999999
 -3 -6 -7 -8 -7 -6 -4 -1  1  3  5  7  8  9 10 11 12 12 12 11 10  8  6  327 330MZ1716 12999999999999999999999 249 -8999999999999999999999
  0 -3 -5 -7 -7 -7 -6 -4 -2  1  3  5  7  8  9  9  9 10 10 10  9  9  8  627 331MZ19 2 10999999999999999999999 417 -7999999999999999999999
  3  0 -3 -5 -7 -8 -8 -6 -4 -1  2  4  6  7  7  7  7  7  7  7  8  8  8  727 4 1MZ1424  72127  899999999999999 522 -81740  799999999999999
  5  3  0 -3 -6 -8 -9 -8 -6 -3  0  3  5  6  6  6  5  4  4  4  5  6  7  827 4 2MZ1340  62256  899999999999999 6 7 -918 9  499999999999999
  7  5  3 -1 -4 -7 -9 -9 -8 -5 -1  2  5  6  6  5  3  2  1  0  1  3  5  727 4 3MZ1328  62359  899999999999999 642 -91841  099999999999999
  8  7  5  2 -2 -5 -8 -9 -8 -6 -2  2  5  6  6  5  2  0 -2 -3 -2 -1  2  627 4 4MZ1328  6999999999999999999999 714 -91915 -399999999999999
  8  8  7  5  1 -2 -6 -7 -8 -6 -3  2  5  7  7  6  3 -1 -4 -5 -6 -5 -1  327 4 5MZ 052  81334  799999999999999 743 -81950 -699999999999999
  7  9  9  8  5  1 -3 -5 -6 -5 -3  2  6  9  9  8  5  0 -4 -7 -8 -8 -6 -127 4 6MZ 141  91347  999999999999999 812 -62028 -999999999999999
  4  8 10 10  8  5  1 -2 -3 -4 -2  2  7 10 12 11  8  3 -3 -7-10-11-10 -627 4 7MZ 229 1014 5 1299999999999999 840 -421 7-1199999999999999
  0  5  9 11 10  8  5  2  0 -1  0  3  7 11 14 14 11  7  1 -5 -9-12-13-1127 4 8MZ 319 111427 1499999999999999 9 8 -12149-1399999999999999
 -6  1  6 10 11 10  8  6  4  3  3  4  8 12 15 16 15 11  5 -1 -7-11-13-1327 4 9MZ 411 111453 1699999999999999 933  32234-1499999999999999
-10 -5  1  6 10 11 10  8  7  6  6  7  9 12 16 18 17 15 10  4 -3 -8-11-1427 410MZ 5 8 111524 1899999999999999 939  62323-1499999999999999
-13-10 -5  1  5  8 10  9  9  8  8  9 10 12 15 18 19 18 14  9  3 -3 -8-1127 411MZ 615 1016 0 1999999999999999 9 5  8999999999999999999999
-13-13 -9 -5  0  4  7  8  9  9  9 10 11 12 14 16 18 18 17 14  9  3 -2 -727 412MZ1644 18999999999999999999999 018-13999999999999999999999
-10-12-12 -9 -6 -2  2  5  7  8  9 10 11 12 13 14 16 17 17 16 13  9  4 -127 413MZ1742 17999999999999999999999 123-12999999999999999999999
 -5 -9-11-11-10 -7 -3  1  4  6  8  9 10 11 11 12 12 13 15 15 15 12  9  527 414MZ19 4 15999999999999999999999 241-11999999999999999999999
  0 -4 -8-10-11-10 -7 -4  0  4  7  8  9 10  9  9  9  9 10 12 13 13 12 1027 415MZ13 3 102044 1499999999999999 4 1-1116 4  999999999999999
  6  2 -3 -6 -9-10-10 -7 -3  1  5  8  9  9  8  7  6  5  5  7  9 11 13 1227 416MZ1230  92218 1399999999999999 5 9-101719  599999999999999
 10  7  3 -1 -5 -8 -9 -8 -5 -1  4  7  9  9  8  6  3  1  0  1  3  6 10 1227 417MZ1230  92339 1399999999999999 6 4 -91815  099999999999999
 12 11  8  4  0 -4 -6 -7 -5 -2  3  7 10 10  9  6  3  0 -3 -4 -3  0  5  927 418MZ1244 11999999999999999999999 650 -719 6 -499999999999999
 12 13 11  8  4  1 -2 -4 -4 -1  3  8 11 13 12  9  4  0 -4 -6 -7 -6 -1  427 419MZ 050 1313 4 1399999999999999 730 -41953 -799999999999999
  9 12 13 12  9  5  2  0 -1  0  4  8 12 15 15 12  8  2 -3 -7 -9-10 -7 -227 420MZ 154 131328 1599999999999999 8 6 -12038-1099999999999999
  4  9 12 13 12  9  6  4  3  3  5  9 13 16 17 16 12  6  0 -5 -9-11-10 -727 421MZ 252 131354 1799999999999999 836  32120-1199999999999999
 -1  5 10 12 13 12 10  8  7  6  7 10 14 17 19 19 16 11  4 -2 -6-10-11-1027 422MZ 346 131420 1999999999999999 857  622 1-1199999999999999
 -5  0  6 10 12 13 12 10  9  9 10 11 14 17 20 20 19 15  9  3 -3 -7-10-1027 423MZ 439 131446 2099999999999999 849  92241-1099999999999999
 -8 -3  2  7 10 12 12 11 11 11 11 12 14 17 19 21 20 18 13  7  2 -3 -7 -927 424MZ 534 121512 2199999999999999 815 112322 -999999999999999
 -8 -6 -2  3  7 10 11 11 11 12 12 13 15 17 19 20 20 19 16 11  6  1 -3 -627 425MZ1538 209999999999999999999999999999999999999999999999999
 -7 -7 -4  0  3  6  9 10 11 11 12 13 14 16 17 19 19 19 17 14  9  5  1 -327 426MZ16 4 19999999999999999999999 0 5 -7999999999999999999999
 -5 -6 -5 -3  0  3  6  8  9 10 11 12 14 15 16 17 17 17 16 15 12  8  4  127 427MZ1633 17999999999999999999999 054 -6999999999999999999999
 -2 -4 -5 -4 -2  0  3  5  7  9 10 11 12 13 14 14 15 15 15 14 12 10  7  427 428MZ1712 15999999999999999999999 152 -5999999999999999999999
  1 -2 -3 -4 -3 -2  1  3  6  8  9 11 11 12 12 12 12 12 12 12 12 11  9  627 429MZ1837 12999999999999999999999 259 -4999999999999999999999
  4  1 -1 -3 -3 -3 -1  2  4  7  9 10 11 11 10 10  9  9  9 10 10 10 10  827 430MZ1229 112042 1099999999999999 4 1 -317 1  999999999999999
  6  4  2  0 -2 -2 -1  1  3  6  9 10 11 11 10  8  7  6  6  7  8  9 10 1027 5 1MZ12 5 112224 1099999999999999 449 -21741  699999999999999
  9  7  5  2  0 -1 -1  1  3  6  9 11 12 11 10  8  5  4  3  3  5  7  9 1027 5 2MZ1159 122340 1199999999999999 529 -11815  399999999999999
 11 10  8  6  3  2  1  2  4  7 10 13 14 13 11  8  5  2  0  0  1  4  7 1027 5 3MZ12 5 14999999999999999999999 6 4  11850  099999999999999
 12 12 11  9  7  5  4  3  5  8 11 15 16 16 14 10  6  2 -1 -3 -3 -1  4  827 5 4MZ 045 121219 1699999999999999 638  31927 -399999999999999
 12 14 14 13 11  9  7  6  7  9 12 16 19 19 17 14  9  3 -1 -5 -6 -5 -1  427 5 5MZ 143 141240 1999999999999999 712  620 7 -699999999999999
 10 14 16 16 15 13 11  9  9 10 13 17 21 22 21 18 13  7  1 -4 -7 -8 -6 -127 5 6MZ 237 1613 8 2299999999999999 744  92049 -899999999999999
  6 11 15 17 17 16 14 13 12 12 14 17 21 24 25 23 18 12  5 -2 -6 -9 -9 -627 5 7MZ 330 181341 2599999999999999 813 122135-1099999999999999
  0  6 12 16 18 18 17 15 14 14 15 17 21 25 27 26 23 18 11  3 -3 -8-10-1027 5 8MZ 425 181419 2799999999999999 831 142224-1099999999999999
 -6  0  7 12 16 18 18 17 16 16 16 17 20 23 26 28 27 23 17 10  2 -3 -8-1027 5 9MZ 524 1815 2 2899999999999999 829 162317-1099999999999999
 -9 -6  0  6 11 15 16 17 16 16 17 17 19 21 24 27 27 26 22 16  9  2 -3 -727 510MZ1551 279999999999999999999999999999999999999999999999999
 -9 -8 -5  0  6 10 13 15 16 16 16 17 18 19 21 23 25 26 24 21 15  9  3 -227 511MZ1648 26999999999999999999999 014 -9999999999999999999999
 -6 -8 -7 -4  0  5  9 12 14 15 16 16 16 17 17 19 21 23 23 22 19 15  9  427 512MZ1755 23999999999999999999999 117 -8999999999999999999999
  0 -4 -5 -5 -3  1  5  9 12 14 15 15 15 15 14 15 16 17 19 20 20 18 14 1027 513MZ1112 151916 2099999999999999 223 -61422 1499999999999999
  6  2 -1 -3 -3 -1  3  7 11 14 15 15 15 14 13 11 11 12 13 16 17 18 17 1427 514MZ1050 152050 1899999999999999 327 -31556 1199999999999999
 11  8  4  2  0  0  2  6 10 13 16 16 16 14 12 10  8  7  8 10 13 15 16 1627 515MZ11 0 162225 1799999999999999 426  017 8  799999999999999
 15 12 10  7  5  4  4  6 10 14 17 18 18 16 13 10  7  5  3  4  7 10 14 1627 516MZ1119 182354 1799999999999999 517  418 6  399999999999999
 17 16 14 12 10  8  8  8 11 15 18 20 21 19 16 12  8  4  1  1  2  5 10 1427 517MZ1142 21999999999999999999999 6 0  81857  199999999999999
 16 17 17 16 14 12 12 11 13 16 19 22 24 23 20 16 10  6  2 -1 -1  1  5 1027 518MZ 113 1712 7 2499999999999999 637 111942 -199999999999999
 14 17 19 18 17 16 15 15 15 17 20 23 26 26 24 20 14  9  4  0 -2 -2  1  627 519MZ 218 191235 2699999999999999 7 4 152024 -299999999999999
 12 16 19 20 20 19 18 17 18 19 21 24 27 28 27 24 19 13  7  2 -1 -3 -1  327 520MZ 313 2013 6 2899999999999999 713 1721 3 -399999999999999
  8 13 17 20 21 20 19 19 19 20 21 24 27 29 29 27 23 18 11  6  1 -2 -2  027 521MZ 4 0 211337 2999999999999999 7 7 192142 -299999999999999
  5 10 15 19 21 21 20 20 20 21 22 24 26 29 30 29 27 22 16 10  4  0 -1 -127 522MZ 445 211410 3099999999999999 715 202220 -299999999999999
  2  7 12 16 19 20 20 20 20 21 22 23 25 28 29 30 28 25 20 14  8  3  0 -127 523MZ1445 3099999999999999999999923 0 -1999999999999999999999
  0  4  8 13 16 19 20 20 20 20 21 22 24 26 28 29 28 26 23 17 12  7  3  127 524MZ1519 299999999999999999999992341  0999999999999999999999
  0  2  5  9 13 16 18 19 19 19 20 21 22 24 25 27 27 26 24 20 15 10  6  327 525MZ1555 279999999999999999999999999999999999999999999999999
  1  2  3  7 10 13 16 17 18 18 19 20 20 21 23 24 25 25 24 21 18 13  9  627 526MZ1633 25999999999999999999999 025  1999999999999999999999
  4  3  3  5  8 11 14 16 17 18 18 19 19 19 20 21 22 22 22 21 19 16 12  927 527MZ1719 22999999999999999999999 1 9  3999999999999999999999
  6  5  4  5  7 10 13 15 17 18 18 18 18 18 18 18 18 19 20 20 19 17 15 1227 528MZ1050 181825 2099999999999999 154  41411 1899999999999999
 10  8  6  6  7  9 12 15 17 18 19 19 18 17 16 16 16 16 17 18 18 18 16 1527 529MZ1015 1920 4 1899999999999999 238  61552 1599999999999999
 13 11 10  9  9 10 13 15 18 20 21 20 19 18 16 14 13 13 13 15 16 17 18 1727 530MZ1016 212152 1899999999999999 320  91650 1399999999999999
 16 15 13 12 12 12 14 16 19 22 23 23 22 19 17 14 12 10 10 11 14 16 18 1927 531MZ1027 232327 1999999999999999 4 2 121735 1099999999999999
 19 18 17 16 15 15 16 18 21 23 25 26 25 22 19 15 11  9  7  8 10 13 17 2027 6 1MZ1047 26999999999999999999999 443 151817  799999999999999
 21 22 21 20 19 18 18 20 22 25 28 29 29 26 22 17 13  8  6  4  6  9 14 1827 6 2MZ 047 221114 2999999999999999 524 1819 1  499999999999999
 22 24 24 24 23 22 21 22 23 26 29 32 32 31 27 22 16 10  6  3  2  4  9 1427 6 3MZ 153 241148 3299999999999999 6 4 211947  299999999999999
 20 24 26 26 26 25 24 24 24 26 29 33 35 35 32 28 21 14  8  3  0  0  3  827 6 4MZ 249 261228 3599999999999999 639 242035  099999999999999
 15 21 25 27 27 27 26 25 25 26 29 32 36 38 37 34 28 21 13  6  1 -2 -1  227 6 5MZ 341 281314 3899999999999999 7 9 252126 -299999999999999
  8 15 21 25 27 27 27 26 26 26 28 30 34 38 39 38 34 28 20 12  5  0 -3 -227 6 6MZ 433 2814 5 3999999999999999 736 262219 -399999999999999
  2  9 15 21 25 26 26 26 25 26 26 28 31 35 38 39 38 34 27 19 11  5  0 -227 6 7MZ 525 271459 3999999999999999 8 5 252313 -399999999999999
 -1  3  9 15 21 24 25 25 25 24 25 25 27 30 34 37 38 36 32 26 18 11  5  127 6 8MZ 619 251556 3899999999999999 845 24999999999999999999999
 -1  0  4 10 16 20 23 24 24 24 23 23 24 25 28 32 34 35 34 30 24 18 12  727 6 9MZ 713 241657 3599999999999999 0 7 -11031 2399999999999999
  3  2  3  7 12 17 21 23 24 23 23 22 22 22 23 25 28 31 32 31 28 23 18 1327 610MZ 8 1 2418 3 3299999999999999 1 2  21244 2299999999999999
  9  6  6  7 10 15 19 22 24 24 24 22 21 20 19 20 21 24 27 28 28 26 22 1927 611MZ 840 241922 2899999999999999 155  51413 1999999999999999
 15 13 11 10 12 15 19 22 25 26 26 24 22 20 18 16 16 18 20 23 25 25 24 2327 612MZ 914 262056 2599999999999999 246 101535 1699999999999999
 20 18 16 15 15 17 19 23 26 28 28 27 25 22 19 16 14 14 15 17 20 22 24 2427 613MZ 946 282246 2499999999999999 334 151650 1399999999999999
 24 23 21 20 20 20 21 24 27 29 31 30 28 25 22 18 14 12 11 13 15 19 22 2427 614MZ1016 31999999999999999999999 417 201753 1199999999999999
 25 25 25 24 24 24 24 26 28 31 33 33 32 29 25 21 17 13 11 10 12 15 19 2227 615MZ 047 251048 3399999999999999 451 241846 1099999999999999
 25 27 27 27 27 27 27 28 30 32 34 36 35 33 30 25 20 15 12 10 10 12 16 2027 616MZ1121 369999999999999999999991931  9999999999999999999999
 24 27 28 29 29 29 29 29 31 32 35 37 38 37 34 29 24 19 14 11  9 10 13 1827 617MZ1156 389999999999999999999992011  9999999999999999999999
 22 26 29 30 30 30 30 30 31 33 35 37 39 39 37 34 28 23 17 13 10  9 11 1527 618MZ1234 399999999999999999999992049  9999999999999999999999
 20 24 28 30 30 30 30 30 31 32 34 36 39 40 39 37 32 27 21 15 11  9  9 1227 619MZ1314 409999999999999999999992127  9999999999999999999999
 16 21 25 28 30 30 30 29 30 31 32 35 37 39 40 39 36 31 24 18 14 10  9 1027 620MZ1355 4099999999999999999999922 5  9999999999999999999999
 13 18 22 26 28 29 29 29 29 29 31 32 35 37 39 39 37 34 28 22 16 12 10  927 621MZ 5 8 291435 3999999999999999 722 282243  999999999999999
 11 15 19 23 26 28 28 28 27 28 29 30 32 35 37 38 37 35 31 25 19 15 11 1027 622MZ 543 281513 3899999999999999 758 272320  999999999999999
 10 12 16 21 24 26 27 27 27 27 27 28 29 31 34 36 36 35 32 28 22 18 14 1127 623MZ 620 271551 3699999999999999 837 272356 1099999999999999
 10 12 15 18 22 25 26 27 27 26 26 26 27 28 30 32 34 34 32 29 25 21 17 1427 624MZ 656 271630 3499999999999999 932 26999999999999999999999
 12 12 14 17 21 24 26 27 27 26 26 26 26 26 27 29 30 31 31 29 27 23 20 1727 625MZ 726 271714 3199999999999999 030 121134 2699999999999999
 15 15 16 18 21 24 26 28 28 28 27 26 25 25 25 26 27 28 29 29 28 25 23 2127 626MZ 751 281815 2999999999999999 1 1 151327 2599999999999999
 19 18 18 19 22 25 27 29 30 30 29 27 26 24 23 23 24 25 27 28 28 27 26 2427 627MZ 813 301942 2899999999999999 130 181445 2399999999999999
 23 22 22 22 24 26 29 31 32 32 31 29 27 25 23 22 21 22 23 25 27 28 28 2727 628MZ 837 322135 2899999999999999 158 221552 2199999999999999
 27 26 25 25 26 28 30 33 34 35 35 33 30 27 24 21 19 19 20 22 25 27 29 3027 629MZ 9 6 352339 3099999999999999 228 251652 1999999999999999
 30 30 29 29 29 30 32 34 36 38 38 37 34 30 26 22 19 17 16 18 21 24 28 3127 630MZ 941 38999999999999999999999 3 7 291747 1699999999999999
 32 33 33 32 32 32 33 35 37 40 41 41 39 35 30 25 20 16 14 14 16 19 24 2927 7 1MZ1024 429999999999999999999991841 14999999999999999999999
 32 34 35 35 34 34 35 36 38 40 43 44 44 41 36 30 24 18 14 11 11 14 19 2427 7 2MZ 221 351114 4499999999999999 459 341934 1199999999999999
 30 33 35 36 36 35 35 36 37 39 42 45 47 46 43 37 30 23 16 11  9  9 12 1827 7 3MZ 3 3 3612 9 4799999999999999 549 352028  899999999999999
 24 30 34 36 36 35 35 35 35 37 40 44 47 49 48 44 37 30 21 14  9  7  7 1127 7 4MZ 342 3613 6 4999999999999999 634 352121  699999999999999
 18 25 30 34 35 35 34 33 33 34 36 40 44 48 50 48 44 37 29 20 13  8  6  727 7 5MZ 418 3514 4 5099999999999999 722 332213  699999999999999
 12 18 25 30 33 34 33 32 31 32 32 34 38 43 47 49 47 43 36 27 20 13  9  727 7 6MZ 455 3415 2 4999999999999999 820 3123 3  799999999999999
  8 14 20 26 31 33 33 32 30 30 29 30 32 36 41 45 47 45 41 34 26 20 14 1127 7 7MZ 531 3316 0 4799999999999999 945 292351  999999999999999
  9 12 17 23 28 32 33 32 31 29 28 27 28 30 34 38 42 43 42 38 32 26 21 1727 7 8MZ 6 8 3317 1 43999999999999991120 27999999999999999999999
 14 14 16 21 26 31 33 34 32 30 28 27 25 25 27 31 35 38 39 38 35 31 27 2327 7 9MZ 645 3418 7 3999999999999999 036 131238 2599999999999999
 20 19 19 22 26 30 33 35 35 33 31 28 26 24 23 25 27 31 33 35 35 33 31 2827 710MZ 723 351926 3599999999999999 119 191352 2399999999999999
 26 25 24 25 28 31 34 36 37 36 34 32 29 26 23 22 23 25 27 30 32 33 32 3227 711MZ 8 1 372111 3399999999999999 158 241510 2299999999999999
 31 30 29 29 30 33 35 37 39 39 38 36 32 29 26 23 21 21 23 25 28 30 32 3327 712MZ 839 39999999999999999999999 231 291630 2199999999999999
 33 33 33 34 34 35 36 39 40 41 41 40 37 33 29 26 23 21 20 22 24 27 30 3327 713MZ 920 429999999999999999999991740 20999999999999999999999
 34 35 36 36 37 37 38 39 41 43 43 43 41 37 34 29 25 22 20 20 22 25 28 3227 714MZ10 2 439999999999999999999991835 20999999999999999999999
 34 36 37 38 38 38 39 40 41 43 45 45 44 41 38 33 29 25 21 20 20 22 26 3027 715MZ1048 459999999999999999999991921 20999999999999999999999
 33 36 37 38 38 39 39 40 41 43 44 46 46 44 41 37 32 27 23 20 19 20 23 2727 716MZ1135 4699999999999999999999920 1 19999999999999999999999
 31 35 37 38 38 38 38 39 40 41 43 45 47 47 45 41 36 30 25 21 19 19 21 2427 717MZ1222 479999999999999999999992039 19999999999999999999999
 29 33 36 37 37 37 37 37 38 39 41 44 46 47 46 44 39 34 28 23 20 18 19 2127 718MZ 347 3713 7 4799999999999999 6 2 372115 1899999999999999
 26 30 34 36 37 36 35 35 36 37 39 41 44 46 47 45 42 37 31 25 21 18 17 1927 719MZ 4 2 371349 4799999999999999 648 352149 1799999999999999
 23 27 31 34 35 35 34 34 34 34 36 38 41 44 46 46 44 39 34 28 23 19 17 1727 720MZ 423 361428 4699999999999999 732 332223 1799999999999999
 20 24 29 32 34 35 34 33 32 32 33 35 37 41 43 44 44 41 36 30 25 21 19 1827 721MZ 447 3515 6 4499999999999999 817 322254 1899999999999999
 19 23 27 31 33 35 34 33 31 31 31 32 34 37 40 42 42 41 38 33 28 24 21 1927 722MZ 511 351543 4399999999999999 910 312323 1999999999999999
 20 22 26 30 33 35 35 34 32 31 30 30 31 33 36 39 40 40 38 35 31 27 24 2227 723MZ 534 351623 40999999999999991023 302349 2299999999999999
 22 23 26 30 33 35 36 35 33 32 30 30 30 30 33 35 38 39 38 36 33 30 27 2627 724MZ 556 361710 39999999999999991142 29999999999999999999999
 25 25 28 31 34 36 38 37 36 34 32 30 29 29 30 32 34 36 37 37 35 33 31 3027 725MZ 619 381811 3799999999999999 013 251249 2999999999999999
 29 29 30 32 35 38 39 40 39 36 34 32 30 28 28 29 31 33 35 36 36 35 34 3327 726MZ 645 401939 3699999999999999 030 291354 2899999999999999
 33 33 33 35 37 39 41 42 42 40 37 34 32 29 28 27 27 29 31 33 35 36 36 3627 727MZ 716 42999999999999999999999 031 3315 4 2799999999999999
 36 36 37 37 38 40 42 44 44 44 41 38 35 31 28 26 25 25 27 30 32 35 37 3827 728MZ 758 449999999999999999999991618 25999999999999999999999
 39 39 39 40 40 41 43 45 46 47 46 43 40 35 31 27 24 23 23 25 28 32 35 3827 729MZ 851 479999999999999999999991728 22999999999999999999999
 40 41 41 41 41 42 43 45 47 49 49 48 45 41 36 30 26 22 20 20 22 26 31 3527 730MZ 954 499999999999999999999991830 19999999999999999999999
 39 41 41 42 42 42 42 43 45 48 50 51 50 47 42 36 29 24 19 17 17 20 25 3127 731MZ11 0 519999999999999999999991927 17999999999999999999999
 36 39 41 41 41 40 40 41 43 45 49 52 53 52 49 43 36 28 22 17 14 15 19 2427 8 1MZ 254 4112 5 5399999999999999 538 402021 1499999999999999
 31 36 39 40 40 39 38 38 39 41 44 49 53 55 53 49 43 35 27 20 15 13 14 1927 8 2MZ 313 4013 6 5599999999999999 635 382111 1399999999999999
 25 32 37 39 39 38 36 35 35 36 38 43 48 53 55 53 49 42 33 25 19 15 13 1527 8 3MZ 339 3914 5 5599999999999999 736 352158 1399999999999999
 21 28 34 37 39 38 36 33 32 32 33 36 41 47 51 53 52 47 40 32 25 20 16 1627 8 4MZ 4 7 3915 3 5399999999999999 849 322242 1599999999999999
 19 25 31 36 39 39 37 34 31 30 29 30 33 38 44 49 50 49 44 38 32 26 22 2027 8 5MZ 437 3916 2 509999999999999910 7 292324 1999999999999999
 20 24 29 35 38 40 39 36 33 30 28 27 28 31 36 41 45 46 45 41 37 32 28 2627 8 6MZ 5 9 4017 3 46999999999999991116 27999999999999999999999
 24 26 30 34 38 41 41 40 36 33 30 27 26 26 29 34 38 41 42 41 39 36 34 3227 8 7MZ 542 411810 4299999999999999 0 2 241221 2699999999999999
 30 30 32 35 39 42 43 43 40 37 33 30 27 26 26 28 31 35 37 39 39 38 37 3627 8 8MZ 616 431933 3999999999999999 037 301327 2599999999999999
 35 35 35 37 40 42 44 45 44 41 38 35 31 28 26 26 27 29 32 35 37 38 38 3827 8 9MZ 653 45999999999999999999999 1 3 351441 2699999999999999
 39 39 39 40 41 43 45 46 46 45 42 39 36 32 29 27 26 27 28 31 33 36 38 3927 810MZ 734 4699999999999999999999916 6 26999999999999999999999
 40 41 42 42 43 44 45 46 47 47 45 43 40 37 33 30 27 26 26 28 30 33 36 3827 811MZ 825 479999999999999999999991724 26999999999999999999999
 40 42 42 43 43 44 45 46 47 47 47 46 44 41 37 33 30 27 26 26 28 31 34 3727 812MZ 926 489999999999999999999991823 26999999999999999999999
 39 41 42 43 43 43 44 44 46 47 48 48 47 44 41 37 32 29 26 25 26 28 31 3527 813MZ1030 4899999999999999999999919 8 25999999999999999999999
 38 40 41 42 42 42 42 43 44 46 47 48 48 47 44 40 35 31 27 25 24 26 29 3327 814MZ1127 499999999999999999999991947 24999999999999999999999
 36 39 40 41 40 40 40 40 41 43 45 48 49 48 46 43 38 33 28 25 23 24 26 3027 815MZ 259 411216 4999999999999999 534 402021 2399999999999999
 34 37 39 40 39 38 38 38 39 40 43 45 48 49 48 45 41 35 30 26 23 22 24 2727 816MZ 3 0 4013 1 4999999999999999 620 382053 2299999999999999
 31 35 38 39 38 37 36 35 36 37 39 42 45 48 48 47 43 38 32 27 24 22 22 2527 817MZ 312 391342 4899999999999999 7 4 352123 2299999999999999
 29 33 37 38 38 37 35 33 33 34 35 38 42 45 47 47 44 40 35 29 25 23 22 2427 818MZ 328 381421 4799999999999999 750 332151 2299999999999999
 27 32 36 38 38 37 35 33 31 31 32 34 38 42 45 46 45 42 37 32 28 25 24 2427 819MZ 346 381459 4699999999999999 841 312218 2399999999999999
 27 31 35 38 39 38 36 33 31 30 30 31 34 38 42 44 44 43 39 35 31 28 26 2627 820MZ 4 4 391539 4599999999999999 937 302243 2699999999999999
 28 31 35 39 40 40 38 35 32 30 29 29 31 34 38 41 43 43 41 37 34 31 30 2927 821MZ 422 401622 43999999999999991032 2923 6 2999999999999999
 30 32 36 39 41 42 40 37 34 31 29 28 29 31 34 38 40 42 41 39 37 34 33 3227 822MZ 441 421714 42999999999999991125 282324 3299999999999999
 33 34 37 40 43 43 43 41 37 34 31 29 28 28 31 34 37 39 40 40 39 37 36 3627 823MZ 5 4 431821 40999999999999991219 282312 3699999999999999
 36 37 38 41 43 45 45 44 41 37 34 31 29 28 28 30 33 36 38 39 39 39 39 3927 824MZ 532 451956 39999999999999991320 282225 3999999999999999
 39 40 41 42 44 46 47 46 44 41 38 34 31 29 27 27 29 31 34 36 38 39 40 4027 825MZ 610 479999999999999999999991433 27999999999999999999999
 41 42 42 43 44 46 47 48 47 45 42 39 35 31 28 26 26 26 28 31 34 37 39 4127 826MZ 7 5 489999999999999999999991559 26999999999999999999999
 42 43 43 44 44 45 46 48 49 49 47 44 40 35 31 27 25 23 24 26 29 33 37 4027 827MZ 821 499999999999999999999991718 23999999999999999999999
 41 42 43 43 43 44 45 46 48 50 50 49 46 41 36 31 26 22 20 21 23 28 32 3727 828MZ 944 509999999999999999999991822 20999999999999999999999
 40 41 42 42 41 41 42 43 45 48 51 52 50 47 42 36 30 24 20 18 19 22 27 3327 829MZ 213 4211 0 5299999999999999 457 411917 1899999999999999
 37 40 41 40 39 38 38 38 40 43 48 51 53 52 48 42 35 28 23 19 17 18 22 2827 830MZ 2 9 4112 6 5399999999999999 558 3820 6 1799999999999999
 34 38 40 40 38 36 34 34 35 37 41 47 51 53 52 48 42 34 27 22 18 17 19 2527 831MZ 224 4013 8 5399999999999999 656 342051 1799999999999999
 31 36 39 40 38 35 32 31 30 31 34 39 46 51 53 51 47 41 33 27 22 20 19 2327 9 1MZ 246 4014 7 5399999999999999 759 302133 1999999999999999
 29 35 39 41 40 37 33 29 27 27 28 31 38 44 49 51 49 45 39 33 28 24 23 2427 9 2MZ 311 4115 6 5199999999999999 9 3 272213 2399999999999999
 28 34 39 42 42 40 36 31 27 25 24 25 29 36 42 46 48 47 43 38 33 30 28 2727 9 3MZ 340 4216 5 489999999999999910 5 242249 2799999999999999
 29 34 39 42 44 43 40 35 30 26 24 23 24 28 34 40 43 45 44 41 38 35 33 3227 9 4MZ 4 9 4417 7 459999999999999911 2 232322 3299999999999999
 32 35 39 43 45 45 43 39 34 30 27 24 23 24 28 33 37 40 42 41 40 38 37 3627 9 5MZ 440 451814 42999999999999991158 232346 3699999999999999
 36 37 40 43 45 46 46 43 39 35 31 27 25 24 25 28 32 35 38 39 39 39 39 3927 9 6MZ 511 469999999999999999999991257 24999999999999999999999
 40 40 41 43 45 46 47 45 43 39 36 32 29 26 25 26 28 30 33 36 37 39 40 4127 9 7MZ 545 4799999999999999999999914 5 25999999999999999999999
 41 42 43 44 45 46 46 46 45 43 40 37 33 30 28 27 27 28 30 32 35 37 39 4027 9 8MZ 626 469999999999999999999991532 26999999999999999999999
 42 43 43 44 44 45 45 46 46 45 43 40 37 34 31 29 27 26 27 29 32 34 37 3927 9 9MZ 727 469999999999999999999991656 26999999999999999999999
 41 42 42 43 43 43 43 44 45 45 45 43 41 38 34 31 28 26 26 27 29 32 35 3727 910MZ 852 459999999999999999999991757 26999999999999999999999
 39 41 41 41 41 41 41 42 43 44 45 45 43 41 37 33 30 27 25 25 26 29 32 3527 911MZ1014 459999999999999999999991841 25999999999999999999999
 38 39 40 39 39 39 39 39 40 42 44 45 44 43 40 36 32 28 25 24 24 26 30 3327 912MZ 2 6 401117 4599999999999999 532 381917 2499999999999999
 36 38 38 38 37 36 36 36 37 39 42 44 45 44 42 38 34 29 26 24 23 24 28 3127 913MZ 157 3812 7 4599999999999999 6 6 361948 2399999999999999
 35 37 38 37 36 34 33 33 33 35 38 41 44 44 43 40 36 31 27 24 23 23 26 3027 914MZ 2 1 381252 4499999999999999 643 332016 2399999999999999
 34 36 37 37 35 33 31 30 30 31 34 38 42 44 44 42 39 34 29 26 24 23 25 2927 915MZ 211 381334 4499999999999999 724 302043 2399999999999999
 33 36 38 38 36 33 30 28 27 28 30 34 38 42 43 43 41 37 32 28 26 25 25 2827 916MZ 224 381416 4499999999999999 8 7 2721 9 2599999999999999
 33 36 39 39 37 34 30 27 26 25 26 30 34 39 42 43 42 39 35 31 28 27 27 2927 917MZ 238 391457 4399999999999999 851 252135 2799999999999999
 33 37 40 41 39 36 32 28 26 24 24 26 30 35 40 42 42 41 38 34 31 30 29 3027 918MZ 255 411542 4299999999999999 935 2422 0 2999999999999999
 33 37 41 42 42 39 35 31 27 24 23 23 26 31 36 39 41 41 40 37 34 33 32 3327 919MZ 315 421631 42999999999999991020 232221 3299999999999999
 34 38 41 43 44 42 39 34 29 26 23 22 23 27 31 36 39 40 40 39 37 36 35 3527 920MZ 338 441728 409999999999999911 7 222219 3599999999999999
 36 38 41 44 45 44 42 38 33 29 25 23 22 24 27 31 35 37 39 39 38 38 38 3827 921MZ 4 6 451840 39999999999999991159 222136 3799999999999999
 38 39 41 44 45 45 44 41 37 33 29 26 23 22 23 26 29 33 35 37 38 38 39 3927 922MZ 440 4699999999999999999999913 0 22999999999999999999999
 40 40 41 43 45 45 45 44 41 37 33 29 26 24 22 23 24 27 30 33 35 37 38 3927 923MZ 527 469999999999999999999991417 22999999999999999999999
 40 41 41 42 43 44 45 45 44 42 38 34 30 26 23 22 21 22 25 28 31 34 37 3827 924MZ 639 459999999999999999999991546 21999999999999999999999
 39 40 40 40 41 41 43 44 45 44 43 39 35 31 27 23 20 19 20 23 27 31 34 3727 925MZ 813 4599999999999999999999917 4 19999999999999999999999
 38 38 38 38 38 38 39 41 43 45 45 44 41 36 31 26 22 19 18 19 22 26 31 3527 926MZ 126 39 945 4599999999999999 422 3818 4 1899999999999999
 37 37 37 36 35 34 34 35 38 42 45 46 45 42 37 31 26 21 18 17 19 23 28 3327 927MZ 1 2 3711 3 4699999999999999 524 341855 1799999999999999
 36 37 36 34 32 30 29 30 32 36 40 44 46 45 42 37 31 26 21 19 18 21 25 3127 928MZ 1 8 371210 4699999999999999 618 291940 1899999999999999
 35 37 37 35 32 28 26 25 25 28 33 39 44 46 45 42 37 31 26 22 20 21 24 2927 929MZ 125 371314 4699999999999999 713 252022 2099999999999999
 35 38 39 37 33 29 25 22 21 22 26 32 38 43 45 44 41 36 31 27 24 23 25 2927 930MZ 148 391414 4599999999999999 8 7 2121 0 2399999999999999
 34 39 40 40 37 31 26 22 19 18 19 24 31 37 42 44 43 40 36 32 29 27 27 302710 1MZ 215 411514 4499999999999999 9 1 182136 2799999999999999
 34 39 42 42 40 36 30 24 20 17 16 18 24 30 36 40 42 41 39 36 33 32 31 322710 2MZ 243 421612 4299999999999999 952 1622 7 3199999999999999
 35 39 42 44 43 40 35 29 24 20 17 16 19 24 30 35 38 40 39 38 36 35 34 342710 3MZ 313 441711 40999999999999991042 162230 3499999999999999
 36 39 42 44 45 43 39 34 28 24 20 18 18 20 25 29 34 37 38 38 37 37 37 372710 4MZ 343 451819 38999999999999991132 172118 3799999999999999
 37 39 41 44 44 44 42 38 33 28 24 21 19 19 22 25 29 32 35 36 36 37 37 382710 5MZ 413 459999999999999999999991224 19999999999999999999999
 39 39 41 42 43 44 43 40 37 33 29 25 22 21 21 23 25 28 31 33 35 36 37 382710 6MZ 444 449999999999999999999991324 21999999999999999999999
 39 39 40 41 42 42 42 41 39 36 32 29 26 24 22 22 23 25 27 30 32 34 35 372710 7MZ 523 429999999999999999999991440 22999999999999999999999
 38 38 39 39 39 40 40 40 39 38 35 32 29 27 24 23 22 23 24 26 29 31 33 352710 8MZ 627 4099999999999999999999916 4 22999999999999999999999
 36 37 37 37 37 37 37 38 38 38 37 35 32 29 26 24 22 22 22 24 26 29 32 332710 9MZ 8 6 3899999999999999999999917 7 22999999999999999999999
 35 35 35 34 34 34 34 35 36 37 37 36 34 32 29 26 23 21 21 22 24 27 30 32271010MZ 111 35 944 3799999999999999 5 6 341752 2199999999999999
 33 34 33 32 31 31 31 31 33 34 36 36 36 34 31 28 25 22 21 21 23 25 29 31271011MZ 050 341057 3699999999999999 540 301827 2199999999999999
 33 33 32 31 29 28 27 27 29 31 34 36 36 35 33 30 27 24 22 21 22 24 28 31271012MZ 047 331155 3699999999999999 612 271857 2199999999999999
 33 34 33 31 28 26 24 24 25 27 31 34 36 36 35 33 29 26 23 22 22 24 27 31271013MZ 051 341245 3699999999999999 646 241925 2299999999999999
 34 34 34 31 28 25 22 21 21 23 27 31 35 37 37 35 32 29 26 24 23 25 28 31271014MZ 1 1 341332 3799999999999999 723 211952 2399999999999999
 35 36 36 33 30 25 22 19 18 19 23 27 32 36 37 37 35 32 29 27 25 26 28 32271015MZ 115 361418 3799999999999999 8 1 182020 2599999999999999
 35 38 38 36 32 27 22 19 17 16 18 23 29 33 37 38 37 34 32 29 28 28 29 32271016MZ 134 3815 4 3899999999999999 840 162047 2899999999999999
 36 39 40 39 35 30 25 20 17 15 15 18 24 30 34 37 38 37 34 32 31 30 30 32271017MZ 157 401552 3899999999999999 922 152113 3099999999999999
 36 39 41 41 39 34 28 23 18 15 14 15 19 25 30 34 37 37 36 34 33 32 32 33271018MZ 224 411644 379999999999999910 7 142126 3299999999999999
 35 39 41 42 41 38 33 27 21 17 14 13 15 19 25 30 33 35 36 35 34 34 34 34271019MZ 256 421744 36999999999999991055 1321 2 3499999999999999
 35 38 41 42 43 41 37 32 26 21 17 14 13 15 19 24 28 32 34 34 34 34 34 35271020MZ 333 439999999999999999999991149 13999999999999999999999
 35 37 39 41 42 42 40 36 31 25 21 17 14 14 15 18 22 26 29 32 33 33 34 34271021MZ 419 429999999999999999999991251 14999999999999999999999
 35 36 37 38 40 41 40 39 35 30 26 21 18 15 14 15 17 21 24 28 30 32 33 33271022MZ 519 4199999999999999999999914 4 14999999999999999999999
 34 34 34 35 36 37 39 39 37 35 31 26 22 18 16 14 14 16 19 23 27 29 31 32271023MZ 639 399999999999999999999991524 14999999999999999999999
 32 32 32 32 32 33 34 36 37 37 35 31 27 23 19 16 14 14 16 19 23 27 30 31271024MZ 018 32 814 372344 319999999 313 311634 1499999999999999
 31 31 30 28 28 28 29 31 34 36 36 35 32 28 24 20 17 15 15 17 21 25 29 31271025MZ 947 362348 3199999999999999 432 271732 1599999999999999
 31 30 28 26 24 23 23 25 28 32 35 36 35 33 29 25 21 18 17 17 20 24 28 31271026MZ11 9 36999999999999999999999 531 231821 1799999999999999
 32 31 29 26 23 20 18 19 21 25 30 34 36 36 33 30 26 23 20 19 20 23 28 32271027MZ 0 4 321221 3699999999999999 625 1819 5 1999999999999999
 34 34 32 28 23 19 16 14 15 18 24 29 34 36 36 34 31 27 25 23 22 24 28 32271028MZ 027 341329 3699999999999999 716 141944 2299999999999999
 35 36 35 31 26 20 16 13 11 13 17 23 29 34 36 36 34 31 29 27 26 26 28 32271029MZ 053 361430 3699999999999999 8 5 112020 2699999999999999
 36 38 38 35 30 24 18 14 10 10 12 17 23 29 34 36 36 34 32 30 29 28 30 32271030MZ 123 381527 3699999999999999 852  92050 2899999999999999
 36 39 40 39 35 29 22 17 12  9  9 12 17 24 29 33 35 35 33 32 31 31 31 33271031MZ 154 401620 3599999999999999 937  921 9 3199999999999999
 36 39 41 40 38 33 27 21 16 12 10 10 13 19 24 29 32 34 33 33 32 32 32 332711 1MZ 227 411715 34999999999999991022  92042 3299999999999999
 35 38 40 41 40 37 32 26 20 15 12 11 12 15 20 25 29 31 32 32 32 32 32 332711 2MZ 3 0 4199999999999999999999911 7 11999999999999999999999
 34 36 38 39 39 38 34 30 24 19 15 13 12 13 16 20 24 27 29 30 31 31 32 322711 3MZ 334 399999999999999999999991153 12999999999999999999999
 33 34 36 37 38 37 35 32 28 23 19 16 14 13 15 17 20 23 26 28 29 29 30 312711 4MZ 410 389999999999999999999991244 13999999999999999999999
 32 32 33 34 35 35 34 33 30 26 22 19 16 15 14 15 17 20 23 25 27 28 29 292711 5MZ 451 359999999999999999999991341 14999999999999999999999
 30 30 31 31 31 32 32 31 30 28 25 22 19 17 15 15 16 18 20 22 25 26 27 282711 6MZ 545 329999999999999999999991445 15999999999999999999999
 28 28 28 28 28 28 29 29 29 28 26 24 21 19 17 16 16 16 18 20 23 25 26 272711 7MZ 7 7 292332 27999999999999991545 15999999999999999999999
 27 27 26 25 25 25 25 26 27 27 27 25 23 21 19 17 16 16 17 19 22 24 26 272711 8MZ 854 272322 2799999999999999 433 251633 1699999999999999
 27 26 25 23 22 21 21 22 24 25 26 26 25 24 22 20 18 17 18 19 22 24 26 282711 9MZ1029 262324 2899999999999999 517 211712 1799999999999999
 27 26 24 22 20 18 18 19 20 23 25 26 27 26 24 22 21 19 19 20 22 25 27 29271110MZ1143 272333 2999999999999999 554 181747 1999999999999999
 29 28 25 22 19 16 15 15 17 20 23 26 27 28 27 25 23 22 21 21 23 25 28 31271111MZ1245 282349 3199999999999999 630 151820 2199999999999999
 31 30 27 23 19 16 13 12 13 16 20 24 27 29 29 28 26 24 23 23 24 26 29 32271112MZ1339 29999999999999999999999 7 6 121853 2399999999999999
 33 33 30 26 21 16 12 10  9 11 15 21 25 29 30 30 29 27 26 25 25 26 29 33271113MZ 012 331428 3199999999999999 745  91925 2599999999999999
 35 35 34 30 24 19 13  9  7  7 10 16 22 27 30 32 31 30 28 27 27 27 29 32271114MZ 040 361515 3299999999999999 826  71956 2799999999999999
 36 37 37 34 29 23 16 11  7  5  6 10 16 23 28 31 32 31 29 28 28 28 29 31271115MZ 114 3716 4 3299999999999999 911  52021 2899999999999999
 35 38 39 37 33 27 21 14  9  5  4  6 10 17 23 27 30 31 30 29 28 28 29 30271116MZ 153 391655 3199999999999999 958  42031 2899999999999999
 33 36 39 39 37 32 26 19 12  7  4  3  5 10 16 22 26 29 29 29 28 28 28 29271117MZ 237 391753 29999999999999991049  32037 2899999999999999
 31 33 36 38 38 36 31 24 18 12  7  4  3  6 10 16 21 24 27 27 27 27 27 27271118MZ 326 389999999999999999999991144  3999999999999999999999
 28 30 32 35 36 36 34 29 23 17 12  7  4  4  6 10 15 19 23 25 26 26 26 26271119MZ 422 379999999999999999999991242  4999999999999999999999
 26 26 28 30 32 34 34 32 28 22 17 12  8  6  5  7 11 15 19 22 24 24 25 24271120MZ 526 342131 25999999999999991345  5999999999999999999999
 24 24 24 25 27 29 30 31 29 26 22 18 14 10  8  7  9 12 16 19 22 24 24 24271121MZ 642 312151 2499999999999999 131 241448  799999999999999
 23 22 21 20 21 22 25 27 28 27 25 22 19 15 13 11 10 11 14 18 21 24 25 24271122MZ 813 282213 2599999999999999 3 7 201549 1099999999999999
 23 21 19 17 16 16 18 21 23 25 26 25 23 20 18 15 14 13 15 17 21 24 26 26271123MZ 951 262238 2699999999999999 423 161645 1399999999999999
 25 22 19 16 13 12 12 14 17 21 24 25 25 24 22 20 18 17 17 18 21 25 27 28271124MZ1126 2623 4 2899999999999999 528 121735 1799999999999999
 28 25 21 17 13 10  8  8 11 15 20 23 26 26 25 24 22 21 20 20 22 25 28 30271125MZ1253 262334 3199999999999999 623  81819 2099999999999999
 31 29 25 20 15 11  7  5  6 10 15 20 24 26 27 27 25 24 23 23 24 26 29 32271126MZ14 3 27999999999999999999999 714  51857 2399999999999999
 33 32 29 24 19 13  8  5  4  5  9 15 21 25 27 28 28 26 26 25 25 26 29 32271127MZ 0 7 331459 2899999999999999 8 0  41927 2599999999999999
 34 34 33 29 23 17 11  6  4  3  5 10 16 22 26 28 28 28 27 26 26 27 28 31271128MZ 043 351546 2899999999999999 843  31940 2699999999999999
 34 35 35 32 28 21 15  9  5  3  3  6 12 17 22 26 28 28 27 26 26 27 27 29271129MZ 120 351628 2899999999999999 925  31939 2699999999999999
 32 34 35 34 31 26 19 13  8  4  3  4  8 13 18 23 26 27 26 26 25 26 26 28271130MZ 159 3517 9 279999999999999910 6  31952 2599999999999999
 30 32 34 34 33 29 23 17 11  7  4  3  5  9 14 19 22 24 25 24 24 24 25 262712 1MZ 239 341753 25999999999999991047  32013 2499999999999999
 27 29 31 33 32 30 26 20 14 10  6  4  4  6 10 15 19 21 23 23 23 23 23 242712 2MZ 317 339999999999999999999991127  4999999999999999999999
 25 26 28 30 30 29 27 22 17 12  8  6  5  5  8 11 15 18 20 21 21 21 21 222712 3MZ 356 3099999999999999999999912 8  4999999999999999999999
 22 23 25 26 27 27 26 23 19 15 11  8  6  6  7  9 12 15 18 19 20 20 20 202712 4MZ 435 279999999999999999999991248  6999999999999999999999
 20 20 21 22 23 24 24 22 20 17 13 11  8  7  7  9 11 14 16 18 19 20 20 192712 5MZ 519 2421 0 20999999999999991328  7999999999999999999999
 19 18 18 19 19 20 21 20 19 18 15 13 11 10  9  9 11 13 16 18 19 20 20 192712 6MZ 618 212116 2099999999999999 152 1814 5  999999999999999
 18 17 16 16 16 16 17 18 18 18 17 15 14 12 12 11 12 14 16 18 20 21 21 202712 7MZ 752 182132 2199999999999999 327 161443 1199999999999999
 19 17 15 14 13 13 13 15 16 17 17 17 16 15 14 14 14 15 17 19 21 23 23 222712 8MZ 952 172150 2399999999999999 432 131522 1499999999999999
 20 18 15 13 11 10 10 11 13 15 17 18 18 18 17 17 17 17 18 20 22 24 25 252712 9MZ1146 182213 2599999999999999 521 1016 7 1799999999999999
 23 20 17 13 10  8  7  7 10 13 16 18 20 20 20 20 19 19 19 21 23 25 27 27271210MZ1311 202243 2899999999999999 6 4  71656 1999999999999999
 26 23 19 15 10  7  4  4  5  9 13 17 20 22 23 22 22 21 21 22 23 26 28 30271211MZ14 7 232320 3099999999999999 646  41744 2199999999999999
 29 27 23 18 13  7  4  1  1  4  9 14 19 22 24 24 24 23 22 22 23 25 28 31271212MZ1450 24999999999999999999999 730  11828 2299999999999999
 32 31 28 23 16 10  4  0 -2 -1  3  8 14 20 23 25 25 24 23 23 23 24 27 30271213MZ 0 3 321532 2599999999999999 816 -219 6 2399999999999999
 33 33 32 28 22 15  8  2 -2 -4 -3  2  8 15 20 23 24 24 23 22 22 23 24 27271214MZ 051 331613 2499999999999999 9 4 -41939 2299999999999999
 31 34 34 32 27 21 13  5 -1 -5 -6 -4  1  8 15 19 22 23 22 21 21 21 22 24271215MZ 142 341655 2399999999999999 954 -62013 2199999999999999
 27 31 34 34 31 26 19 11  3 -2 -6 -7 -4  2  8 14 19 21 21 20 19 19 19 20271216MZ 235 341738 21999999999999991045 -72059 1999999999999999
 23 26 30 32 32 30 24 17  9  3 -3 -6 -6 -3  3  9 14 18 19 19 18 17 17 17271217MZ 330 331821 19999999999999991136 -62220 1799999999999999
 18 20 24 28 30 30 27 22 15  8  3 -2 -4 -4 -1  4 10 14 17 18 18 16 16 15271218MZ 428 3019 2 18999999999999991226 -4999999999999999999999
 15 15 17 21 24 26 26 24 19 14  8  4  1 -1  0  3  7 12 16 18 18 17 15 14271219MZ 530 261942 1899999999999999 0 2 151315 -199999999999999
 13 12 12 14 17 20 22 22 20 17 13 10  6  4  3  4  7 11 14 17 19 18 17 15271220MZ 643 222020 1999999999999999 127 1214 4  399999999999999
 13 11  9  9 10 12 15 17 18 18 16 14 12 10  8  8  9 11 14 18 20 20 20 17271221MZ 813 182056 2099999999999999 248  91451  899999999999999
 15 12  9  7  5  6  8 11 14 16 16 16 15 14 13 13 13 13 16 18 21 22 22 21271222MZ1010 162132 2299999999999999 4 8  51538 1299999999999999
 18 14 11  7  4  3  3  5  8 12 14 16 17 17 17 17 16 16 17 19 21 24 25 24271223MZ1257 172210 2599999999999999 521  31624 1699999999999999
 22 18 14 10  6  2  1  1  3  7 11 15 17 19 19 19 19 19 19 20 22 24 26 26271224MZ2251 26999999999999999999999 621  0999999999999999999999
 25 22 18 13  8  4  1 -1  0  3  7 12 16 18 20 21 21 21 21 21 22 24 26 28271225MZ2334 28999999999999999999999 712 -1999999999999999999999
 28 26 23 18 12  7  2 -1 -2  0  3  8 13 17 20 21 21 21 21 21 22 23 25 27271226MZ9999999999999999999999999999 757 -2999999999999999999999
 28 28 26 22 16 10  5  1 -2 -2  0  4 10 15 18 20 21 21 20 20 21 21 23 25271227MZ 020 2916 4 2199999999999999 838 -31834 2099999999999999
 28 29 28 25 20 14  8  3 -1 -3 -3  1  6 11 16 19 20 20 19 19 19 19 21 23271228MZ 1 5 291622 2099999999999999 917 -31910 1999999999999999
 25 28 28 27 23 18 11  5  0 -3 -4 -2  2  7 12 16 18 18 18 17 17 17 18 20271229MZ 149 281647 1899999999999999 954 -41947 1799999999999999
 22 25 27 27 25 20 14  8  2 -2 -4 -4 -1  3  8 13 16 17 17 16 15 15 15 17271230MZ 230 271714 17999999999999991029 -42026 1599999999999999
 18 21 24 25 24 21 17 11  5  0 -3 -4 -3  0  5 10 13 15 15 14 13 13 13 14271231MZ 3 9 251741 159999999999999911 3 -42115 1399999999999999
