 65 74 83 90 92 89 80 70 62 58 59 66 77 89100107110106 97 84 71 61 53 5027 1 1N0 355 92155411099999999999999 917 572312 5099999999999999
 52 57 65 73 81 86 86 81 75 68 65 65 71 80 91102109111108100 88 74 61 5127 1 2N0 530 861657111999999999999991022 64999999999999999999999
 45 44 48 57 68 78 86 89 87 81 73 68 66 70 79 92103111115112103 90 74 5927 1 3N0 7 5 8918 311599999999999999 042 441149 6699999999999999
 46 37 36 42 53 67 81 91 96 93 85 74 66 63 67 78 93107117120116106 90 7127 1 4N0 8 9 96185812099999999999999 142 361257 6399999999999999
 52 37 29 29 38 53 71 88 99103 98 85 70 59 57 64 79 98114123125119105 8627 1 5N0 855103194412599999999999999 228 281347 5799999999999999
 63 43 28 21 25 39 59 79 97108108 98 80 62 51 52 63 8310512112912911910127 1 6N0 933110202513099999999999999 3 8 211428 5099999999999999
 77 53 32 19 17 26 45 68 89106114109 92 70 51 44 49 67 9111412913413011627 1 7N010 811421 313499999999999999 343 1615 5 4499999999999999
 93 66 40 22 13 16 32 55 79100114116103 81 57 42 40 51 7410112313513712827 1 8N01039117214013799999999999999 414 131540 3999999999999999
108 81 52 29 14 12 22 43 68 91109117112 92 67 46 36 40 57 8411112913713527 1 9N011 8118221713899999999999999 443 111613 3599999999999999
121 96 65 38 19 12 16 33 57 82102115116102 78 54 37 34 44 66 9411813213627 110N01135117225313699999999999999 5 9 111646 3399999999999999
129109 80 50 27 15 14 27 48 73 95110116109 89 64 44 34 36 51 7610212113127 111N012 0116232813399999999999999 533 131719 3399999999999999
131118 93 64 38 22 16 24 42 66 88105114113 99 76 54 39 34 41 60 8410612127 112N01225115999999999999999999999 556 161754 3499999999999999
126121104 78 51 31 22 24 37 59 81 99110113106 88 66 48 38 38 48 66 8710527 113N0 0 5126124911399999999999999 619 211831 3799999999999999
115118109 91 66 44 31 28 36 53 74 93106112109 98 79 60 46 40 42 52 69 8627 114N0 044118131411299999999999999 646 281916 4099999999999999
 99107107 97 80 60 44 37 39 50 67 85100109111105 92 75 59 48 43 45 53 6627 115N0 129108134511199999999999999 717 362013 4299999999999999
 79 90 96 96 89 76 61 50 47 51 62 76 91103109109103 92 77 62 50 44 44 4927 116N0 228 97143011099999999999999 756 472134 4499999999999999
 58 69 79 86 88 85 78 68 60 58 61 69 80 92102108109105 96 82 67 53 44 3927 117N0 357 88154211099999999999999 853 582325 3999999999999999
 40 46 56 68 78 85 88 85 78 71 66 66 70 78 90101110114112104 90 72 55 4027 118N0 559 881717114999999999999991038 66999999999999999999999
 30 27 32 44 58 74 87 95 95 88 79 70 64 64 72 86101114121122115 99 77 5427 119N0 732 96183812399999999999999 054 271227 6399999999999999
 33 19 13 19 33 53 74 93105106 97 81 66 56 55 65 83103120131134126107 7927 120N0 837107194713499999999999999 2 1 131336 5499999999999999
 50 24  6  0  8 28 54 80103116115100 77 57 45 45 58 8110712814114513611127 121N0 926118205014599999999999999 256  01431 4399999999999999
 77 42 13 -5 -9  4 30 61 90114126119 96 67 45 33 36 54 8311313515015314027 122N010 9126214615499999999999999 344-101520 3299999999999999
110 70 33  4-13-12  8 39 72103126132116 85 54 32 23 30 54 8711714015415527 123N01048132223615799999999999999 428-1516 5 2399999999999999
137101 60 24 -2-14 -5 21 55 87116133131106 71 41 23 18 30 58 9212014115327 124N01124135232115499999999999999 5 7-141649 1899999999999999
150125 87 48 18 -2 -6 10 41 73102125135122 91 58 32 18 18 35 64 9511913727 125N01157135999999999999999999999 542 -71731 1699999999999999
145135107 71 39 16  5 10 33 63 91115130129108 77 48 28 19 24 43 70 9511427 126N0 0 1145122813299999999999999 613  41811 1999999999999999
128130115 88 58 35 21 19 32 56 83105121127117 93 66 43 30 25 33 52 74 9227 127N0 039131125512799999999999999 640 181852 2599999999999999
106114110 94 72 51 37 31 37 54 77 97112120118104 82 61 45 36 35 43 58 7327 128N0 115114131912199999999999999 7 2 311935 3499999999999999
 86 94 97 92 78 63 51 44 46 55 72 90104113114108 94 77 61 50 44 44 50 5927 129N0 153 97134311599999999999999 721 442028 4399999999999999
 69 76 81 82 78 70 62 56 55 60 69 82 95104108107100 89 77 66 57 52 50 5227 130N0 242 82141810899999999999999 744 552157 5099999999999999
 56 61 66 70 72 72 70 68 66 66 69 75 84 92 98102102 98 90 82 73 64 57 5127 131N0 432 72152610299999999999999 825 66999999999999999999999
 49 49 51 56 63 69 74 77 77 75 73 72 74 79 86 93 98101100 96 88 79 67 5627 2 1N0 736 77171310199999999999999 025 481056 7299999999999999
 47 41 40 43 51 62 73 82 87 86 81 73 67 66 71 79 90100106106102 94 81 6527 2 2N0 825 87183710799999999999999 148 391238 6699999999999999
 50 38 31 31 38 52 68 82 93 97 92 80 66 58 57 64 77 93106113114109 97 7827 2 3N0 857 97193911499999999999999 232 301336 5699999999999999
 58 40 27 22 26 40 59 78 94104103 90 71 55 47 49 60 80100115121121112 9427 2 4N0 926105202612299999999999999 3 6 221419 4699999999999999
 69 46 28 17 16 27 47 70 91106112103 82 59 42 37 44 63 8711012412912511027 2 5N0 95411221 712999999999999999 335 151456 3799999999999999
 84 56 32 17 11 17 36 60 84104116113 94 68 44 31 31 45 70 9812013213412427 2 6N01020117214313499999999999999 4 1 111531 3099999999999999
100 69 40 20  9 11 26 51 77100116120106 80 52 32 24 30 51 8110912813713427 2 7N01045120221813799999999999999 424  816 5 2499999999999999
115 84 52 26 11  8 18 42 69 94113123116 93 63 37 23 21 35 62 9211713313827 2 8N011 9123225213899999999999999 447  71638 2099999999999999
127100 66 36 17  9 14 34 62 89109122122105 76 47 27 18 23 43 7310212213427 2 9N01131124232513599999999999999 5 8  91711 1899999999999999
132114 82 49 26 14 14 29 55 83105120124114 89 60 36 22 19 30 54 8310712327 210N01152125235812999999999999999 529 121744 1999999999999999
129120 96 65 38 22 18 27 48 76100116124119101 74 48 30 21 24 39 63 8810727 211N01211124999999999999999999999 551 181818 2199999999999999
118118105 80 53 34 26 29 45 69 94112121121110 88 63 42 29 25 31 47 68 8727 212N0 033120122912299999999999999 613 261857 2599999999999999
101108104 89 68 49 38 36 45 63 85104116119114100 80 59 43 34 32 38 51 6727 213N0 110108125211999999999999999 639 351945 3199999999999999
 81 91 94 90 79 64 53 47 50 60 76 93107113113106 94 78 62 49 40 38 41 4927 214N0 157 94132811499999999999999 710 472057 3899999999999999
 60 70 77 81 80 75 68 62 60 63 71 81 93102107107104 96 84 71 58 48 41 3927 215N0 320 81143310899999999999999 754 602259 3999999999999999
 41 47 56 64 71 77 79 77 74 71 71 72 78 85 94101105107104 96 83 68 52 3927 216N0 6 1 79165210799999999999999 953 71999999999999999999999
 31 29 33 42 55 69 81 89 90 86 78 70 66 67 73 84 97108115116110 95 74 5227 217N0 744 91183911799999999999999 049 291220 6599999999999999
 32 19 15 20 34 53 74 92103103 93 77 62 53 52 61 78 98115127130124104 7627 218N0 834104195513099999999999999 159 151334 5199999999999999
 46 22  6  2 12 34 60 85106117112 93 68 48 37 37 51 7610212413814313310627 219N0 913117205414399999999999999 248  21428 3599999999999999
 71 37 11 -4 -4 13 42 73100122128113 84 54 32 21 26 47 7810813214815213527 220N0 949129214415299999999999999 330 -71515 2199999999999999
100 60 26  2 -9 -1 25 58 90117135132106 69 38 18 10 20 48 8311413715315127 221N01023137222715599999999999999 4 7-101558 1099999999999999
127 87 48 18 -2 -6 12 44 78108132141126 91 54 25  8  6 23 55 8911814015127 222N0105514123 615199999999999999 441 -71639  499999999999999
141110 71 37 13  1  8 34 68 99124140137111 74 40 17  5  9 31 64 9411913627 223N01124141234214199999999999999 511  01718  499999999999999
140123 90 56 30 14 12 29 60 91115133138124 93 59 32 14  8 19 43 72 9711627 224N01149139999999999999999999999 537 111754  899999999999999
127122100 71 46 29 23 31 54 83108125133128106 76 49 29 18 19 33 55 77 9527 225N0 01512712 913399999999999999 559 231829 1799999999999999
108111101 80 59 43 35 38 53 77101118126125112 90 66 46 33 27 32 46 63 7927 226N0 046111122512799999999999999 617 3419 3 2799999999999999
 90 96 93 82 67 54 46 46 55 72 92108118119112 98 79 62 48 41 39 45 55 6627 227N0 115 96124112099999999999999 633 451942 3999999999999999
 75 80 82 78 71 62 57 55 59 69 83 97107111108100 89 76 64 56 51 50 52 5727 228N0 147 8213 611199999999999999 649 552044 5099999999999999
 63 67 69 70 70 68 66 65 66 70 77 85 93 99100 99 94 87 79 71 65 59 56 5427 3 1N0 3 5 70135710099999999999999 7 0 652332 5499999999999999
 54 55 57 60 64 69 72 75 76 75 75 76 80 84 88 92 94 94 91 87 80 72 63 5527 3 2N01628 949999999999999999999999999999999999999999999999999
 49 46 45 48 56 66 75 82 86 84 78 72 68 69 73 80 89 96100 99 96 87 75 6127 3 3N0 813 86182310099999999999999 141 451223 6899999999999999
 49 40 35 37 46 59 74 86 94 95 87 74 62 56 57 64 77 92103109109103 89 7127 3 4N0 836 96193111099999999999999 217 351325 5699999999999999
 52 38 29 27 35 50 69 86 99105 99 82 63 49 43 47 61 81100113119117105 8427 3 5N0 9 0105201711999999999999999 244 2714 7 4399999999999999
 60 40 27 20 25 40 62 83101112110 94 70 48 35 33 43 65 9011112412812110027 3 6N0 924113205512899999999999999 3 8 201443 3299999999999999
 72 46 28 17 17 31 53 78100116120107 82 54 33 24 27 45 7310112213313311727 3 7N0 947120213113599999999999999 330 161517 2399999999999999
 88 57 33 17 13 22 45 72 96116126120 96 64 38 21 16 26 53 8511213113913227 3 8N0101112722 513999999999999999 352 131551 1599999999999999
106 72 42 22 12 16 36 65 92114129130111 79 47 24 11 13 32 64 9612113713927 3 9N01034131224014199999999999999 415 121625 1099999999999999
122 89 55 30 16 14 29 57 87111128135123 95 60 32 14  7 17 43 7610512613827 310N01056135231413899999999999999 438 131659  799999999999999
132107 72 42 24 17 25 48 80107126135131110 77 45 23 10  9 25 54 8510912627 311N01117136234813199999999999999 5 2 171733  899999999999999
131118 89 58 36 25 26 42 71100121133134120 93 62 36 19 11 17 37 64 8910927 312N01136135999999999999999999999 525 2418 8 1199999999999999
120118100 74 50 36 32 41 63 91114128132125106 80 54 34 21 18 27 46 69 8827 313N0 023121115513299999999999999 549 321847 1899999999999999
102108102 85 65 50 43 45 59 80103119126124114 95 73 53 38 29 28 36 51 6727 314N0 1 1108121812699999999999999 615 421935 2799999999999999
 81 90 93 87 76 64 56 54 59 73 90105115118114105 91 75 60 47 39 37 41 5027 315N0 149 93125511899999999999999 646 532048 3799999999999999
 60 70 77 80 79 75 70 66 66 70 79 89 99105107106102 94 84 71 58 48 41 4027 316N0 319 80141010799999999999999 733 652247 4099999999999999
 43 49 57 66 74 79 82 80 77 74 73 75 79 86 92 99104106104 96 84 68 52 4027 317N0 6 6 8217 410699999999999999 956 73999999999999999999999
 33 32 37 48 62 76 87 94 93 86 76 67 63 64 70 81 95107115117111 95 72 5027 318N0 725 94184511899999999999999 036 321220 6399999999999999
 33 23 21 30 46 67 86101108104 88 69 54 46 46 57 75 97115127131122100 7027 319N0 8 8108195213199999999999999 140 211329 4599999999999999
 44 24 13 14 30 54 79101117121108 82 57 38 29 31 48 75102123138141127 9727 320N0 844122204414299999999999999 224 121419 2899999999999999
 63 35 15  7 15 39 68 96119132128103 70 41 22 14 22 47 7910813114614512327 321N0 918133212914899999999999999 3 2  715 3 1499999999999999
 87 52 26  9  8 26 56 88114135141125 91 55 27  9  5 21 52 8511413714914127 322N0 95014222 914999999999999999 336  61544  499999999999999
111 74 43 20 10 18 44 78107131145140113 75 40 16  2  4 27 60 9211813914427 323N01019146224614599999999999999 4 7 101623  099999999999999
127 94 61 35 19 18 36 68100124141146130 96 59 30 10  1 11 38 70 9812113527 324N01045146232113699999999999999 436 1617 0  199999999999999
132109 77 50 32 25 34 59 91118135144137112 78 47 24  9  9 25 51 7810111927 325N011 7144235312599999999999999 5 1 251734  799999999999999
125114 90 64 45 35 36 54 82109129138137121 93 64 40 23 16 21 40 63 8410127 326N01124139999999999999999999999 523 3418 6 1699999999999999
111109 95 74 56 45 42 53 74100120131132123103 79 56 39 28 27 36 53 71 8627 327N0 022112113913399999999999999 543 421838 2699999999999999
 96 99 93 80 66 55 50 54 69 89108121125121108 90 71 55 43 38 40 49 61 7327 328N0 050100115912599999999999999 6 5 501913 3899999999999999
 83 87 87 81 72 64 59 59 67 80 95108115114108 96 83 70 59 51 48 51 57 6427 329N0 122 88122811599999999999999 629 5820 2 4899999999999999
 70 75 77 77 75 72 69 67 69 75 84 93100104103 98 91 83 75 66 60 57 56 5827 330N0 224 78131610499999999999999 7 1 672144 5699999999999999
 60 63 67 70 74 76 78 77 76 76 77 80 84 89 92 95 95 93 89 82 74 66 60 5527 331N0 612 781544 9599999999999999 856 76999999999999999999999
 53 53 56 62 70 78 84 87 86 82 75 71 70 72 78 85 93 99100 97 90 79 67 5727 4 1N0 719 87174510099999999999999 028 531147 7099999999999999
 49 46 46 52 63 76 87 95 97 92 81 68 60 57 60 70 84 98106109105 95 79 6227 4 2N0 749 97185510999999999999999 126 451258 5799999999999999
 49 41 38 43 55 71 88100107104 91 72 56 46 44 52 69 90106116118111 94 7227 4 3N0 814107194611899999999999999 155 381341 4499999999999999
 53 40 33 34 46 65 86103114116104 82 59 41 32 35 50 74 98116126126112 8727 4 4N0 839117202812899999999999999 220 321419 3299999999999999
 62 42 31 28 37 58 82103119126119 96 67 43 27 21 30 54 8310912713512910627 4 5N0 9 312621 713599999999999999 245 281455 2199999999999999
 76 50 33 25 30 49 76101120133132113 81 50 28 14 14 32 62 9311813614012527 4 6N0 928134214514199999999999999 311 251531 1299999999999999
 95 63 40 27 25 39 67 96119135141129 99 64 35 15  6 13 38 7210212614113827 4 7N0 953141222314299999999999999 339 2416 7  699999999999999
115 81 53 34 26 32 56 88115134145141118 83 49 24  7  3 18 48 8110913114027 4 8N0101814523 014099999999999999 4 7 261644  399999999999999
129101 69 46 32 31 46 76107130143146133103 68 38 17  5  7 27 58 8811213027 4 9N01043147233813399999999999999 436 301722  399999999999999
132115 87 61 43 36 42 65 95122138145140120 89 58 33 16  8 16 38 65 9011127 410N011 8145999999999999999999999 5 5 3618 2  899999999999999
122118100 76 57 45 45 57 82109129139139129107 80 55 34 21 17 27 47 69 8927 411N0 017123113514099999999999999 535 431845 1799999999999999
104110104 88 71 58 52 56 72 94114127132129117 99 78 57 40 30 28 37 51 6827 412N0 1 111012 713299999999999999 6 7 521938 2799999999999999
 83 93 97 93 83 72 63 61 67 80 96110118121118110 97 82 65 50 40 37 42 5127 413N0 158 97125712199999999999999 647 612051 3799999999999999
 63 74 83 89 89 84 77 72 70 73 81 90 99106110111109102 90 75 60 48 42 4227 414N0 332 89145611199999999999999 752 702228 4199999999999999
 48 57 68 79 87 92 91 86 79 74 71 73 77 84 93102109113110100 84 67 51 4227 415N0 522 9217 61139999999999999910 7 712357 3999999999999999
 39 42 52 66 81 94102102 95 83 71 62 59 61 70 83 99112120120109 90 68 5027 416N0 63510318291219999999999999912 6 59999999999999999999999
 38 34 38 52 72 91106115113100 80 62 48 42 45 59 79100117128128115 91 6527 417N0 723116193213099999999999999 1 0 341312 4299999999999999
 45 33 30 40 60 84105121128121 99 72 49 33 27 34 54 80105124136134115 8627 418N0 8 3128202413799999999999999 145 3014 1 2799999999999999
 59 40 29 31 48 74100121135137121 91 60 35 20 16 29 55 8511013014113310827 419N0 83813821 814199999999999999 224 281445 1699999999999999
 78 53 35 29 38 63 92117135145139113 78 47 24 10 12 31 61 9111613514112727 420N0 910145214914199999999999999 258 291526  999999999999999
 98 69 47 34 34 52 82110132146148132 99 64 36 16  7 15 39 70 9712113713527 421N0 939149222713999999999999999 330 3216 4  799999999999999
115 86 61 43 36 45 70101126142150142118 84 53 28 12  9 24 50 7910412413327 422N010 515023 213399999999999999 4 0 361641  899999999999999
124101 75 54 42 43 61 89117137147146130101 70 44 24 14 18 37 62 8710812227 423N01026148233412599999999999999 428 411715 1499999999999999
124110 87 66 51 46 55 78106128141144135114 87 61 39 25 21 31 50 73 9310927 424N01046144999999999999999999999 454 461747 2199999999999999
116111 96 77 61 52 54 69 93116132139135121 99 76 55 39 30 32 45 62 80 9527 425N0 0 611611 813999999999999999 521 511819 3099999999999999
105106 98 85 71 60 57 64 82103120130131123107 89 70 54 43 39 44 56 70 8327 426N0 037107113613299999999999999 549 561853 3999999999999999
 93 98 96 89 79 69 63 64 74 89105117122120111 99 84 69 57 49 49 54 63 7327 427N0 113 98121212299999999999999 622 631936 4899999999999999
 82 88 91 90 86 79 73 69 72 80 90101108111110104 95 84 72 62 56 56 59 6527 428N0 212 9113 611199999999999999 7 5 692039 5599999999999999
 72 78 83 87 89 87 83 78 75 76 79 85 92 98102104102 96 87 77 67 61 59 6027 429N0 4 2 89145910499999999999999 827 752211 5999999999999999
 63 69 75 83 89 93 93 90 84 78 73 73 75 81 89 97103104101 92 81 70 62 5727 430N0 533 941647104999999999999991043 722335 5799999999999999
 57 60 67 77 87 97102102 96 85 74 65 62 64 72 84 97107110107 98 84 69 5927 5 1N0 62910218 21109999999999999912 9 62999999999999999999999
 53 53 59 70 84 98108113109 97 81 65 53 49 53 66 84102114118114101 82 6527 5 2N0 7 711319 311899999999999999 033 5313 2 4999999999999999
 54 48 51 61 78 97112121122113 93 70 51 40 37 46 65 89109122127119100 7727 5 3N0 739123195412799999999999999 114 481346 3799999999999999
 59 48 45 52 70 92112126133129110 82 57 37 26 27 43 69 96117131134121 9627 5 4N0 8 9134204113599999999999999 151 451427 2599999999999999
 71 53 44 44 59 83109128140142129101 69 43 24 15 22 44 7510312513913711727 5 5N0 840143212414199999999999999 227 4215 8 1599999999999999
 89 64 48 42 49 71100125142150145123 89 56 31 14  8 21 49 8110913214313527 5 6N0 91115122 714399999999999999 3 3 421549  899999999999999
110 81 59 45 43 58 86116139152155142113 77 46 22  7  7 26 55 8611413514127 5 7N0 944156225014199999999999999 339 421631  599999999999999
127101 74 55 45 50 71102129148157154134102 69 40 18  6 11 33 62 9111613327 5 8N01018157233313699999999999999 414 451714  599999999999999
134117 92 69 53 49 60 85114137151155147125 94 64 38 18 10 19 41 67 9311527 5 9N01054155999999999999999999999 450 491759 1099999999999999
127123106 85 66 55 55 70 95120138147148138117 90 63 39 23 19 29 49 71 9327 510N0 018127113414999999999999999 527 531847 1999999999999999
110118113 98 80 66 59 63 79100119133139138129111 89 65 45 32 30 39 55 7427 511N0 1 7118122414099999999999999 6 7 591940 2999999999999999
 91105110106 94 80 69 65 70 82 98112123128129123109 90 70 52 41 39 46 5927 512N0 2 5110133612999999999999999 657 652042 3999999999999999
 74 89101107104 95 83 74 69 71 79 90101111118122120110 94 76 60 49 46 5127 513N0 314107151412299999999999999 8 9 692152 4699999999999999
 62 75 89101108108100 89 78 70 68 71 78 88 99110118120113 99 81 65 54 5027 514N0 426109164212099999999999999 956 6823 1 5099999999999999
 54 64 78 94107115115107 93 78 66 60 59 65 76 91106117122117103 85 67 5627 515N0 5311161759122999999999999991137 58999999999999999999999
 52 55 67 84102116124124113 94 75 59 49 46 53 69 88106119125121105 85 6727 516N0 62712519 612599999999999999 0 3 521247 4699999999999999
 56 52 58 74 95114128134131115 91 67 49 38 36 46 66 88108123130123104 8227 517N0 71213520 113099999999999999 055 521340 3599999999999999
 65 54 53 63 84108126139142134111 83 58 39 28 29 44 68 9211212813312210027 518N0 752143204913399999999999999 140 521426 2799999999999999
 78 62 53 56 72 97121138147146131104 74 49 31 22 28 47 73 9711813213311727 519N0 827148213213599999999999999 219 5215 8 2299999999999999
 94 73 58 53 62 84111133146151144123 93 64 41 25 21 32 54 8010412413412927 520N0 858151221113599999999999999 255 531548 2099999999999999
110 87 67 55 56 72 98124142152151137111 82 56 35 23 24 40 64 8811112813227 521N0 927153224813399999999999999 329 541625 2199999999999999
122101 79 62 55 62 84111134148152145126 99 72 48 31 25 32 50 74 9711612827 522N0 953152232312999999999999999 4 1 551659 2599999999999999
126112 91 71 58 58 72 96122140149148135114 88 64 43 31 31 42 62 8410411827 523N01021150235612499999999999999 432 561732 2999999999999999
123117101 82 66 59 65 83107128142146139124103 79 57 42 35 40 54 73 9210827 524N01051146999999999999999999999 5 3 5918 4 3599999999999999
117117107 92 75 64 62 73 92113130139138129113 93 72 54 44 43 51 65 82 9727 525N0 030118112614099999999999999 536 611836 4299999999999999
108112109 99 85 72 66 69 81 98115127132129120105 86 68 55 49 51 60 74 8727 526N0 1 611212 713299999999999999 612 651912 4999999999999999
 99106108104 95 83 73 70 75 85 99112120124121112 99 83 68 58 55 59 68 7927 527N0 15010813 212499999999999999 655 701954 5599999999999999
 91100105106103 94 84 77 74 77 84 95105112116115108 97 82 70 62 61 65 7327 528N0 246106141911699999999999999 759 742046 6099999999999999
 83 93101107108105 97 88 80 75 75 79 87 96105111113108 98 85 73 66 64 6827 529N0 351108154511399999999999999 932 742149 6499999999999999
 75 85 96105112114110101 90 79 71 68 70 78 89101110114111102 89 76 68 6627 530N0 45211417 41149999999999999911 4 682256 6699999999999999
 69 77 88101113120122116104 88 73 63 58 60 69 85100113119117107 92 78 6827 531N0 5451221818119999999999999991214 58999999999999999999999
 65 69 79 94111124131131121104 83 64 52 46 49 63 83102117125124112 94 7727 6 1N0 630132192212699999999999999 0 0 6513 9 4699999999999999
 67 64 69 83104123136142138123100 74 54 40 34 41 60 83106123133130114 9327 6 2N0 712142201713399999999999999 056 641359 3499999999999999
 76 65 62 71 91115135148151144122 93 65 43 28 24 35 59 8511013013913311427 6 3N0 75415221 914099999999999999 146 621447 2499999999999999
 91 73 62 61 75100127147158159146119 87 57 34 18 17 33 60 8811513514313427 6 4N0 836160215714399999999999999 232 601534 1699999999999999
111 87 68 59 63 82111137155165162145115 81 50 26 12 15 34 63 9211913914427 6 5N0 921165224514499999999999999 316 581622 1199999999999999
130106 81 64 57 66 90119144161168162142110 76 45 22 11 17 39 68 9712314027 6 6N010 7168233114299999999999999 358 5717 9 1199999999999999
140124 99 75 60 58 71 97125148162166159137105 72 43 22 14 24 47 7510212527 6 7N01056166999999999999999999999 440 571756 1499999999999999
138134116 91 70 59 61 76102127146158161152131101 69 43 26 23 35 57 8210727 6 8N0 017139114916199999999999999 523 581843 2299999999999999
126134127108 85 68 60 65 81103124140150153144124 96 69 47 34 34 47 68 9027 6 9N0 1 3134124615399999999999999 6 9 601929 3299999999999999
111125130121102 83 69 63 68 82100117131140142135117 93 70 53 44 47 60 7827 610N0 150130134814399999999999999 7 2 632016 4499999999999999
 97114125127117101 84 72 67 70 80 94108120129132126111 92 74 61 55 59 7127 611N0 239127145413299999999999999 8 8 6721 4 5599999999999999
 87103117126126117102 87 75 68 68 74 85 97109119124120109 93 79 68 65 6927 612N0 33112716 512499999999999999 929 672158 6599999999999999
 80 94109122129128120106 90 76 67 64 67 75 88101112119118109 97 84 74 7127 613N0 42713017241199999999999999911 1 642258 7199999999999999
 75 85100115127134133124109 91 75 63 58 59 67 81 96109118119112100 87 7827 614N0 5241341841119999999999999991221 57999999999999999999999
 74 78 89106122134140138127110 90 71 58 50 52 62 78 95110120123116102 8827 615N0 618140194512399999999999999 0 1 741322 5099999999999999
 78 74 79 93112129141145142128108 85 66 51 44 47 60 79 9811412612711810227 616N0 7 6146203712899999999999999 057 741412 4399999999999999
 86 75 73 81 99120137148150143126103 79 59 44 39 46 62 8310412113113011727 617N0 748150212313299999999999999 146 731457 3999999999999999
 98 81 71 72 85106129145153152141121 96 71 51 38 37 48 68 9011212813512927 618N0 82615422 313599999999999999 228 701537 3699999999999999
112 91 75 67 73 91115137151156151137114 87 63 44 35 39 54 76 9912013413627 619N0 9 1156224013799999999999999 3 6 671614 3599999999999999
125104 83 68 66 77 99125145156157148129104 77 54 40 36 45 63 8710912713627 620N0 936157231513699999999999999 341 651648 3699999999999999
132116 94 74 64 67 84109133150157154141119 92 67 48 38 41 54 75 9811713127 621N01010157234613499999999999999 415 631719 3899999999999999
134125105 83 67 63 73 93118139152155148131107 81 58 45 41 49 66 8810812427 622N01046155999999999999999999999 448 631747 4199999999999999
131129115 94 75 65 67 80101124142150149139119 95 71 53 46 49 61 8010011627 623N0 016132112415199999999999999 522 641814 4699999999999999
127129121105 86 71 66 72 87108127140145141128108 84 65 53 51 59 74 9210927 624N0 04512912 514599999999999999 558 661841 5199999999999999
121127125114 97 81 72 70 78 92110125135138132118 98 78 63 57 60 70 8610327 625N0 115127125013899999999999999 639 701911 5799999999999999
116124126121109 94 81 74 74 81 94108120128130124110 92 76 66 63 69 81 9627 626N0 149126134313099999999999999 729 731947 6399999999999999
110120126126119107 93 82 76 75 81 91103114121123118107 92 79 71 71 77 8927 627N0 230127144812399999999999999 834 752031 7099999999999999
102114124128127120109 95 83 75 73 76 84 95107115119116108 95 84 78 78 8327 628N0 32112916 711999999999999999 956 732130 7799999999999999
 93106118128133132125112 96 82 72 67 68 75 87100111118119113102 91 84 8227 629N0 4221331737119999999999999991123 672249 8299999999999999
 86 95109123134139139131115 97 79 66 58 57 65 79 96110121125120109 96 8727 630N0 5251401858125999999999999991236 57999999999999999999999
 83 85 95111128141148147137118 96 75 58 47 46 55 73 93112126132127114 9927 7 1N0 62514920 413299999999999999 011 831337 4599999999999999
 86 80 82 95115135150158156144121 94 69 48 36 35 48 69 9311513314013411727 7 2N0 72115821 214099999999999999 116 791433 3499999999999999
 97 82 74 78 95120143159167165149123 92 62 39 26 27 43 68 9612114014713727 7 3N0 817168215314799999999999999 210 741526 2499999999999999
115 92 75 68 75 97125150167175171153122 87 55 31 19 23 43 7210212914815127 7 4N0 914175224015299999999999999 3 0 681615 1899999999999999
135109 84 67 63 74 99129155172179174153119 81 49 26 16 25 49 8011013715327 7 5N01010180232315499999999999999 347 6217 2 1699999999999999
150129100 75 60 59 75102133157173180173148112 75 45 25 20 34 61 9212014427 7 6N011 4180999999999999999999999 433 581745 2099999999999999
154145119 90 68 56 59 77105133155170175165138103 70 44 29 31 49 7710513027 7 7N0 0 4154115517599999999999999 519 561825 2899999999999999
148152136109 82 64 56 62 81107131150162165152125 94 67 48 40 47 68 9311727 7 8N0 042152124316699999999999999 6 6 5619 2 4099999999999999
137149145127101 79 64 60 67 84106125141151151137113 88 68 56 55 66 8610827 7 9N0 119149133115299999999999999 656 601937 5499999999999999
127141146138119 98 80 68 65 72 86102117129137135123105 87 74 67 71 8310127 710N0 156146142113799999999999999 750 652011 6799999999999999
118132141142133116 98 83 74 70 75 84 96107117123122114102 90 82 79 84 9527 711N0 235143152212499999999999999 855 702050 7999999999999999
110123134140139130117102 88 79 74 74 80 88 98107113115111104 96 90 89 9327 712N0 3211401647115999999999999991022 732147 8999999999999999
101113125134139138132120106 92 81 74 71 74 81 90101109114114109103 96 9327 713N0 42214018281159999999999999912 0 712310 9399999999999999
 95102113125135141141135124109 94 80 70 65 67 75 86 99111119120116107 9827 714N0 5311421945121999999999999991314 65999999999999999999999
 92 92100112127138145145139127110 92 76 64 59 62 72 8710311712612812010727 715N0 633146203812899999999999999 027 9114 9 5999999999999999
 94 87 88 97113130144150150142128108 86 68 56 53 59 73 9211112613513312027 716N0 726151212013599999999999999 124 861453 5399999999999999
102 87 80 83 97117137151156154143125101 77 59 49 49 60 7910112113514113327 717N0 812156215614199999999999999 210 801531 4899999999999999
114 93 78 74 82101125145157160155141117 90 67 51 45 50 67 8911213114314227 718N0 854160222814499999999999999 250 7416 4 4599999999999999
127103 82 70 71 85108134153162163153133105 77 57 45 45 57 7810212414014627 719N0 932164225814699999999999999 326 691634 4399999999999999
137116 90 72 65 72 91118143159165162146120 90 66 50 44 50 69 9311613414527 720N010 9165232414799999999999999 4 1 651659 4499999999999999
144127102 79 65 64 77100128150162164155134104 77 57 47 48 62 8510912814227 721N01045165234914699999999999999 435 631723 4699999999999999
146136114 89 71 63 67 85110135153161159144118 89 66 53 50 59 7910212313827 722N01120162999999999999999999999 5 9 631745 4999999999999999
145142125101 80 67 64 74 93118139152156149130103 78 61 54 59 74 9611813427 723N0 012146115615699999999999999 543 6418 7 5499999999999999
143144133113 91 75 67 69 81101122138147148137116 91 72 62 62 72 9111212927 724N0 034145123314999999999999999 620 661831 6099999999999999
140144139124104 86 74 70 74 87104121134140137125105 86 73 68 73 8710512327 725N0 057144131414099999999999999 7 2 701859 6899999999999999
136143142133118100 85 76 73 78 89103117126130127116101 87 79 78 85 9911527 726N0 12414314 513099999999999999 752 731934 7799999999999999
129139142139130116101 87 79 76 78 86 97108117121120113103 93 88 89 9510627 727N0 2 3142151712199999999999999 9 1 762022 8799999999999999
118130138141139132120105 91 81 75 74 79 88 98108115118116110102 97 96 9927 728N0 3 414117 9118999999999999991041 742146 9699999999999999
106117129138143143138127111 95 81 71 66 68 76 88100112121123119112104 9827 729N0 4351441852123999999999999991215 662344 9799999999999999
 97102113127139148152148136118 98 79 63 54 55 64 79 9711512813312911810527 730N0 6 015220 5133999999999999991327 54999999999999999999999
 94 90 94107126143157162159147125 98 73 53 42 43 55 7610012213814413712027 731N0 711163205914499999999999999 1 0 901427 4199999999999999
100 85 79 85103127150166174171156128 95 64 42 31 34 52 7910713214915314027 8 1N0 817174214415499999999999999 159 791518 3099999999999999
115 89 73 68 78101130156174183180160126 87 55 33 24 32 56 8811814416015827 8 2N0 918184222416299999999999999 251 6816 3 2499999999999999
136104 77 61 59 73101134161180189183157118 79 48 28 23 39 6910213215616727 8 3N0101219023 116799999999999999 340 581644 2399999999999999
156125 91 66 53 54 73105138163182190179147106 70 44 29 32 54 8711814516527 8 4N01059190233616999999999999999 426 511721 2899999999999999
167146112 80 58 48 54 77109139162178182165132 95 65 45 38 49 7610713415627 8 5N01143183999999999999999999999 511 481755 3899999999999999
168160133100 73 55 50 59 83112137157169167147115 86 64 52 53 71 9912514627 8 6N0 0 9168122417199999999999999 555 491825 5199999999999999
161163148120 92 70 58 56 68 90113132147154148128103 82 69 65 73 9411713827 8 7N0 03916413 415499999999999999 639 551851 6599999999999999
152159153135111 89 73 65 66 77 94111124134137129113 97 84 78 81 9311112927 8 8N0 1 7159134513799999999999999 724 641915 7899999999999999
143151151143126108 91 80 74 75 83 94105114120121115106 97 91 90 9510612027 8 9N0 134152143612299999999999999 818 741942 9099999999999999
133142145143135123109 97 88 83 82 85 91 9710410911111010710310010010411227 810N0 210145161111199999999999999 939 82202910099999999999999
121130136139138133125115104 95 87 83 82 84 89 9510210911211311110810610627 811N0 3161391846113999999999999991145 82223010599999999999999
110116124131136138136130121110 98 87 79 76 76 82 9210311312012211911210427 812N0 4591381955122999999999999991318 75999999999999999999999
101102109118129138143142137127112 95 81 71 67 70 80 9410912213013012210927 813N0 621143203313199999999999999 01310014 9 6799999999999999
 97 91 93102117133145150149142128108 88 72 62 60 67 8310212013313913411927 814N0 72215021 513999999999999999 114 911445 6099999999999999
100 86 81 86101121141153157155143123 98 77 62 54 57 71 9211313214414513127 815N0 810157213514699999999999999 159 811516 5499999999999999
108 87 75 73 84105130150161164157139112 85 65 53 51 61 8210512714315114327 816N0 85116422 215199999999999999 237 721543 5099999999999999
121 94 75 66 70 87114140158167167153127 97 72 55 48 54 72 9712114015315227 817N0 927168222715499999999999999 313 6516 7 4899999999999999
134106 80 64 61 71 95125150165171164143111 81 61 50 50 64 8911513615215727 818N010 2171225115799999999999999 347 601629 4899999999999999
145119 90 68 58 60 77106135156168170155126 94 69 54 50 59 8210913214915827 819N01036171231215899999999999999 421 571650 5099999999999999
153132102 77 61 56 64 87117143160168162140108 79 61 53 58 7610212814615727 820N011 9168233315999999999999999 455 561711 5399999999999999
157143116 88 68 58 58 73 98125146159162149122 93 71 60 59 72 9612214315527 821N01142162235115899999999999999 528 571732 5899999999999999
158150128101 79 64 59 65 83107129145154150133107 84 69 65 72 9011513715127 822N01216154999999999999999999999 6 2 591754 6599999999999999
157153138115 92 75 65 64 73 91111128140143136119 98 82 74 76 8810712914527 823N0 0 8157125214399999999999999 640 631819 7399999999999999
153153145128108 89 76 70 70 79 94110122130131123110 96 86 83 8910211913527 824N0 030154133713199999999999999 725 691850 8399999999999999
146150147138123107 92 81 75 75 81 91102112118119116108100 95 9510011012227 825N0 1 3150144711999999999999999 830 751932 9499999999999999
134141144142136126113100 89 80 77 78 83 91 9910711211511311010610410611027 826N0 2 314417 7115999999999999991018 7621 610499999999999999
118126134140142141135124110 95 82 72 69 71 78 8910111212112312111510810327 827N0 41314219 11239999999999999912 7 69233710299999999999999
102107116128139148151147136119 98 78 63 56 58 67 8310211913113613111910427 828N0 6 015120 0136999999999999991321 56999999999999999999999
 93 89 94106125143157164161148125 96 70 52 44 47 62 8511013114514813611427 829N0 717164204314999999999999999 057 891415 4399999999999999
 92 78 73 81100126150167176174156124 89 60 41 34 43 66 9512314615915613427 830N0 820177212116099999999999999 154 731459 3499999999999999
103 78 62 59 71 98130157176186181155117 80 51 34 31 48 7811013916116915627 831N0 913187215617099999999999999 244 591539 3099999999999999
124 89 63 49 49 67100135162182191179147105 70 45 32 37 62 9712815517317227 9 1N010 1191223017599999999999999 330 471615 3199999999999999
148109 75 51 40 45 70105138164183188169132 93 63 44 38 53 8411814616717727 9 2N0104318823 117799999999999999 415 391648 3899999999999999
166133 95 64 45 38 49 77111140163178175151115 83 61 49 53 7610813715917327 9 3N01123180232917699999999999999 457 381718 4899999999999999
173151117 83 59 44 43 58 86115139157166156130101 78 64 61 7310012915116527 9 4N012 1166235417199999999999999 537 411744 6099999999999999
171160135103 78 59 50 53 71 94116134147148135113 92 78 72 77 9512014215727 9 5N01236150999999999999999999999 616 4918 6 7299999999999999
163160144120 96 78 65 60 67 82 99115127133130118103 90 84 84 9511313214727 9 6N0 014164131213399999999999999 656 601826 8399999999999999
154154146131112 96 82 74 73 79 89100109116118115108100 94 93 9710812213527 9 7N0 032155135511899999999999999 742 721848 9399999999999999
143146143135123111100 90 84 83 85 90 9610110510810810610410210310611312127 9 8N0 059146153710899999999999999 851 83192410299999999999999
129134135134129123116107 99 92 88 86 86 88 92 9810310811211211110910811027 9 9N0 1591351851112999999999999991117 86215410899999999999999
114118123128131131128123115105 94 86 81 79 80 86 9610711612112211710910327 910N0 43713119371229999999999999913 4 79999999999999999999999
100102108117126134137136130119105 90 79 72 70 75 8710111612613112811610227 911N0 61313720 713199999999999999 0 41001347 7099999999999999
 92 88 91101116131142146144135118 98 81 69 63 65 76 9411212813813912710827 912N0 712146203414099999999999999 1 4 881418 6399999999999999
 90 78 76 83100122140151154149133110 87 70 59 57 66 8510712614114714011927 913N0 75615421 014799999999999999 146 761443 5799999999999999
 95 75 66 68 82106131150159160148125 97 74 59 53 58 7610012314115215113327 914N0 834161212415499999999999999 222 6515 6 5399999999999999
105 79 62 57 65 87116142159166161141111 82 63 52 53 67 9211813915415814627 915N0 910166214715999999999999999 257 571528 5199999999999999
118 88 64 52 52 68 97127151165169155127 95 70 55 50 60 8411213615416315627 916N0 944169221016399999999999999 331 501551 5099999999999999
133100 72 53 46 53 76108137158169165143110 80 61 52 56 7610513215216416427 917N01019169223116699999999999999 4 5 451614 5299999999999999
146115 83 60 46 44 59 87119144161167155126 94 70 58 56 69 9612614916216627 918N01053167225116799999999999999 439 431637 5599999999999999
156130 97 70 53 44 49 69 99126146159158139109 83 66 60 67 8811714315916527 919N01127161231016699999999999999 513 4417 1 6099999999999999
161142113 84 64 51 48 58 80106128144151144123 97 78 69 69 8310713415316227 920N012 2151232816399999999999999 548 471726 6899999999999999
161150128101 78 63 54 55 68 88109126137139128110 91 79 76 83 9912214315427 921N01240139235115899999999999999 626 531752 7699999999999999
157152138117 96 79 67 61 64 75 91106118125124116104 92 86 87 9611112914227 922N01326126999999999999999999999 713 611824 8599999999999999
149149142130115 99 85 74 69 70 77 87 98107112114111105 99 96 9710411512627 923N0 027150144611499999999999999 820 681911 9699999999999999
134139139136130120108 95 83 75 71 73 79 87 9610411011311210910510310410927 924N0 13514017141139999999999999910 8 7121 910399999999999999
115122128133137136131120105 89 75 67 64 68 77 89102114122123119110101 9627 925N0 4261371844124999999999999991153 642338 9599999999999999
 95 99108120133143147144132112 90 71 58 54 58 71 90109125135135125108 9127 926N0 6 514719321379999999999999913 1 54999999999999999999999
 81 77 83 97118138152160156140114 85 63 48 45 54 74 99122140150144125 9827 927N0 714160201115099999999999999 053 771349 4599999999999999
 76 63 60 70 92120144162171165142109 77 54 41 41 58 8511413915616114611627 928N0 810171204716299999999999999 146 601429 3999999999999999
 84 60 46 46 62 92124151170178167136 99 68 47 38 45 7110313315516916614027 929N0 859178212117199999999999999 233 4415 6 3899999999999999
102 69 46 34 38 62 96129155174178160125 88 61 44 42 58 9012415016917616127 930N0 943179215217699999999999999 317 331540 4099999999999999
126 87 56 36 28 38 67102133157174171146110 79 58 47 53 791131421631761732710 1N01024175222117799999999999999 359 281612 4799999999999999
148110 74 48 31 29 46 76108135156166156128 97 73 58 56 711011331561701742710 2N011 3167224717599999999999999 439 281640 5599999999999999
161130 95 66 45 33 37 58 86112135151153138112 88 71 64 70 921211461621692710 3N0113915423 816999999999999999 517 3317 6 6499999999999999
164143114 85 62 47 42 51 71 94115131140136120100 83 74 74 871111351521612710 4N01213141232516199999999999999 554 421730 7299999999999999
160148127102 81 64 54 54 65 82 99114124127120107 94 84 80 861021231401502710 5N01247127234515299999999999999 630 531754 8099999999999999
152146132115 97 81 70 64 67 76 88 99109114114109101 93 88 89 981111261362710 6N01328115999999999999999999999 711 641822 8899999999999999
141140133122109 97 86 78 75 77 82 89 96101104106104101 98 96 981041121212710 7N0 015141145710699999999999999 8 6 7519 5 9699999999999999
127129128124118110102 93 86 82 80 82 85 89 94 991041071071051031021021062710 8N0 1 8129173410799999999999999 953 8021 510199999999999999
110114118121122120116108 99 90 83 78 77 79 83 91101109114115112105 98 942710 9N0 3561221843116999999999999991157 772336 9499999999999999
 94 97104112121126126122113101 89 78 72 70 73 82 95108119124123114101 89271010N0 5371271920125999999999999991255 70999999999999999999999
 82 80 86 98113126133134128115 98 82 71 65 65 73 88105120131134126110 90271011N0 638134194813499999999999999 041 801328 6499999999999999
 75 68 69 80 99119134142141130111 90 73 62 59 64 80100120134142138122 98271012N0 725142201314299999999999999 123 671354 5999999999999999
 76 61 55 61 80105128143149144127102 79 63 55 57 71 94117136148149136110271013N0 8 7149203815099999999999999 2 0 551419 5599999999999999
 82 60 47 46 60 86114137151155143118 90 68 55 52 63 85112135150157149125271014N0 84515521 215799999999999999 235 451445 5299999999999999
 94 66 46 37 43 64 95124145158155135105 78 60 52 56 75104131150161160141271015N0 923159212616399999999999999 311 371512 5199999999999999
109 76 52 36 32 45 73105132152160150123 92 68 55 53 66 94124148162166155271016N010 0160215016699999999999999 346 311541 5299999999999999
127 92 62 41 29 32 52 83113137154156139109 81 63 55 60 82113141159167163271017N01038158221516799999999999999 422 281610 5599999999999999
143110 78 53 36 29 38 62 92118139151146125 97 75 62 60 73100130152163165271018N01115152223916699999999999999 459 291639 6099999999999999
154128 97 69 48 35 33 47 71 97119136142132111 89 73 66 70 89116140156161271019N0115414223 516199999999999999 538 3217 9 6699999999999999
157141116 89 66 49 40 42 56 77 98116128130119102 85 75 73 82102124142152271020N01237130233715399999999999999 621 391742 7399999999999999
153145130109 88 69 54 47 51 63 79 96109117118110 98 87 81 82 92108125137271021N01332119999999999999999999999 711 471821 8099999999999999
142142135124109 92 75 62 56 57 65 77 90101108110107100 93 88 89 96106117271022N0 024143145611199999999999999 818 551921 8899999999999999
125130131130124114 99 83 70 61 59 63 72 83 94104111112107100 94 91 91 96271023N0 2 4131164011299999999999999 949 592119 9099999999999999
102110118125130130122108 91 75 63 57 59 67 79 94108118121117106 95 85 80271024N0 4261311755121999999999999991116 572327 7999999999999999
 80 86 97111125134137131116 95 75 60 53 54 64 81101118130132125108 89 73271025N0 5511381847133999999999999991221 52999999999999999999999
 64 62 70 87108127141146139120 94 71 55 48 52 68 91114132143143128103 77271026N0 658146192914599999999999999 040 621311 4899999999999999
 58 47 47 60 83109132147153143118 89 66 50 46 55 78106130147155149125 93271027N0 75315320 715699999999999999 132 451352 4699999999999999
 64 43 32 36 55 84113136153156141111 82 60 48 48 65 94123145160163147115271028N0 842157204216399999999999999 219 321430 4699999999999999
 80 51 31 23 32 57 88117141156154133102 75 56 48 56 80112139158167162138271029N0 926158211416899999999999999 3 2 2315 5 4899999999999999
102 67 41 23 20 35 63 94121143155146121 92 69 55 53 69 98129151165168154271030N010 7155214216899999999999999 343 191538 5299999999999999
123 88 57 34 21 24 43 72100125143148134108 83 65 56 62 85116142158165160271031N0104614922 816699999999999999 423 2016 8 5699999999999999
139108 76 51 32 25 33 55 81106126139137120 97 76 63 62 761011291491591592711 1N01122140223016199999999999999 5 0 251637 6199999999999999
147123 95 68 48 35 33 46 67 89109125130123107 88 72 66 71 891141361501542711 2N01157130225315499999999999999 535 3217 6 6699999999999999
147131109 85 64 48 41 45 59 77 95110119119111 97 82 72 71 821011211371452711 3N01232120232114599999999999999 610 411736 7099999999999999
143134118 99 80 64 53 51 57 69 83 97107111109102 91 81 76 79 901061211312711 4N01313111235713599999999999999 646 5018 9 7699999999999999
135131122109 94 79 66 60 60 66 75 86 95102104103 98 91 84 82 85 941051152711 5N01414104999999999999999999999 728 591854 8299999999999999
121123120114105 93 81 71 66 66 70 77 85 92 97101102100 94 89 86 87 92 982711 6N0 050123154810299999999999999 828 662014 8699999999999999
104110113114111105 95 84 76 70 69 71 76 82 90 97104106105100 93 87 83 832711 7N0 24411417 910699999999999999 952 692230 8399999999999999
 87 93100108112113108 99 88 78 71 68 69 74 82 92103111114112104 93 82 742711 8N0 43311318 5114999999999999991112 682357 7299999999999999
 72 75 83 96108115117112102 89 76 68 64 66 73 86100113121123116103 86 712711 9N0 54611718441239999999999999912 9 64999999999999999999999
 61 59 65 78 96112121124117103 86 71 63 60 65 78 95112125132130116 96 75271110N0 645124191613299999999999999 050 591251 6099999999999999
 58 48 47 59 79101118129130119100 80 65 57 58 68 88109127138141132110 84271111N0 736131194514199999999999999 132 461328 5699999999999999
 60 43 35 40 58 83107126136134118 94 73 59 54 59 77102125141149146127 99271112N0 821137201515099999999999999 211 3514 3 5499999999999999
 69 46 30 26 37 61 89115134142134112 87 66 54 53 65 90118140153156144118271113N0 9 4142204615699999999999999 250 251438 5299999999999999
 85 56 34 20 21 38 67 96121139144130104 79 61 52 56 76106133151160157138271114N0 946145211716199999999999999 329 181514 5199999999999999
106 72 45 24 14 21 43 73102126142141122 95 72 57 52 63 89120144158162153271115N01027144215116299999999999999 4 9 141550 5299999999999999
128 94 63 37 19 13 25 50 79106128139133112 87 67 55 57 74102130150160159271116N01110139222616199999999999999 451 131625 5499999999999999
144117 86 57 33 18 17 32 57 83108126132123102 80 64 57 64 84112135150155271117N0115413223 515599999999999999 534 1617 2 5799999999999999
151135109 80 54 33 22 25 40 63 86107121123113 95 76 64 62 72 92115133144271118N01241124235114799999999999999 620 211741 6199999999999999
147141126104 79 55 38 30 34 48 68 87104114115106 91 76 67 67 77 94112125271119N01335116999999999999999999999 710 301828 6699999999999999
133136132120102 80 59 45 38 42 54 70 87101110111104 91 78 71 71 78 89102271120N0 054136143811299999999999999 8 7 381931 7099999999999999
113121125125117102 83 65 52 46 49 59 72 87100109112106 95 83 74 71 73 79271121N0 226126154611299999999999999 911 4621 7 7099999999999999
 89 99110118121117105 88 71 58 51 53 61 74 89104114117112100 86 73 65 62271122N0 3591211653117999999999999991019 512257 6299999999999999
 66 74 87101113120119109 92 75 61 54 55 63 78 95111122125119104 85 68 56271123N0 5221211752125999999999999991125 54999999999999999999999
 50 51 62 78 96112122123113 95 76 62 55 56 67 85105122132134125105 81 60271124N0 636123184213599999999999999 018 491223 5499999999999999
 44 37 39 53 74 95113125126115 95 75 61 54 57 72 95117133142141126101 73271125N0 737127192514399999999999999 116 361313 5499999999999999
 50 33 26 32 50 74 97117129129114 92 72 58 53 61 81107129143149143123 93271126N0 82813120 414999999999999999 2 6 261356 5399999999999999
 64 40 24 19 29 51 77101122133128110 87 67 55 53 67 92119139150152140114271127N0 914133204015399999999999999 250 191436 5299999999999999
 83 55 32 17 17 32 57 83107126134124103 80 61 52 57 77105130146154150132271128N0 957134211215499999999999999 332 151512 5299999999999999
104 73 46 25 15 20 39 65 90113129130117 94 72 56 52 64 88116138150152142271129N01036132214215299999999999999 411 151546 5299999999999999
121 92 63 38 22 18 28 49 74 98117127123106 84 64 53 56 73 99125142149146271130N01113128221114999999999999999 448 171619 5299999999999999
131108 80 54 33 23 25 39 60 84104118122113 95 74 58 53 63 841091301421442712 1N01148122224014499999999999999 522 221650 5399999999999999
136119 95 69 47 32 28 35 51 72 92107116114102 84 66 56 58 71 921141301372712 2N01222116231413899999999999999 553 281722 5599999999999999
135124106 84 61 44 35 36 46 63 81 97107111106 93 76 63 58 64 79 971151262712 3N01255111235212999999999999999 623 341757 5899999999999999
129124113 95 75 56 44 40 45 57 72 87 99105105 99 86 73 64 63 70 82 971102712 4N01332106999999999999999999999 654 401838 6299999999999999
118119114103 87 70 56 48 48 55 66 79 90 99102101 95 84 74 68 67 72 82 932712 5N0 040119141910399999999999999 730 471935 6799999999999999
102108109106 96 83 69 58 53 55 62 72 83 92 99102101 95 86 77 70 68 70 762712 6N0 147110151710299999999999999 814 5321 2 6899999999999999
 84 93 99103101 94 82 71 62 59 60 66 75 85 94101105104 99 89 79 70 64 632712 7N0 313103162110699999999999999 910 592244 6399999999999999
 67 74 84 93 99100 95 85 74 66 62 63 68 77 87 98107111110103 91 77 65 562712 8N0 4391011719112999999999999991020 62999999999999999999999
 53 56 66 78 91100103100 90 78 68 63 63 68 79 92106116120117106 89 71 562712 9N0 55910318 812099999999999999 0 2 531133 6299999999999999
 45 41 46 59 76 92104110106 94 80 68 61 61 68 83100116126129123106 84 63271210N0 7 5110185212999999999999999 059 411235 6099999999999999
 45 33 30 38 56 77 96111117111 96 79 65 58 58 70 90111127137137126103 77271211N0 8 1117193313899999999999999 146 291327 5799999999999999
 52 32 20 20 33 55 80102118123114 95 76 61 53 57 74 99122138146143126 98271212N0 851123201514699999999999999 232 181412 5399999999999999
 68 41 20  9 13 31 57 84108125127114 92 70 54 49 58 80108132147152145123271213N0 939128205815299999999999999 317  91455 4999999999999999
 92 60 31 10  2 10 33 61 90115129128110 85 63 48 47 61 88117140153156144271214N01024131214415699999999999999 4 2  21537 4599999999999999
119 85 52 23  4 -1 12 37 67 96119131124103 77 55 44 47 66 95123144155155271215N011 9131223115699999999999999 447 -11618 4399999999999999
141113 78 45 18  2  1 18 45 74101122128117 94 68 49 42 50 72100126143152271216N01153128232115299999999999999 531 -11659 4299999999999999
150134105 71 40 16  5  9 28 55 82106122123109 84 61 46 43 54 76101123137271217N01236125999999999999999999999 615  41743 4399999999999999
144141124 97 65 38 20 13 21 41 66 90109120117100 77 57 46 46 57 77 98116271218N0 014145131912099999999999999 658 131832 4599999999999999
128133130114 89 62 41 27 25 35 54 76 95110117111 94 74 58 49 49 59 74 91271219N0 11013414 311799999999999999 740 241929 4899999999999999
105115121118104 83 63 46 37 38 49 66 84100111114107 92 75 61 53 51 57 68271220N0 211121145111499999999999999 825 372042 5199999999999999
 80 92103109107 97 82 66 54 48 50 60 74 90103112114108 94 79 65 55 50 52271221N0 320109154511499999999999999 914 482214 5099999999999999
 58 68 80 91 99100 95 84 72 62 57 59 67 79 94106114116111 99 83 67 54 46271222N0 4441011646117999999999999991014 572352 4499999999999999
 44 48 57 70 83 93 99 97 88 77 68 62 63 69 82 97110119121116103 85 66 51271223N0 615 991750121999999999999991127 62999999999999999999999
 40 35 38 49 64 80 93102102 93 81 70 63 62 70 84101115124127120105 84 63271224N0 730103184712799999999999999 1 5 351236 6199999999999999
 45 31 26 31 45 63 81 98108107 97 82 68 59 59 69 87107122130131122104 81271225N0 827109193613299999999999999 2 1 261331 5899999999999999
 57 37 23 19 28 45 66 87105114111 96 78 62 54 56 71 93114129136134122100271226N0 914114202013699999999999999 247 191417 5399999999999999
 74 48 28 16 16 29 50 74 96113119110 91 70 54 48 56 75100121135139134117271227N0 955119205913999999999999999 329 141457 4899999999999999
 92 64 38 20 12 17 35 59 84105119119105 82 59 46 45 59 83109129139139130271228N01032121213514099999999999999 4 7 121533 4499999999999999
109 80 52 28 14 12 23 45 71 94113121115 95 69 49 41 46 66 92117134140136271229N011 612122 814099999999999999 440 1116 7 4199999999999999
122 97 67 40 21 13 17 34 59 83104117118105 81 57 42 40 52 75102123135137271230N01136119224113899999999999999 510 131639 3999999999999999
129110 82 53 30 18 17 28 49 74 95110117111 92 67 48 39 43 59 84108126133271231N012 3117231613399999999999999 535 161712 3899999999999999
