153151141126112102100109125146167180184178162141119 98 82 74 75 8410011927 1 1NG 015154115218599999999999999 5401001925 7399999999999999
137149153150141130121119124136151167177180174160140116 93 73 62 61 71 8927 1 2NG 2 3153124818099999999999999 6521192035 6099999999999999
112135153163164157145133127127136149164174178174160139112 84 61 48 48 6127 1 3NG 336164135917899999999999999 8231262132 4799999999999999
 84113141164178178168152136125124132146163176182177161135103 71 47 34 3727 1 4NG 43418015 518299999999999999 9391232219 3499999999999999
 55 85121155181193189172150130117117128147167183188181159126 89 55 31 2227 1 5NG 516193155718899999999999999103311623 0 2299999999999999
 31 57 95136173197203192168140118107111128152177192195181151112 72 38 1727 1 6NG 55020316391969999999999999911151072338 1399999999999999
 15 32 67111156191209206185155124104 98109134164189202197175138 94 52 2127 1 7NG 6222101715202999999999999991150 98999999999999999999999
  7 14 41 84133176205213200171136107 91 94114146178201207194163119 73 3427 1 8NG 652214175020799999999999999 012  71222 9099999999999999
  9  4 22 59108157194213210186151116 91 84 96125161191208205183145 98 5327 1 9NG 721215182320999999999999999 044  41253 8499999999999999
 20  4 11 40 85135178207214199167129 98 80 83104139174200208197167124 7727 110NG 749214185720899999999999999 113  41324 7999999999999999
 38 13  9 27 65114160195212206181145109 84 75 8711515118320120218314810327 111NG 816212193220499999999999999 141  81355 7599999999999999
 61 29 16 24 52 95141180204209192161124 93 75 76 9412615918519719016712927 112NG 842210201019799999999999999 2 8 161428 7399999999999999
 88 52 31 29 47 82124164193206199175140106 82 72 7910113116018118717715127 113NG 9 9206205418799999999999999 236 2815 5 7299999999999999
115 80 54 44 51 75110148179197200185157123 94 76 71 8210313015517117516427 114NG 938201214517599999999999999 3 6 431548 7199999999999999
140110 83 67 64 77102133163185195189170142112 87 73 70 80 9912214416016427 115NG10 9195224916499999999999999 340 631642 7099999999999999
155137115 97 87 88101122146169184187178159133107 84 70 66 72 8710913114827 116NG1048188999999999999999999999 423 861755 6599999999999999
156154144130117110110119133151167178180172155132107 83 65 55 57 70 9111627 117NG 017156114118099999999999999 5281091921 5599999999999999
138154161159151140130125127135147161172176172159137109 80 55 40 37 49 7327 118NG 21616113 117699999999999999 7171252040 3799999999999999
103134159175179173159144131126129139155170180180169146112 75 42 21 15 2827 119NG 354180143418299999999999999 9 91252148 1599999999999999
 57 95136171194201191171147127116117130152174190194182153112 66 26  0 -627 120NG 45420115471959999999999999910241152247 -699999999999999
 11 47 96146188214218201172140114101105124154183204209194158107 54  9-1827 121NG 54121916462109999999999999911181012338-2399999999999999
-21  2 48106163207229226200162124 96 86 95123161196219221200156 99 41 -527 122NG 62223117372239999999999999912 2 86999999999999999999999
-30-27  6 61124183223238224189144104 78 73 91128171208228225197147 87 2927 123NG 7 0238182423099999999999999 024-321243 7299999999999999
-13-31-18 24 85149202234236211168121 83 63 66 94136180214229220186133 7427 124NG 736239191022999999999999999 1 6-311321 6199999999999999
 22-12-19  5 54115174217235225190143 98 66 54 6710014418421222120616911727 125NG 8 9235195422199999999999999 144-201359 5499999999999999
 65 23  1  7 40 91147194223226204164118 79 55 53 7310814818220320518614927 126NG 838228203720799999999999999 218  01435 5299999999999999
104 62 33 26 42 79127172205219209180138 98 67 54 59 8111314617318718516527 127NG 9 6219212218899999999999999 249 251513 5399999999999999
133 97 69 54 58 80116154187206206188155118 86 65 58 67 8711413915916816427 128NG 932208221116899999999999999 318 531555 5899999999999999
147124100 85 81 91114142170190197189167137108 84 69 66 73 8810812814315027 129NG 958197231615199999999999999 346 801647 6599999999999999
148138125113106108119136155173183183171152128106 88 76 71 74 84 9811412827 130NG1029184999999999999999999999 41810618 5 7199999999999999
137141140136131128129135144156166171169160146129111 94 80 71 69 74 8510127 131NG 112141111417199999999999999 5171281949 6899999999999999
118133144151152149144140138141147154159161157149135117 97 78 64 58 61 7327 2 1NG 346152124716199999999999999 7501382110 5799999999999999
 93116138157167169162150138131130135144154162163157143121 94 70 51 43 4827 2 2NG 439169144516499999999999999 93912922 7 4399999999999999
 66 92123153174184180165145127117116126141158171175167146117 84 55 35 3027 2 3NG 51218415511759999999999999910321152251 3099999999999999
 40 66101139172192195182157131110101106123147170185186172143105 67 37 2027 2 4NG 54019616351889999999999999911 81012328 1899999999999999
 20 40 76120162192205197173140110 91 88103130162187199193169131 87 47 1927 2 5NG 6 72051711199999999999999991140 87999999999999999999999
  9 20 52 97145185208210189155117 89 76 83109145180203208192158112 65 2827 2 6NG 633212174520999999999999999 0 0  912 9 7599999999999999
  6  7 31 74125173205217203171130 93 69 66 86122163197214209182139 89 4427 2 7NG 657217181821599999999999999 028  41238 6599999999999999
 13  3 18 55106157197218214187146103 70 56 65 96139181209217202166117 6727 2 8NG 721219185121799999999999999 055  313 7 5699999999999999
 29  9 13 41 88140185213219201163117 78 53 51 72111156193213212187145 9527 2 9NG 744220192621599999999999999 121  71336 4999999999999999
 51 23 17 35 74124170204219209178134 91 58 45 54 8412716819821019916812427 210NG 8 721920 321099999999999999 146 1614 6 4599999999999999
 79 46 30 38 66110155192212212190152108 70 47 44 62 9713717319519918315027 211NG 829215204220099999999999999 211 301438 4399999999999999
109 74 52 49 67101141177202209196166126 87 58 44 50 7210514016918518416627 212NG 852209212718799999999999999 237 481514 4499999999999999
136104 80 70 76 98130162187200196177145109 77 55 48 56 7710513415817016927 213NG 918200222317199999999999999 3 6 701558 4899999999999999
154132110 97 95105124148170185189180160132102 77 60 54 59 74 9612014115427 214NG 949189234315799999999999999 340 9417 2 5499999999999999
156150138127120120127139154167175175167151130107 85 67 57 55 63 7910112327 215NG1035176999999999999999999999 4301201841 5499999999999999
141152156155150144140139141147154161164163155141121 97 73 53 43 44 58 8027 216NG 213156121316599999999999999 6521392024 4299999999999999
108135157172177172161148136130131138149161169170160138107 73 44 25 22 3627 217NG 4 1177143417199999999999999 9261292141 2199999999999999
 64101139172193198188167143122110111123145168185191180152111 67 29  6  227 218NG 45019915531919999999999999910281092239  199999999999999
 21 58106155193214214193160126 99 87 93115149182206212196158107 55 13-1127 219NG 5282171648212999999999999991112 872328-1499999999999999
-10 18 66124177216230218184141101 74 66 81116160199224226202156 97 41  027 220NG 6 22301736228999999999999991150 66999999999999999999999
-19 -8 31 89151202233235209164114 73 50 52 80125174214235230198144 84 3027 221NG 634238181923799999999999999 0 9-191226 4899999999999999
 -5-14  9 59121180223240227188135 85 49 35 49 87138187223237223183127 7027 222NG 7 424019 123799999999999999 046-1513 1 3599999999999999
 25  1  6 41 96156205233234206158105 59 32 31 5510015119522222720616311027 223NG 732237194122899999999999999 120 -11334 2899999999999999
 62 29 20 39 82135185220231216178127 78 42 27 37 6911415919521320918314127 224NG 757231202021499999999999999 149 2014 6 2799999999999999
 97 62 44 50 78122167203222217190147100 60 36 33 51 8512516118719618616027 225NG 819223205919699999999999999 216 431439 3299999999999999
125 93 72 69 85116153187208211195162121 83 54 42 47 67 9712915617317616427 226NG 840212214117799999999999999 240 671513 4199999999999999
142118 98 90 97116144171191199192170139105 77 59 54 62 8010312614515615727 227NG 9 2199223215899999999999999 3 4 901552 5499999999999999
148134121113113122139157174183182171150125101 83 71 69 74 8510011713114027 228NG 927184999999999999999999999 3281121650 6899999999999999
143141137133131133139147157164167164154140124108 94 84 78 77 82 9110411727 3 1NG 0 214310 116799999999999999 4 11311841 7799999999999999
130139146149150148145143143145149151151148142132120106 92 79 72 71 78 9127 3 2NG 340150113015199999999999999 7341432035 7099999999999999
109128146159166165157146136129129133140148153153146132113 91 72 59 57 6627 3 3NG 422166143215499999999999999 9371282142 5799999999999999
 84110137161177181173155135119111113123140156167169159138110 81 57 44 4527 3 4NG 44818115411699999999999999910191102228 4299999999999999
 60 87121155182194189169142116 98 93102123149172185183166135 99 64 40 3027 3 5NG 5131941623186999999999999991050 9323 3 3099999999999999
 38 64102143179201203186155120 91 77 80101134168192202191163123 81 46 2527 3 6NG 5372051659202999999999999991118 762334 2199999999999999
 24 43 81127171202214202171130 92 66 60 77111152189211212191151104 61 2927 3 7NG 5592141733214999999999999991147 60999999999999999999999
 17 28 62109159198219216188146100 64 46 53 83128174209223214181133 84 4327 3 8NG 62222118 722399999999999999 0 2 171215 4699999999999999
 20 21 47 91143189218224204164114 69 40 35 55 98149194222227206164113 6627 3 9NG 644225184122899999999999999 029 181243 3499999999999999
 34 23 38 76127176212227216182132 82 43 25 33 67117168208227221191144 9427 310NG 7 6227191722899999999999999 055 231312 2599999999999999
 55 35 39 67112161201223222196152100 55 27 21 42 8413518221322320817212527 311NG 728226195422399999999999999 121 331342 2099999999999999
 83 56 49 65101146187214221205169121 74 38 21 27 5610014718620921018915327 312NG 749221203321299999999999999 147 481414 2099999999999999
113 82 67 73 97134171200213207182142 97 58 32 26 40 7111115118119619217127 313NG 812213211819799999999999999 214 671449 2699999999999999
141111 92 89101126157183199201187158122 85 55 38 38 52 7911214416817817427 314NG 837202221317999999999999999 243 881533 3699999999999999
158138120111114126146166181188184168143114 86 64 51 50 60 7910412915016127 315NG 9 8188233616399999999999999 3171111638 4999999999999999
162155145137133135141151161168171167157141121100 80 65 57 58 69 8811013227 316NG 957171999999999999999999999 4111331823 5699999999999999
149159163162157151146142142144149154158157151139120 97 74 57 49 53 69 9327 317NG 213163122515899999999999999 7451422010 4999999999999999
121147168180182174160144129121122130144158169172162140109 76 49 35 36 5427 318NG 341182144417299999999999999 9281202124 3399999999999999
 85121157185200198181155128106 95 99116142169190196183154112 70 37 20 2427 319NG 4232011551196999999999999991015 952220 1999999999999999
 48 88135177207217205176137102 77 70 82112151187212216197158108 60 26 1227 320NG 4572171642217999999999999991053 6923 5 1199999999999999
 22 56106158202226225200157110 71 50 50 75118166207230228200152 98 50 1927 321NG 5282291727232999999999999991128 472344 1299999999999999
 13 34 78134186223236220181129 79 43 29 42 79131183222239229193140 86 4327 322NG 55723618 82409999999999999912 2 29999999999999999999999
 21 26 59111166211236233203152 97 50 22 20 45 93148198230238219177125 7627 323NG 624238184823999999999999999 019 201235 1799999999999999
 43 34 52 94146195227236217175120 68 29 13 23 5911116420622922820115711027 324NG 649236192623299999999999999 051 3413 7 1299999999999999
 72 52 57 86131177214231223191143 90 46 19 16 38 7912917420722020917913927 325NG 71323120 322099999999999999 119 511338 1499999999999999
101 75 70 86120162198219221200162114 68 36 22 30 58 9914217820020418815927 326NG 734223204020599999999999999 146 6914 8 2199999999999999
126 99 87 93116149181205212202174134 93 58 37 34 49 7811414817418718516827 327NG 756212211918899999999999999 211 861440 3399999999999999
144121106104117139166187199196178149115 83 60 49 52 68 9312014616417116727 328NG 81919922 517199999999999999 2371031516 4899999999999999
154138125119123135153169181184176157133107 86 71 65 69 81 9911913815115727 329NG 846184231515799999999999999 3 611916 4 6599999999999999
155149141136134137144153161166165158145128111 96 86 80 80 86 9711212713927 330NG 923167999999999999999999999 3491341729 7999999999999999
148153154152149145143142143146149150148143134123111 98 88 82 82 8910111727 331NG 151154105315099999999999999 6591421930 8199999999999999
134149160166165159148137129126128135143149152148138123104 87 76 73 79 9427 4 1NG 325166135615299999999999999 9 01262050 7299999999999999
115138160175180175160140121109107114129146161168164150128102 79 65 62 7227 4 2NG 4 0180151216899999999999999 9431062142 6299999999999999
 94123153178192191175149121 98 87 90107133160179187178156125 92 66 53 5527 4 3NG 4261931558187999999999999991015 862222 5299999999999999
 74105141175198205192164128 94 72 67 81111147180200203186153114 78 54 4627 4 4NG 4502051637204999999999999991045 662256 4699999999999999
 57 86126167199215209182141 98 64 48 54 82124168202219213185144100 65 4527 4 5NG 5142161714220999999999999991115 472327 4399999999999999
 46 69109154194219222200159111 66 37 31 51 92143190222231214177130 86 5527 4 6NG 5372241751231999999999999991145 302358 4599999999999999
 45 58 92139184217229216180129 78 37 17 24 58109165210234234207163115 7627 4 7NG 6 12291828237999999999999991216 16999999999999999999999
 54 55 79122169208229226199152 97 48 16  8 28 7212918322223822719414810327 4 8NG 62423119 723899999999999999 028 511248  799999999999999
 72 61 74108152194221229212174121 69 27  6 10 41 9014619422523221417713427 4 9NG 649229194723299999999999999 058 611321  499999999999999
 98 78 78100137177208223217190146 96 50 18  8 21 5710615619621821819716227 410NG 715224203022199999999999999 129 751357  899999999999999
127101 91101126159190210213199167124 80 43 21 19 37 7211515718920520118127 411NG 742214211820599999999999999 2 0 911437 1799999999999999
153127111110123146171191201197179149112 77 49 34 34 51 8011615017618818527 412NG 814201221818999999999999999 2351091527 3299999999999999
171152135127128138154169181185179164141113 86 64 50 49 60 8211013916117427 413NG 857185234117799999999999999 3211261637 4899999999999999
176169158148141139142148156163167166158144125103 82 66 58 62 7710012615027 414NG1018167999999999999999999999 4521391812 5899999999999999
167176177170160149139133131135143153161163158145123 99 76 61 59 69 9111927 415NG 132177125516399999999999999 7461311942 5899999999999999
147171186189182167146127112107112127146165177178166141110 80 59 53 63 8827 416NG 250190143518099999999999999 8591072052 5399999999999999
120155183201202189163132104 85 81 93118149178196199183152113 78 55 50 6327 417NG 337204153920099999999999999 945 812148 4999999999999999
 93132171201216210185148108 76 58 60 82118159195215215192154111 74 53 5127 418NG 4132161629218999999999999991024 572233 4999999999999999
 72109153193219225207170123 79 48 36 48 81128175212229223193149105 70 5427 419NG 44522517142309999999999999911 1 362314 5499999999999999
 61 89132178213230224193146 94 51 26 23 47 91143192225236222186140 98 6927 420NG 5142311756236999999999999991135 212350 6199999999999999
 62 78114160201227232212170117 66 29 13 22 57107161206232235212172128 9227 421NG 54123318352379999999999999912 9 13999999999999999999999
 73 76102142185218232222190142 89 44 16 11 32 7412717721523222519615711827 422NG 6 7232191323299999999999999 022 721241 1099999999999999
 91 82 96128168203224225204164114 66 30 14 21 50 9514518821622320917814227 423NG 632227194922499999999999999 053 821313 1399999999999999
111 94 97118152187212221210180137 91 52 27 22 38 7211515819321120919116127 424NG 657221202621399999999999999 122 931344 2199999999999999
131109103114139169196210208189156116 77 48 33 37 58 9213016519020019317327 425NG 72421121 420099999999999999 1521031417 3399999999999999
148126114115130154177194200191168136102 73 53 47 56 7710713816518318717827 426NG 753200214818799999999999999 2231131454 4799999999999999
161142128123128142159175185184172151125 99 77 64 63 72 9111514016017317527 427NG 827186224317599999999999999 3 01231539 6299999999999999
168156144135132136145155165170168159143123104 88 78 76 83 9711613715416527 428NG 915171999999999999999999999 3541321641 7699999999999999
169166159150142137135138144151156157153143130114100 90 85 88 9811413315027 429NG 0 2169104315799999999999999 55213518 9 8599999999999999
164171172166157145133126123128136146153156152142127110 96 87 87 9611213227 430NG 136172125615699999999999999 7491231932 8699999999999999
153170180181173158139120107104111126144159168167156138116 97 85 84 9411327 5 1NG 238182142416999999999999999 8481042036 8399999999999999
138163183193190175150122 98 85 85 99124151174186184168143116 92 80 81 9627 5 2NG 318193152218799999999999999 928 832126 7999999999999999
121152180199204193167132 97 71 61 69 95130166193205199176144111 86 76 8227 5 3NG 35020516 92059999999999999910 4 6122 9 7699999999999999
104136171199214210187149106 68 45 42 61 98144185213222208177139104 81 7627 5 4NG 4192151652222999999999999991038 402249 7599999999999999
 89118157193217223207171123 76 40 23 30 61110162205231232211173132 98 7927 5 5NG 4472231734235999999999999991113 222327 7799999999999999
 81102139179212228223195148 95 48 16  8 27 69125180221241236207165124 9427 5 6NG 5162291817242999999999999991149  8999999999999999999999
 83 92121161199225231214175123 69 26  2  4 32 8214119423024423119815611827 5 7NG 54723219 024499999999999999 0 4 831227 -199999999999999
 95 91108142181213229225199154100 50 13 -2  8 44 9715320223223822018614727 5 8NG 619230194523999999999999999 041 9013 7 -299999999999999
116101104127160194218225212181135 84 40 11  3 20 5810916120222622720717527 5 9NG 653225203222999999999999999 1191001350  399999999999999
142118110119142171198213214197165122 77 40 18 16 35 7211816319721521319427 510NG 731216212321799999999999999 1591101437 1499999999999999
167141124120130150173192202199183154117 80 50 32 32 50 8212216119020420127 511NG 818203222020599999999999999 2441201531 3099999999999999
185163143131128135149165179187185173151121 91 65 50 48 63 9012415718219527 512NG 921187232519699999999999999 3451281635 4799999999999999
194182164147135129130138150162172175170155132106 83 66 62 72 9512515517827 513NG1056175999999999999999999999 5191291748 6299999999999999
192193184168150133121116120131146161172174166148123 99 80 73 80 9912715627 514NG 036194124417599999999999999 7 411619 1 7399999999999999
180195197188170146123105 96 99112133156175184180164138111 90 80 8610513227 515NG 142198141218499999999999999 816 9620 8 8099999999999999
162188202204191167136106 83 73 79 99128159185198195177149118 95 86 9211227 516NG 236205152019999999999999999 9 9 7321 7 8699999999999999
142174199212209189156118 84 60 53 65 93130168198212207185153121 98 90 9927 517NG 319213161521299999999999999 953 532158 9099999999999999
124156188211219208180139 96 61 40 39 59 96140182212223214187152120 99 9527 518NG 35621917 3223999999999999991033 372243 9599999999999999
109138173203221221201163117 73 40 26 33 6210615519722422921318214611610027 519NG 4302231745230999999999999991110 262323 9999999999999999
102122155189215225216186142 94 53 26 20 37 7412317121023122920717213711227 520NG 5 22251825233999999999999991146 19999999999999999999999
102112138172204222223204167120 74 38 19 23 48 9114118721923122219415912827 521NG 53222519 323199999999999999 0 01021221 1899999999999999
108107124154188213223214187145 99 58 30 20 33 6611115919922222520917914527 522NG 6 3223193922799999999999999 0341051256 2099999999999999
120108115138169198216217200167125 82 48 29 29 49 8613117320521921419316327 523NG 633219201422099999999999999 1 71081329 2699999999999999
134115112126152180203212206183148108 71 45 35 43 6910614718220521120017727 524NG 7 6213205121299999999999999 14011114 4 3599999999999999
149127116119137161185201203191166132 97 67 49 47 60 8812315818620120118727 525NG 741204212920399999999999999 2151151440 4699999999999999
164141125119127144165183193191177152122 93 70 59 61 7810413516518619519127 526NG 821193221119699999999999999 2541191519 5899999999999999
177157138126123131145161175181178165144119 95 78 71 76 9311714416818519027 527NG 91318223 019099999999999999 34512316 4 7199999999999999
185171154138127124128138152164171170160143122103 89 84 8910412514917018427 528NG1024171235618999999999999999 45712417 1 8499999999999999
189183170154138125118118126139153164167162149132114101 95 9811213115417327 529NG1155167999999999999999999999 62511718 8 9599999999999999
18719118517115313211510410311112814716317217116114412611010210411613615927 530NG 055191132517399999999999999 737102191810299999999999999
179193196189171147120 97 84 84 9711914616918418617615713511610610712014227 531NG 150196144018799999999999999 831 82202310599999999999999
166188202203191167134101 75 62 65 8511715218220020319116714111910811012527 6 1NG 237204154120499999999999999 917 61212110799999999999999
149177200212209189156116 77 50 40 50 7912016319821821920217314311910811227 6 2NG 31921316332219999999999999910 0 40221410799999999999999
131160190212221211183141 94 53 28 23 41 7812717621423323020817414111710827 6 3NG 3592211723235999999999999991044 2223 210899999999999999
116140172203223226209172123 73 33 10 11 37 8313819022724323620817113711527 6 4NG 4392271810244999999999999991128  8234810899999999999999
109122150185215231227202159106 56 17 -1  6 39 9114920123624723420316513227 6 5NG 5202321857247999999999999991214 -1999999999999999999999
113112130161196222233224193147 93 44  9 -4  9 4710216020923924522719415627 6 6NG 6 3233194424699999999999999 03311013 1 -499999999999999
127112116138170202224230216183136 84 39  9  1 19 6011516921323723721618227 6 7NG 649230203124099999999999999 1181111349  199999999999999
148122113121144174203220222207174129 81 41 16 14 35 7712817721423122720427 6 8NG 738224211723299999999999999 2 31131437 1299999999999999
171140120114124146173196211212197166125 84 50 31 33 56 9514118321222421527 6 9NG 83421322 322499999999999999 2521141525 2999999999999999
191162135118114123142165185198200187161127 92 64 51 55 7811315218721021627 610NG 938201225021699999999999999 3481131616 5099999999999999
205182155131115110117132152171185190181161133105 83 73 78 9812916219020727 611NG1052190233821099999999999999 4551101710 7399999999999999
209197175150127110103106118137157174183180166144121103 94 9811614116919227 612NG1216183999999999999999999999 6131021811 9499999999999999
205205192171146121101 91 9110312314616818118417515813812011111412815017427 613NG 030206134418499999999999999 727 89191611199999999999999
194205203190168140112 89 76 76 8911314116718619318717215113312212413615627 614NG 12420615 419399999999999999 830 74202412199999999999999
179197207204189164131 99 74 61 63 8010814217319520519918215913912712814027 615NG 21820716 720599999999999999 922 60212712699999999999999
161184202210205186156119 84 59 48 54 7711115018420821620718616013812712927 616NG 3 921016582169999999999999910 9 48222112699999999999999
144167191208214205180144104 69 45 39 51 8012016319922122420918315513312327 617NG 3542141741225999999999999991052 3823 812399999999999999
129148174199215216201170129 88 54 35 35 54 9013517921322922620417414412527 618NG 4352181819230999999999999991132 32234712099999999999999
120131156185209220215192156113 72 42 29 37 6410615319522423222019316013227 619NG 5122201854232999999999999991210 29999999999999999999999
117119138167196217222209180139 96 58 35 29 45 8012617220922922820817714427 620NG 548222192723199999999999999 0231161245 2999999999999999
121113122147179206221218198164121 80 48 32 36 6110114718921822821819215927 621NG 62322220 022899999999999999 0571131319 3199999999999999
130113113130159189212219210184147105 68 44 37 50 8112416720222222220417427 622NG 658219203122499999999999999 1301101351 3799999999999999
143119109117139168195212213198168130 92 62 46 48 7010514618421022021218827 623NG 73521421 322099999999999999 2 41091422 4599999999999999
158130113110122146174196206203184153118 85 63 56 66 9212816519521321419927 624NG 815207213521699999999999999 2401091454 5699999999999999
173145122110112127150173191198191172142111 85 71 71 8711514817920221120627 625NG 9 219822 821299999999999999 3221091528 6999999999999999
187161136117109112127147168183189182163138112 93 85 9010813416318820420727 626NG 958189224520899999999999999 41110816 7 8599999999999999
19817715313011310510812114015917518117716214112110710210812514817219220327 627NG11 6182232820599999999999999 512105165710299999999999999
203191171147124106 97 9911012915016917917816815213612311812313615617719427 628NG1228180999999999999999999999 623 9718 111899999999999999
202200188167142117 96 84 84 9611714316618218718116815213813113214215917927 629NG 020203135818799999999999999 731 83192113099999999999999
195203201189166137107 82 67 66 8110613816819020019818516714913713514316027 630NG 120204151920199999999999999 833 65204213599999999999999
180198207206192165130 94 65 48 48 66 9813617420321721620017715413813414127 7 1NG 224208162421899999999999999 930 46215213399999999999999
159182203215214196164122 80 47 29 31 53 9213918421723323020918015213412827 7 2NG 3242161718234999999999999991024 27225212899999999999999
138160188212225222200161113 66 30 12 18 46 9314719723224623821117714512527 7 3NG 41922618 7247999999999999991117 11234312199999999999999
122135163195222235228201156103 53 17  1 11 46 9915921024425423820516713427 7 4NG 51123518522549999999999999912 8  1999999999999999999999
115115135168204231241231199150 94 43  8 -3 13 5511317422325125423119315327 7 5NG 6 2241193525699999999999999 0301131256 -399999999999999
121106112137174210235243229193142 86 38  8  3 26 7313319023325324721717627 7 6NG 653243201625499999999999999 1141051342  199999999999999
137109 99111140178212234238221184134 82 40 17 20 49 9915520423824823319927 7 7NG 743239205424899999999999999 158 991424 1599999999999999
158122100 96112142177208226228210173127 83 50 36 46 8012717521523723721627 7 8NG 835230213024099999999999999 241 9515 5 3699999999999999
180142111 94 95113141172199214214196164125 90 67 63 7911115219122023122327 7 9NG 93021622 523199999999999999 327 931544 6299999999999999
197163130105 93 95112136163186199199184158130105 91 9311013917220021922127 710NG1030201224022299999999999999 418 921624 9099999999999999
208182151123102 92 9410712815117118518717716014112511712113515818220221327 711NG1140187231821399999999999999 519 92171211799999999999999
210195172146121102 91 90 9911713815917418117916915714513914115116718519927 712NG1313181999999999999999999999 634 89181713899999999999999
205201188168144120100 86 83 9010612815117118318718317316115215015616718127 713NG 0 8205145718799999999999999 751 83194715099999999999999
193199197187169145119 95 79 73 80 9712315017519320019718516915615015316327 714NG 116200161020099999999999999 858 73211315099999999999999
177190199199190170143113 86 68 63 71 9312315718720721420618916815114314527 715NG 233200165821499999999999999 954 63221614399999999999999
158175192203205193170138103 74 56 53 67 9513217020222122320918415914013327 716NG 3362061736224999999999999991041 5323 213399999999999999
139156179200212211194165127 90 61 46 48 6910414718821923222520217214412627 717NG 42521318 9232999999999999991123 44233912399999999999999
124137162189211221214190153112 74 48 38 49 7812116820723123521818715412727 718NG 5 522118402369999999999999912 0 38999999999999999999999
114120141173203223226211179137 94 59 38 37 58 9714519022423823020316713427 719NG 54222719 823899999999999999 0131141233 3599999999999999
111107122152187216230225202163118 77 47 35 46 7712217121123423721718314527 720NG 616230193623899999999999999 04410613 3 3599999999999999
115101106130166201224231218187144100 63 42 42 6410415119522623822719816027 721NG 65123120 223899999999999999 1151001331 3999999999999999
125101 96111142179210227225205169125 85 57 47 59 9013417821423323221117627 722NG 726228202723699999999999999 146 951358 4799999999999999
138108 93 97120154188213223215189151110 78 60 62 8412116320022523222019127 723NG 8 4223205223399999999999999 218 921424 5899999999999999
154120 97 91102128161191210214201173137103 80 74 8511314918621422722420327 724NG 845215211822899999999999999 252 911452 7399999999999999
171136108 92 92107134163188203204189162131106 93 9411214017220021822221027 725NG 932205214622399999999999999 330 901523 9199999999999999
186154123101 90 9310913315918119419318015813511811211813616018520521521227 726NG1029195221921699999999999999 416 9016 011299999999999999
197172143117 98 89 9210512615017118418617816314813713413915217018820220827 727NG114118723 320899999999999999 517 89165313499999999999999
203188166141116 97 85 84 9411313716017718518517716715815215316017118419627 728NG1325186999999999999999999999 636 83182515299999999999999
201198187168144118 94 77 71 78 9612215017519219919718717516315715716417727 729NG 011201151519999999999999999 759 71202715699999999999999
190199201194177151119 88 64 54 58 7811014617920521821720418416415114715327 730NG 147202162521999999999999999 912 53215314799999999999999
168187204212208189157117 78 48 34 39 6310214819122323723221218315613713227 731NG 3132121715238999999999999991015 33225113299999999999999
142164191215228224201161112 66 31 16 24 5610415920824125224020917214011927 8 1NG 4182291757252999999999999991110 16233811699999999999999
117133164200229244237207159104 53 17  4 19 6011717722725726023719715411927 8 2NG 5122441836262999999999999991159  4999999999999999999999
101105130170211243255243207153 94 43 10  3 27 7714020024526525722317613127 8 3NG 6 2255191226699999999999999 0211001243  299999999999999
 98 86 98133178221250258241199142 84 38 13 16 5010516722125626424320115127 8 4NG 650259194626599999999999999 1 0 861323 1099999999999999
108 81 78 99139185225250253230186131 79 42 28 43 8413919423725825222117527 8 5NG 737255201725999999999999999 139 7614 0 2899999999999999
127 90 72 77105146189223241239213171123 82 57 55 7912217121524425023319527 8 6NG 823243204625199999999999999 217 711434 5399999999999999
150108 80 71 83112150186214226220194158121 93 81 9011815619522624023420927 8 7NG 910227211324199999999999999 256 7115 5 8199999999999999
171131 98 79 77 9111814917820020820017915212811211112415018020822522821427 8 8NG10 1208214022999999999999999 337 75153610999999999999999
187153121 97 85 85 9811914316718319018517215614213513915117119120721521127 8 9NG11 3190221021599999999999999 427 83161113599999999999999
195172146121103 93 9210011513415316917717817416716015715916617718919820127 810NG1240179225320199999999999999 535 9117 915799999999999999
196184166147128111 99 94 9610712314115917318118518317717216816817217918627 811NG15 5185999999999999999999999 711 94193016799999999999999
189188182170154135116 99 89 88 9611313515817819320019718817516415916016627 812NG 016189161320099999999999999 838 87212115899999999999999
176184189188179162139114 92 79 76 8610713516619220921420518816815214414627 813NG 221189165021499999999999999 942 76221614399999999999999
157173188199199188166136105 80 66 66 8111014618221022522220417815213412827 814NG 3342001721226999999999999991030 64225412899999999999999
137156180201212210192162125 90 65 53 60 8412216520322823422019215913111627 815NG 42121317482349999999999999911 9 53232511499999999999999
117135164194217225215189150108 73 51 47 63 9914418922424023420817213611027 816NG 4592251814241999999999999991142 46235510299999999999999
102114142179212231232213177132 89 57 42 49 7812317221424024322418714611127 817NG 5332341839245999999999999991212 42999999999999999999999
 93 95119157197228240232202158111 71 47 44 6410415420123424723620316011927 818NG 6 624119 224799999999999999 024 911239 4299999999999999
 90 82 97132175214238242223185137 92 60 47 57 9013818622524624421817713227 819NG 639243192424899999999999999 052 8213 4 4799999999999999
 95 76 80107148192226241235207164117 79 58 59 8212417221324024622919314827 820NG 713242194624799999999999999 121 751329 5599999999999999
106 78 71 86121164204230237222188145104 77 68 8211515820023024323520616427 821NG 74923720 724399999999999999 150 701353 6899999999999999
121 87 70 73 97135176209227226205170131100 85 8911214718621823523521518027 822NG 827229202923799999999999999 221 691419 8499999999999999
139102 77 70 8110914518020621821218915812810810311614117420322322921919327 823NG 910218205222999999999999999 254 70144610399999999999999
158122 93 77 76 9011614617519620419717815513512512814216518920821821620127 824NG10 2204212021999999999999999 334 74151812499999999999999
175145116 93 82 82 9311413916418219018717616215114715116117619120220620227 825NG111219122 120699999999999999 429 8016 214799999999999999
188168144120101 88 84 8910412514816718018518417917316816716917418218919327 826NG1313186232019399999999999999 556 84175216799999999999999
192185172154132110 91 79 77 8610613115617819320120019218117116316116617427 827NG1522201999999999999999999999 741 76204916199999999999999
184192194188172147117 88 67 59 66 8711815418621022221920418316214714114727 828NG 148194161822299999999999999 9 3 59215814199999999999999
163183201212209191158118 79 51 39 47 7511616220323224123120517214212311927 829NG 32021316582419999999999999910 5 39224411899999999999999
132158191219234230205162112 66 34 24 37 74126181226252254231192150116 9727 830NG 4202351734256999999999999991057 232324 9599999999999999
100123162205238253245211159102 53 23 18 41 89148206248265254218169122 8827 831NG 51025418 7265999999999999991141 16999999999999999999999
 75 88124173220254265249207150 91 45 21 26 60116178231263267242194140 9427 9 1NG 556265183826999999999999999 0 1 751221 1999999999999999
 65 61 86131185232262266243195137 83 45 32 48 9215120825026825621816411127 9 2NG 64026819 726899999999999999 038 591257 3299999999999999
 70 51 59 93143196238260257227179125 81 55 55 8313118523125826023418813427 9 3NG 723262193426299999999999999 113 501330 5199999999999999
 87 55 48 66106155201235249239207162119 87 76 8812216821124225324020615827 9 4NG 8 5249195925399999999999999 148 4714 0 7699999999999999
110 72 53 56 8112016320022523121718715112010210312415719422424023721517827 9 5NG 848231202224299999999999999 222 51142710099999999999999
135 96 70 61 71 9613016419320921019617214813012413315418120722422721519027 9 6NG 933212204422899999999999999 258 61145412499999999999999
156122 94 79 76 8710813415918019119118116715314614715717319120521120819327 9 7NG1028193211021299999999999999 339 75152314599999999999999
171145121103 93 91 9911313115016617617917617116616416517017818619219418927 9 8NG1159179214619499999999999999 437 91161016399999999999999
17816314613011610610110210912213815316717618218318117717317017017217517727 9 9NG1453183232417899999999999999 621101194117099999999999999
177174167156143128113102 9710011112814716718419519819318216915915315416027 910NG1552198999999999999999999999 8 9 97212215399999999999999
168176180179170154133112 95 86 8910212415117819921020919617615514013413927 911NG 219180162421199999999999999 917 8622 213499999999999999
152169185195194181158130102 82 74 8010013016519621722321218815813311811727 912NG 32719616502239999999999999910 4 74223211699999999999999
131154181202212206185153118 87 67 64 78108147187218232227203169134108 9827 913NG 4 92121714233999999999999991041 6323 1 9899999999999999
108133167200221226211180140100 71 57 63 88128173212236239219183142106 8527 914NG 4452271737241999999999999991113 562329 8399999999999999
 86108145187220237233207167121 83 59 54 73110157203235247234200155111 8027 915NG 5182381759247999999999999991141 532357 6999999999999999
 69 83118164208238246231195148103 69 55 64 95141190229249245216171122 8227 916NG 55124718212509999999999999912 8 54999999999999999999999
 60 62 90136186227249247220176128 88 64 62 85126175218245250230189138 9227 917NG 625251184225199999999999999 025 581234 6099999999999999
 59 49 66105157205239251238203156112 81 69 8111516120523725023920515710727 918NG 65925119 225099999999999999 053 4913 0 6999999999999999
 67 47 50 79125175217242244222184140103 84 8610914819122624424121717512627 919NG 735246192324599999999999999 122 451326 8299999999999999
 83 54 45 60 95142187221236230204166130105 9811014017721123323722319014727 920NG 813237194523899999999999999 152 451352 9899999999999999
104 70 52 53 7411115219021522321318715613011711913716619521822722120016727 921NG 85622320 822799999999999999 225 50142011699999999999999
128 93 69 59 66 8711915318320220719717715514013514316018120021221320318127 922NG 948207203721499999999999999 3 6 59145313599999999999999
153122 96 78 71 77 9311714416918619218717716515715616117118219119719618727 923NG11 2192212119799999999999999 4 3 71154115599999999999999
172152130109 92 82 81 9010612915217118318818618117617116816716917417818127 924NG1313188232218199999999999999 538 81184216799999999999999
180175164148127106 88 78 78 9011213816418519920319918917516115114815216227 925NG15 2203999999999999999999999 728 76205614799999999999999
174185190186170144114 86 67 63 74 9913316819721722221219116514112512113127 926NG 2 5190155022299999999999999 847 62214512199999999999999
152178200213210190155114 78 54 49 64 96139183218237235214180143112 95 9727 927NG 320214162623999999999999999 946 482224 9499999999999999
118152190221236230202157109 68 44 42 65107158206240252238203157113 81 6927 928NG 4142371659252999999999999991034 4023 1 6999999999999999
 80114161207241255242204152100 59 40 46 79129184230256256228180127 81 5327 929NG 5 12551729260999999999999991116 392337 4899999999999999
 50 74120175224256263242197142 92 57 46 63105160213250263247206150 95 5327 930NG 5452641758263999999999999991154 46999999999999999999999
 34 43 79133190237263261232184131 87 62 63 91139192235259256226175118 682710 1NG 627266182526199999999999999 012 341228 5999999999999999
 35 28 49 93150203242259249215168122 89 77 90125172217247255238197144 912710 2NG 7 8259185025599999999999999 046 2713 0 7799999999999999
 50 29 34 64112164210239246230195154118 98 981201581992312462392111671172710 3NG 748247191324699999999999999 119 281329 9599999999999999
 73 44 36 50 841291742092292282091771451211131231491822122312332161831412710 4NG 828231193623499999999999999 152 36135711399999999999999
100 68 50 52 711041411762022132081891651431311321461701942132202131911602710 5NG 91121320 122099999999999999 226 49142612999999999999999
125 95 73 65 71 901171461721901961901771611491441491621781932022021911712710 6NG10 0196202820399999999999999 3 3 65145814499999999999999
146121100 87 83 891031221431631761821801731651591571601671751811851821732710 7NG111218221 718599999999999999 353 83155115799999999999999
160144127113102 98 991071201361531661751791781751701651621601611641661672710 8NG1324179225116799999999999999 517 9719 916099999999999999
1651601511401271151051001031131281451631771861891851761631511431421451532710 9NG1455189999999999999999999999 711100204814199999999999999
162168170165154138120104 95 95105123146169188200201191172151132122122132271010NG 149170153520299999999999999 828 94212812199999999999999
149167181186181165141116 96 85 87102126156184205213207186157128107100108271011NG 3 118616 321499999999999999 921 85215910099999999999999
128155181199203192168137106 85 77 85107140175205222221202170132100 82 83271012NG 34620416282249999999999999910 1 772229 8099999999999999
102135171202218216196163125 94 75 73 90122162199225233219186143101 72 62271013NG 4242201651233999999999999991035 722257 6299999999999999
 74107150193223234223192151111 82 70 78106147189223239233204159110 70 48271014NG 5 023417142409999999999999911 6 702326 4599999999999999
 49 76121172215240242220181136 98 75 73 93131176216240242221178126 78 44271015NG 5352441737244999999999999991136 712356 3299999999999999
 32 48 88141194233250242210165122 89 76 86117160203235246233198147 93 50271016NG 61025117592469999999999999912 6 76999999999999999999999
 26 28 57106162212243251233195150111 88 86107145188224242240214169115 66271017NG 647251182324499999999999999 027 241235 8499999999999999
 32 20 34 73126179222244243217178137107 95104132171208233239223188140 90271018NG 725247184723999999999999999 058 2013 5 9599999999999999
 49 26 25 48 91142189223237228200164131112110126156190217230225202164118271019NG 8 7237191423099999999999999 132 23133610899999999999999
 76 44 31 38 64105150189215223211186156133123128147173198214218206181146271020NG 853223194421899999999999999 210 30141012399999999999999
107 74 51 43 53 78113150182202207197177157142138145160178193201200188167271021NG 948207202320299999999999999 257 43145213899999999999999
139109 83 65 59 66 85112143170188194190178164155151153160169178183183176271022NG11 1194212918499999999999999 359 5916 415199999999999999
163144122100 82 72 73 85106133159178189191186176165156150148150156164171271023NG1242192999999999999999999999 527 71185814899999999999999
174170159141118 96 80 73 80 98124152177194201197185168150134125125134150271024NG 0 117414 920199999999999999 7 1 73202812499999999999999
167181187180162135106 82 70 74 92121155185206214208188160131108 97100117271025NG 15918715 321499999999999999 816 692117 9699999999999999
144173197207201179145108 80 66 71 93128167201222226211180141104 78 69 79271026NG 310208154222799999999999999 915 652158 6999999999999999
108147186215227218188147107 77 65 74102143186220237231204161113 73 49 47271027NG 4 422716162379999999999999910 5 652236 4599999999999999
 68109157203233242226190144103 75 69 85121166208236243226186134 83 45 27271028NG 4512421648244999999999999991048 682312 2799999999999999
 35 68118173219246248225184137 99 78 79104145190227245240209160105 56 24271029NG 5352511717247999999999999991127 752348 1699999999999999
 16 36 78134189231251245216172129 97 85 96127171211238244226185131 78 36271030NG 61725217452459999999999999912 3 85999999999999999999999
 14 17 47 96152202236248234201159122 99 97117152193225240233204158105 58271031NG 657248181224099999999999999 022 121236 9599999999999999
 26 15 29 66116167210234237217183146118105113139174207228231214178132 852711 1NG 736239183923399999999999999 056 1513 810599999999999999
 47 26 26 48 871341782112262211981671371181161301581882122222151911541122711 2NG 81422619 622299999999999999 130 23133911599999999999999
 74 46 36 44 701071471832062132031811551331241281451691922072081951691352711 3NG 853213193620999999999999999 2 4 36141112399999999999999
101 72 54 51 64 891211541811971981871691491361321391541721871941901751522711 4NG 937199201019499999999999999 240 51144913299999999999999
125 98 78 68 69 821031291551751861861771631501411401451541651741771731612711 5NG1029187205717799999999999999 323 67154413999999999999999
144124104 90 83 84 941111321531691781801741651551471421421451511581621612711 6NG1141180222416299999999999999 421 82173614199999999999999
155145131116103 95 93 991131311491661771811781701591471361291291341421512711 7NG13 7181999999999999999999999 543 93193612899999999999999
157159153143128114102 971001121291491681821881861751581381201101091171322711 8NG 041159141318899999999999999 7 8 97203510899999999999999
149163170167156139120104 96 99111132155177193198191173147119 97 87 901072711 9NG 214170145619899999999999999 815 962116 8699999999999999
131157177187183167144119101 93 98115140168192206206190161126 93 71 65 77271110NG 313187152920899999999999999 9 8 932150 6599999999999999
104139172196204196173143115 95 90100124155186209217207180140 98 64 46 49271111NG 359204155821799999999999999 951 902223 4499999999999999
 72111155192216219203172137108 91 91108139175206223222199160112 68 37 26271112NG 4402201626225999999999999991030 892256 2699999999999999
 40 76125174213232228203166129101 89 97122159196222230217182133 82 40 15271113NG 52023316542319999999999999911 7 892330 1299999999999999
 15 41 88143194229241229197156120 97 92108141180213232229204160106 55 18271114NG 6 02411724233999999999999991143 91999999999999999999999
  3 14 50103161209238242222186145113 97101124161198224233220185135 81 35271115NG 640244175423399999999999999 0 6  31219 9699999999999999
  6  0 20 64120175217239236211173136111102114142177209227226204165114 64271116NG 722241182722999999999999999 044 -1125510299999999999999
 25  4  6 33 79133183218233224197162131112111128156187211221213187147100271117NG 8 723319 422199999999999999 125  2133411099999999999999
 57 25 11 19 48 92142185213222210184154130118122139164188204208197172136271118NG 855222194620999999999999999 2 9 11141611799999999999999
 95 59 33 24 35 63103146182205210198176151132125129142161179191192183162271119NG 947210204119399999999999999 258 2415 912599999999999999
132 99 69 48 41 51 75110146177196200191172152136128129137149163173178174271120NG104620122 317899999999999999 356 41162612799999999999999
160137110 85 66 58 65 85114146173191196188173154137125120122130143157167271121NG1152196235417199999999999999 5 4 58181511999999999999999
171165149127103 83 73 76 92117146173190197191175155133114102100108124144271122NG13 0197999999999999999999999 619 721942 9999999999999999
163175176165145120 98 84 84 97121150177195202195176150120 95 78 76 87110271123NG 136177135920299999999999999 732 822042 7599999999999999
138166185191182160133107 91 90103128158186204209198172138101 71 54 54 72271124NG 254191144920999999999999999 837 892130 5299999999999999
103141175199207196171140112 95 95110137169197214214196162119 78 47 32 39271125NG 355207153121699999999999999 933 932212 3299999999999999
 65105150189214219205175141112 97100119150183209221214187145 97 54 26 18271126NG 44622016 8221999999999999991023 962253 1799999999999999
 32 67114163203226226206172137110 99106130164197219223207171123 74 34 12271127NG 53122916432249999999999999911 7 992331  999999999999999
 12 35 78130179216233226199163129106101115145179209224219194151101 54 20271128NG 6122331717224999999999999991146100999999999999999999999
  6 15 47 95147194224232218187150120103106127160193216222208175129 81 39271129NG 651233174922299999999999999 0 8  6122210299999999999999
 13  8 26 65115165204226225203170136111103114140173202217214192154109 64271130NG 727228182121899999999999999 043  7125610399999999999999
 30 14 18 44 86134178209221211186153124107107125153183205211200173134 912712 1NG 8 3221185321199999999999999 118 13132910599999999999999
 54 29 22 35 661081511872082111951681381161071141351621872012001831541172712 2NG 837212192720299999999999999 151 2214 310799999999999999
 79 50 34 36 55 881271631912031981791531291131111221421651831901851661382712 3NG 91320320 519099999999999999 225 33144011099999999999999
105 75 54 46 54 761071411701891941861661441241141151261431601731771701522712 4NG 951195205117799999999999999 3 0 46152611399999999999999
127100 78 64 62 72 941221501731861871761581391241151161231361501601631582712 5NG1034188215516399999999999999 339 61162911499999999999999
144125104 87 77 78 891081321551731821811711551381231131101141241361471542712 6NG1123183232315499999999999999 427 76175611099999999999999
153144130113100 92 92101118138158174181180170154136118104 97 991081231392712 7NG1221182999999999999999999999 529 911918 9699999999999999
151155152141127113104102109123142161176184182171153130106 87 78 80 941142712 8NG 1 2155132018499999999999999 6441022019 7799999999999999
137156166165156141124112107112126146166182190186172147117 87 66 57 63 832712 9NG 229167141319099999999999999 75910721 6 5699999999999999
112143168182182171151130114108113129151174191197190168135 98 64 42 36 49271210NG 333184145919799999999999999 9 31082148 3699999999999999
 78116154184200198182157131113107114134160185202205190160118 75 39 19 19271211NG 425201154120599999999999999 9581072230 1699999999999999
 40 79126170202216210187156127109104116141171198212209187147 98 52 17  0271212NG 51121616212139999999999999910461042312  099999999999999
  7 38 85139186218228215186151121104103121151184209219209179132 79 31 -1271213NG 55522817 12199999999999999911301012356-1299999999999999
-12  3 42 96153201229233213179142113 99105128162196218222205167116 62 16271214NG 6392341742223999999999999991213 99999999999999999999999
-12-17  6 52110167211234230205168131105 97109137172204221219197155102 49271215NG 722235182622399999999999999 040-181255 9799999999999999
  7-15-13 16 66125179217232222193155121100 97114144178205218212186143 92271216NG 8 6232191121899999999999999 125-181338 9699999999999999
 43  7 -9  0 34 84140187218225210178142112 97 99118148178200208200174133271217NG 84922620 120999999999999999 2 9-101423 9699999999999999
 86 44 15  6 20 55104153192214215196164131106 96100119145170189195187163271218NG 932218205819599999999999999 254  51512 9599999999999999
127 87 52 31 28 45 79122163194208203182152123103 94 98114135157173180175271219NG101520922 518099999999999999 340 261610 9499999999999999
155127 95 68 53 53 70101136169193201192171144119100 90 91102120140157167271220NG1059201232616899999999999999 429 511723 8999999999999999
166154133109 89 77 79 93118147173190194184165140115 95 82 80 87103123143271221NG1148194999999999999999999999 525 761846 7999999999999999
158163158145127110100 99110129152173187190181162138111 87 70 64 69 86109271222NG 1 1163124319099999999999999 633 9820 2 6499999999999999
134155167169161145128116112119134154173186189180162134104 75 55 47 53 73271223NG 239170134518999999999999999 75211221 4 4799999999999999
101133160178184176159140124117121136155175188191182160128 93 61 39 32 41271224NG 355184144719299999999999999 9 71172156 3299999999999999
 66101139171192198187166142124115120136158179194196183156118 79 45 24 20271225NG 45019815401979999999999999910 91152242 1999999999999999
 35 67109151186206208191164137117110118138164187200199181147104 62 29 12271226NG 53320916252029999999999999910591102324 1099999999999999
 14 37 76123168202216210186154125107104118144173197206199173133 87 45 16271227NG 61121717 5206999999999999991140103999999999999999999999
  5 15 47 93143186213219204173139111 97102123155185205208193159115 68 30271228NG 646220174120999999999999999 0 2  51215 9799999999999999
  7  4 25 64115164201219214190155121 98 92105134168196209205181141 95 51271229NG 718220181521099999999999999 037  31248 9199999999999999
 19  4 13 43 88139182210217202170134104 88 92114147179202208194164121 76271230NG 748217184920899999999999999 1 9  41319 8799999999999999
 38 14 11 30 68115161196212207183148114 91 84 97125158187202200180144101271231NG 816213192320399999999999999 139 101350 8499999999999999
