 88118160205242262260239207171141127132157194234267284279253212165120 8727 1 1NI 5252641717285999999999999991114126999999999999999999999
 70 7810614819423526227025823119916915114916619522825526926524020115411027 1 2NI 652270181727099999999999999 0 9 70123514899999999999999
 76 60 66 9413818823627228728025622218716115116118621724526125923519414627 1 3NI 811287192326399999999999999 113 59135915199999999999999
100 64 47 55 8613519224628830730027223219015714315217921324426225923218727 1 4NI 913308202326499999999999999 212 4715 614399999999999999
135 86 50 35 48 8614120426330632331027422617914313114617921925327026222727 1 5NI10 3323211327199999999999999 3 4 35155613199999999999999
175119 69 35 26 47 9415622328332233130726220815812612314819023426828026227 1 6NI1044332215628099999999999999 349 26163612099999999999999
217158 99 50 22 23 5611117824630333232729123918213511212316121025528528727 1 7NI1121334223429099999999999999 429 19171011299999999999999
256199135 76 32 14 29 7413720727231933431226620815311410713318123327729827 1 8NI1153334231029899999999999999 5 4 14174210599999999999999
286240175108 53 17 13 4410117023929833032528823317512510011115220525729527 1 9NI1221333234430499999999999999 537 111812 9999999999999999
303274215145 81 32 10 24 71137208274321332307257198142102 9512317422927827 110NI1247333999999999999999999999 6 7  91842 9399999999999999
305297252185115 56 18 14 47107178248306334322279221162113 88 9914019625027 111NI 018307131333599999999999999 637 111912 8799999999999999
292306282225155 90 40 17 31 81149221285327333301246185130 91 8310915821427 112NI 054306133933699999999999999 7 8 161944 8199999999999999
264297297260199133 75 38 31 61121191258310333318271211152103 77 8311917127 113NI 13130214 733399999999999999 741 292019 7699999999999999
225269293283241182123 76 51 58 98159224281318323293239179125 85 71 8612627 114NI 214294143832599999999999999 818 5021 0 7199999999999999
177227266283269230179131 94 79 93133187243287309301265212155107 75 67 8527 115NI 3 4283151531099999999999999 9 3 792148 6799999999999999
124173220257273263233193153124113125157201244277290278243194142 98 70 6227 116NI 4 827316 22909999999999999910 01132249 6299999999999999
 78113160206245267268249219186159145147167199232258269260231187139 95 6527 117NI 53227017 5269999999999999991122143999999999999999999999
 53 63 95140190235268282275252221190166156163185214240256255232191142 9427 118NI 7 9282182625899999999999999 0 2 5313 515599999999999999
 57 38 43 7211917523127630230428424921017315014816719823025426124320214727 119NI 834306194826199999999999999 119 37143514699999999999999
 92 47 20 19 4910116623228932533030726521516813613015219023026327625921227 120NI 940332205827699999999999999 231 16154112999999999999999
150 87 34  1 -2 31 9116423930534534831726620715211611514519124027929527427 121NI1034351215729599999999999999 335 -5163211199999999999999
219149 79 20-17-17 23 91170253323361354313254188129 9710514620025529931227 122NI1120363225031399999999999999 430-221717 9599999999999999
282218142 69  6-29-21 29103188274342369348296231161104 8210315421427331727 123NI12 2369233832699999999999999 520-321759 8299999999999999
322281210131 56 -5-32-11 49128216300357365329269199129 80 7310816522928927 124NI1239368999999999999999999999 6 4-321839 7099999999999999
328321270195117 45 -8-20 15 83165251326363350299232161 96 62 7111617824327 125NI 023331131336499999999999999 645-221917 6099999999999999
301328309252178105 40  1  7 55127208286342355322261192123 70 52 7612719027 126NI 1 6329134535699999999999999 723 -21955 5299999999999999
254304318289231164 98 46 26 48102173247310342332285221153 93 55 52 8513827 127NI 150319141534499999999999999 759 262033 4999999999999999
199258296300268216157104 68 64 94149212273315324298246184123 75 51 60 9527 128NI 235303144532699999999999999 837 612114 5099999999999999
146202252280279252210163123102107137184235277300294261212157106 70 57 6927 129NI 328284151830199999999999999 91910022 0 5799999999999999
102148197239262264247216182154140145167201236262272261231189144103 76 6627 130NI 43426615582729999999999999910151392259 6699999999999999
 77104143186223249259253234210186171168178197220237243236214182144110 8427 131NI 6 72591658243999999999999991143168999999999999999999999
 73 77 9813217221224426526925823721118817317118019721422522621318715211727 2 1NI 747270183222799999999999999 013 72134217099999999999999
 89 72 71 8712016320925027929028025422018616115115918020422323122319816027 2 2NI 9 029020 323199999999999999 135 6915 215199999999999999
119 85 62 58 7611316321626529830829125621216913913114617620923724923920627 2 3NI 95130821 524999999999999999 243 57155013099999999999999
159112 72 47 45 6911517323328531631628724118914311611814618822926027024927 2 4NI1030320215027099999999999999 335 42162511399999999999999
204149 95 52 30 37 7312919425730632631126921415811410011816121125728628527 2 5NI11 3326222829099999999999999 417 281656 9999999999999999
249191128 71 30 18 40 90155224286324325292239179124 92 9513118524028630627 2 6NI113132923 230699999999999999 452 171724 8899999999999999
287235167101 45 13 17 57119190260313332311262202141 94 7910315321327030927 2 7NI1157332233631799999999999999 524 101752 7999999999999999
313275209138 72 23  7 33 89160233297333326284225161105 72 7812017924129527 2 8NI1221336999999999999999999999 554  71821 6999999999999999
322305250178108 48 13 18 64132206276326337305247182120 74 60 8814220626627 2 9NI 0 9322124433999999999999999 623 101849 6099999999999999
312321286221149 83 34 18 46107180252311339323270203138 83 53 6010416622927 210NI 04332313 834099999999999999 653 181919 5199999999999999
285318309261193127 71 37 42 86154226288329332292227159 99 56 44 6912318627 211NI 119320133433699999999999999 724 341950 4399999999999999
247295313291239176118 74 58 78131196259306326306253186122 70 42 45 8113827 212NI 15831314 132699999999999999 758 582024 3999999999999999
199255293300274226173126 95 91118168224272302303272216154 98 57 40 52 9127 213NI 243302143330799999999999999 838 8921 6 4099999999999999
144201250281286264227185150128128151190231265281273241192138 91 58 46 5827 214NI 340287151228199999999999999 93012522 0 4699999999999999
 92139189234265275266242211183164159169192219242253247224186142100 69 5327 215NI 5 027516122539999999999999910491582318 5399999999999999
 58 82121167212250273278267245217192174169176194214229235225199161119 8227 216NI 6482781753235999999999999991254169999999999999999999999
 57 49 61 9414019224027829829727624320617315215016619221923924322518713927 217NI 825300194224499999999999999 054 48143614899999999999999
 91 53 31 35 6611717824029232232329625320315612512214518322425827225621127 218NI 93032621 027299999999999999 222 30153612099999999999999
152 93 42 10 11 46106177250312344338300246184128 9610113718824128530328027 219NI1020347215730399999999999999 330  61622 9499999999999999
224155 86 26 -9 -4 40109189270334358338288223154 96 73 9214120226531432627 220NI11 1358224632799999999999999 423-1317 2 7399999999999999
291225149 74 10-20 -3 53129214297352359322260189118 66 58 9415422329033627 221NI1138363232934299999999999999 5 9-201739 5699999999999999
335287213134 58  1-15 18 84164250325361345291222147 80 44 5610517224631227 222NI1210362999999999999999999999 549-161815 4299999999999999
346329270195117 46  2  6 55128209289346354315249176103 48 32 6312319426727 223NI 010347123935899999999999999 625 -21849 3299999999999999
325343310247173101 42 20 44104178255320350330274202129 65 28 34 7914321627 224NI 05034313 635099999999999999 659 201922 2599999999999999
284327327286223156 93 53 52 91154224289331333293227156 90 41 25 48 9916527 225NI 130333133233899999999999999 732 471954 2599999999999999
233290316304261205147 99 78 93138197256302319299248184120 66 35 36 6912127 226NI 210317135831999999999999999 8 6 782027 3199999999999999
182242284298281244197152120114135175223266291288257208151 99 61 46 57 9127 227NI 255298142529499999999999999 84311321 4 4699999999999999
138191238269277264236202170150149166195227253262250220180136 98 73 66 7927 228NI 351277145626299999999999999 9321472150 6699999999999999
107145188225250261257241218195180175181195212225228219199171141112 93 8727 3 1NI 514261154522899999999999999105617523 0 8799999999999999
 9311214117520823525426125624021919918417617718519620320419818215813311127 3 2NI 7 52611740205999999999999991323175999999999999999999999
 98 9510412715919523025927527525923220117415515116017819721121520418014927 3 3NI 830277194821599999999999999 045 94144715099999999999999
118 95 84 8811114919323727429329026522818615012812814818021123524322919527 3 4NI 922295205224399999999999999 215 83152912599999999999999
152112 80 64 7110315020325529430929425620815811910411815419824026827124427 3 5NI 959309213527499999999999999 312 6316 010499999999999999
196142 93 56 44 63107165226281314314283233175122 90 9012317322827529928827 3 6NI1030319221230099999999999999 354 441629 8699999999999999
244183121 67 34 35 69126192258308326306258198137 88 70 9114020126230731927 3 7NI1057326224732099999999999999 429 301657 7099999999999999
289230161 95 43 22 41 92159229292329323282222157 97 60 6410516623229433027 3 8NI1122332232133399999999999999 5 2 221725 5799999999999999
323274206134 70 28 25 65128200270322335304245179114 62 45 7112719426331927 3 9NI1147336235533999999999999999 533 211754 4599999999999999
339311250178109 52 27 47103173244306337322268200133 73 37 43 8815322429027 310NI1211338999999999999999999999 6 4 271823 3499999999999999
334334289223153 90 47 43 83149219283328332291223152 89 41 25 5311118125127 311NI 030340123633699999999999999 635 391852 2599999999999999
309336318265199136 83 58 75127193257308330308248176108 53 22 27 7113620627 312NI 1 633713 133099999999999999 7 7 581922 1999999999999999
271317328298244184130 91 83113167227280312311271205136 76 33 19 40 9115627 313NI 145329132931799999999999999 743 821955 1999999999999999
222279313313281233182138113116148196244281296280234172112 62 32 29 5610627 314NI 23031814 029699999999999999 8241102036 2699999999999999
165224273299297272233193159142147171206240263267248208158109 69 46 46 6927 315NI 326301144126999999999999999 9181412131 4399999999999999
110161212254280286272246216188170166177196218234238228202166127 92 68 6127 316NI 44628615492399999999999999910451662255 6199999999999999
 72100141187231264283284269243214188169163170187205220226217194159121 8927 317NI 6332861756226999999999999991256163999999999999999999999
 68 63 7911416121125729030329426622918915513613815718721924224823119414727 318NI 8 4303194724999999999999999 044 62142513499999999999999
101 64 46 54 8814120226130632531327722717312710210814018523327128626722027 319NI 9 6325205728699999999999999 213 45151810199999999999999
162103 53 26 34 75137207275326341318269208144 92 72 9113819725830531929027 320NI 952342214931999999999999999 317 2416 0 7299999999999999
232164 95 38 11 28 79149226299344345305245175106 59 53 8814821828733533827 321NI1030350223434399999999999999 4 7 111637 5099999999999999
296229155 82 26 10 41103177257323352331276207134 68 34 48 9916824531535327 322NI11 4352231535599999999999999 449 101713 3399999999999999
340287215139 68 24 26 72140217291342345302235162 90 36 22 5611819427233527 323NI1134350235535799999999999999 527 191746 2199999999999999
357328267194121 60 35 57114185258320345321261188115 51 16 25 7414422129627 324NI12 1345999999999999999999999 6 1 351818 1499999999999999
344347306242173107 62 59 98161230293333331284215141 74 25 12 4110017324827 325NI 033352122733899999999999999 634 541848 1199999999999999
311341327280219155101 76 92140203264311326299240169101 45 16 24 6713020127 326NI 110342125232799999999999999 7 7 761917 1499999999999999
268316328304257200145107101128177233281307299258197132 74 35 26 49 9715827 327NI 148328131730999999999999999 741 991947 2599999999999999
223278308308281239190148125131160202245277284262217163109 66 44 49 7812527 328NI 229312134528599999999999999 8181242019 4399999999999999
180233274292287264229191161149157180210239254250226188145105 77 67 7710527 329NI 316293141825599999999999999 9 61492058 6799999999999999
144189230260274271256230202180170172184201217225219202177147119 99 9310027 330NI 42127515 52259999999999999910191692157 9399999999999999
12015018421824426026525824021719517917117218019220120419918616614312311227 331NI 5542651654204999999999999991226170233611099999999999999
11112114117120323325626926825322819917415514915617219220821621119316713927 4 1NI 7262701910216999999999999991358149999999999999999999999
11710610812615719523326428228126022618815212812313816820123024724321918127 4 2NI 827284202024899999999999999 122105144512299999999999999
142109 89 89112152199245282299289256210162120 9810313417922626428227023327 4 3NI 9 829921 728299999999999999 230 861519 9799999999999999
183132 91 69 75109160216268304310285237181126 86 74 9714420225930031128527 4 4NI 942312214731299999999999999 317 671550 7499999999999999
233172114 70 53 73120181243295321309266206143 88 56 6210316523229333032627 4 5NI1011322222533499999999999999 357 531621 5399999999999999
284222155 94 54 51 87146211274319326292233167102 53 37 6412119126332334827 4 6NI104032923 234899999999999999 434 471652 3799999999999999
326271204136 78 50 65115180246304331314260192124 63 27 32 7814521929234327 4 7NI11 8332234035499999999999999 5 9 491723 2399999999999999
351314252184119 70 60 93152218279323327286218147 82 31 14 4010017224831527 4 8NI1136331999999999999999999999 544 581754 1499999999999999
352342295232167108 74 82128190251303327306247174105 47 11 14 5812520027327 4 9NI 01735412 432799999999999999 619 721826  799999999999999
330350327275214154106 89112164222276312314274206135 72 24  6 26 8115022327 410NI 056351123431899999999999999 655 881859  699999999999999
290335340309258202149114111142192243285304289239173107 53 18 14 4510217027 411NI 13834313 630599999999999999 7351071937 1199999999999999
238296328326295248198154130134164206248277284261212153 97 52 28 32 6411727 412NI 226332134528599999999999999 8211282023 2699999999999999
179240289315312286247204168149152173205235256258239200153107 70 50 52 7827 413NI 324317143726099999999999999 9221472124 4899999999999999
122175229273299303286255218185163157166187210229238231207172133 99 75 6927 414NI 44030416 42389999999999999910521572251 6899999999999999
 82115160209255287301294269234197166147145158182208230239231206169130 9727 415NI 6 830118 4240999999999999991238144999999999999999999999
 76 77 9914019124228430830728324319815412411412815919923726326624420315427 416NI 727310193726899999999999999 030 74135411499999999999999
109 75 65 83125181240291320318288239183129 92 8310514920425729530227522627 417NI 827323204230399999999999999 152 651446 8299999999999999
167111 68 54 75123185250305332321279220155 96 59 60 9615422128432632829227 418NI 913333213333399999999999999 254 541529 5499999999999999
234168105 60 51 81137204270322337310255187118 60 34 5110217024531234934027 419NI 951337221835199999999999999 343 5016 7 3499999999999999
294230160 96 58 61103164232295334329284218147 80 31 22 5611919427233535927 420NI1024338225935999999999999999 425 541642 2099999999999999
337282216146 89 64 83135199264316335308248176106 45 13 24 7414422229834927 421NI1055335233936099999999999999 5 3 641715 1299999999999999
357321263197132 86 80114171234292327322275206134 69 22 10 4010017325131827 422NI1123331999999999999999999999 538 771747  999999999999999
353343300240176120 91103148206265310323295235164 97 41 12 21 6513120527727 423NI 017354115032499999999999999 612 901817 1099999999999999
330346324276217158115104130179235284312304261196128 69 28 18 44 9616423427 424NI 054346121831499999999999999 6471031846 1799999999999999
296331332302253197147118122155203252289299275224162102 54 30 37 7412919427 425NI 131336124829999999999999999 7221161916 2999999999999999
257304324314280232183144129142175218257279274243193138 88 55 46 6510515927 426NI 2 8324132028199999999999999 8 11291949 4699999999999999
217269302310294261218177150144158187221248259247216173128 90 69 70 9213127 427NI 249310135925999999999999999 8461432027 6799999999999999
180229269292294278249212179159155165187212231237227202169134105 91 9411427 428NI 338296145223799999999999999 9451542120 9099999999999999
14718822926128028227024521418516415616117619621322322020618115312711211127 429NI 44028316182239999999999999911 8156223610999999999999999
12415018422125227227927024721718616014614515717920322223022520617814912627 430NI 55427918 8231999999999999991235143999999999999999999999
11612114217521324827328427625121517714412312113816920523625525523520016227 5 1NI 7 4284193025899999999999999 010116133711999999999999999
130111111132169213254283294282248202155116 94 9712517021926228728625921527 5 2NI 758294202829199999999999999 1311081423 9299999999999999
167125100 99126170221267299305280234178124 82 65 8112418224229331931127327 5 3NI 842306211632199999999999999 231 9615 2 6599999999999999
219163115 88 94130183238287314307267208145 88 50 44 7613320227032334332427 5 4NI 91931622 034399999999999999 320 861539 4299999999999999
275215154104 83 99145203261306322297242174109 54 25 35 8315122529634635627 5 5NI 954322224335899999999999999 4 4 831615 2399999999999999
324269205143 98 87116169228283319318275208138 74 26 11 38 9817225031936027 5 6NI1029324232536499999999999999 445 861651 1099999999999999
357316258194134 97100140195253301323302244172103 44  7  8 5111819527233627 5 7NI11 3323999999999999999999999 526 931728  299999999999999
365349303244182128103119165220272310316279212140 75 23 -1 16 6914021729227 5 8NI 0 7365113831999999999999999 6 610318 6 -199999999999999
346362337288230171126114139187239284310300253184115 56 14  3 31 8916123627 5 9NI 051362121631199999999999999 6481131847  299999999999999
305349354324274217164129126156201248286300281230165102 49 17 16 5010817827 510NI 137356125830099999999999999 7331231932 1299999999999999
250311344342311262209161134137165206246277285263217159102 56 31 35 6812427 511NI 226348134828699999999999999 8251312023 2999999999999999
190255308335331300255205163139141164199234261269253215166117 76 53 56 8427 512NI 321337145226999999999999999 9261372125 5199999999999999
133193252299324321294252206165140136152181214243258253227187143104 79 7427 513NI 42332616152599999999999999910411352240 7399999999999999
 9513618924328931531629225320716313212013115819423125726525021717413310127 514NI 53131917502659999999999999912 1120999999999999999999999
 88 99134182236282311315293252202153114 9710513618022726728627924820415627 515NI 638317191428799999999999999 0 3 881311 9699999999999999
116 95100131179233281313316291244188132 89 70 8312217623528531230727322427 516NI 737318202031499999999999999 119 9314 6 7099999999999999
171124 97101133183239288317315281226164105 61 47 7011918425130833632728827 517NI 826321211533799999999999999 223 951453 4799999999999999
233175124 98106143196252299321307261199133 75 37 34 6912920127333035233427 518NI 9 832222 235299999999999999 316 961534 3099999999999999
289231170121101118162217270310320290233166101 48 21 34 8114822429634635727 519NI 945321224635899999999999999 4 21011611 2199999999999999
330279219159117108136185240289317309265200133 72 29 18 4510217324931635427 520NI1019319232735899999999999999 4431071647 1799999999999999
352316262201146115121158210263303316291235167102 49 20 26 6612920227433127 521NI1051316999999999999999999999 5211131721 1799999999999999
354339296240181134118137181234281310306266204137 78 35 22 43 9416023229727 522NI 0 5354112431399999999999999 5571181753 2299999999999999
339347321272215161127125155203253293307287238174111 60 31 34 6812519326027 523NI 042348115730799999999999999 6331211825 2899999999999999
314341333298246191145125136173221266295295264210148 91 51 37 54 9815922427 524NI 117342123129999999999999999 7 81251857 3799999999999999
284324335315274221171137129149189234271289278240185128 80 53 52 8013019027 525NI 15033513 828999999999999999 7451281931 4999999999999999
251300326323295250200158134136161199239269277259219169119 81 64 7310815827 526NI 224328135027799999999999999 82513220 9 6499999999999999
216269306320308275231186151136143168202237260264245208164121 92 82 9613127 527NI 3 1320144026599999999999999 9111352054 8299999999999999
17923127630531029426021817814813514316619722925125524121017213611010211627 528NI 34531115452569999999999999910 7135215210299999999999999
14719123727629930128325021017114212813315518621924625724922619215713112027 529NI 43730317 725799999999999999111312823 612099999999999999
12815419323527129429627924520316112911211613817421424926927025121818014927 530NI 5382981832272999999999999991220111999999999999999999999
130131153189232269293297278240192145108 89 9312216721726229129727824219927 531NI 640298194429899999999999999 0271281319 8899999999999999
160134129149187231271297300275230174122 81 62 7311116622728131732430226027 6 1NI 736302204432699999999999999 1411281410 6299999999999999
210164132125147189237279305302269213151 95 53 39 5910817324230334134631727 6 2NI 826308213734899999999999999 2441241456 3999999999999999
268214162128124151197247290312300255191125 68 29 23 5411318525932336035727 6 3NI 912312222636499999999999999 3371211541 2099999999999999
322269211157124126161210261301316293237167100 44 11 15 5712320027634037127 6 4NI 956316231437299999999999999 4261201625  899999999999999
361319264203150123134174225274310316281217145 79 27  1 15 6613721529235227 6 5NI1039318999999999999999999999 5131221710  199999999999999
375357311253192142123143187239286315311267199128 64 16 -1 22 7915223230827 6 6NI 0 1375112431999999999999999 5581231756 -199999999999999
361374348298238178134125152199250293317304254185116 55 13  4 35 9617125027 6 7NI 048375121131799999999999999 6441241843  399999999999999
322366368335282221164128127159206255296313294242176110 53 18 17 5411719127 6 8NI 13337213 031399999999999999 7311231931 1399999999999999
268332365358319263204151123128161208255293306285235173112 61 33 38 7713927 6 9NI 218367135430799999999999999 8201212021 3099999999999999
211282336358343301245188140118126159203249285297278234179124 79 56 6410227 610NI 3 4358145429799999999999999 9131172115 5599999999999999
160227289333346327283229175131111119150193238274289277241194145105 84 9227 611NI 35334716 32899999999999999910121112215 8399999999999999
12517723528932533231126821616412210210813617822526528728325721717313511327 612NI 4453331722288999999999999991117101232411199999999999999
116142187237284314319298256204152110 88 9212016421526129129727924420116227 613NI 5413201844298999999999999991222 87999999999999999999999
136132152190236277305309287245191138 95 72 7610615521226630431630226822427 614NI 640311195731799999999999999 0401311322 7099999999999999
181150140156191234274300303278232176121 77 55 63 9915421727732033532028327 615NI 736305205933599999999999999 1521401415 5499999999999999
236188153142158194237276300299268216157102 60 43 5810116223029333734932927 616NI 827303215134999999999999999 25414215 3 4399999999999999
287236185149141161201245283303294254197137 83 46 37 6111217824931135035427 617NI 912304223735799999999999999 3461401546 3699999999999999
327279224173141141169213259293306285237176116 66 37 39 7313120027032735727 618NI 954306231835899999999999999 4311371627 3399999999999999
350314261205157135146183230275304305273217153 96 53 34 49 9315622529234027 619NI1033308235635699999999999999 51013417 5 3499999999999999
356337292236181142132156200250291311299255194131 77 43 38 6611918525431327 620NI1110311999999999999999999999 5461311740 3699999999999999
348348316265208158130136171220269303312287233169108 62 40 50 9115121928327 621NI 030353114631399999999999999 6201281812 3999999999999999
332350333290234179138126146189240285311306268208144 89 52 45 7012218725427 622NI 1 0350122231399999999999999 6531251844 4399999999999999
311344343311260204154125128160208257296311293245183122 75 51 59 9815822427 623NI 128348125831199999999999999 7251221916 5099999999999999
286332347328284230176135120135174223269300304275223163109 72 61 8313119427 624NI 156347133830699999999999999 8 01201950 6099999999999999
258311341339307256202153123119143185232273297292259208154108 81 8111216427 625NI 226344142129999999999999999 8371172029 7799999999999999
22428132333832328323117913711512014818923427229028325120515812010110814027 626NI 3 0338151429199999999999999 920114211610099999999999999
18924429132232630426121016212610911714518623026628528025521617614312713427 627NI 3403281619286999999999999991011109221412799999999999999
16220425029031231128724519615011510010713517722226128528827023920217115227 628NI 4283151738289999999999999991111100232915099999999999999
153173207247281300299276235186139103 86 9212016421426029330529426623119627 629NI 52730319 1305999999999999991215 85999999999999999999999
170162174202238272293294271229177127 88 68 7310415321026530732732129325427 630NI 634296201632899999999999999 0551621319 6699999999999999
212178161168194231267291295272226169114 70 48 54 8914621127332334934331327 7 1NI 739297211935099999999999999 2141611418 4699999999999999
268219177155159189229269297301275223159100 53 30 38 8014321428434036735927 7 2NI 840303221636899999999999999 3201531515 2999999999999999
322272217169145153188234277307310278218150 87 38 15 28 7614522229635537927 7 3NI 93631323 738099999999999999 4151441610 1499999999999999
365322266206157136151193242289319318278212140 75 26  5 25 8015323331136827 7 4NI1029323235438699999999999999 5 413617 2  599999999999999
386362313252190142128153200253301331323275205132 66 17  2 30 9116825132927 7 5NI1120333999999999999999999999 5501281751  199999999999999
379385351296232169126123157209264313339324269196123 59 14  8 4511119127427 7 6NI 037389121033999999999999999 6341191838  599999999999999
347385377333272206146113121161216273322341318259188117 56 20 25 7114122027 7 7NI 118388125834199999999999999 7181111923 1799999999999999
300362383359307243177124102120166222280324336307250182116 63 38 5510617527 7 8NI 157383134833799999999999999 8 210220 7 3899999999999999
252322367370335278213151107 97121168224280319325296243182125 82 69 9214327 7 9NI 234374144032899999999999999 847 962051 6899999999999999
209276332359348306248186131 97 9412116722227430931328824319214411110613027 710NI 312360153831599999999999999 935 91214110499999999999999
177233288328340321278223166118 92 9211916321526429630428825421217314614227 711NI 3533411648305999999999999991028 88224114199999999999999
161199244285313317296256205154113 89 9011315520425228830329727223820417827 712NI 4403181812303999999999999991129 86235916999999999999999
169179206240272293297279243196149110 86 8510614519524528631131329526523027 713NI 5392981936315999999999999991235 82999999999999999999999
199182182200229257279284270237193146106 81 77 9713719024529332433231528327 714NI 649285204733299999999999999 1271801340 7699999999999999
242205180174190218249273283270237190141100 73 69 9113619325330634034732627 715NI 758283214334899999999999999 2441741439 6899999999999999
287240196167162182215251279289274236184133 90 64 63 9214220426832235435327 716NI 856289222935899999999999999 3411611531 6099999999999999
324277224178151154183224264293299277230173119 76 55 6210015722328833936127 717NI 94530023 736199999999999999 4241491616 5499999999999999
348308254199156139155195242284309307272216155101 62 49 7011818124831135227 718NI1026312234136199999999999999 5 01391654 4999999999999999
359331282224171137135166215265306323307258195132 81 51 52 8714521227933427 719NI11 3323999999999999999999999 5321321728 4799999999999999
359347305249191144125142186239290324329295235168108 63 46 6511518024931227 720NI 010360113733199999999999999 6 21251759 4699999999999999
353357325272213159124123156209264311336323274207140 85 52 53 9115222228927 721NI 036360121133699999999999999 6311191828 4899999999999999
341362342295235177130112130176232286326336306247178116 70 53 7412819626527 722NI 1 0362124533799999999999999 7 01121858 5399999999999999
325360356316258198144110110143196253303332326283220156102 69 7010817023927 723NI 124363132133599999999999999 7311051929 6599999999999999
303349362336283221162118 99115158213268311329310262202145102 8310014721127 724NI 15036214 032999999999999999 8 3 9920 3 8399999999999999
274326354347305246186134101 9712317022527631131929524919614911711113618427 725NI 218356144532099999999999999 838 94204311099999999999999
241294332342321273215159116 93 9812917622827430530928824920616914514516827 726NI 250343154031199999999999999 920 91213214299999999999999
209255296320320293247194144107 90 9812717222126629630529226423019817817427 727NI 3303231653305999999999999991012 90224217399999999999999
189218253283300298274234186140105 88 9211815920825428930830628826023020527 728NI 4243021825309999999999999991119 87999999999999999999999
192195212238264281284268234189144105 82 8010014019024328831832831729025627 729NI 540285195732899999999999999 0201911236 7899999999999999
222196187196219247272284276246200149104 72 62 7911917523629233435234331227 730NI 7 828421 935299999999999999 2 01871354 6299999999999999
269224187169176204240274295294264212153 99 59 42 5710216523530135237336027 731NI 82729822 637399999999999999 31316915 3 4299999999999999
321269214169149161198244286315315281220152 91 43 23 41 9316424131537038827 8 1NI 931320225538899999999999999 4 714916 3 2399999999999999
365317257195147131154201255305337335291221148 80 29 11 36 9717425733538627 8 2NI1027341233739699999999999999 4531311655 1199999999999999
393357300234169124119154210270325357345291216139 69 19  9 4711419628235727 8 3NI1116359999999999999999999999 5361161742  799999999999999
396385337273203139104114161222286343368345282205129 60 19 23 7214522831227 8 4NI 01639812 236899999999999999 6161021824 1499999999999999
377395366307238168111 91116170235302354368334268193119 59 32 5311018626727 8 5NI 051396124736999999999999999 655 9119 4 3299999999999999
342386381335270199133 88 85122181248313356358316252182117 69 60 9415622927 8 6NI 124390133136399999999999999 734 811942 5899999999999999
302359379353297230162105 77 88132192257316348340298240179125 9410014020027 8 7NI 155379141835099999999999999 812 762021 9299999999999999
265324359356317258193133 89 76 9714220026131033232128523718714713014318127 8 8NI 22636215 933299999999999999 853 7621 413099999999999999
232284324339323280225168118 88 8410714920325629631430828224520717916818027 8 9NI 259339161331599999999999999 938 82215816899999999999999
209246282306309289252205158119 96 9511515219824428030130429026423521119927 810NI 3383101738305999999999999991033 93232119899999999999999
20121724026327827926523720016112910810411714618623026929731030628826223527 811NI 4352811916311999999999999991145103999999999999999999999
21420420622023825426125723820817314011610511113617422026530232532630927827 812NI 6 9261203532899999999999999 11620313 910599999999999999
242210190186198220243260265251222183145114 9710012516721927231634234231727 813NI 746265213034599999999999999 2431851423 9699999999999999
278232192167165185217250275283268231185140104 84 8912017022928733435634627 814NI 852283221135799999999999999 3341631519 8399999999999999
311261209165145155188230271300304278230175125 86 70 8412718524931035236127 815NI 939306224536299999999999999 41014416 3 7099999999999999
336289232177139132159205256300325317276217155102 67 62 9214621127833536427 816NI1017326231436599999999999999 4411311639 6099999999999999
354313256196145121133176232287329342316260193129 79 54 6711317724731235727 817NI1051343234036699999999999999 5101201710 5499999999999999
364333279218159119114147201262317350345300233164102 61 55 8814821828834427 818NI1123354999999999999999999999 5371111739 5299999999999999
368350301239177125102120168230291341359333273202135 81 56 7212419326432727 819NI 0 3368115535999999999999999 6 410218 8 5599999999999999
366363321260196138100 99136194258316354353309242173113 72 6810516924030727 820NI 026371122835999999999999999 632 941836 6499999999999999
357370341281215154106 86106157220282334356336281215152102 79 9614921728327 821NI 04937113 235699999999999999 7 0 8619 6 7999999999999999
339367354304236172117 84 8512218024330134134731425719714410810313519325727 822NI 113368133935099999999999999 729 79193810099999999999999
313351356322261194135 92 75 9313919925931033833229624419315112913717522827 823NI 138359142034099999999999999 8 0 75201512899999999999999
282324343329284223162112 82 7810415320926430732731828624420417316017220527 824NI 2 7343151132799999999999999 837 7621 216099999999999999
247287313318297253199147107 85 8711315620725629431331028925922820319219827 825NI 242320162131499999999999999 926 82221119299999999999999
218246272289290272238195151116 95 9311214619123727630231230528525923421527 826NI 33429218 2312999999999999991036 91999999999999999999999
207212227246263270264243210170133105 93 9912516521326029932332831528825527 827NI 5 6270194532999999999999999 0 62071210 9399999999999999
223199191199220244265274266238196150110 84 78 9713819325230434235434030527 828NI 7 4275205735499999999999999 2 01911345 7799999999999999
260214178162172202240276299299269218160106 67 53 7111918325331836437635327 829NI 829303215037799999999999999 3 61621458 5399999999999999
307249192148133154198250299331331293230161 96 48 31 5611418726633938438627 830NI 930336223339199999999999999 3541331555 3199999999999999
350292225161117113148205268326361354303230153 83 33 23 5912620629036239627 831NI1020364231139799999999999999 4351101642 2199999999999999
381330263191126 92105154220290352382361299221142 70 27 31 8115523832138227 9 1NI11 6382234539799999999999999 514 911725 2299999999999999
396360297225152 94 77107167239313372388353284206129 64 36 5811919527735127 9 2NI1149389999999999999999999999 551 7618 3 3699999999999999
391379325255182113 70 73118185259332380380334264190119 68 60 9916524131527 9 3NI 016393123038799999999999999 626 651840 5899999999999999
370383348282210139 81 58 80134204278343376361311245178118 87 9814621228127 9 4NI 045385131137799999999999999 7 1 581915 8599999999999999
341372358306237167105 64 60 9515422329234436133828923117413011714119125027 9 5NI 113373135436199999999999999 735 57195111799999999999999
307346352320263197135 86 64 7511617323729633434031727522718215415418022327 9 6NI 140354144134299999999999999 810 63203115099999999999999
271310329318279226170120 87 78 9713618724228931632030227123420218418720727 9 7NI 2 9329153832199999999999999 848 78212218399999999999999
23827029229628024620416012410210111715019223627429830529827825122721220827 9 8NI 242297165930599999999999999 936 99224820899999999999999
21623224926226225123020116914212512113015318622225728430130429327224822727 9 9NI 3342641843304999999999999991048121999999999999999999999
21220621022123224024123321519016414313113114417120724528130731831128825727 910NI 53824220 631899999999999999 1 4206123212999999999999999
22519818218319621723725125323921218015012711912915719924528932233432229127 911NI 73825421 033499999999999999 228180135911999999999999999
24920617115416218722125527828226222518114111110111515220325830834134532127 912NI 840283213934799999999999999 311154145710199999999999999
277224175140133155197244286311307273223169121 89 8511216122128233235534427 913NI 923313221035699999999999999 3431321538 8399999999999999
303248189139115126166221277322339319269207145 96 71 8112418425131335435927 914NI 958339223736299999999999999 4121141613 7099999999999999
327272209149108102134189253313352353314250181118 74 64 9415122028834336627 915NI103235823 236699999999999999 439 991644 6399999999999999
346295231166112 87104154219287344369350294223154 95 64 7612419126132536427 916NI11 4369232536899999999999999 5 6 871715 6399999999999999
361317254187125 83 81119181251317364370331266195130 82 7110416623530235427 917NI1138374234936999999999999999 534 761744 6999999999999999
368337275207142 90 68 88143211280341372357304237171114 83 9514521227833527 918NI1211373999999999999999999999 6 1 681815 8299999999999999
365352298227160102 66 6610717124030635536733527621315411110013118925431227 919NI 013366124636899999999999999 629 611846 9999999999999999
352357318251180119 73 56 7813219826532335735231125419814912212917022828427 920NI 037360132236099999999999999 658 56191912099999999999999
328348330276207142 90 59 60 9615522028132934933429324319515814516220425327 921NI 1 334814 434999999999999999 729 55195714599999999999999
297325327295239175119 79 62 7411517123028432233431928424420617917319022327 922NI 133330145533599999999999999 8 6 62204617299999999999999
260290305296264215163118 87 76 9012517422527230631931128825722720519620427 923NI 21130516 631999999999999999 856 7622 219699999999999999
223246266276270248213173136108 9510012416120625028730931430328125322720827 924NI 3102761748314999999999999991013 94999999999999999999999
20020421823625125825223320216613310910010913717922727230832732630627323627 925NI 5 7258192632999999999999999 0 820012 110099999999999999
202179173185209238263276268240198153114 89 8610915421026831834734932328027 926NI 710276203235299999999999999 1491731337 8499999999999999
229180146138157196242285311308275222163109 71 62 8814120827733636836332527 927NI 826314212137199999999999999 2471371446 6199999999999999
268205147110109143198259315348342297232162 97 53 47 8314622129735838236127 928NI 92135122 238299999999999999 3311051538 4599999999999999
308241170109 79 94144212284347377359303229152 84 44 50 9816924832437638227 929NI10 8377223738699999999999999 410 791623 4099999999999999
342276202129 74 60 93157233311372391359293217140 76 48 7113020428235038327 930NI105239223 938399999999999999 447 5917 3 4899999999999999
365306233158 89 49 56105177257335386389344275200128 76 681061722453163672710 1NI1133395233837899999999999999 522 451740 6599999999999999
374332262187115 58 38 65126202281352388374322254183121 87 991492152843412710 2NI1213389999999999999999999999 555 381815 8699999999999999
368349290216143 79 40 42 851512273023593773512972341711231091361912533112710 3NI 0 6369125337799999999999999 628 35184910899999999999999
349351311245173108 59 40 601111782503163563583262762191661351381722242772710 4NI 033356133336299999999999999 659 40192513299999999999999
320338319269205141 88 56 55 861392032673183433363052602111721561672002432710 5NI 1 0338141634499999999999999 731 5120 515599999999999999
284309309281232176125 86 70 811151642202723103243162892522151871781892142710 6NI 13031315 632499999999999999 8 6 70205517899999999999999
245272283274247208165127102 961091391802252662943063022832552262051961992710 7NI 2 5283161330699999999999999 848 95221219699999999999999
2132312472522452272011711441261221311521832192532782942972862652402172012710 8NI 257252174229799999999999999 950122999999999999999999999
1941972072192292322272131921691501401391511742062392692923022962752472172710 9NI 45523219 830299999999999999 013194113213899999999999999
191174171182201222239246239219191164143133138160194234272301314306279241271010NI 7 224620 831499999999999999 141171131113399999999999999
201166146146167200235264277269241203164132116122150193241286318327309270271011NI 8 9277204932799999999999999 228143141611699999999999999
220171133117130167215263299310292251200150113 98112151205261310337332298271012NI 854311212233999999999999999 3 211715 2 9899999999999999
245186133 99 97129182243299334335302247185129 92 86115168230290334348323271013NI 932339215134899999999999999 333 941540 8499999999999999
272208145 94 73 92142208276333360345296231164109 79 90134196262320352343271014NI10 9360221835499999999999999 4 2 731615 7899999999999999
298233165103 63 62101165238309360371338278209143 94 80109166232296343355271015NI1044373224535699999999999999 432 571649 8099999999999999
322259189121 67 45 66122193269336374367320255188127 91 97141204268324354271016NI1120377231235599999999999999 5 2 451722 8899999999999999
340286214144 83 43 42 83149223297355375350296232170119100124178241299341271017NI1156375234035099999999999999 532 37175610099999999999999
347310242168103 53 32 52107178251319363366329273213158121120157214271318271018NI1234370999999999999999999999 6 2 32183111599999999999999
341326271198129 73 37 35 71134205274332361350308254200154132145188240288271019NI 0 8342131336299999999999999 634 3119 813299999999999999
322327295233164103 57 36 48 93157225288334351333292243196161150169209253271020NI 039329135735199999999999999 7 9 35195115099999999999999
290310303264206145 93 58 47 67112172233289326337319284242202174168184215271021NI 116311145133799999999999999 752 47204616799999999999999
249276288277244196145103 74 67 84123174229278312324313285250215189179185271022NI 2 328816 032499999999999999 848 6722 617999999999999999
205230251263260239205165128100 88 95122164213260297317315296264230198177271023NI 31926417263199999999999999910 8 87235317199999999999999
171180200224246257253232199161126103 96112146193244288318326310278236194271024NI 5162581849326999999999999991148 96999999999999999999999
160143147170204241270282269237192146109 89 96128178236289328340322282229271025NI 7 0282195434099999999999999 1181421316 8899999999999999
175130107114148197250295317307268214156107 78 82119176240301342351323270271026NI 812318204335299999999999999 2161061423 7699999999999999
207143 93 74 92140203270326350335287223157100 70 80124188257319355351308271027NI 9 7351212435999999999999999 3 1 741516 6899999999999999
243172105 58 50 84146221296354373347289220150 93 70 91145213282338360337271028NI 954373215936099999999999999 341 4816 1 7099999999999999
278205132 67 32 41 91163244322374380343280209139 90 82116176244308351352271029NI1038384223235799999999999999 418 301641 7999999999999999
308238163 92 38 20 48110187270342382373327262193130 95103149211275329352271030NI111938423 235299999999999999 453 191719 9399999999999999
330270195122 59 20 23 67135214293355378356305241176125107131183244300338271031NI1159378233234499999999999999 527 16175510799999999999999
339298229155 89 38 18 39 941652423133593653342802191621251251592132693142711 1NI1238368999999999999999999999 559 18183112099999999999999
333314260191123 66 31 31 651251952663243543463092572011541331451842352822711 2NI 0 2333131735599999999999999 631 2619 813399999999999999
313314281224160100 57 39 54 961562222843273413252862371881541451642022452711 3NI 033318135734199999999999999 7 3 39194814599999999999999
282298287249195139 92 63 59 831271842422923213253052672231841601591782102711 4NI 1 7298143832699999999999999 737 57203315799999999999999
244269275258223178132 97 80 851111532032522903093082882552171861681681822711 5NI 146276152631199999999999999 816 79213216699999999999999
2072322492522382101751401141031101331692112512812972952792502181901731682711 6NI 239253162529899999999999999 9 7103225216899999999999999
1761932142302362312131871591361251271441722082442732892912772512191891662711 7NI 4 32361736292999999999999991020124999999999999999999999
1551581731962192352402322111831571381331421672012382692902942802522151772711 8NI 552240184529599999999999999 018155115313399999999999999
1481321341551872212502642602372041691411281331581962382752993022832451992711 9NI 716265193930399999999999999 122130131412799999999999999
153118102112144190238277296289259216171134116123154200248289312308277227271110NI 815297202231499999999999999 2 8102141411599999999999999
171119 84 75 98146205264309326311270217164122105119160213266308324306259271111NI 9 2326205932499999999999999 246 7515 310599999999999999
198135 82 52 58 97159228294338348321270209151110101127177235288324326290271112NI 945349213433099999999999999 321 501545 9999999999999999
229161 96 48 31 54109180255321360357318260196138104106145201259309332316271113NI102636422 733399999999999999 356 31162610099999999999999
263192122 61 23 22 62128205281343370353305245181128105122169227283323330271114NI11 6370224033299999999999999 431 1717 410599999999999999
294228154 87 34  9 26 80152230304356369340288228168123114144196252300327271115NI1147370231532999999999999999 5 6  9174311299999999999999
316265193120 59 16  7 40102176253321361360324270211157124128166219270309271116NI1228366235132399999999999999 543  5182312199999999999999
322295235162 94 40 10 15 58125199272331359347306253197150129144185234279271117NI1311360999999999999999999999 622  719 612999999999999999
308309272210140 79 34 14 30 79145217285335352333291239188149137155195239271118NI 031313135735299999999999999 7 4 14195313799999999999999
277298291253194132 78 40 28 49 98162229290331341320279230184151143160194271119NI 117299144834299999999999999 752 28204914299999999999999
232265282275241191137 90 58 49 69113171232287323331311273227184153142154271120NI 215283154633199999999999999 849 48215814299999999999999
181215246265265242202157114 83 71 85121172228279313322306271227184149132271121NI 330268165132299999999999999 959 71231813199999999999999
136158191226254265255226187145110 92 96123168220270305318305272226178137271122NI 5 32651759318999999999999991120 90999999999999999999999
112110131168211251277279258220175134106101121163214265304319306269218163271123NI 63628119 331999999999999999 0341081242 9999999999999999
114 84 81106151206260297308289249198149113101120162215268308322304259200271124NI 751309195732299999999999999 136 78135310199999999999999
138 85 54 56 90146213277322335313267211155114101123168224277315323294239271125NI 851335204332599999999999999 227 50145110199999999999999
173108 54 29 41 87153228298344353324273212153112105133183240291322317276271126NI 942354212332599999999999999 311 28154110399999999999999
211141 76 28 14 39 96170249319359358322266202144110113150204259305324303271127NI102836422 032499999999999999 352 13162510799999999999999
249179109 49 12 12 51116193271335365352309250187134111127172227279315318271128NI1111365223532199999999999999 430  617 511199999999999999
282218146 80 29  6 22 72142219293345360337287227167125117145195249294317271129NI1151361231031799999999999999 5 6  6174311599999999999999
303254186117 58 19 12 42100172246311349349315261202149120127164216267302271130NI1229354234431299999999999999 541 10181911899999999999999
310282225156 92 43 18 27 691322032723243453312892331771351211401832342782712 1NI13 5346999999999999999999999 614 17185512199999999999999
302296256196130 74 36 27 511011672342933303353092612061571271261541992452712 2NI 019304133933799999999999999 647 27193112399999999999999
281293275230170111 64 40 46 801351992613073293192842351841441261351662092712 3NI 056293141132999999999999999 720 39201012699999999999999
249275278253206151101 66 54 711111672262783123193002612141691381291421732712 4NI 136280144632099999999999999 755 54205312899999999999999
211245264261234192144103 78 76 981391912442853083052812421981601351301442712 5NI 222265152531099999999999999 836 74214512999999999999999
172205235251248226190151118 991001211592052502842982922662291881531301252712 6NI 321252161129999999999999999 927 96224812499999999999999
1371621942242432452302031701401221201371692092482772892822572211801431182712 7NI 43824617 8290999999999999991035118235611099999999999999
1101201461812172432552482261951641411331431692052432722852792532131691272712 8NI 6 82551811285999999999999991157133999999999999999999999
 98 88 991301732182552762752532201831521361401642012402712872792492021512712 9NI 727278191228799999999999999 059 88131813599999999999999
104 72 62 80120173228275302302277238193155132134160200243277292280240185271210NI 83030520 429299999999999999 152 62142513099999999999999
127 76 44 39 66118181246299327324293246194149125130162207253288298276226271211NI 923330205129999999999999999 238 37152012399999999999999
163100 48 19 23 62123195266321347336297244187140118131169219266299302268271212NI1011347213530599999999999999 323 1616 811899999999999999
207137 73 23  1 16 66136212285339358338292235176130116137183235281308300271213NI1057358221931099999999999999 4 7  0165311599999999999999
254185113 50  4 -9 17 76151231303352360331280220161121117148198250293313271214NI114236223 231399999999999999 450-10173711499999999999999
293237164 92 31 -8-11 26 92170250319359356319263202146115121160212263302271215NI1226363234731399999999999999 535-15182011299999999999999
313283220145 76 19-12 -5 41112191269333361346302243183132110127170223271271216NI13 8361999999999999999999999 620-1519 411099999999999999
305307270204132 66 15 -8  9 62135213288342357332282222164120108131176227271217NI 034311135135799999999999999 7 5 -8195010799999999999999
273302298257193125 65 21  7 32 88159235302344346313261202147111106132176271218NI 124305143435099999999999999 752  7203910499999999999999
224268293286247189128 74 38 31 60115182251308337330293241184134103101127271219NI 219294151833999999999999999 841 302133 9999999999999999
168214256280276244195143 96 65 62 89139199258304324312275224170124 95 93271220NI 32128216 732499999999999999 936 602236 9199999999999999
115153199241268271250212167126 98 94114155206256294308296260211159114 85271221NI 43727317 2308999999999999991041 922343 7899999999999999
 79 98135182228262276266237198159130119131162205248281295283249201149102271222NI 6 427618 3295999999999999991159119999999999999999999999
 70 61 79117167220264289288265228188153133137162200240272287276241192137271223NI 72829119 628799999999999999 050 61132113299999999999999
 87 53 43 62104161222275307311289251205163137136158196236270284272234180271224NI 83831320 428599999999999999 151 43143313399999999999999
122 70 35 28 51100164231290326329304260208161132131157197240274286268223271225NI 936332205628699999999999999 245 26153112899999999999999
164104 52 20 19 50107176247308340337305254198149123129162207251283289262271226NI1025343214129199999999999999 333 15161812199999999999999
209145 84 35 10 18 59122195267323347334292237178132115132174223267293289271227NI11 7347222329599999999999999 416  9165911599999999999999
250189123 65 22  7 27 78146219288335345319269210154117113143192242283300271228NI114534623 130099999999999999 456  7173511099999999999999
282232165100 46 13 12 46105176248309340334295239179129106119160213262296271229NI1219343233730399999999999999 532  718 910599999999999999
300267207138 76 30 10 26 73140211278325338313264204148110103131180234279271230NI1249339999999999999999999999 6 5 10184110199999999999999
303292245179112 56 21 18 51110179248305334325285228170121 98108148201253271231NI 013303131633599999999999999 635 151912 9799999999999999
