 78 72 70 73 81 96113127135137131119104 90 78 68 62 64 71 80 88 93 95 9327 1 1NM 84513722 0 9599999999999999 2 0 701616 6299999999999999
 89 87 87 88 91 99111124135140138130117102 87 73 60 53 54 60 70 79 87 9327 1 2NM 920140999999999999999999999 144 871725 5299999999999999
 96 98100101102104109119129137140138129116100 84 67 52 44 44 52 63 76 8827 1 3NM10 71409999999999999999999991826 43999999999999999999999
 97104109111112111111115122131137140138130116 98 78 59 43 34 36 46 60 7727 1 4NM 34211211 714099999999999999 5301101919 3499999999999999
 92105114118119117114113116122131138142140130115 94 71 49 33 26 30 43 6227 1 5NM 352119121214299999999999999 65411320 7 2699999999999999
 82100113121124122118114112115122132141145142130111 87 61 39 23 19 27 4527 1 6NM 4 612413 814599999999999999 7571122050 1999999999999999
 67 90108120125125121115110108113123135145148143128105 78 50 28 15 15 2827 1 7NM 425126135514899999999999999 8461082129 1399999999999999
 51 76 99115124126122116109105105113126140149150141122 95 66 38 18 10 1627 1 8NM 447126143615199999999999999 92410422 5 1099999999999999
 35 61 87108120125123117109102 99103115130144151148135112 83 53 28 13 1127 1 9NM 512125151215199999999999999 957 992238 1099999999999999
 23 47 75 99115124124119110101 95 95103117134146149142124 99 70 42 21 1327 110NM 5351251548149999999999999991028 9423 7 1399999999999999
 19 37 63 90110121125121112101 92 89 93104119135143142131112 85 58 35 2127 111NM 55612516231449999999999999911 0 892333 1999999999999999
 21 33 55 82105120126124116104 92 85 85 91104120132137132119 98 73 50 3427 112NM 61612617 0137999999999999991135 842357 2999999999999999
 29 35 52 76100118127127120108 95 84 79 81 89103117126128121107 87 66 4927 113NM 6341281742128999999999999991214 79999999999999999999999
 41 43 55 74 96115127131126114100 86 77 74 77 86 99110117118111 97 81 6627 114NM 653131183111899999999999999 019 4113 0 7499999999999999
 57 55 62 76 95113127133131122107 91 79 71 69 72 80 91102108108103 92 8127 115NM 714133193410999999999999999 039 551358 6999999999999999
 73 70 74 82 96112126134136129117101 85 73 66 62 64 71 82 91 98101 98 9327 116NM 73813621 010199999999999999 056 701511 6299999999999999
 88 86 87 92100112124134138136127113 97 82 69 59 53 53 59 69 80 89 96 9827 117NM 8 8138999999999999999999999 1 3 861631 5299999999999999
 98 99100103107114123132138140136126112 97 81 66 52 43 40 46 56 70 83 9427 118NM 8471409999999999999999999991748 40999999999999999999999
102107111114116118122128135140141137129116 99 81 61 43 30 26 31 44 61 7927 119NM 9471419999999999999999999991856 26999999999999999999999
 96108116121123123122124128135140143142135122103 80 56 33 17 12 18 35 5727 120NM11171439999999999999999999991956 12999999999999999999999
 80100115123127126123120120125133141147149142128106 79 50 23  5  1 10 3127 121NM 423127124314999999999999999 7311202048  099999999999999
 58 85107121128128124118113113119130143152155148131105 74 42 14 -3 -5 1027 122NM 435129134915599999999999999 8331122135 -699999999999999
 36 66 94115126129125117108102103112128144156158150130101 68 34  8 -6 -227 123NM 451129144515999999999999999 9231012216 -799999999999999
 18 48 80106123130127118106 95 89 93106125144155157146124 94 60 29  7  027 124NM 51013015371589999999999999910 9 892254  099999999999999
 10 36 67 97119130131122108 92 81 77 84101122140150149137114 84 54 29 1427 125NM 5311321625151999999999999991054 772329 1299999999999999
 14 31 59 90115130135128114 96 79 69 67 77 96117133141138124102 76 52 3527 126NM 5541351713141999999999999991139 672359 2899999999999999
 28 36 57 85111130138136123104 84 69 60 61 73 92111123128124110 91 71 5527 127NM 61613918 1128999999999999991226 60999999999999999999999
 47 48 61 83108129140141133115 94 76 62 56 58 70 87103112114110 99 84 7227 128NM 639142185311499999999999999 024 461316 5699999999999999
 65 64 70 85105125139144140126107 87 71 60 55 57 68 82 93100102 99 91 8327 129NM 7 3144195210299999999999999 040 641412 5599999999999999
 79 79 83 91104121135142142134119101 84 70 60 55 57 65 75 84 90 93 92 9027 130NM 7291432119 9399999999999999 030 791517 552356 899999999
 89 90 94 99106117129137140137128114 98 84 71 61 54 54 60 68 76 83 88 9227 131NM 8 11409999999999999999999991633 53999999999999999999999
 95 98103107110115122130135136132125113 99 86 72 60 51 49 53 60 70 79 8827 2 1NM 8451369999999999999999999991751 49999999999999999999999
 96103108113115116117121126130132130125115102 87 71 55 45 41 45 54 66 8027 2 2NM10 11329999999999999999999991859 41999999999999999999999
 92103112117118117115115117122127131132128118104 85 66 48 35 32 37 50 6727 2 3NM 4 6118114313299999999999999 6461151952 3299999999999999
 84100112119121119115110109112119127134136132121102 80 57 37 25 24 34 5127 2 4NM 4 2121125713699999999999999 7521092035 2399999999999999
 72 92108118122120115108102102107118130138141135119 97 71 45 26 17 20 3627 2 5NM 4 9122134914199999999999999 8361012113 1699999999999999
 58 82102116122122115106 98 93 96105120134143143133114 87 59 34 17 14 2427 2 6NM 422123143114499999999999999 911 932146 1399999999999999
 45 71 95113122123117106 95 87 85 91106123138145142127104 75 47 25 15 1827 2 7NM 438124151014599999999999999 944 852215 1499999999999999
 35 60 87109121125120108 94 82 76 78 90108127140143136118 92 63 38 22 2027 2 8NM 4531251547144999999999999991015 762242 1999999999999999
 31 53 80105121127124112 96 80 70 67 74 90111129139138126105 79 54 35 2827 2 9NM 5 81271624140999999999999991046 6723 5 2799999999999999
 33 50 75101120129128118101 82 67 60 62 73 92113128134129115 93 70 50 4027 210NM 52213017 2134999999999999991119 602327 3999999999999999
 40 52 73 98119131132124108 87 69 57 53 59 74 94113124126119104 84 66 5427 211NM 5371331743127999999999999991153 532346 5199999999999999
 52 59 74 96118132136130116 96 75 59 50 50 58 74 93109117117109 95 80 6927 212NM 5541361828118999999999999991232 49999999999999999999999
 65 69 79 96116131138136124106 85 66 53 47 48 58 73 90102108107101 91 8227 213NM 613139192310999999999999999 0 1 651319 4799999999999999
 78 80 87 99115129138139132117 98 78 62 51 46 47 55 68 82 92 97 98 95 9127 214NM 6351402042 9999999999999999 0 7 781421 462357 899999999
 89 91 96104115126136140136127112 94 77 63 52 46 44 49 59 70 80 87 92 9427 215NM 7 11409999999999999999999991544 44999999999999999999999
 96100105110116123131136137133124111 96 81 67 54 43 38 39 46 56 68 80 9027 216NM 7391389999999999999999999991719 37999999999999999999999
 98104110115118121125129133133131125115103 88 71 54 38 28 26 33 45 61 7727 217NM 8471339999999999999999999991843 26999999999999999999999
 92104113118120119118119122126130132130124111 95 74 51 31 17 14 22 39 5927 218NM 41212011 713299999999999999 6161181945 1499999999999999
 81 99112119121119113108108112120128135138132119 99 73 46 22  8  7 19 4027 219NM 354121125013899999999999999 7391072034  699999999999999
 66 90109120122119110100 93 93101114128140144138123 99 70 40 15  3  7 2527 220NM 353122135814499999999999999 830 922116  399999999999999
 51 80104120125121110 97 83 76 79 92110129143147140121 94 64 34 13  7 1727 221NM 4 2125145314799999999999999 914 762154  799999999999999
 40 70 98119128126115 97 79 65 60 67 85108129143145135115 87 58 33 18 1927 222NM 418129154314699999999999999 957 602228 1699999999999999
 35 62 92117131133122104 82 62 49 48 59 81106127139138127105 79 55 37 3027 223NM 4381331630140999999999999991038 4723 0 3099999999999999
 38 59 88114132138132114 90 66 48 38 41 56 80105123131128115 95 73 56 4727 224NM 4581381715131999999999999991119 382327 4699999999999999
 47 61 85111132141139125102 76 54 39 33 40 58 82103116121116103 86 72 6327 225NM 51914217581219999999999999912 1 332348 6199999999999999
 61 68 84107128141143134115 90 66 47 37 34 43 62 83 99108110104 93 83 7627 226NM 5401431842110999999999999991242 342352 7499999999999999
 74 77 87104123137143138125104 80 60 46 39 40 49 66 82 94 99 99 95 88 8427 227NM 6 21431932100999999999999991328 382332 8399999999999999
 84 87 92103117131138138130115 95 76 60 50 44 46 54 67 79 87 91 92 90 8927 228NM 6261392047 92999999999999991421 4423 8 8999999999999999
 90 94 98104113123131133130121107 91 76 64 55 49 49 55 64 72 79 84 87 9027 3 1NM 6551339999999999999999999991530 49999999999999999999999
 93 98103107111116121125126122115104 92 80 68 59 51 49 51 57 65 73 81 8827 3 2NM 73512699999999999999999999917 1 49999999999999999999999
 95101106110111112113115118119117113106 96 84 72 59 49 43 44 49 59 70 8227 3 3NM 8541199999999999999999999991826 43999999999999999999999
 93102108112112110107106107111114116115110101 87 71 55 42 35 35 44 57 7227 3 4NM 334112111511699999999999999 6551061924 3499999999999999
 88100109113113108102 97 96 99106114119121116104 87 67 47 33 26 30 43 6127 3 5NM 321114124412199999999999999 747 9620 7 2699999999999999
 80 97109115114108 99 90 85 86 93105116124126119103 82 59 38 25 23 31 4927 3 6NM 323115134112699999999999999 822 842043 2299999999999999
 71 92108116117110 98 86 76 72 78 90106121130129118 99 75 50 31 22 25 4027 3 7NM 333117142613099999999999999 854 722115 2299999999999999
 62 86106117119113100 83 69 61 62 72 90110126133128114 92 66 43 29 26 3627 3 8NM 34412015 713399999999999999 924 602143 2599999999999999
 56 81104118123118104 85 66 52 48 54 71 94115130133125107 83 59 41 33 3727 3 9NM 357123154613399999999999999 954 4822 9 3399999999999999
 53 76101119127123110 90 67 48 38 39 52 74 99120130129118 98 75 55 44 4327 310NM 4101271624131999999999999991025 372234 4299999999999999
 54 74 98119130129118 97 73 50 35 29 36 53 79104121127123109 89 71 58 5327 311NM 42613117 3127999999999999991058 292257 5399999999999999
 59 74 96118132134126107 83 57 37 26 25 36 58 84106118121114100 84 71 6527 312NM 4431351744121999999999999991133 242316 6599999999999999
 67 77 95115131137132117 95 69 46 30 23 26 40 63 86103112112104 93 82 7727 313NM 5 21371829113999999999999991212 232327 7699999999999999
 77 83 95113129138136126107 83 59 41 29 25 30 45 65 83 96102102 96 89 8527 314NM 5231381925103999999999999991258 252323 8599999999999999
 86 90 98110124135137131118 98 76 56 41 32 29 33 46 62 76 86 91 93 92 9127 315NM 5461372055 93999999999999991356 292258 9199999999999999
 92 96102109119129134132124111 94 76 60 47 37 32 34 43 54 65 75 83 88 9227 316NM 6151349999999999999999999991515 32999999999999999999999
 96100105110114120125127125118108 95 81 67 54 42 34 31 35 44 55 67 79 8827 317NM 6551279999999999999999999991652 31999999999999999999999
 96102107110111112113116117117115110101 89 76 61 45 32 26 27 36 49 65 8127 318NM 8291189999999999999999999991819 25999999999999999999999
 94103109111109104101100103107112115115109 99 83 65 45 28 20 22 33 51 7127 319NM 257111112711699999999999999 6411001919 1999999999999999
 89104111112108100 90 83 83 89 98109118122118106 88 66 43 25 17 22 38 6027 320NM 24311313 112299999999999999 735 8220 5 1799999999999999
 83102114116111100 85 71 63 65 76 92109122127123109 89 64 41 24 21 31 5127 321NM 24611714 412799999999999999 818 632045 2099999999999999
 76100116122117104 85 66 50 44 51 67 89110125130124109 86 62 41 29 31 4627 322NM 3 1122145813099999999999999 859 442122 2899999999999999
 70 96117127126112 91 67 46 32 30 41 63 89112126130121104 82 61 45 39 4727 323NM 321128154613099999999999999 939 292157 3999999999999999
 66 92115131133123103 76 50 29 18 21 38 64 92113125125115 98 79 62 53 5327 324NM 3431341632126999999999999991019 182229 5299999999999999
 66 88112131138133115 89 60 35 18 12 20 41 69 95113120118106 91 77 67 6427 325NM 4 51381714120999999999999991057 122257 6499999999999999
 69 85107127139138126103 75 47 26 14 13 25 49 76 97109113108 98 86 78 7427 326NM 4281401755113999999999999991135 122317 7499999999999999
 76 85102121135139132115 90 63 40 24 16 20 35 58 81 96104105 99 91 85 8227 327NM 4501391836105999999999999991213 162316 8299999999999999
 83 87 98114129136133122103 79 55 37 26 23 30 45 65 82 93 97 96 92 88 8627 328NM 5141361923 97999999999999991252 2323 0 8699999999999999
 88 91 97108120129130124111 93 72 53 40 32 31 39 53 68 80 87 90 90 89 8927 329NM 5401312036 91999999999999991336 312242 8999999999999999
 91 94 98104112119123121114102 86 69 55 45 39 39 45 55 66 75 81 85 88 9027 330NM 6 91239999999999999999999991433 38999999999999999999999
 93 96100102106110113114112105 96 84 71 60 50 44 42 45 52 61 70 77 84 9027 331NM 6471149999999999999999999991553 42999999999999999999999
 95 99101102102102102104105104101 95 86 76 65 54 46 42 42 47 57 67 78 8827 4 1NM 8 71059999999999999999999991727 41999999999999999999999
 95101103103100 96 92 91 93 97 99100 97 91 81 68 56 45 38 38 44 56 70 8327 4 2NM 220103104210099999999999999 647 911834 3799999999999999
 95103106104 99 91 84 79 79 84 92 99103103 96 85 70 55 42 35 36 46 61 7827 4 3NM 2 9106122510399999999999999 727 781921 3499999999999999
 93104109107100 89 77 67 64 68 78 90102109108101 87 69 52 39 35 40 53 7227 4 4NM 215109132811099999999999999 758 641959 3599999999999999
 90105112112103 89 73 58 49 50 59 75 93108115113103 86 67 50 40 39 49 6627 4 5NM 226113141811599999999999999 827 482032 3899999999999999
 87105115117109 93 73 53 38 33 39 55 77 99114120116102 84 64 50 44 49 6327 4 6NM 23911815 212099999999999999 857 3321 3 4499999999999999
 83104118123116100 78 54 33 21 22 34 56 83106120122115 99 81 64 54 54 6327 4 7NM 254123154412399999999999999 929 202133 5299999999999999
 81102119128125110 87 60 35 16  9 15 34 62 90111122121111 95 78 66 62 6627 4 8NM 31312816241239999999999999910 3  922 1 6299999999999999
 79 99118131132121100 72 44 20  6  3 15 39 69 96113120116105 90 78 71 7227 4 9NM 33413317 5120999999999999991039  32228 7199999999999999
 80 96115131136130112 87 58 31 11  1  4 20 46 75 98111114109 98 88 81 7927 410NM 3571361750114999999999999991119  02251 7999999999999999
 83 94111127137135123102 75 48 24  8  2  8 27 52 77 95104105101 94 88 8627 411NM 42213718411069999999999999912 2  223 4 8699999999999999
 88 94106121133136129114 92 67 43 23 11  8 15 33 55 75 88 96 97 95 92 9127 412NM 4481361949 97999999999999991250  72255 9199999999999999
 92 95103114125131130121106 85 63 43 28 17 15 22 37 54 69 81 88 92 93 9327 413NM 5181329999999999999999999991346 15999999999999999999999
 95 97101107115122124121112 99 83 65 49 35 25 22 27 38 51 64 76 85 91 9427 414NM 5541249999999999999999999991455 22999999999999999999999
 97 99100101104108111113111105 97 84 70 56 43 33 27 29 37 49 62 75 87 9427 415NM 6531139999999999999999999991618 27999999999999999999999
 99101100 98 95 93 94 97100102101 97 89 78 65 52 39 31 30 37 50 65 81 9427 416NM 120101 92310299999999999999 5 8 931736 3099999999999999
102104103 97 90 81 76 76 81 88 95100101 96 86 73 58 44 34 33 41 57 74 9127 417NM 1 5104113910199999999999999 628 751836 3299999999999999
104110108101 89 75 62 55 57 66 79 92102107103 94 80 63 47 38 39 51 68 8827 418NM 11611013 510799999999999999 716 551924 3799999999999999
105115116108 94 75 56 41 36 41 56 74 92106112109 99 84 66 52 45 49 64 8427 419NM 13611714 911299999999999999 758 3620 7 4599999999999999
103118124118103 82 58 36 22 20 30 50 74 96111116112101 85 69 57 54 62 7927 420NM 2 112415 311699999999999999 839 192047 5499999999999999
100118129128115 93 67 40 18  7 10 26 51 78100114118112100 85 72 64 65 7627 421NM 227130155111899999999999999 919  72125 6499999999999999
 95115130134127108 80 51 25  6  0  8 29 57 84105115116109 97 85 76 72 7627 422NM 253134163411799999999999999 958  022 1 7299999999999999
 90109127136134120 96 67 38 14  1 -1 12 37 66 90107113111103 93 85 80 7927 423NM 3201371715114999999999999991037 -22234 7999999999999999
 87102120133137129110 83 54 28 10  1  4 22 48 75 94106109105 97 90 85 8427 424NM 3471371754109999999999999991114  023 0 8499999999999999
 86 96112127134132119 98 72 45 23 10  6 14 34 59 81 95102103 98 93 89 8727 425NM 4141351835103999999999999991151  62313 8799999999999999
 88 93104118128130123108 87 62 40 23 14 14 26 45 67 83 93 97 97 94 90 8927 426NM 4421301924 98999999999999991228 132313 8999999999999999
 89 92 98109119124122113 97 77 56 38 25 20 24 36 53 70 82 90 93 93 92 9127 427NM 5121242033 949999999999999913 7 202323 9199999999999999
 91 92 95101108114116112102 88 71 54 39 30 28 32 43 57 71 81 88 91 93 9327 428NM 5461169999999999999999999991352 28999999999999999999999
 93 93 94 96 99103106106102 94 83 69 55 44 37 35 39 48 59 71 81 88 93 9527 429NM 6301062347 96999999999999991447 35999999999999999999999
 96 95 94 92 91 91 93 95 95 94 89 81 70 59 50 43 41 43 50 61 73 83 92 9727 430NM 756 95999999999999999999999 434 9116 1 4199999999999999
 99 98 95 91 85 81 78 80 84 88 89 88 83 75 65 56 49 45 46 53 65 78 90 9827 5 1NM 010 9910 7 8999999999999999 6 7 781717 4599999999999999
103103 98 91 81 72 65 63 67 75 83 89 92 89 82 72 62 54 49 51 60 73 87 9927 5 2NM 0281031158 9299999999999999 648 631814 4999999999999999
106108104 94 81 66 54 47 48 57 70 83 94 98 97 89 79 67 58 54 58 69 84 9827 5 3NM 0461081313 9899999999999999 721 4719 0 5499999999999999
109114111100 84 65 47 34 30 36 51 69 88101106104 95 83 71 63 61 68 81 9627 5 4NM 1 6114141010699999999999999 753 301940 6199999999999999
111119119109 92 70 46 26 15 16 28 49 73 95109113109 99 86 74 68 70 79 9427 5 5NM 129120145911399999999999999 827 142018 6899999999999999
110122126120104 80 53 27  9  1  7 25 52 80102115117111100 88 78 75 80 9127 5 6NM 154127154311799999999999999 9 4  12055 7599999999999999
107123132130117 95 67 37 12 -4 -7  4 27 57 86107117117109 99 89 83 82 9027 5 7NM 222132162811899999999999999 944 -82132 8299999999999999
103120133137130111 85 54 25  2-11-10  5 33 64 91108115113106 97 90 87 8927 5 8NM 2521371715115999999999999991026-1322 8 8799999999999999
 99114129139137125103 75 45 17 -3-13 -8 11 40 69 92105110108102 96 91 9127 5 9NM 32413918 6110999999999999991111-132243 9099999999999999
 95106122134139133118 95 67 39 14 -3-10 -2 19 47 72 90101104103 99 95 9327 510NM 35813919 6104999999999999991157-102321 9399999999999999
 93 99111125133134126110 88 62 36 15  1 -2  8 28 52 72 88 97100 99 97 9527 511NM 4341352012100999999999999991245 -2999999999999999999999
 93 95101111122127125117102 82 59 38 20  9  8 19 37 56 73 87 96 99 99 9627 512NM 5151272117 9999999999999999 0 9 931335  799999999999999
 94 92 93 97105112115114107 96 79 60 43 29 20 20 29 44 61 77 90 9810110027 513NM 61111522 710199999999999999 123 921431 1999999999999999
 96 92 89 86 88 93 98102102 99 91 79 64 51 39 32 32 39 53 68 83 9610310527 514NM 744103224610599999999999999 3 6 861533 3199999999999999
101 95 88 81 75 73 76 82 88 93 94 90 82 71 61 51 44 43 49 62 78 9310411027 515NM 946 94232011099999999999999 449 731640 4299999999999999
109102 92 81 68 59 55 59 67 77 86 92 92 88 80 71 62 55 53 60 74 8910311427 516NM1137 93235411799999999999999 558 551741 5399999999999999
117112101 86 69 52 40 37 43 55 70 83 93 97 96 90 81 72 64 63 71 8510111427 517NM13 9 98999999999999999999999 649 371835 6399999999999999
122122113 97 76 55 35 23 22 31 48 67 85 98104103 97 88 79 72 73 82 9611227 518NM 029123141910599999999999999 734 211925 7299999999999999
124129124110 89 64 39 19  9 12 26 47 70 91104110109102 93 84 79 82 9210627 519NM 1 4129151411099999999999999 817  82012 7999999999999999
121131133123104 79 51 25  7  0  7 26 51 77 97110114110103 95 87 84 8810027 520NM 139133155911499999999999999 859  02058 8499999999999999
115129136133119 95 67 39 15  0 -3  9 32 59 85103112114109102 94 89 88 9427 521NM 214136164011499999999999999 940 -32141 8899999999999999
107122134137129111 85 56 29  8 -3 -1 16 42 69 92106112111105 99 93 89 9127 522NM 2481371718112999999999999991020 -42219 8999999999999999
 99113128136134122101 74 46 21  5 -2  6 26 53 78 96106109106101 95 91 9027 523NM 3211361757109999999999999991058 -22252 9099999999999999
 93104118130134128113 91 64 38 17  5  4 16 39 64 85 98105105102 97 92 9027 524NM 3541341837106999999999999991135  32321 8999999999999999
 90 96108121129128119103 80 55 32 15  8 12 28 51 73 89 99103102 98 93 9027 525NM 42712919191039999999999999912 9  82351 8999999999999999
 89 92 99110119123119109 92 70 48 29 18 15 24 40 61 79 92 99102100 96 9127 526NM 5 112320 3102999999999999991243 15999999999999999999999
 89 89 92 99107113114109 98 82 63 44 30 24 26 36 52 69 85 95101102 99 9427 527NM 541114204510299999999999999 033 881317 2399999999999999
 90 87 87 89 94 99103103 99 89 76 60 45 36 33 37 47 62 77 90 99103103 9927 528NM 633104212410499999999999999 140 871354 3399999999999999
 93 88 84 82 82 84 89 93 94 91 84 73 61 51 45 45 49 58 71 85 9710410710427 529NM 752 94215810799999999999999 330 811438 4499999999999999
 98 91 83 77 72 70 72 77 83 87 87 83 76 68 61 57 56 60 69 81 9410411011027 530NM 935 88223111099999999999999 5 0 701537 5699999999999999
105 96 86 75 64 57 54 58 66 76 84 88 88 84 78 72 68 67 71 79 9110311211527 531NM1125 8823 511599999999999999 553 541646 6799999999999999
113104 92 77 62 48 39 38 46 58 73 85 93 96 93 89 83 78 77 81 9010111211927 6 1NM1259 96234112199999999999999 636 381749 7799999999999999
120115102 85 65 46 30 22 24 36 54 73 90101105103 98 91 86 85 90 9911112127 6 2NM14 9105999999999999999999999 716 211843 8599999999999999
127125115 98 76 52 29 13  7 13 30 53 76 96108112110104 97 92 92 9710812027 6 3NM 01912715 411299999999999999 759  71933 9199999999999999
129133129115 93 66 39 14 -1 -4  6 27 54 81102114116113107100 96 9710411527 6 4NM 1 0133155411699999999999999 844 -52022 9699999999999999
127137139131112 86 57 27  3-11-12  3 28 59 86106116117113107101 9810010827 6 5NM 143139164311799999999999999 931-132111 9899999999999999
121134143142130108 80 49 19 -5-17-14  4 33 64 90107115115111105100 9710127 6 6NM 2251441732116999999999999991018-182159 9799999999999999
111125139145141127103 74 42 13 -8-18-11 11 41 70 93107113112108102 97 9527 6 7NM 3 914518211139999999999999911 5-182247 9599999999999999
100112127139143137121 97 68 38 11 -7-13 -2 22 50 76 95107111109103 97 9227 6 8NM 35314319 5111999999999999991150-132337 9199999999999999
 91 98111125134136129113 90 63 36 13 -1 -2 12 36 61 83100108110106 99 9227 6 9NM 4411361943110999999999999991233 -3999999999999999999999
 87 86 93105117125125119105 84 60 37 19 10 14 29 51 74 92105111110103 9427 610NM 535126201711299999999999999 033 861315 1099999999999999
 86 80 80 85 96106112113108 96 79 59 42 31 26 32 47 67 8710211211511010027 611NM 642113204911599999999999999 137 791357 2699999999999999
 89 80 73 70 74 82 91 98100 98 90 77 63 52 45 44 51 65 83 9911211811810927 612NM 8 5100212311999999999999999 254 701442 4499999999999999
 97 85 73 63 58 60 67 77 85 90 91 87 79 72 66 62 61 68 81 9611012012411927 613NM 941 92215912499999999999999 414 581533 6199999999999999
109 95 80 65 52 45 46 54 64 75 84 89 89 87 83 80 77 76 82 9310711912612727 614NM1133 90223912799999999999999 523 441636 7699999999999999
121108 91 73 55 40 32 33 43 56 70 83 91 95 96 95 92 88 87 9210211412413027 615NM1343 96232513199999999999999 620 311742 8799999999999999
129121106 87 65 44 28 20 24 36 52 70 86 97104105104100 95 94 9910811912827 616NM1458105999999999999999999999 711 201846 9499999999999999
133131121103 80 56 34 18 12 18 33 53 74 92105111111109104 99 9710211112227 617NM 015133154011299999999999999 758 121946 9799999999999999
132136132119 98 73 47 24  9  7 16 35 59 81100111115114110104 99 9810311427 618NM 1 4136161411599999999999999 844  62041 9899999999999999
126135138131115 91 64 37 16  4  5 18 41 67 89106114116113107101 97 9710427 619NM 149138164611699999999999999 927  22127 9699999999999999
117130138138128109 83 54 28  9  1  7 25 51 76 97110115114109103 97 94 9627 620NM 23013917181159999999999999910 7  122 6 9499999999999999
106120133139136122100 73 44 20  5  2 13 35 62 86102111113110104 97 92 9127 621NM 3 91391750114999999999999991044  12241 9199999999999999
 97109124134137130113 90 62 35 15  5  8 24 49 74 94107112111105 98 91 8827 622NM 3451371820112999999999999991117  42313 8899999999999999
 90 98111125132131120102 78 51 28 13 10 19 38 63 86101110112108100 92 8627 623NM 4211321848112999999999999991148  92348 8599999999999999
 85 89 99111122126121109 90 67 43 26 17 20 34 55 78 96108113111104 95 8627 624NM 4581261914113999999999999991216 17999999999999999999999
 82 82 87 97108115117111 98 80 59 40 29 28 35 51 72 91106113114109 99 8927 625NM 540117193811499999999999999 029 811241 2799999999999999
 81 77 78 83 92101107107101 89 73 56 44 39 42 53 69 87103113117114105 9427 626NM 63210720 111799999999999999 121 7713 7 3999999999999999
 83 75 72 72 76 84 92 97 98 93 84 71 60 54 54 59 70 8510111311911911210127 627NM 738 98202712099999999999999 228 711334 5399999999999999
 88 77 68 63 62 66 74 82 89 92 90 84 76 70 68 70 76 86 9911112012311911027 628NM 9 4 92205712399999999999999 344 6214 4 6899999999999999
 97 83 70 60 52 50 54 63 74 83 89 91 89 86 83 83 85 90 9911012012512612027 629NM1052 91213212699999999999999 451 501444 8399999999999999
108 94 78 62 48 39 36 42 53 67 80 90 95 97 97 96 96 9710010811712513012827 630NM1315 97221813099999999999999 550 3616 5 9699999999999999
121108 91 72 53 36 25 22 29 44 61 79 9310210610710610510510711412313013427 7 1NM1454107231613499999999999999 645 22174110499999999999999
132124109 90 67 44 24 11  9 19 37 59 80 9810911411511311010811111712613427 7 2NM1541115999999999999999999999 739  8185810899999999999999
139137128111 88 61 35 12 -1 -2 11 33 59 8410311411911811511010811011812827 7 3NM 020139162111999999999999999 832 -320 410899999999999999
138144143132112 85 56 26  2-11 -9  7 33 63 8910811712011811310710410711627 7 4NM 121145165712099999999999999 922-1221 310499999999999999
129142148146133111 82 50 19 -5-16-10 10 40 70 95112119119114107100 9710227 7 5NM 21714917291209999999999999910 9-162155 9799999999999999
114130143150146131107 77 44 14 -8-14 -4 21 51 81103116119116108 98 91 8927 7 6NM 3 91501758119999999999999991053-142244 8899999999999999
 96110128141146141126101 70 39 12 -4 -5 10 37 67 93111119119111 99 88 8027 7 7NM 4 11461825120999999999999991134 -72333 7999999999999999
 80 89105123135138132117 92 64 37 16  6 11 31 58 85106119122117104 90 7827 7 8NM 4531381850123999999999999991211  6999999999999999999999
 71 72 82 98114124127121106 84 60 40 27 24 34 55 80103118126124113 97 8127 7 9NM 549127191712699999999999999 025 701245 2399999999999999
 69 63 64 74 89103111113108 96 78 61 49 43 45 58 78100117128130122108 9027 710NM 650114194313099999999999999 121 621316 4299999999999999
 75 63 56 57 66 79 90 98101 98 89 77 68 63 62 67 80 9811512713313011910327 711NM 8 0101201213399999999999999 224 551343 6199999999999999
 85 70 58 50 50 57 68 79 87 91 91 87 82 79 78 80 85 9711112413213412911627 712NM 925 92204613499999999999999 333 491352 7899999999999999
100 83 67 54 45 43 49 59 69 79 86 89 90 91 92 93 94 9910811912813313312727 713NM2128134999999999999999999999 443 42999999999999999999999
114 98 82 65 50 39 36 41 51 63 75 85 93 9810110310410410611312112813213227 714NM2225133999999999999999999999 550 36999999999999999999999
126114 98 80 61 44 32 29 34 46 61 76 8910010611011110910710811312012713227 715NM1549111233713399999999999999 650 28182110799999999999999
132127115 98 78 56 37 24 22 29 44 62 80 9610711411611411010610611111812727 716NM16 1116999999999999999999999 743 21193510699999999999999
133135129116 96 72 48 28 17 16 27 46 67 8810411411811711210710210210811827 717NM 044135161611899999999999999 831 15203010299999999999999
129137138130113 90 64 39 19 10 14 29 52 76 96111118118114107100 96 9810727 718NM 138138163511999999999999999 913 102113 9699999999999999
120133140139128108 82 54 29 12  7 16 36 62 86105115119115108100 93 91 9627 719NM 223141165711999999999999999 951  72150 9199999999999999
108123136141137122 99 71 42 20  8  9 24 49 75 97112118117110100 91 85 8627 720NM 3 31411719119999999999999991024  72224 8599999999999999
 95110126137139130112 87 58 33 15 10 18 39 65 90108117119113102 90 82 7927 721NM 3411391740119999999999999991054 102256 7999999999999999
 83 95112127134132121100 74 48 28 17 19 34 58 83104117121117106 92 81 7427 722NM 4171351758121999999999999991120 172330 7399999999999999
 74 81 96112124128123109 88 64 42 29 27 35 54 78101116123121111 97 82 7227 723NM 4551281815123999999999999991143 26999999999999999999999
 68 70 80 95110119120113 98 78 58 43 38 42 56 76 98116125125117103 87 7327 724NM 536121183212699999999999999 0 6 6812 4 3899999999999999
 64 63 67 78 93105112111103 89 73 59 52 53 61 77 96114126129123111 94 7827 725NM 623112185112999999999999999 047 621222 5199999999999999
 65 59 58 64 75 88 99104103 96 85 73 66 66 71 81 96113125131129119104 8627 726NM 720104191313199999999999999 137 581238 6599999999999999
 71 60 54 53 58 69 81 90 96 96 92 85 80 79 82 88 99111124131133127115 9827 727NM 835 97194013399999999999999 239 531247 7999999999999999
 82 67 56 49 46 51 60 71 82 89 93 93 91 91 93 9710311112113013413212511227 728NM1028 93201513499999999999999 352 461231 9199999999999999
 97 80 66 52 42 38 40 49 60 73 84 92 9710010310610911311912613213413212627 729NM21 6134999999999999999999999 510 37999999999999999999999
114 99 82 65 48 34 26 27 36 50 66 82 9410310911311511511712012613113513527 730NM2228135999999999999999999999 623 26999999999999999999999
130119104 85 63 42 24 14 14 25 42 63 83 9911011611911811611511712313013627 731NM1613119999999999999999999999 727 13185311599999999999999
139136126109 86 61 35 13  2  4 17 39 65 8810611612112011511010711011812827 8 1NM 0 4139161812199999999999999 822  120 410799999999999999
138144143132112 86 56 27  4 -6 -1 17 44 72 97113121121116107 99 9610011227 8 2NM 120145163012299999999999999 910 -72058 9699999999999999
127141148147134112 83 50 20 -1 -8  2 26 56 85108120123118107 95 86 83 9027 8 3NM 221149164712399999999999999 953 -82146 8399999999999999
106125141149146132108 77 44 16  0 -1 15 43 74101119125122110 95 80 71 7127 8 4NM 31615017 7125999999999999991032 -32232 6999999999999999
 81101122138145141125100 70 41 19  9 15 36 66 95117128128117100 81 66 5827 8 5NM 4 714517291299999999999999911 8  92318 5799999999999999
 60 74 96117132137131115 91 65 42 28 26 38 62 90115130134126110 89 69 5527 8 6NM 4581371752134999999999999991141 25999999999999999999999
 49 54 70 91110122125119103 83 64 50 43 47 63 88112130138135121100 78 6027 8 7NM 549125181513899999999999999 0 5 4912 9 4399999999999999
 48 44 50 67 86102111112106 94 79 68 62 62 70 88109128138140131114 92 7127 8 8NM 643113183914099999999999999 054 441230 6199999999999999
 56 45 43 50 64 80 93100101 96 88 81 77 77 81 91107123136140137125107 8627 8 9NM 74410119 514099999999999999 148 431229 7799999999999999
 69 55 46 44 50 62 74 84 90 92 91 88 87 89 92 9710611812913613713111910227 810NM 9 5 92193613799999999999999 249 441148 8799999999999999
 85 70 58 48 45 48 57 67 76 83 88 91 93 9710110410711312212913313212611627 811NM2020133999999999999999999999 359 45999999999999999999999
102 87 73 60 49 43 45 51 61 70 80 88 9510110610911111211411912412712712427 812NM2132128999999999999999999999 517 43999999999999999999999
116104 90 75 59 46 38 38 45 56 68 81 9310310911311411211011011411912412627 813NM1543114231612699999999999999 630 37182311099999999999999
125119108 92 74 55 40 31 31 40 54 70 8710111011511611310810410410811512327 814NM1540116999999999999999999999 728 30193410399999999999999
128129123110 91 69 48 31 23 26 38 56 77 95109117118115108100 96 9710411527 815NM 038130154611899999999999999 814 222020 9599999999999999
126133133125108 85 60 37 22 17 24 42 64 87105116119116108 98 90 87 9110227 816NM 134134155911999999999999999 853 172058 8799999999999999
117130137135123102 76 50 28 16 17 30 52 77 99114120118110 98 86 79 79 8727 817NM 219137161512199999999999999 927 142131 7899999999999999
103120134138133117 93 65 40 22 16 24 43 68 93112121121113 99 85 73 69 7327 818NM 259138163012299999999999999 957 1622 2 6999999999999999
 86105124135136127107 82 55 34 23 24 38 61 88109122124117103 86 71 62 6127 819NM 3361371645124999999999999991024 222233 6099999999999999
 70 88109126133130117 96 71 48 34 31 39 58 83107122127122109 90 72 58 5327 820NM 4131341659127999999999999991047 3023 5 5399999999999999
 57 70 91111125129122107 86 64 48 41 45 59 81105123130128116 97 76 59 4927 821NM 45112917141319999999999999911 8 412338 4799999999999999
 48 56 73 94112121121113 97 78 62 54 54 64 81103122132133123106 84 64 5027 822NM 5301231730134999999999999991126 53999999999999999999999
 44 46 57 75 95109115113103 89 76 67 66 72 84102120133136130115 95 73 5627 823NM 613115174913699999999999999 014 431141 6599999999999999
 45 42 46 59 76 92103107104 96 86 79 77 81 89103118131137134124106 86 6727 824NM 7 4107181013799999999999999 057 421148 7799999999999999
 53 44 42 46 58 72 85 94 98 97 92 88 87 90 96105116128136136130118101 8227 825NM 815 98183613799999999999999 152 421142 8799999999999999
 66 54 45 41 44 53 64 75 84 89 92 93 94 9810310911612413113513312611510027 826NM1910135999999999999999999999 3 7 41999999999999999999999
 84 69 57 46 39 38 43 52 63 74 84 91 9710310811311612012412913113012511627 827NM20 9131999999999999999999999 439 38999999999999999999999
104 90 75 60 45 33 28 31 40 53 69 83 9510511111511711611611812212612812727 828NM2217128999999999999999999999 6 8 28999999999999999999999
122112 98 81 61 41 25 17 20 31 49 69 8810311211711711410910610811312112827 829NM1532117999999999999999999999 714 17191010699999999999999
132130121105 84 59 35 16  8 14 30 52 76 97112118118113104 95 91 9510411727 830NM 015132152711999999999999999 8 5  820 3 9199999999999999
130137137128109 84 55 29 10  6 16 37 63 90110120121114102 88 77 74 81 9627 831NM 130139153412299999999999999 849  52048 7499999999999999
115132142141130108 81 51 25 11 11 27 53 81106122126119105 87 69 59 58 7027 9 1NM 228143155012699999999999999 928  92131 5799999999999999
 90113133143141127104 76 48 27 19 26 46 75103123131127113 92 69 51 43 4627 9 2NM 32114316101329999999999999910 4 192214 4299999999999999
 63 87112131139135120 97 71 49 35 34 46 71 99122135136123102 77 53 37 3227 9 3NM 4101391631137999999999999991037 322256 3299999999999999
 39 60 86111126132126110 90 70 55 48 53 70 96120137141134115 89 63 42 2927 9 4NM 45813216541419999999999999911 7 482339 2799999999999999
 27 39 61 87107119121115101 85 72 65 65 74 93116135143141127105 78 54 3727 9 5NM 5451221716144999999999999991132 64999999999999999999999
 28 29 43 65 87102110110104 93 84 78 78 82 94112130141143135118 94 70 5127 9 6NM 633111173914399999999999999 023 271143 7799999999999999
 38 32 36 49 68 85 96101100 96 90 87 87 90 96108123135140136126108 87 6827 9 7NM 72710118 514099999999999999 110 321119 8799999999999999
 53 43 39 43 54 69 81 88 92 93 92 91 93 97101107116126132133128117102 8527 9 8NM 847 93183613499999999999999 2 3 391046 9199999999999999
 70 58 49 45 48 56 66 75 81 87 90 93 9710110510811211712212512512011210027 9 9NM1918126999999999999999999999 3 9 45999999999999999999999
 87 75 64 54 48 48 53 60 69 77 85 92 9810410811011011011211511711811611127 910NM2045118999999999999999999999 434 47999999999999999999999
103 92 80 67 55 47 44 47 54 65 76 88 9810611011211010710410310611011411527 911NM145711223 411599999999999999 6 0 44183610399999999999999
114107 97 83 67 52 41 37 41 51 65 81 95106113114111105 98 93 93 9810611427 912NM1449114999999999999999999999 7 0 371929 9399999999999999
119119112 99 82 63 45 34 31 38 53 71 89105114117113105 95 85 81 84 9310627 913NM 031119145411799999999999999 745 3120 5 8199999999999999
117124123115 98 77 56 38 28 30 42 61 83101114119116106 93 80 71 70 78 9227 914NM 12712515 511999999999999999 821 282038 6999999999999999
108122129126114 94 70 48 33 28 36 53 76 98114122120110 94 77 63 57 61 7427 915NM 213129151812299999999999999 854 2821 8 5799999999999999
 94113127132125109 87 63 44 34 35 48 70 94113124124115 98 77 59 48 47 5627 916NM 254132153112599999999999999 923 332137 4699999999999999
 75 99119131131121102 79 58 44 41 48 66 90112126129121104 82 60 43 36 4127 917NM 333132154612999999999999999 949 4022 7 3699999999999999
 56 80105123131127114 94 73 57 50 53 66 87110127133128112 90 65 44 31 3027 918NM 41013116 1133999999999999991012 502239 2999999999999999
 40 60 86110124128120105 87 71 61 61 69 86108126136134121100 74 50 33 2527 919NM 4471281619137999999999999991034 602312 2599999999999999
 28 43 67 92112122121112 97 83 73 70 75 87105124137138129111 86 61 40 2727 920NM 5251231638139999999999999991052 702349 2499999999999999
 24 31 49 73 95110115112103 92 83 80 82 90104121135140135121100 75 53 3627 921NM 6 711516591409999999999999911 4 80999999999999999999999
 28 27 37 54 75 93103106103 97 90 88 89 95104118131138137128112 91 69 5127 922NM 7 0106172213999999999999999 033 2611 4 8899999999999999
 38 31 32 41 56 72 85 93 97 96 94 93 95100106115125133135131120105 87 6927 923NM 821 97174913699999999999999 127 311046 9399999999999999
 54 43 36 35 41 52 64 75 84 89 93 96 99104108113119125129129124115103 8927 924NM1825129999999999999999999999 239 35999999999999999999999
 74 61 49 40 36 38 45 55 66 77 87 9510110611011211311511712012011811410627 925NM1943120999999999999999999999 412 36999999999999999999999
 95 83 69 55 42 33 32 37 48 62 77 9110110811211210910510310410811211511627 926NM1433112224611699999999999999 544 31181110399999999999999
113105 92 76 58 41 29 26 33 47 65 84100110114113107 98 90 86 88 9610511527 927NM1414114999999999999999999999 648 2619 9 8699999999999999
121121114 99 81 59 39 26 25 35 54 75 96112119117109 96 81 70 66 72 8510127 928NM 030122141711999999999999999 736 241951 6699999999999999
117127128120104 82 59 39 28 31 46 68 92112123124114 98 78 60 48 48 59 7827 929NM 139129143212599999999999999 818 272032 4699999999999999
100120132132123104 82 59 42 36 43 62 87111127132124106 83 59 39 30 34 5027 930NM 235133145213299999999999999 856 362113 2999999999999999
 75102123134133121102 80 61 49 48 61 83108128138134119 94 66 40 23 17 262710 1NM 325135151513899999999999999 932 472154 1799999999999999
 48 77104124132129116 98 80 66 60 64 81104126140142131109 80 51 27 13 122710 2NM 41313215391439999999999999910 6 602234 1199999999999999
 26 52 81106122127122109 94 81 73 72 81100122139146140123 96 66 40 20 112710 3NM 45812716 3146999999999999991037 722315 1199999999999999
 15 32 59 86107117119113102 91 85 82 85 97115134144144133112 85 57 35 202710 4NM 54111916281459999999999999911 2 822355 1699999999999999
 16 23 43 68 90104111110104 97 91 90 91 97109125138142136122100 75 52 352710 5NM 6251111654142999999999999991110 90999999999999999999999
 26 24 34 53 74 90 99103102 98 95 94 95 99105117129135134126111 91 70 532710 6NM 716103172113699999999999999 037 241046 9499999999999999
 40 34 35 45 61 76 87 94 97 97 96 96 98101104110119126128124116103 86 702710 7NM 835 97175312899999999999999 123 331023 9699999999999999
 56 47 42 43 51 63 74 83 89 93 96 98100103105107110114117118114108 98 862710 8NM1833118999999999999999999999 218 42999999999999999999999
 73 62 53 48 48 53 61 71 79 87 94 99103105107106105104105107108107104 972710 9NM141110720 610899999999999999 332 48165410499999999999999
 88 78 67 58 51 49 51 58 68 79 90 98105108109107102 97 93 93 96100103104271010NM1338109224110499999999999999 5 2 491830 9399999999999999
101 93 83 71 60 51 47 49 57 70 84 96106112112108101 92 83 79 81 88 96104271011NM1336113999999999999999999999 611 461910 7999999999999999
107106 99 87 73 60 49 45 49 61 77 93106114116112102 89 76 67 65 72 83 97271012NM 017108134611699999999999999 659 451942 6599999999999999
108114112103 89 73 58 48 47 55 70 88105116121116105 89 71 57 51 54 66 83271013NM 119114135912199999999999999 738 462011 5099999999999999
101114120117106 89 71 57 51 54 66 84103118125122111 92 71 51 39 37 46 65271014NM 2 8120141412599999999999999 812 502040 3699999999999999
 88108122125119105 87 70 59 57 65 81100118129129119 99 75 51 33 24 28 44271015NM 250125143113099999999999999 842 572111 2499999999999999
 69 95116127127118102 85 71 65 67 79 98117131135127109 84 57 33 18 15 26271016NM 330129145013599999999999999 911 642143 1599999999999999
 48 76103122129125114 98 83 74 73 80 96115132140136121 97 68 41 20 10 12271017NM 4 8129151114099999999999999 939 722218  999999999999999
 28 55 85109124127120108 94 84 80 83 94111129141142131110 83 54 29 13  7271018NM 44612715341439999999999999910 4 802256  799999999999999
 15 35 64 91111121120113102 93 88 88 95108125139144138122 99 71 45 24 11271019NM 5271221559144999999999999991027 872337  999999999999999
 10 21 44 70 93108114112106 99 94 93 97105119134142141131113 89 63 40 24271020NM 6151141625143999999999999991042 93999999999999999999999
 15 16 29 50 73 91101106105101 98 98100105114126136139134122104 82 60 42271021NM 717106165313999999999999999 023 141042 9899999999999999
 28 21 24 36 54 71 85 94 99101100101102105110117126131131125114 98 80 62271022NM1727132999999999999999999999 116 21999999999999999999999
 47 35 29 31 40 54 68 80 90 97100103104106107110114118121120116108 97 83271023NM1816121999999999999999999999 219 29999999999999999999999
 68 55 44 37 36 42 53 66 79 90 99104107108106104102102104107109109106 99271024NM1253108203110999999999999999 337 36162710299999999999999
 89 77 64 53 43 40 44 54 68 83 96106111111108102 94 87 85 87 92 99104107271025NM123311123 410799999999999999 459 4018 2 8599999999999999
105 97 87 74 60 49 44 48 59 75 92106115117112103 91 77 67 64 69 79 92103271026NM1245117999999999999999999999 6 4 441851 6499999999999999
111112106 96 81 66 54 49 55 69 88105119125121110 93 74 56 45 44 54 70 89271027NM 03911313 612599999999999999 656 491933 4399999999999999
106117120114102 87 71 60 58 67 84103120131131121102 79 55 35 25 29 44 66271028NM 148120133213299999999999999 740 572014 2599999999999999
 90111123125119106 91 76 68 69 81 99119134139133115 90 62 36 17 11 20 41271029NM 244126135913999999999999999 822 672055 1199999999999999
 68 95116127128120107 93 81 76 81 95115133144143130106 77 46 21  6  5 18271030NM 333129142814599999999999999 9 2 762136  399999999999999
 44 74101119128126117105 94 86 85 93109128143148141122 95 63 34 13  2  5271031NM 418128145714899999999999999 940 842216  199999999999999
 24 52 82106120125121112103 95 91 93103120137147147135112 83 52 27 10  42711 1NM 5 01251527149999999999999991016 912256  499999999999999
 13 34 63 90108118120115107101 96 95100112128142146140125100 72 45 25 122711 2NM 5411201556146999999999999991047 952335 1099999999999999
 11 24 47 74 95108114113108103 99 98 99106118132141140131113 90 64 42 262711 3NM 6241141626142999999999999991111 98999999999999999999999
 19 22 37 59 81 97105109108104101 99100102110121131134130119102 81 59 422711 4NM 712109165713499999999999999 013 181125 9999999999999999
 31 27 34 49 68 85 96103105105102101101102105111119125125119109 93 75 582711 5NM 815105173112599999999999999 052 27114310199999999999999
 45 37 37 44 58 73 86 95101104104103103102102104108112114113109100 88 742711 6NM 936105181511499999999999999 133 36131010299999999999999
 60 50 45 46 52 63 76 87 96103106107106104102100 98 99100102103101 95 862711 7NM1049107194110399999999999999 223 451622 9899999999999999
 76 65 58 54 54 58 67 79 90100107110110107103 98 92 87 85 88 92 95 96 952711 8NM11301112158 9699999999999999 330 531753 8599999999999999
 89 81 73 66 61 60 63 72 84 96106113115112106 97 87 78 71 71 76 84 92 972711 9NM11571152351 9999999999999999 448 601836 7099999999999999
 99 96 89 81 73 67 65 69 79 92105115119118112100 86 71 59 54 57 67 80 93271110NM1220120999999999999999999999 551 6519 8 5499999999999999
102106104 97 88 79 72 71 77 89103115123125119106 89 69 52 40 39 47 63 82271111NM 1 8106124312599999999999999 640 711940 3899999999999999
 99111115112104 93 83 77 79 87100115126131128116 96 73 50 32 24 27 42 64271112NM 2 411513 713199999999999999 721 772012 2499999999999999
 88107119122118108 96 87 83 87 98113127136137127108 83 56 32 16 12 21 42271113NM 250123133313899999999999999 759 832047 1199999999999999
 69 96116126126119108 97 90 90 97109125138143138122 98 68 40 16  4  5 20271114NM 33212714 214399999999999999 834 892125  399999999999999
 46 77103121128126118107 98 94 97106121136146147136114 86 55 27  6 -2  4271115NM 412128143214899999999999999 9 9 9422 6 -299999999999999
 24 53 84109123126122114106100 98103115131145151146130105 75 45 19  2 -3271116NM 45512615 415199999999999999 944 982249 -399999999999999
  8 31 61 90110120122117110104101102109123138149150141122 96 66 38 15  2271117NM 54212215371519999999999999910191012333  099999999999999
  1 15 40 68 92108116116113108104102105114128141147144133113 88 60 36 16271118NM 6361171612147999999999999991055102999999999999999999999
  6  9 25 49 73 93106112112110106104103107116128137140135123105 82 58 37271119NM 736113165014099999999999999 018  6113810399999999999999
 22 15 20 36 57 78 94105110111108105103102106113122128129124114 98 79 59271120NM 836111173812999999999999999 1 5 15124310299999999999999
 43 31 27 33 47 65 82 97107112111108104101 98 99103109114115113106 94 80271121NM 927112185411599999999999999 155 271419 9899999999999999
 65 52 43 41 46 58 74 89103112115114109102 96 90 87 88 93 98102104102 95271122NM10 8116205810499999999999999 252 411610 8799999999999999
 85 74 65 57 55 58 69 84 98111119121116108 98 86 76 69 69 75 83 92 98101271123NM104412123 210199999999999999 358 541730 6999999999999999
 99 93 86 78 71 67 70 81 95109121127126118105 90 73 58 50 51 59 72 85 97271124NM1121127999999999999999999999 5 5 671825 4999999999999999
104106103 98 90 82 78 81 92106120130134130117 99 79 57 40 32 35 48 65 84271125NM 049106115813499999999999999 6 6 781912 3299999999999999
100111115113107 99 91 87 92103117130139140131114 91 65 41 24 18 25 42 64271126NM 2 8115123714199999999999999 7 0 871957 1899999999999999
 87106118122120113105 97 95100112126139146143130108 80 52 27 11  9 20 42271127NM 3 5122131614699999999999999 750 942040  899999999999999
 68 93113124126123115107100100106119134146150143125 99 69 40 17  4  6 22271128NM 350127135415099999999999999 839 992123  399999999999999
 48 76101118127127122114107102103111126141150150139118 89 58 31 11  2  9271129NM 430128143115299999999999999 92410122 4  299999999999999
 30 58 86108121126124118111105102105116131145151147132108 78 49 24  8  5271130NM 5 712615 71519999999999999910 41022243  599999999999999
 17 41 70 95112121123119113107102101107120136147148140122 97 68 41 21 102712 1NM 54412315411499999999999999910401012320  999999999999999
 12 29 54 81101114120119114108103100102110124137144141130111 86 59 36 202712 2NM 62112016151449999999999999911131002354 1599999999999999
 16 23 43 68 90106115117115109104100 99103112124134137131118 99 75 52 342712 3NM 6581171649137999999999999991145 99999999999999999999999
 24 25 37 57 79 98109115116112106101 98 99103111121127126119106 88 68 492712 4NM 737116172712799999999999999 026 231225 9899999999999999
 37 33 38 52 71 89104113116115110104 99 97 97100106113116114108 96 81 642712 5NM 814116181311699999999999999 056 331324 9699999999999999
 51 45 45 53 66 82 98110116118115109102 97 93 92 93 97101104104 99 90 792712 6NM 849118192210599999999999999 126 4415 4 9299999999999999
 67 59 57 59 67 79 93106115120119114107 99 92 86 82 81 84 89 94 96 95 892712 7NM 92412021 6 9699999999999999 2 0 571641 8199999999999999
 82 75 71 70 73 79 90102114121123121114104 94 83 74 68 67 71 79 87 93 952712 8NM 95812323 8 9599999999999999 245 701741 6799999999999999
 94 91 87 84 83 85 91100111121127127122112 99 85 71 59 52 52 60 72 84 952712 9NM1034127999999999999999999999 356 831825 5199999999999999
101103102 99 96 93 94100109120128132130123109 92 73 55 41 35 39 52 68 86271210NM 1 2103111413299999999999999 516 9319 5 3599999999999999
100110113112109104101102108117127135138134122105 83 60 39 25 21 30 47 69271211NM 215113115713899999999999999 6191011947 2199999999999999
 91108118122120115109106108114124135142144137121 99 72 45 23 11 11 23 45271212NM 3 4122124114499999999999999 7131062030  999999999999999
 72 97115125127123117112109111119131142149149138118 91 61 33 11  0  4 21271213NM 347127132515099999999999999 8 31092115 -199999999999999
 48 77103120128128123117111110114124137149155151137113 83 51 22  1 -6  2271214NM 43012814 915599999999999999 85011022 0 -699999999999999
 24 54 84108122128126121114109109115127142154158151133107 75 43 15 -4 -8271215NM 513128145215899999999999999 9361082244 -899999999999999
  5 31 62 90111123126123117110106107115129145155156146126 99 67 36 11 -3271216NM 55512615351579999999999999910221052326 -599999999999999
 -2 15 42 72 97114123123118111105101104114129143151149138118 91 61 33 12271217NM 63512416191529999999999999911 9101999999999999999999999
  3  9 29 57 83104118123121114105 99 96 99110125137142139127108 83 57 35271218NM 71012317 814299999999999999 0 7  312 0 9699999999999999
 20 17 27 47 73 95112122124118109 99 92 89 93103116125129126116 99 78 58271219NM 74312418 512999999999999999 046 161258 8999999999999999
 42 34 35 47 67 89108121126124116104 94 86 82 84 92102111114113106 93 78271220NM 814127191811599999999999999 124 331410 8299999999999999
 64 55 52 55 68 86104119128130125113100 88 79 72 72 78 87 95101103 99 92271221NM 846130205210399999999999999 2 2 521532 7299999999999999
 83 76 72 71 75 86102117128134133124111 97 83 70 61 59 63 72 82 90 96 97271222NM 9211352250 9799999999999999 245 711649 5999999999999999
 95 93 90 89 88 92101114126135138135125110 94 77 61 49 45 50 60 72 84 94271223NM10 2138999999999999999999999 344 881755 4599999999999999
101103104104103101103111121132139141137125109 90 69 50 37 33 39 51 67 83271224NM 223105105214199999999999999 5 41011852 3399999999999999
 98107113115115112109110116126135142144139126107 85 61 40 26 23 32 48 67271225NM 318116114914499999999999999 6211091943 2399999999999999
 87104116122123120116112112118127137145147140125104 78 52 30 17 17 29 49271226NM 349123124614799999999999999 7281112030 1599999999999999
 72 94112123127126121115111111118129141149150141123 98 69 42 21 11 14 31271227NM 415127133715099999999999999 8261102114 1099999999999999
 55 80103119127128124118111107109118132144152150138117 89 59 32 14  8 16271228NM 441128142115399999999999999 9141072155  899999999999999
 38 65 91111123127125119112105103108120135148153148132108 78 48 24 10  9271229NM 5 712715 115399999999999999 9541032231  899999999999999
 24 49 77101117125126121113105100100108123139149150141122 96 66 38 18 10271230NM 5341261538151999999999999991029 9923 4 1099999999999999
 17 37 64 91110122125122114105 97 94 98109125139146143131110 83 55 32 19271231NM 55912516131469999999999999911 2 942333 1799999999999999
