152172183185177161142126118122137159181199207206193171144115 93 80 81 9327 1 1NS 239186142020899999999999999 8101182128 7999999999999999
113137160176184183174160147139139148163180194202201188167139110 85 70 6827 1 2NS 422185152020399999999999999 9271382238 6799999999999999
 80101129157179193196189175159147143147159175192202201189166135101 73 5627 1 3NS 54719616292039999999999999911 31432337 5399999999999999
 54 68 95130164191207210201182162145136140154174195207207192164127 88 5627 1 4NS 6432111729209999999999999991213136999999999999999999999
 40 42 62 98140180209223221205180154134126133153180204217213192156112 6927 1 5NS 723224181821899999999999999 024 3813 212699999999999999
 37 24 34 65109158200227235226201169139119116131159191217227217187143 9227 1 6NS 75623519 022799999999999999 1 5 24134011599999999999999
 47 19 14 34 7612918222124224122118815112110711213617220823123421417412227 1 7NS 827244193823699999999999999 141 13141410699999999999999
 68 26  5 12 45 9715520623924923720716813010510011514919022524123420315527 1 8NS 856249201224299999999999999 216  41446 9999999999999999
 98 45 10  1 21 66125184228250247224186145111 94 9912616720923824422518527 1 9NS 924252204524599999999999999 249  11516 9399999999999999
130 73 27  3  8 41 95157210243251237204162122 95 8910514118522424323820927 110NS 951252211724499999999999999 320  11547 8899999999999999
161105 53 18  8 26 70129187230249244219180137103 85 9011615820123123922427 111NS1017250215024099999999999999 351  71618 8499999999999999
188138 85 43 20 24 54105162211240246229196155116 89 81 9612917120922922827 112NS1043246222623199999999999999 422 181651 8199999999999999
205166119 74 43 34 50 87139189226241234209173133100 81 8210313917820822027 113NS111124123 622099999999999999 453 341727 7999999999999999
212187150109 75 56 57 80120166206229233218189152116 89 77 8410814317720027 114NS1140234235520799999999999999 527 5418 9 7799999999999999
207198174143111 87 77 85110146183211224220202172138106 83 74 8310713816727 115NS1216225999999999999999999999 6 5 7719 0 7499999999999999
187194188171147124107102111133161189208215208189162130101 79 70 77 9712427 116NS 1 119413 121599999999999999 65310220 4 7099999999999999
152174186186177162145131125130145165185199206201185160130 99 74 60 62 7827 117NS 23318714 520699999999999999 8 31252123 5999999999999999
104135163184194193184169153142139145158175191202202190166134 97 65 44 4027 118NS 424195153120399999999999999 9481392244 3999999999999999
 53 82120159191210216208190168149137136146166188206212203177139 93 50 2127 119NS 55321616552129999999999999911341352353 1299999999999999
 12 27 63112163206232240230205173143124120133160192218229220189141 84 3127 120NS 65424018 4230999999999999991244120999999999999999999999
 -5-14  5 51112176226256261244209166128105103123160203237249236198139 7127 121NS 74326219 124999999999999999 050-15133510199999999999999
 10-28-35 -7 51124195249275274246200149106 84 8811916721925626624719913127 122NS 826278195126699999999999999 141-361421 8299999999999999
 56 -8-43-42 -4 65146219268287274236181124 82 66 8012218023527027424719227 123NS 9 5287203927699999999999999 228-4815 3 6699999999999999
117 41-18-45-34 15 92174241280286262214154 98 62 55 8013119324627427123727 124NS 942288212427799999999999999 313-461544 5499999999999999
177103 33-16-32 -8 49127203257281273239184125 75 49 53 8714320324826725627 125NS101528222 826799999999999999 354-321623 4799999999999999
218159 92 34 -1 -2 31 92163225261269250208153 99 60 45 5910015420624024927 126NS1046270225124999999999999999 433 -617 1 4599999999999999
233195143 88 46 28 38 77135193235254248220176126 82 55 51 7211216019922227 127NS1114255233622599999999999999 5 9 271740 5099999999999999
224207174133 95 69 64 83121168209233237222190150108 76 59 63 8512015718527 128NS1141238999999999999999999999 543 631820 5899999999999999
199198184160133110 98102123154187211221216196167133102 78 69 75 9412014627 129NS 02720012 822199999999999999 616 9819 7 6899999999999999
166177178171158143131128134150171190202204196178155128104 86 78 82 9411227 130NS 137179124220499999999999999 6531282011 7899999999999999
131149161168169166159153151154162172181187188183171153133111 93 82 80 8627 131NS 342169134018999999999999999 7581512146 7999999999999999
 99117137155170178181177171164159158161167175180181174161141117 94 77 6827 2 1NS 55218115371819999999999999910461582316 6899999999999999
 71 85107135161182195198191178163150144146155169182189186171146116 86 6227 2 2NS 6451981713189999999999999991217144999999999999999999999
 51 56 76107144177202213210196174150133127133151174194204199178145105 6827 2 3NS 718214181120499999999999999 013 51125912799999999999999
 42 33 45 76118163200223227215189158130113112129157189212220208177133 8627 2 4NS 745228185322099999999999999 055 33133111099999999999999
 45 21 21 45 88141190225239233208172134106 9610613517321023123120816611327 2 5NS 811240193023499999999999999 130 1814 0 9699999999999999
 60 22  7 20 58113171218245247227189146107 85 8611015019623224523419814527 2 6NS 83524920 324599999999999999 2 3  71428 8299999999999999
 86 35  5  4 32 84147205243256243209162115 81 70 8512317322024825022517927 2 7NS 859256203425399999999999999 233  11456 7099999999999999
119 60 17  0 15 58120185234258255226181129 85 62 65 9414319723925624520827 2 8NS 92226021 625699999999999999 3 2  01524 6099999999999999
154 93 41 10 10 40 95161219254261241200148 97 62 51 6811116621824925323027 2 9NS 944262213825499999999999999 331  61553 5199999999999999
186129 73 33 18 33 76137198242259250217168115 71 47 50 8013118622924824027 210NS10 7260221224899999999999999 4 0 181623 4599999999999999
209163110 65 38 39 66116174224251251228187136 88 54 43 58 9614819722923727 211NS1031254224923799999999999999 430 351656 4399999999999999
222189145101 69 57 69104152201234245233202158111 71 48 47 6911015719721827 212NS1057245233422299999999999999 5 1 571733 4499999999999999
220203173137106 86 85103137178212230229210177137 97 66 51 55 7911615518527 213NS1126232999999999999999999999 534 831817 5099999999999999
201202188166142122112115133160188209217210191161128 95 70 58 61 8010914027 214NS 03220312 221799999999999999 6151111917 5799999999999999
165182188183172158146139141151167184196200195181159132104 79 63 60 70 9027 215NS 2 218813 020099999999999999 7181392044 5999999999999999
117144167183190189182171161155155159168178187190185171148118 88 62 48 4927 216NS 422190145619099999999999999 9341542228 4699999999999999
 64 92126161189207213207191172154142140148164182197202192168132 90 52 2727 217NS 55821316522029999999999999911441402346 2199999999999999
 21 37 72119167207232238226201168138118115129156189216227217187140 85 3427 218NS 65023818 4227999999999999991242114999999999999999999999
  2 -5 18 65126186233257257234195149110 89 91116159205240253238198138 7127 219NS 730260185925399999999999999 043 -61325 8799999999999999
 14-20-21 13 73146214259277265228175120 78 61 7411417122726427225019912827 220NS 8 5277194627399999999999999 131-2514 5 6199999999999999
 55 -3-31-21 25 98177243280284258207143 85 48 41 6812218924728028024818827 221NS 838286203028499999999999999 215-321442 4099999999999999
113 40-10-27 -3 55134211266288277236174107 53 26 33 7413820826128427423427 222NS 9 9288211228599999999999999 255-271519 2599999999999999
170 97 34 -4 -5 31 97175240277281254202137 74 31 18 39 9015822126327425627 223NS 937283215227499999999999999 332 -91554 1899999999999999
211150 86 38 18 31 77143209256273260221164102 51 22 24 5611217522525325327 224NS10 3273223125699999999999999 4 7 181627 1999999999999999
229186133 85 55 51 76124182230256254229184130 78 41 27 41 8013218321823327 225NS1027258231023399999999999999 438 4917 0 2799999999999999
226201164125 94 81 90120163206234242227195152106 67 45 44 6510214518120327 226NS1049242235120899999999999999 5 7 811733 4199999999999999
208199178152128112111126155187213224219199167131 96 71 59 65 8611514516927 227NS1112224999999999999999999999 5341101811 5999999999999999
182185178166151140135139154174192204205195176151124100 84 77 83 9811713627 228NS 045185113620699999999999999 6 213519 2 7799999999999999
152163168169166161157156160167176183186185177165149131113 99 92 91 9710727 3 1NS 234169121318699999999999999 6461562034 9099999999999999
121136150163172176177174170167164164165168170171167158145128111 96 87 8527 3 2NS 53817714361719999999999999910521642246 8499999999999999
 91105126149170186194193185173160149144146155167177180175160138112 88 7227 3 3NS 62619416571809999999999999912101442352 6799999999999999
 67 76 97127160188206211203185163141126124134153176193200191169137102 7027 3 4NS 6532111757200999999999999991241123999999999999999999999
 51 50 68101142182212226222202172140115104110132164195215218202169126 8227 3 5NS 716226183921999999999999999 034 4813 810399999999999999
 48 33 42 73119169211235239221188147110 88 8610614318522023723020215710427 3 6NS 739240191423799999999999999 1 8 331334 8499999999999999
 57 28 24 47 92149202239252240207161113 78 65 7811416421224425223319113627 3 7NS 8 0252194625299999999999999 139 2214 1 6599999999999999
 79 35 16 27 66124186235259256227179125 77 51 52 8213319223926225722417227 3 8NS 822261201826399999999999999 2 9 161427 4899999999999999
111 56 23 18 45 99164223260267246201143 86 46 33 51 9715921925926925120827 3 9NS 844268205027099999999999999 238 161455 3399999999999999
149 89 43 23 35 77139204251270259222166104 52 24 27 6112018724126826523627 310NS 9 7270212427099999999999999 3 8 231525 2199999999999999
186127 74 42 37 64116179234264265238189128 70 29 15 34 8114620825026525127 311NS 931268215926599999999999999 338 351556 1599999999999999
215165112 72 54 64100154210249261246208154 96 47 19 20 5010316521724725027 312NS 956261223825299999999999999 4 9 541629 1699999999999999
231194150109 82 78 97137185226248245220178126 76 39 23 34 6912117321323227 313NS1022250232323399999999999999 442 7717 6 2399999999999999
230210179145117103108130165201227234222194154110 71 44 37 51 8412716719727 314NS1052234999999999999999999999 5171031751 3799999999999999
210209195174152135129136154179201214214200176144110 80 59 53 63 8811915027 315NS 023211112921599999999999999 6 01291852 5399999999999999
174189194190181169158153155163176187194194187172150124 98 77 65 66 7810027 316NS 2 0194123419599999999999999 7151532027 6499999999999999
127153176191198197190178167159156158165174183186182169147119 90 67 56 5927 317NS 42319915 21869999999999999910 51562218 5599999999999999
 77106141174201216219209189166146133131141161182199205196171135 95 59 3827 318NS 54121916542059999999999999911381302333 3599999999999999
 37 57 95142187222239238218186150118101103124157194222233222190142 89 4427 319NS 62524118 0233999999999999991224100999999999999999999999
 19 20 49 98157211247260248214167119 83 69 81116166215249258240198139 7727 320NS 7 0260185125899999999999999 027 1613 3 6999999999999999
 28  6 15 56118185240270271244195136 82 48 43 6912018323927227524819612827 321NS 732274193627799999999999999 113  51340 4199999999999999
 63 18  4 26 79149218265282267225163 98 46 21 30 7113620525928527924218327 322NS 8 2282201828699999999999999 154  41415 2099999999999999
114 54 19 18 52114186246279279249193125 61 18  7 31 8615822627128627022627 323NS 830283205828699999999999999 232 141449  799999999999999
165101 52 31 44 89154219264279262218155 88 33  5  9 4711018123927127425027 324NS 857279213627699999999999999 3 7 311522  399999999999999
204147 94 61 55 81131191242267263233181118 60 19  7 26 7413719924226025327 325NS 922269221226199999999999999 341 541554  799999999999999
224181133 96 79 87120169217249256238198145 90 45 21 23 5310315920623424127 326NS 946257224824199999999999999 411 781624 1899999999999999
227199162128106103120155195227241234208166119 75 45 35 48 8212717020221827 327NS1010242232722099999999999999 4401021656 3599999999999999
217203179153132123129149178206222224209180143106 75 57 57 7410513916919027 328NS1034225999999999999999999999 5 81231731 5599999999999999
198196184169154144142151167187201207202186161133107 86 76 79 9411613915927 329NS 01419911 220799999999999999 5401421817 7699999999999999
173181181177170163158158163172181186188183171155137118103 95 9510211513027 330NS 136182114218899999999999999 6321581931 9499999999999999
145160171178181180176171166163163164168171172169162150135120107100 9810427 331NS 415181134917299999999999999 9431632141 9899999999999999
116134154172187194194187175162150144144151162172179177167150129108 93 8627 4 1NS 528195162117999999999999999112714323 7 8699999999999999
 90107131160186204211205189167145127121127143165185197197183158128 99 7827 4 2NS 6 221117281999999999999999912 21212355 7199999999999999
 71 81106141178208224223207179146117100100117146180207219214192157117 8227 4 3NS 6282261812220999999999999991230 98999999999999999999999
 61 61 81118163205232240227196155114 84 74 8711916220423224022519114610027 4 4NS 651240184924099999999999999 032 581257 7499999999999999
 64 50 60 93142194234252246217172120 77 53 56 8413318723325625422718212927 4 5NS 715253192425899999999999999 1 6 491324 5199999999999999
 80 51 47 71118175227258262239194137 81 42 30 48 9415621725827225822016727 4 6NS 738264195927299999999999999 138 451353 2999999999999999
110 66 46 56 93150210254271258219161 97 43 14 18 5411518524327627925320727 4 7NS 8 3271203528199999999999999 211 461424 1299999999999999
149 95 60 53 76124185239269270241189124 60 15  0 19 7014021026128227424027 4 8NS 830273211228399999999999999 244 521457  099999999999999
189134 88 66 71104158215256270255215156 90 34  1  0 32 9216422726627626027 4 9NS 858270215227699999999999999 319 641532 -499999999999999
223174126 92 81 97136187233259259233186126 67 21  1 12 5311417923025826027 410NS 928262223626299999999999999 355 811610  199999999999999
241205164127105104125163205238250239207161107 57 24 14 31 7312918222224127 411NS10 1250232724399999999999999 4331021652 1499999999999999
240222194162136124128149179210229232217187146102 63 38 34 51 8713217420527 412NS1038233999999999999999999999 5161231742 3399999999999999
220221210190169151143147161182201212212199176144110 79 59 53 65 9212515927 413NS 033223112921399999999999999 6131431848 5399999999999999
186204210207196181166156154159170182192196191178156129101 79 68 70 8611227 414NS 2 921013 019699999999999999 7491532019 6799999999999999
143172196210214208194175158146142147159175188195192177153122 94 73 67 7627 415NS 353214151319599999999999999 9541422155 6699999999999999
100133169200221228220200173145124115121140166192210214201174138100 71 5827 416NS 45822816452149999999999999911 611523 7 5899999999999999
 66 93134178215238242227197157119 93 85 97127167205231237222189144 98 6427 417NS 5422431748238999999999999991153 84999999999999999999999
 51 63 97146197236255251224180130 86 59 58 82126179226253257236195142 9227 418NS 618256183825999999999999999 0 1 511233 5599999999999999
 58 50 69113169222257266249209153 96 51 31 41 7913719824727126824019113427 419NS 650266192327399999999999999 047 491310 3199999999999999
 85 56 57 86138197246270266235182119 61 23 14 38 9015622026428026923318027 420NS 72127220 528199999999999999 129 531346 1399999999999999
124 81 62 73112168224262272254210149 85 32  6 11 4911118023927328026021827 421NS 750273204428099999999999999 2 8 621420  499999999999999
165115 83 76 97143198244268263231179115 56 15  3 23 7113720225027226924227 422NS 819269212127499999999999999 244 751453  399999999999999
199151111 91 96126173221254261243202146 87 38 11 14 4510016321725226325127 423NS 848262215726399999999999999 319 901525  999999999999999
221180140113105120154197233251246218172118 68 32 20 35 7412818222324524627 424NS 916252223324899999999999999 3511051557 2099999999999999
229199165136120123143177211235240224191147100 61 39 38 6110214919122023127 425NS 945240231123299999999999999 4231191631 3699999999999999
226208183157139132141163190214226222202169130 93 66 54 61 8612216019121027 426NS1015226235621599999999999999 45613217 7 5499999999999999
215209194175157146145155173192207211203183156125 97 79 73 8310513316118427 427NS1052211999999999999999999999 5361441751 7399999999999999
198202198187175162155154161172184193194188173152130109 95 91 9811413515727 428NS 057202114319599999999999999 6341541851 9199999999999999
17618919619619018016916015515616217017718218017215914212411010310511513127 429NS 228196131818299999999999999 819155201810399999999999999
15117118819820219718617115614614114415316617718318217215613711910710311027 430NS 35520215211849999999999999910 6141215110399999999999999
126149174196209213204187164142125119125141162183196199189170145120103 9727 5 1NS 44621316421999999999999999911 01192255 9799999999999999
105126155186212225223206178146116 98 96110137170199217218204178145115 9427 5 2NS 5222261736220999999999999991138 942344 9099999999999999
 90104133170207232239227198159117 84 69 7610314418822324023721517913910527 5 3NS 5532391819241999999999999991211 68999999999999999999999
 86 87110148193230250247222180129 81 50 43 6410616121324926125021817412927 5 4NS 62225219 026199999999999999 025 841244 4299999999999999
 94 81 91123170218252262246207152 93 45 21 26 6211918423927127625521516527 5 5NS 653262194027799999999999999 1 5 801319 1999999999999999
118 88 82102143196242267264235184120 59 15  1 20 7013820826028528225320727 5 6NS 725269202228799999999999999 144 811356  199999999999999
155111 88 90119167219259272258217157 90 31 -5 -7 25 8515922727328927824527 5 7NS 75927221 528999999999999999 224 851434-1099999999999999
196147109 94105140189237266268243195132 66 14-11 -3 3810417723827428426827 5 8NS 835271215128499999999999999 3 5 941516-1399999999999999
232186143113106123160206245263256225175113 53 10 -6 10 5612018723826727127 5 9NS 914264224027299999999999999 34810616 0 -699999999999999
253220179144122120140175214243253240208159104 53 19 10 30 7413218923125327 510NS 956253233525799999999999999 4351191649  999999999999999
255239210177149132133151181211232237224195153105 63 36 31 50 8913818522027 511NS1046238999999999999999999999 5271311743 3099999999999999
239241228206178155140140154176200216221212189155117 82 58 53 67 9913917827 512NS 038242115022199999999999999 6311381846 5299999999999999
209228232224205181158142137145162182199208206192167135103 80 71 8010413827 513NS 150232131920999999999999999 75213720 0 7199999999999999
173203223231224207181155134124127142164186203209202183155124 98 85 8810727 514NS 3 223115 120999999999999999 9161242119 8499999999999999
138173205227235228207176144117103104121149179205219218201173140110 93 9327 515NS 4 223516252219999999999999910231012229 9199999999999999
111142179213236241229202164124 92 77 82105142182215234234217186149116 9727 516NS 4492421731236999999999999991116 762329 9499999999999999
 97117151192227246247227190144 98 65 53 65 9814419323025024822719215111627 517NS 53024918252529999999999999912 1 53999999999999999999999
 99102127166208241255247217171118 71 41 36 5710115620924726325723019014727 518NS 6 7255191226399999999999999 020 971241 3499999999999999
115101110141184226253258240200147 91 45 23 28 6111417522826127025722518227 519NS 642259195527199999999999999 1 61011319 2199999999999999
140112106122158203241260255226178120 65 27 15 32 7513519624426927125021427 520NS 717261203427399999999999999 1471051355 1599999999999999
170133112114138178220251260244206153 95 46 18 17 46 9815921625427026323727 521NS 751260211027099999999999999 2261101430 1499999999999999
198157127116126156197234255253227183128 74 34 18 30 6812318223025826424927 522NS 824257214626499999999999999 3 211615 5 1899999999999999
219181147125123141174212241251239207159107 61 32 28 50 9414820023725425227 523NS 858251222125699999999999999 3371221539 2699999999999999
231200167140128134157190222241242222186139 92 56 39 45 7411916921123724527 524NS 932244225724599999999999999 4111281615 3899999999999999
236214185158139134146170200224234228204167125 86 60 53 66 9814118221523227 525NS10 7235233623599999999999999 4471341651 5399999999999999
234221200175153141141155178202218223212187154119 89 71 71 8811915619021427 526NS1047223999999999999999999999 5281391732 6999999999999999
225223210191170152143146158178196208209198177149121 98 87 9010713416519227 527NS 020226113621099999999999999 6181431818 8699999999999999
21121921720518716815114314415417018619719919117515313011110210512014417027 528NS 114220124419999999999999999 723142191510299999999999999
19421021821520418516514613513414215717418819519318116314212511511612814827 529NS 214218141519699999999999999 837133202511499999999999999
17319621322121820418215713412011712614416718720120319417715513512212113127 530NS 313222154320499999999999999 944116213912099999999999999
151177202221229223204175143114 97 9510813416619521522021119216614112512127 531NS 4 42291652220999999999999991037 93224512199999999999999
132154184213233238226199161121 87 69 72 9413117421123524022920417214212327 6 1NS 4482381748241999999999999991123 68234211999999999999999
119133160195227246246226189142 94 57 42 52 8513518823225625924321217414027 6 2NS 53024918382619999999999999912 6 42999999999999999999999
119118136170209243258251222175118 65 28 19 38 8414520625227627425221417127 6 3NS 612259192727899999999999999 0341161250 1899999999999999
135116118142182225257267252213157 93 38  5  3 32 8915822326928928325421127 6 4NS 654267201429099999999999999 1231141334  099999999999999
165130114121151196240268272249202139 72 18-10 -5 34 9917323828029528325027 6 5NS 73827321 329599999999999999 2111131421-1299999999999999
204158126114127162209251274271242189123 57  7-15 -2 4411218624728429327827 6 6NS 823276215129499999999999999 25811415 8-1599999999999999
242195152123117134172218256274265232178112 50  6 -9 10 5912819725128128627 6 7NS 911274224028799999999999999 3471161557 -999999999999999
267230186147123120141179222255267255221168107 52 15  7 30 7914420525127427 6 8NS10 1267232927699999999999999 4361181646  699999999999999
274253217177142122123145181219247255243211163110 63 34 30 5510115821024727 6 9NS1055255999999999999999999999 5281201737 2899999999999999
264260239206169138121123144177210233241231204164120 81 58 58 8112317021327 610NS 019265115624199999999999999 6231201831 5599999999999999
241253248227195161133117119137166195217227222202170135104 86 8610614017927 611NS 110254131022799999999999999 7241161928 8399999999999999
21323624523821718715412611011012615117920321721820518215312711111112615327 612NS 2 3245143421999999999999999 830108203210999999999999999
185214233240232210179145116 98 9711113616619421422121419617214713112813927 613NS 25624016 122199999999999999 936 95214312799999999999999
162189216234238228205171134103 83 81 9612416019321822922621018616114313727 614NS 3502391717230999999999999991037 80225413799999999999999
146166193219237239226199161120 86 67 67 8612016120022824123822119416714727 615NS 4412401818242999999999999991131 64235714099999999999999
140148170199226242241224190147103 68 51 56 8212317121324225324722519516527 616NS 52924419 7254999999999999991217 50999999999999999999999
144138150175207235248243219179131 84 51 39 52 8613618723025626225022218827 617NS 613249194926399999999999999 0491381259 3999999999999999
157138136153184219245253241209163111 66 37 34 56 9915420724726626524521227 618NS 655253202626899999999999999 1341351339 3299999999999999
175146132137161196231254255235195144 91 49 29 36 6811917722726027126123327 619NS 73525721 027199999999999999 2141311416 2899999999999999
197161136129143173211244259252223177123 72 38 28 46 8814320024326726824927 620NS 812260213327099999999999999 2501291451 2899999999999999
216179147129131153188226253259243206156103 59 35 36 6411316922025426725827 621NS 84726022 426799999999999999 3241271526 3299999999999999
233197162136127138166203237255252228186136 87 52 40 53 8914119423625926027 622NS 922257223526299999999999999 35712716 0 4099999999999999
244214179148130129148180215242251240209166119 79 55 54 7611716821324525727 623NS 95725123 625799999999999999 4311271634 5199999999999999
249227196163138128134157190220239241224192151110 80 66 7410314519022724727 624NS1034242233925199999999999999 5 812817 8 6699999999999999
250236211180152132127139164194219231228209178143110 89 84 9812916920623327 625NS1117232999999999999999999999 5481271745 8499999999999999
24524122419716814312812614016419121222121619917214311810410512215118521527 626NS 014245121022199999999999999 635125182710399999999999999
23424023221318715913512212213615918320321221019717615213312212514116619427 627NS 055240131921399999999999999 729120191912299999999999999
21823323622620617915112611211212514817319520921220318716715013914015317427 628NS 144236144321299999999999999 831110202513899999999999999
197218232234224203174142114 97 9610913416419321322221820418516515214915727 629NS 24123516 922299999999999999 936 94214514999999999999999
175197219234237226202168131 98 77 75 9012015919622423823722320117715815027 630NS 3442371724239999999999999991039 7323 615099999999999999
156173197222240244231203162117 78 54 51 7110915820524025825724021218215727 7 1NS 4452451826260999999999999991137 49999999999999999999999
146150169199230251255239204155101 55 29 28 5510316321925927827525221818027 7 2NS 543256192027999999999999999 0141451231 2599999999999999
151137143168204241265267246203145 84 33  6 10 4510417323527729428625721527 7 3NS 637269201029599999999999999 1121371323  499999999999999
172140127138169213254279278251200134 67 15-10  1 4411218725229230429025427 7 4NS 729282205730599999999999999 2 31271413-1099999999999999
206159127118135174223267290285251194123 54  4-15  2 5412820526730130728527 7 5NS 819291214130899999999999999 25111815 1-1599999999999999
242190144115111135180233276294284246185113 47  3 -8 17 7515022427730330027 7 6NS 9 9294222330599999999999999 3381091549 -999999999999999
271224172128105108138187239277290275235175108 49 14 12 4410417623928129627 7 7NS 95829023 329699999999999999 4241031634  999999999999999
285251203154116 99108142191239270278261222167109 62 38 43 8013719924927827 7 8NS1049278234228499999999999999 5 9 981719 3699999999999999
283265229183139107 97111146191231255260244210164118 83 70 8211716721625227 7 9NS1143260999999999999999999999 556 9718 3 7099999999999999
269265244208166128104 9811414618421623624022820216813511110511915018922427 710NS 020270124524199999999999999 645 97184810599999999999999
24825624722519215512310310011414117219921722421820117815614013715017320027 711NS 05925614 122499999999999999 740 99194013799999999999999
225240243233212182150121103 9911013115818420421521720819317716516116818327 712NS 144243153621799999999999999 845 99204916199999999999999
202220231233225206179148120101 9410112014617419921622322020919418017317427 713NS 243234171122399999999999999 959 94222317299999999999999
183197214226230224206179147116 94 84 9011014017320422523523322120318417227 714NS 35423018192369999999999999911 7 84234716999999999999999
169176192212228234228209178141106 81 71 8010514118121724024924422620117827 715NS 5 323419 62499999999999999912 3 71999999999999999999999
162159170191216235243234210173130 91 66 59 7410715219823525626024722219127 716NS 559243194326199999999999999 0441591248 5999999999999999
164149151168196226248253238206161113 73 50 51 7611917122025426926424220927 717NS 645253201427099999999999999 1261481328 4899999999999999
174148138147173209242261259236194143 92 55 40 52 8814019624327027526022827 718NS 725263204327699999999999999 2 113814 4 4099999999999999
189154133131151186226258270259225176120 71 42 38 6311016822426327927224627 719NS 8 1270211128099999999999999 2341291437 3699999999999999
207166135122132162204245270272250207153 98 56 38 48 8414020024927627926027 720NS 835274213828199999999999999 3 512215 9 3799999999999999
225182144121119140178223259275265233185129 80 50 45 6811517422926728027027 721NS 9 827522 328099999999999999 3351171540 4399999999999999
241200158126112122152196239266270251212162111 72 55 64 9915120725227527527 722NS 941271222827899999999999999 4 61121610 5499999999999999
253217174137113110130167211247264258232191144102 75 71 9213318623326427327 723NS1015264225427399999999999999 4381091640 7099999999999999
261232192152121107114140180220247254242214175135103 89 9612416721324826627 724NS1053255232126799999999999999 5121071712 8999999999999999
26324321017113611210611914918622023924122720016713611611112415419322925227 725NS1137243235325999999999999999 550105174611099999999999999
25924822419115612610810612215218521222822921719617014813513515117720823327 726NS1235230999999999999999999999 635105182913399999999999999
24724823521018014812110510512014617520021622121520118316715715817018921127 727NS 032249135622199999999999999 732103192715699999999999999
229239238226205176146119102 9810913115918720922122321520318817717317819027 728NS 127240154022399999999999999 844 97205717399999999999999
205221232234227208181148116 93 83 8911014117620722923923622420719017817427 729NS 24723517172399999999999999910 6 83225017499999999999999
181195213230240237219189150110 78 61 64 8812617221424526125924421919217127 730NS 4172401824262999999999999991120 60999999999999999999999
161166184211237254254235199150 99 57 35 39 6911817623026728427925522018327 731NS 531256191528599999999999999 0101611221 3399999999999999
155143151177215251274274250205145 83 34 11 19 5912019025129030329025621027 8 1NS 632277195930399999999999999 1 61431314 1099999999999999
164132123139176225270294292260205135 66 15 -5 12 6213521227530931429024527 8 2NS 724297203931699999999999999 15312314 3 -599999999999999
189140109106132182240288310301262198122 52  5 -7 20 8116123929532031327827 8 3NS 813311211632199999999999999 2361041448 -899999999999999
223163114 90 96133192254299316300254187111 46  8  7 4411219326330731829927 8 4NS 9 0316215231999999999999999 318 881532  299999999999999
254194135 93 78 94140203263301309288240173105 51 26 37 8215122428030730527 8 5NS 946310222531099999999999999 359 781613 2599999999999999
275225165113 80 75101152212263291292268222163107 69 58 7812618924728529627 8 6NS1033295225529699999999999999 439 731652 5799999999999999
281245194141 99 77 82113162214253272268245206160120 97 9712316821825727727 8 7NS1121273232527999999999999999 520 751729 9499999999999999
276254216170127 95 83 9412616720723624824422519616514012913716219823225527 8 8NS1215248235526299999999999999 6 2 8318 612999999999999999
262252228194157123101 9510713316519421522522421319617816516117018921223227 8 9NS1324226999999999999999999999 649 95184816199999999999999
24324323121118315412811110711513315617819620921421220519518718518919921127 810NS 030244151321499999999999999 750107195318599999999999999
22122722721920418416013712011211412514216318420221522021921220319619319427 811NS 128228171622199999999999999 918112221519299999999999999
19920721522021820919216914412310810411213015518320822623523322320819318327 812NS 3162201819235999999999999991051104235318099999999999999
180185197212223227220202174143115 95 89 9912415719322424425024322420117927 813NS 4532271856250999999999999991153 89999999999999999999999
165164175195218236242232207172133 98 77 75 9312717021324526126024321518427 814NS 553242192526399999999999999 0381631237 7499999999999999
158147152173203234254256238204159113 77 61 67 9714219423826727426123219527 815NS 637257195127499999999999999 1121461313 6099999999999999
159136132149182221254271264236191138 90 58 51 7111316922426428227725121127 816NS 713271201528399999999999999 1421311346 5099999999999999
168134119126156199244274281263223170113 69 47 53 8814220325428428826822927 817NS 747282203929099999999999999 2101181416 4699999999999999
182139112108130172223266287282252202144 90 55 47 6911717923827929328124827 818NS 81928821 229399999999999999 2381071446 4699999999999999
200150112 97107143195246281291273232177120 75 54 62 9815521826729229026327 819NS 850291212429599999999999999 3 6 971514 5399999999999999
218166120 93 91116163218264288284256209154104 72 66 8813619625028529227427 820NS 921289214729399999999999999 334 881542 6499999999999999
236186135 98 83 95132184237273283269234187137 99 81 9012317523027128827927 821NS 954283221028899999999999999 4 4 831611 8199999999999999
250205155112 86 8310615020224627027025021417013110610212116020825127627727 822NS1030273223428099999999999999 435 81164110199999999999999
258222177133 99 83 9112116521124425825323119916513712413015419122925826827 823NS111225923 226899999999999999 511 83171312499999999999999
259235198158121 96 8910113217120823224223621819417115414915818020923625127 824NS12 5242233625499999999999999 553 89175214999999999999999
253240216184150121101 9610813316419321522522521520118717617318019521322927 825NS1327226999999999999999999999 648 96184817399999999999999
23823722720818315512910910010512214617319721422322421820919819119019520427 826NS 028239153622499999999999999 8 8100204119099999999999999
214223227225214195169140113 96 9110012215218421323324324123021419818518127 827NS 212227172124399999999999999 949 9123 318199999999999999
185196213228236232215185148110 81 68 74 9913818322425426726324521818916627 828NS 4142361817268999999999999991112 67999999999999999999999
157163183211239257257237199150 99 60 41 49 8313519424628029127924820716727 829NS 531260185829199999999999999 0 81571212 4199999999999999
138129143176220260284283256206144 82 37 20 36 8214721727330430628223718327 830NS 628286193530999999999999999 05312913 2 2099999999999999
135106104131179236284308301265205132 65 21 11 38 9617324729932030927021227 831NS 71730920 932199999999999999 1341021346 1099999999999999
150101 78 88128190256305323308263195118 53 17 18 5712620727631732329824527 9 1NS 8 3323204132599999999999999 213 771429 1399999999999999
179115 72 60 82136207273316326302251180108 52 28 42 9216624129732131127227 9 2NS 847326211232299999999999999 251 5915 8 2899999999999999
212143 86 53 54 89151223282314315285232166105 64 55 8013520526730431028627 9 3NS 931318214131299999999999999 329 491546 5499999999999999
238176113 67 49 62106170234280300293261212157112 87 9112417823627929728727 9 4NS101330122 829799999999999999 4 5 491622 8599999999999999
254203146 95 63 58 8112718423526727726623719715712811813216621225227627727 9 5NS1057277223327999999999999999 442 56165611899999999999999
257221175128 91 72 7710414619122624725023921719016515015116819722925226027 9 6NS1144251225926099999999999999 519 71172814899999999999999
252229196158124 99 90 9912315618721022422622020719218017417919321222923927 9 7NS1246227232824099999999999999 6 0 9018 517499999999999999
23922820818315613211511011713315417519220421121220920319719419620221021727 9 8NS1443212999999999999999999999 65511019 919499999999999999
22021921220018416514613212412413114315917719320721621921721120419819519527 9 9NS 01722117 521999999999999999 829123223219599999999999999
19820320720920519517916014212711911912914717019521522923422921720218717727 910NS 2462091757234999999999999991028118234417599999999999999
17518219420721721921119316814111810410311714317620823324724623321118716627 911NS 4432201828248999999999999991133102999999999999999999999
155158173196219235237225199164129100 86 9111515219323125526225122619316227 912NS 540238185226299999999999999 0181541215 8699999999999999
140135148175209239255252231194150108 80 73 8912517322125727426824420616527 913NS 621257191527499999999999999 0461341249 7299999999999999
132116122149190232263273260226179128 86 65 7010014920425228028326222317627 914NS 656273193728599999999999999 1131151320 6499999999999999
131103 99121162213258283282257211156104 69 60 8012418324027929227924319227 915NS 728286195929299999999999999 140 981349 6099999999999999
139 98 82 93131185241281295281243190132 86 62 6910416022127129629226121227 916NS 8 0295202129899999999999999 2 6 821418 6199999999999999
154103 72 71 99151213266296296270223166112 77 69 9013819925629229827723227 917NS 831300204329999999999999999 234 681447 6899999999999999
174116 74 58 72115177239283299287252201146102 80 8712217623527929728625027 918NS 9 329921 629799999999999999 3 2 581516 7999999999999999
197138 87 57 56 85138202257288292270230180134103 9611615821126028728726327 919NS 937294213129099999999999999 332 521546 9699999999999999
219164109 69 53 6510416122026328127524921016813411612114819123626928026727 920NS1014282215628099999999999999 4 5 53161711699999999999999
235189138 93 65 61 8212417722525526525523019816614413815017821424626426227 921NS1057265222526599999999999999 441 60165113899999999999999
243209168125 92 73 75 9813718021623824423621819617616316317519722224124827 922NS115424423 124899999999999999 524 72173416199999999999999
241222194160128101 88 9010813717019821822622621720519318518318920121522527 923NS1324227999999999999999999999 623 86184318399999999999999
229224212193168142118101 9710612515017720021722722822321320119218819019627 924NS 0 0229154122999999999999999 750 97211418899999999999999
204212217216206187162134109 94 9210412816019322124024724222720718617116527 925NS 21821817 524799999999999999 939 9123 116599999999999999
170185205223233230212182144107 81 71 8211215319823726226925723119716414127 926NS 4182331751269999999999999991059 71235113499999999999999
134146173208240258257235196146 97 63 52 6710716121726228628526122017213027 927NS 5272611828288999999999999991155 52999999999999999999999
105105129172222264286282251200139 83 47 40 6611718324528830328925119513727 928NS 62028819 030399999999999999 0311021242 3999999999999999
 92 72 83122181243289308296256196128 71 39 42 7914221427430830928022616027 929NS 7 7308193231299999999999999 1 9 711325 3699999999999999
 98 57 48 73128198264308319299251185116 65 44 5910717624629731530025619227 930NS 75132020 231599999999999999 146 4714 5 4499999999999999
121 64 33 38 77143219281316318289237171110 70 62 891442122723063072772232710 1NS 834321203231199999999999999 223 311444 6199999999999999
154 88 41 24 43 94165236288311304270218159110 85 901251822422853012862462710 2NS 91531221 030199999999999999 258 241520 8499999999999999
187121 66 33 31 621181862462842952812472001531201091241632142592842822572710 3NS 956295212728699999999999999 333 28155510999999999999999
211155 99 58 40 51 891442012462692722552241871541351361571942332612692572710 4NS1036273215327099999999999999 4 8 40162813399999999999999
225181133 91 64 59 781161622062362492462312071821621551621832122372502472710 5NS1120250222125199999999999999 443 5817 215599999999999999
229199162125 96 81 841041361702002202282252142001851751741821972152272312710 6NS1214228225223199999999999999 521 80174117399999999999999
2242071831561301111021061221441681882032112122092021941881871901972052102710 7NS1346212234321199999999999999 611102184918699999999999999
2112061961801621441291211211281411571751902032112142112051971891851841862710 8NS16 2214999999999999999999999 730120214918499999999999999
1911961981961881761601441311231231311461661872072202252222111951801681632710 9NS 2 419817 522599999999999999 93112223 716399999999999999
167176190201207204192173151130116112120140167196221236238227207182159144271010NS 4122071739239999999999999991050112234214099999999999999
141151172195215225222205178147119102100115144180216242252245223191157130271011NS 51422618 6252999999999999991137 99999999999999999999999
118124146179212237245235209173134103 89 94120160204241262262241206163124271012NS 557245182926499999999999999 0111171214 8899999999999999
 99 96116153197236260261241205159117 88 82 99137186234266275260224176126271013NS 634263185227599999999999999 038 951246 8199999999999999
 88 73 84120171223262278269238191141100 79 84115164219262283276245195138271014NS 7 7279191628499999999999999 1 5 731318 7899999999999999
 87 57 56 84136197252284289268226173122 88 79 98141198250283288265219159271015NS 741290194028999999999999999 133 531349 7999999999999999
 98 54 37 52 96160226275297290258209154109 86 90122173230274291280242185271016NS 81429820 629199999999999999 2 2 371421 8499999999999999
120 64 31 29 60117187250289298281242190140105 94111151205255284286260212271017NS 850299203328999999999999999 233 261454 9499999999999999
150 88 41 22 34 77142210263290289265223175134111112136180229267282269234271018NS 92729321 228299999999999999 3 7 21152910899999999999999
182122 67 33 26 49 99163223264280272246207168138125134163203242266268247271019NS10 9280213327099999999999999 344 2516 512599999999999999
208157104 61 38 40 69118175223254263253229198169149144156183215242254248271020NS105726322 925499999999999999 425 35164714499999999999999
224188144101 68 52 58 86129175213236244237220198178164162172191213230235271021NS12 0244225623599999999999999 513 52174216199999999999999
228208179145110 84 71 75 96129165197219229229220206190178172175185199210271022NS1328231999999999999999999999 615 7019 917299999999999999
216214203184157129103 87 85 97121151182207224232229217201183169163166176271023NS 016217151323299999999999999 740 84211216399999999999999
189202211210199178150121 98 87 90109139174206231243242227203176152139138271024NS 228212162324499999999999999 915 86223213799999999999999
151173198218228222202170133101 81 81100134176217246259253229194155123106271025NS 4102281710259999999999999991032 79232210499999999999999
108130165204235251246222182137 97 74 74 98140190236265272256220172123 87271026NS 5172521748273999999999999991130 71999999999999999999999
 72 84118168219257274265234187134 91 69 74106157213258282278249200141 87271027NS 610274182228499999999999999 0 4 721218 6799999999999999
 52 46 69118180238278291276238183128 86 70 84124181238278290273230170105271028NS 657291185429099999999999999 043 4413 2 7099999999999999
 52 25 31 68129199258293298276231174121 86 79102150209260288286256202136271029NS 741300192629199999999999999 120 231344 7899999999999999
 71 26 11 30 80149219272298295267218163117 92 95127178233274288272231170271030NS 824301195828899999999999999 157 111423 9099999999999999
103 46 13 12 43101172236278294283249202153117104117154204250276276249200271031NS 9 4294202828099999999999999 233  815 010499999999999999
139 79 33 14 26 661271932452752802632291861471231211411802232562682562212711 1NS 943281205926899999999999999 3 8 14153611999999999999999
171115 65 33 27 49 941522062452632612402091741461341401641992322522522322711 2NS1021265213025599999999999999 343 26161113399999999999999
194147100 62 44 49 761211702112382472402201941681511461571802082302392312711 3NS11 124722 323999999999999999 418 43164714699999999999999
208173133 96 71 62 731021401782082262292212051861681581581691882072202222711 4NS1147230224022299999999999999 456 62173015799999999999999
211189160129102 86 83 961201501782002132162101991851731651651721841962042711 5NS1248216233320599999999999999 540 82183116499999999999999
2041951791581351151031021111291521741922052102082001891771671631651711802711 6NS1413210999999999999999999999 638101201216399999999999999
1871911881791651471301181141181311491691882032122122051921751611511481532711 7NS 1 6191153421399999999999999 8 0114215114899999999999999
1631761861911881781611431271181181271461691922112212202091891651431291262711 8NS 3 9191162722299999999999999 931116224612699999999999999
1351521731922042041931731501281151131241471762042252332272061761441171022711 9NS 43120517 4233999999999999991038112232310199999999999999
104122150182208222221205179149123108109126156191222241243226194153114 85271110NS 52522417352449999999999999911271062356 7699999999999999
 76 88118159201231243236212178142113101108134172212243255245215171121 78271111NS 6 824318 42559999999999999912 8101999999999999999999999
 54 55 81126179225254260245212170131104 98114149194236260262239195140 84271112NS 646261183326499999999999999 028 511246 9799999999999999
 44 29 43 84143203250273271246205159119 98101127170218256271259223168105271113NS 72427519 427199999999999999 1 1 291324 9699999999999999
 50 16 13 42 97165228270285274241194146111 98110145193240269272248201138271114NS 8 3285193627499999999999999 136 1114 2 9899999999999999
 73 23 -1  9 51116188247281288268230181137109105125165214255274265231176271115NS 843289201127499999999999999 213 -1144110399999999999999
110 49  7 -6 15 67136205257283281257216171133113116142184229261269251210271116NS 926285204826999999999999999 252 -6152211199999999999999
153 90 35  3  0 29 85153215258275269243204164134121130158198235257256234271117NS1013276212926099999999999999 335 -316 612199999999999999
191137 80 34 10 15 48102163216250262254229196163139131142168202231245240271118NS11 4262221524699999999999999 421  9165613199999999999999
217178130 81 44 27 34 66115167211239248241220192164145138147169196218229271119NS12 2248231322999999999999999 512 26175513899999999999999
224205173132 92 61 47 54 81122166203228237232215192167147139143159181200271120NS13 8237999999999999999999999 611 4719 913899999999999999
212212200176144111 83 68 72 93126163197221232230215192166143129129140160271121NS 032214142023399999999999999 719 67203312799999999999999
182199207204188162132104 86 85100128162195220233232216190159130111106117271122NS 214208152423499999999999999 836 83214710699999999999999
139167193211215205182151121 99 93104130164199226239236215183144108 85 80271123NS 349216161724099999999999999 952 932246 7999999999999999
 93123160196222231223200166132106 97107134171209236247238210169122 81 57271124NS 5 323117 2247999999999999991058 972335 5399999999999999
 55 76115162206237248239212174136108100112143183222248253235198148 95 53271125NS 6 22481743254999999999999991155100999999999999999999999
 32 37 67117173222253262248217174134108102119155199237257253227180123 68271126NS 653262182125899999999999999 019 30124410299999999999999
 28 14 29 70129190239266269250213168129107107130171215249261248211158 97271127NS 738271185926199999999999999 059 14132910499999999999999
 43 10  6 32 83147208253273269243202158123107115145188230256258235191133271128NS 820274193526199999999999999 138  4141010799999999999999
 72 25  2 10 46104169225261272260229187146118111126161204240257249217167271129NS 858272201125899999999999999 216  1144911099999999999999
108 53 16  5 23 68129190237262264245210170136117118141178218245251234196271130NS 934266204625299999999999999 252  4152511599999999999999
143 88 41 16 17 45 951532062422562492251911551291191291571932252432392142712 1NS10 9257212024499999999999999 328 1316 011999999999999999
173122 74 38 25 36 711211742162412452322061741451271261411702012252332222712 2NS1044246215523399999999999999 4 3 25163612499999999999999
193152107 68 44 41 60 981441882192342312141891621401291331511772022182192712 3NS1120234223322199999999999999 438 40171412999999999999999
203174138101 72 58 62 851211611952172242172001771551381311381551761952052712 4NS1159224231820699999999999999 515 5718 113199999999999999
203187162131103 82 75 841071391711972122152071911711511361311371511681832712 5NS1245216999999999999999999999 557 75185913199999999999999
191189177157134112 98 941031241501761962082102021871671471321251281401552712 6NS 018192134021099999999999999 647 94201112599999999999999
1701801831761621441261141101171331551771962072092011851621391211111121242712 7NS 145183144121099999999999999 751110212211099999999999999
142161177185184174158141127120124137157179199211213202182154125102 90 922712 8NS 323186153821399999999999999 9 81202221 8999999999999999
107132159183197199190173152134124125138159184206219218203175140104 77 652712 9NS 441200162822099999999999999102312323 9 6599999999999999
 72 95129166197215218206184158135122123138163193217229224201164119 77 48271210NS 54021817122299999999999999911261212352 4099999999999999
 40 54 88134181217236236219190157130117120140171206231239227194147 94 48271211NS 6292381754239999999999999991218116999999999999999999999
 20 18 43 89146200239255250226189152123111119145183221245247226183127 67271212NS 714256183624999999999999999 035 1613 611199999999999999
 19 -4  2 39 97163221258269257226183142114106121154198236256251221169105271213NS 758269191925899999999999999 117 -5135110699999999999999
 42 -4-21 -5 42110181238271277258220174132107105126166212249263251212153271214NS 84327820 226399999999999999 2 1-21143610399999999999999
 85 22-19-28 -3 53126198251278276251209162123102106133177224256264244200271215NS 927280204726499999999999999 246-29152110199999999999999
138 69 11-23-25  9 70144211257276269239195150115100109141186230256258234271216NS1012277213426099999999999999 332-2816 810099999999999999
187125 61 10-16-10 28 91161220257269256224181139109 99113146190228248246271217NS1057269222425099999999999999 419-181656 9999999999999999
220175119 62 20  2 13 54113175224252257241208168130105 99114147186218234271218NS1143258231923599999999999999 5 7  11747 9899999999999999
230207167119 72 39 28 43 81133185223243243225193156123101 97112141175202271219NS1230245999999999999999999999 556 281843 9699999999999999
216215197166127 90 65 58 73107149190219233230211182147116 96 91103128158271220NS 024218131923399999999999999 649 581946 9199999999999999
184200203193171142113 93 88100126159191214224220202174140109 88 81 90112271221NS 145204141322499999999999999 749 882055 8199999999999999
139167188198196182161137119112119138163189209219214196168134100 76 67 73271222NS 320199151121999999999999999 9 011222 5 6699999999999999
 94124156184201206198180157137126128142164188208218213194163126 89 61 49271223NS 451206161121899999999999999102212523 8 4999999999999999
 56 80115154188211220213194169145131129141163190211221215193157114 73 43271224NS 6 322017 8221999999999999991138128999999999999999999999
 32 42 72115161200226234225202172144127125139165195218227218190148 99 55271225NS 658234175922799999999999999 0 1 32123712399999999999999
 25 18 35 74125176217240244229200165134118120139171205228233218182133 80271226NS 741245184523499999999999999 048 18132511699999999999999
 35 10 11 37 85142196234252248224189150121109118145183218238236212169114271227NS 819253192624099999999999999 129  714 510999999999999999
 59 18  1 12 49105165216248256243211171133109104122157198231244233200149271228NS 85225620 424499999999999999 2 7  1144110399999999999999
 91 39  6  0 23 70131190234255252229191150116100106133173213240244223181271229NS 923257203924599999999999999 243 -11515 9999999999999999
126 69 24  3  9 44 98160212245254240209168130104 98114148190225242235205271230NS 952254211324399999999999999 316  21546 9799999999999999
158103 52 18 10 29 73131187229248244221184145112 96100125164203231237220271231NS1019249214623799999999999999 348  91617 9599999999999999
