 68 81 92 97 97 90 79 66 56 52 55 64 77 89 99104103 95 82 66 53 44 41 4427 1 1O1 327 98151710499999999999999 9 2 522158 4199999999999999
 52 63 74 85 93 96 93 85 74 65 59 60 65 75 85 94100100 94 82 68 54 44 3927 1 2O1 5 1 961630100999999999999991027 592318 3999999999999999
 40 47 57 70 83 94100100 92 81 69 60 57 61 71 82 93100102 97 85 69 53 4027 1 3O1 6251011744102999999999999991154 57999999999999999999999
 33 34 42 55 71 87101109108 98 83 67 55 51 56 68 83 97106108101 86 66 4727 1 4O1 724110184210899999999999999 024 331256 5199999999999999
 33 26 28 39 56 76 97112119115100 79 60 46 44 53 69 88105114114103 83 6027 1 5O1 8 8119192811599999999999999 115 251342 4499999999999999
 38 23 18 24 40 62 87109124127117 96 70 48 37 39 54 76 98115123118101 7727 1 6O1 84412720 712399999999999999 156 181420 3699999999999999
 49 26 13 13 25 47 73100122133130112 85 57 36 30 39 60 86110126129118 9527 1 7O1 917134204312999999999999999 232 111455 3099999999999999
 65 36 15  6 12 31 58 88115133138126101 70 42 26 27 43 70 9812113313011227 1 8O1 947138211813499999999999999 3 5  61528 2599999999999999
 83 51 22  6  4 17 42 73103127139135116 85 54 30 21 30 53 8211013013612527 1 9O11016140215213699999999999999 336  31559 2199999999999999
101 68 35 11  1  8 29 58 89117136139126100 67 38 21 22 38 65 9412013413227 110O11042140222513599999999999999 4 5  11629 1999999999999999
115 86 52 22  5  4 18 44 75105127137131111 81 50 27 19 27 48 7610412413227 111O111 8137225913299999999999999 434  217 0 1999999999999999
124101 70 38 14  5 12 33 61 91116131132118 93 64 38 22 22 36 59 8610912427 112O11134133233512699999999999999 5 3  51731 2099999999999999
125112 87 56 29 13 12 26 49 77103121128121103 77 51 30 22 28 45 67 9111027 113O112 1128999999999999999999999 534 1018 5 2299999999999999
119115 99 75 48 27 18 23 40 64 88108120120109 89 65 43 29 26 34 51 72 9227 114O1 014119123112199999999999999 6 8 181844 2599999999999999
106112106 90 68 47 32 28 36 54 74 94108114110 98 79 59 41 30 30 39 54 7227 115O1 05811213 711499999999999999 648 281933 2999999999999999
 88100104 99 86 69 52 41 40 48 62 79 93103107102 92 76 58 43 33 32 39 5127 116O1 155104135610799999999999999 739 392039 3299999999999999
 67 82 93 98 96 88 75 62 53 50 55 65 77 88 97101 99 92 79 63 47 35 31 3427 117O1 315 98151310199999999999999 851 5022 4 3199999999999999
 44 58 73 87 97100 97 87 75 63 56 56 61 70 81 92 99102 98 86 69 50 34 2527 118O1 5 01001655102999999999999991037 552332 2499999999999999
 25 33 48 66 85101110110102 86 70 56 50 52 61 75 90103111109 97 76 51 2927 119O1 6321111819111999999999999991216 49999999999999999999999
 15 12 20 38 62 88110124126115 94 69 49 38 40 52 71 93112123122107 80 4827 120O1 738127192512599999999999999 045 111323 3899999999999999
 20  1 -2  9 32 63 96124140140123 94 62 36 24 29 46 72101125137134114 8027 121O1 830142202013899999999999999 145 -31414 2499999999999999
 41  8-12-14  2 32 70109139154149124 86 48 21 11 21 45 7811113714914211527 122O1 91515521 915099999999999999 235-161459 1199999999999999
 75 31 -5-23-19  3 40 83124153163149116 72 32  6  3 19 50 8612214715614227 123O1 955163215415699999999999999 320-241540  299999999999999
109 64 19-14-27-16 13 54 99138162163140100 54 16 -3  1 24 58 9613015215427 124O11032165223715699999999999999 4 2-271619 -499999999999999
135 97 51  9-17-21 -4 30 72115147161152122 79 36  6 -4  7 33 6810413414827 125O111 7162231714999999999999999 440-221657 -499999999999999
144120 82 39  5-11 -7 16 51 90125148151134100 59 24  3  2 18 46 7810813027 126O11139152235513799999999999999 516-121733  099999999999999
137127102 67 33  9  3 14 39 71104129140133111 79 45 19  9 14 32 57 8410727 127O112 9140999999999999999999999 551  218 9  899999999999999
120121108 85 58 34 20 22 36 60 86109123124113 91 64 39 23 20 28 45 65 8527 128O1 033122123612599999999999999 624 191845 1999999999999999
 99106103 92 75 56 41 36 42 56 74 92106111107 95 77 57 41 32 32 40 53 6727 129O1 11310613 411199999999999999 659 361927 3199999999999999
 80 88 92 89 82 72 61 54 52 57 67 79 90 97 98 93 84 71 58 48 42 42 47 5527 130O1 2 5 921341 9899999999999999 742 522027 4299999999999999
 63 71 77 81 82 81 77 71 67 65 66 70 76 82 87 88 86 81 73 64 56 50 47 4727 131O1 359 821456 8899999999999999 910 652225 4799999999999999
 50 56 62 70 77 84 87 87 83 76 70 65 65 68 73 80 85 87 86 81 72 62 52 4527 2 1O1 624 881713 87999999999999991140 64999999999999999999999
 41 42 47 56 68 81 92 99 98 91 79 66 57 55 58 67 79 89 95 95 89 77 62 4727 2 2O1 726 991834 9699999999999999 018 411255 5499999999999999
 36 31 33 42 56 74 92105111106 93 74 56 45 44 52 67 84 99106105 95 77 5627 2 3O1 8 4111192310799999999999999 114 311337 4399999999999999
 37 24 20 26 41 62 86106119120108 87 62 42 33 37 52 74 96112118112 95 7027 2 4O1 83512120 111899999999999999 152 201411 3299999999999999
 44 23 12 13 26 48 75101122130123102 73 45 27 24 36 59 86110124126113 8827 2 5O1 9 3130203612799999999999999 224 111442 2399999999999999
 57 28  9  3 12 33 62 92119134134117 87 54 27 15 21 41 7010012413412810627 2 6O1 92913621 913499999999999999 253  31512 1599999999999999
 74 40 12 -2  1 19 47 80111133140129102 67 34 13  9 24 52 8511513513812327 2 7O1 954140214113999999999999999 320 -31540  899999999999999
 93 56 22 -1 -6  7 33 66100128142138116 82 45 16  4 11 34 6710012814113527 2 8O11017143221314199999999999999 346 -616 8  499999999999999
111 76 38  7 -6 -1 20 52 87118138142126 96 59 25  5  3 19 48 8211413514027 2 9O11040143224514099999999999999 413 -71636  199999999999999
125 95 57 22  0 -3 11 39 73106130140132108 74 39 12  1  9 32 63 9512213627 210O111 4140231713699999999999999 441 -417 4  199999999999999
132111 78 42 14  2  8 29 60 92118133133116 88 55 25  7  6 20 45 7510312327 211O11128135235212999999999999999 510  11735  499999999999999
129119 95 64 34 15 11 24 49 77104122128119 98 70 42 20 10 15 32 57 8310527 212O11154128999999999999999999999 541 1118 9 1099999999999999
118118105 82 56 35 24 27 42 65 89108118116104 84 60 38 22 18 26 42 63 8327 213O1 030120122311899999999999999 617 231851 1899999999999999
 99107105 94 76 58 43 38 43 57 75 91103107103 92 76 58 42 31 28 34 46 6127 214O1 11710813 110799999999999999 659 381950 2899999999999999
 76 89 95 95 89 79 67 58 54 57 65 75 85 93 96 94 88 78 65 52 41 35 35 4227 215O1 231 9614 9 9699999999999999 8 4 542126 3499999999999999
 52 64 76 86 92 93 90 82 73 66 62 63 67 73 81 87 92 93 88 78 64 49 37 3027 216O1 447 931643 93999999999999991021 622325 2999999999999999
 30 38 50 66 82 96105106 98 85 70 58 52 53 60 71 85 97105104 93 74 52 3127 217O1 6361061825106999999999999991224 51999999999999999999999
 18 15 23 40 62 87108122123111 90 65 45 35 36 48 68 90110122121106 79 4727 218O1 735124192712399999999999999 045 141323 3499999999999999
 19  1 -1 11 35 67 99126140136116 84 51 26 16 23 43 71101127140135112 7627 219O1 819141201614099999999999999 140 -214 6 1699999999999999
 36  3-14-12  7 40 79117145154142111 70 31  6  1 16 44 8011614315314211127 220O1 85715421 015399999999999999 224-161444  199999999999999
 67 22-11-24-14 14 53 97136159160136 95 49 10 -9 -6 17 53 9313015515913927 221O1 932162214116099999999999999 3 4-241521-1199999999999999
100 52  8-20-24 -6 29 73117150165154120 74 27 -6-16 -4 26 6610714115815427 222O110 5165221916099999999999999 341-261556-1699999999999999
127 84 37 -2-20-14 12 51 94133157159137 97 50 10-13-13  7 41 8011714415327 223O11035161225515399999999999999 415-211630-1699999999999999
140109 66 25 -3 -9  5 36 74112140152142113 72 31  1-10 -1 24 57 9212213927 224O111 2152232914199999999999999 448-1017 2-1099999999999999
138120 88 52 21  5  9 29 60 93122138137119 88 52 21  3  3 18 43 72 9911927 225O11127140999999999999999999999 519  51732  199999999999999
126119 99 72 45 26 21 31 53 79104121126116 96 68 41 21 14 20 36 58 80 9827 226O1 0 0126114912699999999999999 548 2118 2 1499999999999999
109109 99 83 63 46 37 40 52 71 90105112109 96 78 57 40 29 29 37 51 67 8127 227O1 031110121111299999999999999 617 371834 2899999999999999
 91 95 93 85 74 63 55 53 57 67 79 90 98 99 93 83 70 57 47 42 43 49 58 6727 228O1 1 5 951238 9999999999999999 651 531917 4299999999999999
 75 80 82 81 79 75 71 68 66 68 72 78 83 86 86 83 78 71 64 58 54 52 54 5627 3 1O1 215 821330 8699999999999999 754 662059 5299999999999999
 60 65 69 74 78 82 84 83 79 75 70 68 69 71 75 79 81 82 79 74 68 61 54 5027 3 2O1 6 7 841642 82999999999999991122 682358 4899999999999999
 48 50 55 63 73 84 92 96 94 86 75 64 57 56 61 69 79 87 92 91 84 73 60 4827 3 3O1 7 8 961821 92999999999999991241 56999999999999999999999
 39 36 40 49 64 80 95106107100 84 66 51 43 45 55 71 87 99105102 90 72 5227 3 4O1 74110819 810599999999999999 058 361319 4299999999999999
 36 26 26 35 51 72 94111119114 98 74 51 34 30 38 56 79100114117108 88 6327 3 5O1 8 9119194411799999999999999 133 251350 3099999999999999
 38 21 14 20 37 61 87111126127112 87 57 32 19 22 39 65 93116128125107 7927 3 6O1 834128201812899999999999999 2 1 141418 1899999999999999
 47 21  7  8 22 47 77106128136126101 68 35 13  8 21 47 79110132138126 9827 3 7O1 858136205013899999999999999 228  51446  899999999999999
 63 29  6 -1  9 32 64 98126141138116 82 44 14  0  5 28 61 9712714414111927 3 8O1 921142212214599999999999999 254 -11513 -199999999999999
 83 44 12 -4 -1 19 50 86119141145130 98 58 21 -2 -6 10 41 7911514114913727 3 9O1 944146215415099999999999999 320 -51540 -799999999999999
106 65 26  0 -6  7 36 71107135148140114 75 35  3-10 -3 22 58 9612914814727 310O110 8148222615099999999999999 348 -616 8-1099999999999999
125 88 47 14 -3  1 24 57 93124143144126 92 52 16 -6 -8  8 38 7511013714727 311O1103314623 014799999999999999 417 -41637-1099999999999999
136109 71 35 10  4 17 44 77109133141131106 71 35  7 -5  2 23 54 8811813627 312O11058141233513999999999999999 448  317 9 -599999999999999
137121 92 59 30 15 18 36 64 93117131130114 87 56 27  9  5 16 39 67 9411627 313O11125132999999999999999999999 521 141744  499999999999999
126122105 80 54 35 28 36 55 78100116121114 97 74 50 29 18 19 30 49 71 9227 314O1 013127115512199999999999999 556 281827 1799999999999999
107112107 94 76 59 47 45 53 68 84 98106106 99 86 70 54 39 31 32 39 52 6827 315O1 1 1112123310799999999999999 640 451929 3199999999999999
 82 93 98 97 91 81 70 63 60 64 71 79 87 91 93 91 85 77 65 54 44 40 41 4727 316O1 221 981354 9399999999999999 753 602119 3999999999999999
 57 68 80 89 95 97 93 85 76 69 64 63 66 72 78 85 91 94 91 81 67 52 40 3327 317O1 447 971659 94999999999999991040 632321 3399999999999999
 34 42 56 72 89102110108 98 83 67 54 48 49 57 71 87101109108 96 75 52 3227 318O1 6211101823110999999999999991219 47999999999999999999999
 20 20 30 49 73 97117126122105 80 55 36 28 33 49 71 96116127124106 76 4427 319O1 712126191712899999999999999 033 1813 6 2899999999999999
 18  5  7 24 50 82113134141129102 67 35 15 11 23 47 79110134144134107 7027 320O1 75214120 214499999999999999 121  41344 1099999999999999
 31  4 -7  2 26 61 99131150149127 89 48 14 -3  0 21 54 9212615015413710127 321O1 827152204215599999999999999 2 2 -71420 -599999999999999
 57 17 -8-11  6 38 78118147158147114 69 25 -5-14 -2 27 6610714115915513027 322O1 9 0158212116099999999999999 239-121454-1499999999999999
 88 42  5-12 -6 19 57 99135157157134 94 47  7-15-15  6 41 8212114915914727 323O1 931160215815999999999999999 314-121528-1899999999999999
115 71 29  0 -7  8 39 79117145156145113 70 27 -4-16 -5 22 58 9713015015127 324O1 959156223215399999999999999 348 -716 0-1699999999999999
131 97 56 22  4  7 29 62 98129147145124 89 49 14 -6 -6 12 41 7610913314327 325O1102614823 414399999999999999 420  31631 -899999999999999
135112 79 45 22 15 27 51 83112133138127101 68 35 11  3 11 32 60 8911412827 326O11050138233413099999999999999 451 1517 0  399999999999999
129116 93 66 42 29 32 47 71 97117127123106 81 54 30 17 17 30 50 74 9611127 327O11112127999999999999999999999 521 281729 1699999999999999
117112 99 80 60 46 42 49 65 84102113115105 89 68 48 34 29 34 46 63 80 9427 328O1 0 3117113711599999999999999 552 4218 0 2999999999999999
102103 97 87 74 63 56 56 63 75 88 98103100 91 78 64 52 44 43 48 57 68 7927 329O1 03610312 810399999999999999 628 551842 4399999999999999
 87 91 91 88 83 77 71 67 67 70 76 83 88 90 89 84 77 69 61 56 54 55 60 6527 330O1 132 9113 2 9099999999999999 731 6720 1 5499999999999999
 71 77 81 84 86 87 85 81 76 72 69 70 72 77 81 84 84 83 78 72 65 59 56 5527 331O1 437 871551 85999999999999991022 692244 5599999999999999
 57 62 68 77 85 92 96 95 88 78 68 60 58 60 68 77 86 92 93 89 80 68 57 4927 4 1O1 614 961742 94999999999999991159 58999999999999999999999
 45 47 54 66 80 93103107102 89 72 57 46 44 51 65 81 96105105 97 82 64 4827 4 2O1 655107183510699999999999999 0 9 451243 4499999999999999
 37 34 40 52 70 90107116115103 82 59 40 31 34 48 69 92110118115100 78 5427 4 3O1 724117191411999999999999999 051 341315 3199999999999999
 35 25 26 38 58 83106122126117 95 67 40 22 19 30 52 81107126131120 97 6827 4 4O1 750127194913199999999999999 123 241343 1899999999999999
 40 21 16 24 45 72100123135131111 79 45 19  7 12 33 64 97125141139119 8827 4 5O1 815135202414299999999999999 152 151411  799999999999999
 53 24 10 12 30 58 90120139142127 96 58 23  1 -2 13 43 8011614215114011227 4 6O1 840143205815199999999999999 221  91440 -399999999999999
 74 36 11  4 16 42 76110137149141115 76 35  4-10 -3 22 58 9813315415513527 4 7O1 9 7149213315799999999999999 251  415 9-1099999999999999
 99 58 23  5  7 28 60 96128148150131 97 54 16 -8-12  4 35 7511414515915127 4 8O1 93515222 915999999999999999 323  31541-1399999999999999
124 84 44 16  6 18 44 79113139150142115 77 36  4-11 -6 17 51 9012514915527 4 9O110 5150224615599999999999999 356  61615-1199999999999999
140109 71 37 17 16 33 62 95124141143127 97 61 26  3 -4  7 32 6610012914527 410O11035145232514699999999999999 431 141651 -499999999999999
143125 95 63 37 25 31 51 78105126135129111 83 52 25 10  9 22 46 7510312427 411O111 8135999999999999999999999 5 9 251732  799999999999999
133128111 87 61 44 39 47 65 87106119122114 98 75 52 33 22 24 36 55 77 9827 412O1 010133114612299999999999999 551 391823 2199999999999999
113119115103 85 67 55 53 60 72 86 99106107102 92 77 60 45 36 36 43 56 7227 413O1 1 6119124110899999999999999 645 531934 3599999999999999
 88100107108101 90 77 67 63 64 70 78 86 92 97 98 94 85 72 59 47 42 43 5127 414O1 2321081445 9899999999999999 815 622118 4299999999999999
 63 77 91102108107 99 87 74 64 59 59 64 72 82 93101104 99 86 69 52 41 3727 415O1 4231081651104999999999999991030 582257 3799999999999999
 42 53 70 88105115117109 93 74 57 46 43 49 62 79 97112118112 96 73 50 3427 416O1 54111818 3118999999999999991148 43999999999999999999999
 27 32 47 69 93114127128115 92 65 42 28 27 38 58 83108126132123101 71 4327 417O1 633129185513299999999999999 0 3 271235 2699999999999999
 24 18 27 48 76104127139134114 83 49 24 12 16 34 62 93121140143128 99 6427 418O1 714139194014499999999999999 051 181314 1199999999999999
 32 14 13 29 56 88119141147134105 67 31  7  0 12 38 71106135151148127 9127 419O1 750147202215299999999999999 133 121350  099999999999999
 53 22  9 15 37 69104133150148126 90 48 14 -5 -3 16 48 8512014715714711827 420O1 82315121 115799999999999999 211  91425 -699999999999999
 79 41 16 10 23 51 86120144152141111 71 31  2 -8  2 27 6210013215315513827 421O1 855152213815699999999999999 248  915 0 -899999999999999
105 66 33 15 17 37 69103132148147126 92 53 18 -2 -3 14 43 7811314015214727 422O1 925150221215299999999999999 323 141533 -599999999999999
124 90 55 29 20 30 55 86117138145134108 73 38 12  2  9 31 61 9412214114527 423O1 953145224514599999999999999 357 2016 4  299999999999999
133108 76 48 31 31 46 72101125138135118 90 58 31 14 13 25 49 7710412613627 424O11020138231713699999999999999 430 291636 1199999999999999
133117 93 67 46 38 44 62 87110126130121101 75 50 30 22 27 42 64 8810912327 425O11048130234812699999999999999 5 3 3817 8 2299999999999999
126119103 82 63 50 48 58 75 95112120118107 88 67 48 36 33 41 56 75 9310827 426O11119121999999999999999999999 539 481743 3399999999999999
115114106 93 78 64 57 59 68 82 96107110106 96 81 65 52 45 45 52 65 79 9227 427O1 025116115911099999999999999 620 571827 4499999999999999
101106104 99 89 79 70 65 66 72 81 90 97100 98 91 80 69 59 54 54 59 67 7727 428O1 11710613 010099999999999999 721 651931 5399999999999999
 87 94 98 99 97 91 84 76 70 68 69 74 81 88 93 94 92 85 76 67 61 58 59 6427 429O1 250 991453 9499999999999999 9 5 6821 8 5899999999999999
 72 80 89 96100101 97 89 78 69 62 61 64 72 82 92 98 98 94 84 73 63 56 5527 430O1 4381011639 99999999999999991048 602246 5599999999999999
 58 66 77 89100107108102 90 75 61 51 49 55 67 82 97107109102 89 73 59 5027 5 1O1 5411081745109999999999999991146 492348 4799999999999999
 47 52 64 79 95109116115104 86 65 47 37 38 49 68 89108119120109 91 69 5127 5 2O1 6221171833121999999999999991225 36999999999999999999999
 40 40 49 66 87107122126119100 74 48 30 23 30 49 75102123133130113 87 6027 5 3O1 655126191413499999999999999 032 391259 2399999999999999
 40 31 36 51 74100122134133117 90 58 30 14 13 28 55 87117139146136111 7927 5 4O1 726136195414699999999999999 1 9 311331 1199999999999999
 49 29 25 36 59 87116137144135110 75 39 12  2  9 32 6610213415315413710527 5 5O1 758144203415699999999999999 146 2514 5  299999999999999
 69 38 22 24 42 71103131148149131 98 58 22 -1 -4 11 41 7911714816315713327 5 6O1 832151211416399999999999999 223 201441 -599999999999999
 96 58 30 19 28 52 85117143154147121 84 43 10 -6 -3 19 53 9213015616515427 5 7O1 9 7154215616599999999999999 3 1 191519 -899999999999999
124 86 50 27 23 38 65 98128149153139109 70 32  5 -5  4 29 6510313715816127 5 8O1 944154223916399999999999999 341 2216 0 -599999999999999
145114 77 46 29 31 49 78108133147146128 98 61 28  7  3 15 41 7511013815427 5 9O11024149232515599999999999999 423 281645  299999999999999
152134104 72 47 36 42 61 87112131140135117 89 58 31 15 14 28 52 8111113327 510O111 8140999999999999999999999 5 7 361734 1399999999999999
144141123 98 71 52 45 52 69 90109123129124109 86 61 39 27 27 39 59 8310727 511O1 01514512 112999999999999999 557 451830 2599999999999999
125134130116 95 74 59 54 59 71 87101113118116105 88 68 50 39 37 46 62 8227 512O1 113134131311899999999999999 658 541937 3799999999999999
101117125124113 97 78 64 58 59 67 78 91102110113107 95 77 60 48 44 49 6127 513O1 222126145011399999999999999 818 572056 4499999999999999
 78 96112121122115100 82 66 56 53 58 68 81 96108115114103 86 68 53 46 4827 514O1 339123162111699999999999999 950 532216 4599999999999999
 58 75 93111122125118102 81 62 48 43 47 59 76 95112122122112 93 71 53 4427 515O1 44812517321249999999999999911 3 432322 4399999999999999
 45 56 74 95115127130121101 76 53 37 32 38 54 75 99119131131118 95 70 5027 516O1 5431301829133999999999999991156 32999999999999999999999
 40 43 57 78101122134134121 96 67 41 25 23 33 54 80107129140138120 94 6627 517O1 630136191814199999999999999 017 391241 2299999999999999
 44 36 42 60 85111131140136116 87 55 29 16 18 34 59 89118139148141119 8827 518O1 71114120 314899999999999999 1 4 361321 1599999999999999
 59 39 35 46 68 96121139144133108 75 42 19 11 19 40 6910112914815213911227 519O1 748144204415299999999999999 146 341359 1199999999999999
 80 51 36 37 53 79108132145143126 96 61 31 13 12 25 51 8211413915315113327 520O1 824146212315499999999999999 226 341436 1099999999999999
103 70 45 35 42 63 92119140146138115 83 49 24 13 17 36 64 9612514615414527 521O1 857147215915499999999999999 3 4 351512 1299999999999999
122 91 61 42 38 52 76105129143143128102 70 40 21 17 27 50 7910913414814927 522O1 930145223315099999999999999 341 381547 1699999999999999
135109 79 54 42 46 63 89115135142136116 88 59 35 23 25 40 64 9211813714527 523O110 214223 614599999999999999 416 411621 2299999999999999
140122 96 70 51 46 55 75100122135136125104 77 52 34 29 36 54 7810312413627 524O11035138233813999999999999999 452 461655 2899999999999999
138128109 86 65 53 53 65 85106123131127114 93 69 49 38 37 48 67 8810912427 525O11112131999999999999999999999 528 511731 3699999999999999
131128117 99 79 64 57 61 73 90107119123118104 86 66 51 44 47 59 76 9411027 526O1 013131115512399999999999999 6 9 571811 4499999999999999
121124119108 93 77 66 62 66 77 90104113115110 98 83 68 56 52 56 67 81 9627 527O1 055124125011599999999999999 658 6219 0 5299999999999999
108116118113104 91 78 68 64 67 75 86 97106109106 98 85 72 62 58 62 70 8227 528O1 14711814 310999999999999999 8 4 6420 1 5899999999999999
 95105112115111103 91 78 68 62 63 70 80 92102108108101 90 77 67 62 63 7027 529O1 255115152810999999999999999 922 622116 6299999999999999
 81 93104112116113104 91 76 63 56 56 62 75 90104113115109 96 81 69 61 6127 530O1 4 61161643115999999999999991031 552231 6099999999999999
 68 79 93106117121118106 89 70 54 45 46 56 73 92110122125117102 83 67 5727 531O1 5 51211745125999999999999991124 452334 5699999999999999
 57 65 79 96113125129122106 83 59 41 34 38 52 75 99121134136125106 82 6227 6 1O1 55312918381379999999999999912 9 33999999999999999999999
 52 52 63 82103123135136125102 74 46 28 23 32 52 80109134147147132106 7827 6 2O1 637137192714999999999999999 027 501252 2399999999999999
 56 45 49 64 87113134145143125 97 63 33 16 15 29 55 8812114715915513510427 6 3O1 720146201516099999999999999 115 451335 1399999999999999
 72 49 40 48 68 95123145153146123 89 52 22  7 10 29 60 9713215816815913427 6 4O1 8 415421 316899999999999999 2 2 401420  699999999999999
 99 65 43 37 49 74104133153158146119 81 43 15  3 10 33 6810614216617215927 6 5O1 850159215017399999999999999 248 3715 7  399999999999999
129 92 59 39 38 54 81112140157159143113 74 37 11  3 14 40 7611514816917227 6 6O1 936160223717399999999999999 334 361555  399999999999999
154122 85 54 38 41 60 88118143157156138106 69 35 13  8 22 49 8512115216827 6 7O11025159232416999999999999999 420 371644  899999999999999
166146113 78 51 40 46 66 93120142153149131101 66 36 19 18 33 59 9212515127 6 8O11116153999999999999999999999 5 7 401733 1699999999999999
162157135105 73 51 44 52 71 94118136145141124 97 67 42 28 29 44 69 9812627 6 9O1 011162121214599999999999999 557 441824 2799999999999999
146154146125 98 71 53 49 56 72 93113129136133119 96 71 50 39 42 55 7710227 610O1 1 0154131313699999999999999 651 481919 3999999999999999
124140144136117 93 71 56 52 58 71 88106120128127116 98 77 59 51 53 64 8227 611O1 151144142312999999999999999 752 522018 5099999999999999
103121134137129112 91 71 57 52 56 67 82 99114123125117102 84 68 60 60 6927 612O1 247137154112599999999999999 9 2 522126 5999999999999999
 85102118129132125110 90 71 56 50 53 62 77 94110122126121108 91 75 65 6427 613O1 3481321657126999999999999991013 502237 6399999999999999
 71 85102117128131124109 89 68 53 46 48 58 74 93111125131127114 95 78 6727 614O1 44913118 6131999999999999991116 462344 6499999999999999
 64 71 85102118129132125108 86 64 48 41 44 56 75 96116132138133118 97 7727 615O1 54713219 3138999999999999991211 40999999999999999999999
 64 62 71 87106123134135125106 81 58 41 36 42 57 79103125140145137118 9427 616O1 637136195314599999999999999 041 621259 3699999999999999
 72 60 60 71 91112130140138124101 74 50 35 33 42 61 8611213514915013811427 617O1 722140203615199999999999999 130 581342 3299999999999999
 87 65 55 59 75 98121138145139120 94 65 42 30 32 46 69 9712414515615213427 618O1 8 2145211415699999999999999 213 551423 2999999999999999
106 78 58 52 61 82108131146148136113 84 56 35 28 35 54 8111013615415914827 619O1 840149214915999999999999999 252 5215 0 2899999999999999
125 95 67 52 52 67 92119140150147130103 73 46 31 29 42 65 9412314615815627 620O1 916151222215999999999999999 329 501535 2899999999999999
139112 82 59 49 56 77103129146151142121 91 62 39 30 35 53 7910813415215727 621O1 951151225215799999999999999 4 4 4916 9 3099999999999999
148126 97 70 53 51 64 87114136148147133109 79 53 37 34 45 67 9412014215327 622O11027150232215499999999999999 437 501641 3399999999999999
151136112 84 62 52 57 73 97121138146140122 96 70 48 38 42 58 8110612914427 623O111 3146235114999999999999999 512 521714 3899999999999999
149141122 98 75 59 55 64 82104124137139130111 87 64 48 45 53 71 9311613327 624O11143140999999999999999999999 547 551748 4499999999999999
142141129110 88 69 59 60 70 87106123132131121102 81 63 53 53 65 8210212027 625O1 022143122713399999999999999 626 581825 5299999999999999
133137132119101 82 68 61 64 74 89106119126125115 98 80 66 60 63 74 9010727 626O1 057137132012799999999999999 712 611910 5999999999999999
121130132125113 96 79 67 62 65 74 88103116123122113 99 84 72 67 70 80 9427 627O1 140132142412399999999999999 8 8 6220 6 6799999999999999
108120127128122110 94 78 66 60 62 71 85100113122123117105 91 79 73 74 8227 628O1 236129154012499999999999999 914 602117 7299999999999999
 94107119126128123111 94 77 62 55 57 66 80 98114125129125113 98 84 75 7427 629O1 3451281658129999999999999991021 552238 7499999999999999
 81 92106119129132127114 94 74 57 48 49 59 77 97117132139135123105 87 7427 630O1 45513218 9139999999999999991124 472353 7199999999999999
 71 76 89106122135139134118 94 69 49 38 40 52 74 99124143151147131109 8627 7 1O1 5581391911151999999999999991222 37999999999999999999999
 70 64 71 87107128143149141121 93 63 39 28 31 47 7310313315516415813710927 7 2O1 65614920 616499999999999999 056 641318 2799999999999999
 81 62 57 66 86111136153158148124 90 56 30 18 23 44 7511014316717516513927 7 3O1 751158205717599999999999999 151 571411 1899999999999999
105 73 53 50 63 88117144163166153124 86 48 21 11 20 45 8011915517818316727 7 4O1 844167214418399999999999999 241 4915 1 1199999999999999
135 96 63 44 45 63 91124152170171154121 80 41 15  8 21 51 8913016518518427 7 5O1 935173222818799999999999999 328 421550  899999999999999
162126 85 53 38 44 65 97130158173172151115 73 36 14 12 29 6110114117218627 7 6O11025175231018699999999999999 413 381635 1099999999999999
179152113 73 45 36 46 71102134159171166143107 67 35 19 22 43 7511314917327 7 7O11113172235018099999999999999 457 361719 1799999999999999
180167137 99 64 42 39 52 77106135156164156133 99 65 39 29 37 59 9012315227 7 8O112 1164999999999999999999999 541 3818 3 2999999999999999
169168151121 87 59 44 45 59 82108132148153144123 95 67 49 45 55 7610212927 7 9O1 029171125115399999999999999 626 431846 4499999999999999
150159154135109 81 59 50 53 66 85106125138141133116 94 74 62 61 71 8911027 710O1 1 9159134614199999999999999 714 491933 6099999999999999
129143147140123101 79 63 57 60 70 86102117128131126114 98 84 76 76 83 9627 711O1 151147145413199999999999999 8 9 572031 7599999999999999
112125134136130116 99 82 68 63 64 71 83 97110120125125117106 95 87 85 8927 712O1 242136162212699999999999999 918 622150 8499999999999999
 98109120127129125115101 85 72 65 64 69 79 92105118126129124115103 92 8727 713O1 3521301753129999999999999991039 642322 8699999999999999
 88 94105116125129127118104 88 73 64 61 65 75 90106121133137133121106 9127 714O1 51212919 1137999999999999991153 61999999999999999999999
 83 82 90102116127133132122106 87 70 58 55 61 74 9111113014314613912210227 715O1 618134195014699999999999999 033 821251 5599999999999999
 85 75 76 87104121135141137124104 81 62 51 50 59 76 9812214215315314011827 716O1 7 9141202915599999999999999 124 741336 4999999999999999
 93 74 67 72 89110130144149141123 98 72 52 43 46 61 8311013515416215513527 717O1 75214921 316299999999999999 2 4 671415 4399999999999999
108 81 64 61 73 95120142154154141117 88 61 43 38 47 68 9512414916416515127 718O1 830156213416799999999999999 240 601449 3899999999999999
124 93 67 55 60 78105132152161155135106 74 49 36 38 54 8011013916116916227 719O1 9 616122 316999999999999999 314 551521 3599999999999999
139108 77 56 52 64 88117143160163150124 91 61 40 34 44 67 9612715316816727 720O1 940163222917099999999999999 346 511551 3499999999999999
151123 90 63 50 54 72100129152163159139109 77 50 36 39 56 8311414216116827 721O11014164225516899999999999999 417 491620 3599999999999999
158135104 74 54 49 61 84112138156161150126 94 64 44 39 50 7210112915216427 722O11048161231916499999999999999 447 491649 3999999999999999
161144117 88 63 51 54 70 95121143156154138111 82 57 45 48 64 8911614015627 723O11122157234516099999999999999 518 501718 4499999999999999
159149128101 75 58 53 61 80104127144151144125100 75 57 52 61 8010412814527 724O112 0151999999999999999999999 550 531751 5299999999999999
154150135113 89 69 57 58 69 88109128141143134116 94 74 63 63 75 9411513327 725O1 012154124214499999999999999 627 561828 6199999999999999
144147139124104 83 67 60 63 75 92110126135136127112 95 80 73 75 8710211927 726O1 044147133313799999999999999 711 601913 7299999999999999
132139139131117100 83 70 64 67 77 91107121129131126115101 89 84 85 9310527 727O1 127140144413199999999999999 810 642017 8399999999999999
117127133134128117102 86 73 66 66 73 86100115126131130123112101 92 90 9327 728O1 233134162113299999999999999 927 652154 9099999999999999
101111122129133131122108 91 75 64 60 65 77 93110126137140136124110 97 8927 729O1 4101331756140999999999999991054 602339 8799999999999999
 87 93104117130138140132117 95 74 57 50 54 67 86109131147154150135115 9427 730O1 54114019 7154999999999999991211 50999999999999999999999
 80 77 83 98116135148152144124 97 69 47 37 41 58 8311314116217016214111327 731O1 65115220 117099999999999999 052 761313 3799999999999999
 85 67 63 74 94120144161166155129 95 60 34 24 31 53 8612215517818317014027 8 1O1 749166204718499999999999999 146 6314 5 2499999999999999
103 71 52 52 68 95127156175178162130 88 49 22 14 27 56 9513617119219116927 8 2O1 840179212919499999999999999 232 501452 1499999999999999
131 88 55 39 44 67100136167186185163124 78 38 14 12 31 6610915118419919027 8 3O1 92818822 819999999999999999 314 381535 1099999999999999
159115 71 40 31 43 71108145175190184156114 68 31 13 18 43 8212516519219727 8 4O11013191224419899999999999999 355 311616 1299999999999999
179142 96 56 32 30 48 79117152178187175144102 60 30 21 33 6210114017319027 8 5O11056187231819199999999999999 435 281655 2199999999999999
186161122 79 46 31 37 58 90124154174176160129 92 58 38 37 54 8311815017327 8 6O11138177235118099999999999999 513 311732 3599999999999999
180167140103 69 45 39 49 71 99127151163160143116 86 63 53 58 7610213015227 8 7O11220163999999999999999999999 552 3918 9 5299999999999999
165163147121 91 66 52 51 63 82104126141148143129109 88 74 71 79 9511413327 8 8O1 02216613 514899999999999999 631 501847 7099999999999999
147151145129109 87 70 63 65 75 89105119129133130121109 96 88 88 9410511827 8 9O1 05415114 313399999999999999 716 621935 8799999999999999
129136137131119105 90 79 74 75 81 9010111011812312412111510710210010210727 810O1 133137154712499999999999999 819 7421 210099999999999999
114121125127124118108 98 88 82 80 81 86 9410211112012612812511811010310027 811O1 24912717521289999999999999910 5 80231710099999999999999
101106112119124126123116105 94 84 77 76 79 87 98111125134138134124111 9927 812O1 4541261859138999999999999991150 76999999999999999999999
 92 91 98108119129133132123109 93 79 69 67 72 8410011913514714814012310427 813O1 614134194114999999999999999 032 911249 6799999999999999
 88 80 82 94110126139144140126107 86 68 58 59 69 8610913114915815513911527 814O1 7 3144201315999999999999999 116 801328 5799999999999999
 91 74 69 78 96118138151154144124 98 73 55 49 55 71 9612214716316615412927 815O1 742154204216699999999999999 150 6914 1 4999999999999999
100 74 61 63 79104130152162159142115 85 59 44 43 57 8111013916217216614527 816O1 81716321 917299999999999999 222 601431 4299999999999999
113 81 59 52 63 87117145164169158133101 68 45 37 45 67 9712915617317415827 817O1 850169213417699999999999999 252 521459 3799999999999999
128 93 63 47 50 69 99131158172170151119 83 53 37 38 55 8311614717017716827 818O1 922173215717799999999999999 321 461526 3599999999999999
142107 73 49 43 55 81114145168175164137102 67 43 36 46 7110313516217617327 819O1 954175222017799999999999999 349 431553 3599999999999999
153121 85 56 42 46 65 95128156172171152121 85 55 39 42 61 9012315117017427 820O11026174224317599999999999999 417 411621 3899999999999999
161134 99 67 46 42 54 79110140162170161137104 72 50 44 56 8011013916117027 821O1105917023 717099999999999999 445 411649 4499999999999999
164143114 82 57 45 49 66 93121146161162148122 92 67 54 56 73 9812514816227 822O11133164233216499999999999999 515 441720 5399999999999999
162149126 98 72 54 50 59 79103127146155151135111 87 70 64 72 9011313414927 823O11211155999999999999999999999 548 501754 6499999999999999
155149134112 89 70 59 59 70 87108127140145139126108 90 79 78 8710312013527 824O1 0 0155125714599999999999999 628 571836 7799999999999999
143144137124107 89 74 67 68 76 90105120130135132123112100 93 92 9810711827 825O1 03714514 613599999999999999 724 661937 9199999999999999
128133134130121110 96 83 75 72 76 85 9710912012813112912311410610110010327 826O1 13813416 613199999999999999 854 72213810099999999999999
110117123128130127120107 92 79 70 68 73 84 98114128138142137127114101 9327 827O1 3591301757142999999999999991047 682346 9199999999999999
 92 96105117130138141134119 98 77 62 55 59 72 91114136152158152136114 9327 828O1 54714119 01589999999999999912 9 55999999999999999999999
 79 75 82 98118138153157149127 98 69 48 39 45 64 9112215117017416213610427 829O1 652157194617499999999999999 049 7513 5 3999999999999999
 76 60 58 72 96125151170173159130 92 56 32 25 37 63 9913616818618516312727 830O1 743174202618899999999999999 134 571352 2599999999999999
 87 56 41 46 68100136167185185164126 81 42 19 18 37 7111315418519818715527 831O1 82918821 319899999999999999 214 401433 1699999999999999
110 66 36 28 41 71109149180196189160115 68 30 13 20 47 8713217119720017827 9 1O1 912196213720299999999999999 252 271512 1399999999999999
137 89 47 23 23 44 80121160188197183148101 56 25 17 32 6510715018319919127 9 2O1 954198221019999999999999999 330 201550 1799999999999999
160115 69 33 19 28 55 92132167189190170132 88 50 29 31 52 8712716318619027 9 3O11033192224119199999999999999 4 6 191625 2799999999999999
172137 94 54 30 26 41 70105140168180175151116 79 52 42 51 7610814116717927 9 4O11112181231017999999999999999 441 2517 0 4299999999999999
172149115 78 50 36 40 59 86116143161165155133104 77 61 60 74 9712414716227 9 5O11149166233616499999999999999 515 351733 5999999999999999
163151127 99 72 54 50 58 76 98120138148147137119 99 83 76 80 9311213014427 9 6O11227149999999999999999999999 550 4918 8 7699999999999999
149145131112 92 75 66 66 74 88104118128133131125114102 94 92 9610611712827 9 7O1 0 2149131513399999999999999 628 641850 9299999999999999
134134129119107 94 84 79 80 85 9310211011712012212011711110610410510811327 9 8O1 03413515 112299999999999999 722 79201710499999999999999
118122122120116110102 95 90 87 87 90 9510110711412112512512211610910410227 9 9O1 145122173612599999999999999 924 8723 810299999999999999
103107112117121121118112103 94 86 82 82 85 93104116127135136130119106 9527 910O1 4441221838136999999999999991135 81999999999999999999999
 90 91 98109120128132129119105 91 78 71 71 78 91108125139146144131113 9427 911O1 6 2132191414799999999999999 017 891231 7099999999999999
 80 76 82 96113129141143136121100 81 66 60 64 77 9611813915315614612510027 912O1 647143194315699999999999999 055 7613 7 6099999999999999
 77 65 66 79100124143153152138115 89 66 53 51 62 8210813415416415813911027 913O1 72315420 916499999999999999 127 641336 5099999999999999
 81 60 53 62 83111138157164155133103 73 51 43 49 68 9512515216816815312427 914O1 756164203317099999999999999 156 5314 4 4399999999999999
 90 61 45 47 65 94126154169169151121 87 57 40 39 55 8211414516717516513827 915O1 828171205717599999999999999 224 431431 3799999999999999
103 68 43 36 48 75109143168177167141105 69 43 34 44 6810113416217717315227 916O1 9 0177212017899999999999999 251 361458 3499999999999999
118 79 48 32 36 57 90126158177178159125 87 54 36 37 56 8712215317417816327 917O1 932180214317999999999999999 318 311525 3499999999999999
133 94 58 34 29 43 71107142169180171145108 71 45 37 48 7410714016617717027 918O110 418022 817799999999999999 345 291554 3799999999999999
146111 73 44 30 35 56 87122153173175159128 92 61 44 46 65 9412615317017027 919O11037176223317299999999999999 414 291624 4399999999999999
155126 91 59 38 34 47 71102133157169164143113 83 60 52 62 8411113815716427 920O1111216923 016499999999999999 445 341656 5299999999999999
157137108 78 54 42 45 61 85112136153158149129104 81 67 66 7910012214115227 921O11150158232915499999999999999 519 411732 6599999999999999
152141121 98 75 58 52 58 72 92114132143145136121103 87 79 82 9310912413627 922O11238145999999999999999999999 6 1 521815 7999999999999999
141138128113 96 80 69 64 68 78 93108121130133129121109 99 93 9410010811727 923O1 0 7141135413399999999999999 7 2 641925 9399999999999999
124127127122115104 92 81 73 72 76 85 97109120127130128121112104 98 96 9927 924O1 12212716 613099999999999999 846 722154 9699999999999999
103110117123126125118105 90 77 68 66 72 83 99115130140141135121106 92 8427 925O1 4171261742142999999999999991043 662342 8299999999999999
 82 88 99113127138141133116 94 72 57 52 58 74 96120141154156144123 98 7727 926O1 5461411837157999999999999991156 52999999999999999999999
 64 64 74 94117139155157146121 90 61 42 38 48 71101132157170167147115 8227 927O1 642158191817199999999999999 033 631247 3799999999999999
 56 44 49 68 96127155172171152119 80 47 28 28 46 77113149174182170140 9927 928O1 729174195518299999999999999 113 441330 2699999999999999
 60 34 28 40 68105141171185179152111 67 34 19 27 53 9013116618718716412427 929O1 812186203019099999999999999 150 2714 9 1999999999999999
 78 39 18 20 41 76117156183192178143 98 54 25 19 35 6710814817919218114927 930O1 85319221 319299999999999999 226 161447 1899999999999999
103 57 23 11 21 50 89130166188189168129 84 45 25 27 50 861271621841861662710 1O1 933192213518899999999999999 3 2 111523 2399999999999999
128 82 41 17 14 32 64103142171185179152113 73 43 33 44 711061421691801722710 2O1101118622 518099999999999999 337 121558 3399999999999999
145106 65 34 20 26 49 81116148169174162134100 67 48 47 64 911231501671682710 3O11048175223216999999999999999 411 201633 4599999999999999
152123 88 56 36 32 44 67 96125148160158143118 91 69 59 65 831081321501572710 4O11123161225915799999999999999 444 3117 6 5999999999999999
150131105 78 56 46 48 62 83106127141146141127108 89 76 74 82 981171331422710 5O11159146232614399999999999999 517 451742 7399999999999999
142132115 95 76 63 59 65 77 93109123130132127117104 93 87 87 941061181262710 6O11241132999999999999999999999 553 591825 8699999999999999
130127118106 93 81 74 73 77 86 96106114119120119114108101 97 96 991041102710 7O1 0 013014 212099999999999999 643 731944 9699999999999999
115117116112106 98 91 85 82 82 86 92 98104111116119119115109102 97 94 952710 8O1 110117163011999999999999999 819 822216 9499999999999999
 99104109113115113107100 91 84 80 80 83 89 98108118125127123113101 90 832710 9O1 3591151748127999999999999991037 802339 8299999999999999
 82 87 97108117123123116105 91 80 72 70 74 84 98114127135135126110 92 77271010O1 5261241829136999999999999991148 70999999999999999999999
 69 70 80 96114128134132121104 85 69 61 61 70 86105125139145139122 99 76271011O1 61513519 014599999999999999 021 681229 6099999999999999
 60 55 62 80103125141146138120 96 73 57 51 56 72 94118139151150136111 82271012O1 654146192715299999999999999 053 5513 1 5199999999999999
 57 44 46 62 87116140154154139113 84 59 45 45 58 81109135154159149124 92271013O1 729156195115999999999999999 123 431330 4399999999999999
 60 39 33 44 68100132155164156133101 68 45 37 45 67 96127152164160139106271014O1 8 2165201616599999999999999 150 331359 3799999999999999
 70 40 25 29 49 81117149168170153122 85 53 36 36 53 82115145165169154123271015O1 836172204216999999999999999 218 241428 3499999999999999
 85 48 24 19 32 60 97134163176169144107 70 42 33 42 67100133159171165140271016O1 91017621 917299999999999999 247 181459 3399999999999999
103 63 32 16 20 42 75113148172177162130 92 58 38 37 54 84118148167169153271017O1 945177213817099999999999999 317 151532 3599999999999999
122 84 47 23 17 29 56 91127157173170149116 80 52 41 48 70101131155165159271018O1102217422 916699999999999999 350 1616 6 4099999999999999
137105 69 39 23 25 42 70103135158166158135104 74 54 50 63 86113138153156271019O111 1166224115799999999999999 425 221643 4999999999999999
145121 92 62 40 31 37 55 81110135151154144123 97 75 62 63 77 97119136144271020O11144155231914599999999999999 5 6 311724 6199999999999999
142130110 86 64 48 43 49 65 87109128140141133117 98 81 73 76 86101116126271021O11239142999999999999999999999 555 431817 7399999999999999
131129120106 89 72 59 55 58 69 85102117128131127117104 91 83 83 88 96105271022O1 011131135813199999999999999 7 3 551937 8299999999999999
113118120118110 98 83 70 62 61 67 78 92107120128129123112 99 88 81 80 83271023O1 157120154212999999999999999 840 612144 8099999999999999
 91100110119123120110 95 78 64 57 59 68 83101119132137132120102 84 71 65271024O1 41012317 3137999999999999991018 572312 6599999999999999
 67 77 92109125134134122102 79 59 49 49 60 79102125141147140122 97 72 54271025O1 5271351758147999999999999991128 47999999999999999999999
 47 52 68 90115136148147130104 74 50 38 41 56 81110136154157144117 84 54271026O1 623149184215799999999999999 0 3 471220 3899999999999999
 35 31 42 66 96126150161156133100 66 40 30 38 59 90123150164161140105 67271027O1 710162192016599999999999999 045 3113 4 3099999999999999
 35 19 21 40 70106139163170159130 91 55 32 27 41 69104137162170159129 89271028O1 754171195617099999999999999 123 181344 2699999999999999
 48 20  9 19 45 80118151171173155121 80 46 28 30 50 83119150169169149113271029O1 836175203117199999999999999 2 0  91423 2699999999999999
 71 33 11  8 25 55 93130160174170146109 70 40 30 39 65 99133158169160134271030O1 91617521 416999999999999999 237  715 1 3099999999999999
 95 55 24  9 15 37 70106140163171160132 96 61 40 37 53 81113142160162146271031O1 955171213516399999999999999 313  91538 3699999999999999
116 78 44 21 16 28 53 85117145161161145117 84 57 44 49 68 961251461551492711 1O1103116322 615599999999999999 348 161614 4499999999999999
128 98 66 40 26 28 44 69 98125145153147130104 77 58 53 63 831081301441452711 2O111 7153223614699999999999999 422 251650 5399999999999999
134112 85 59 41 35 42 60 83106127139141133116 94 75 63 64 75 941141291352711 3O1114214223 813699999999999999 457 351728 6299999999999999
132119 99 78 59 48 47 56 72 91109123130129120106 90 77 71 73 84 981121222711 4O11222130234912499999999999999 535 461811 7099999999999999
124119108 92 77 64 57 58 67 80 94107116120119113102 91 82 77 79 86 961052711 5O11316120999999999999999999999 620 571912 7799999999999999
112113110103 92 80 71 66 66 72 81 92101109113114111104 95 86 80 79 82 882711 6O1 052113144211499999999999999 723 652049 7999999999999999
 95102106107104 96 87 77 71 69 72 78 86 95104111114113107 98 87 77 72 722711 7O1 240107161711599999999999999 855 692229 7199999999999999
 77 86 97105110109103 93 81 72 67 67 72 81 93105114120118110 97 81 68 602711 8O1 4221101720120999999999999991028 662328 6099999999999999
 61 68 82 97110118118110 96 81 68 61 60 67 80 95111122127122109 90 70 542711 9O1 52811918 2127999999999999991131 60999999999999999999999
 47 51 64 83104121129126114 95 75 59 52 55 66 83103121132133123102 77 53271110O1 616129183513499999999999999 0 9 471215 5299999999999999
 38 36 46 66 91116134140132114 89 65 49 45 52 70 92116134142136117 89 59271111O1 65714019 614299999999999999 043 351252 4599999999999999
 36 25 29 46 73104131147148135109 79 54 40 41 55 78106131146148134106 72271112O1 736150193714999999999999999 114 241327 3999999999999999
 41 20 15 27 52 85119145158153132101 68 43 34 41 62 91121144155149126 92271113O1 81415920 915599999999999999 146 1514 3 3499999999999999
 55 24  9 12 31 62 99133157165153126 90 57 36 33 47 73105134154158144114271114O1 853165204315999999999999999 221  81440 3299999999999999
 76 39 13  4 14 39 75112145165166148116 79 48 33 36 56 86118144158155134271115O1 934168212015999999999999999 257  41518 3299999999999999
101 62 28  8  5 21 50 86123152166161139105 70 44 35 44 68 97127148155147271116O11016166215915599999999999999 337  41559 3599999999999999
123 89 53 24  9 12 31 61 95128152161152128 96 65 45 42 54 78105129145147271117O111 0161224114899999999999999 420  81641 4199999999999999
136112 81 49 26 16 22 42 70101128147152141118 89 64 50 50 63 84107125136271118O11148152233113899999999999999 5 7 161729 4899999999999999
136125104 77 51 33 26 33 50 75101124139141131111 87 67 56 57 68 85102117271119O11242142999999999999999999999 559 261824 5599999999999999
125126117101 79 58 42 36 41 56 76 98118130132125108 88 71 61 60 67 79 93271120O1 034127134513399999999999999 7 1 361935 5999999999999999
106115118115103 85 66 51 44 47 58 75 94111124128122109 91 73 61 57 60 69271121O1 2 0118145712899999999999999 814 4421 2 5799999999999999
 82 96108116117109 94 75 58 49 48 56 71 90108122128124111 92 72 57 49 50271122O1 33511816 812899999999999999 933 472224 4899999999999999
 58 72 90106119123117102 81 62 49 46 53 69 88108124131127112 90 66 47 37271123O1 4551231710131999999999999991046 462326 3699999999999999
 38 49 67 88110126131125107 84 61 46 43 51 68 91113130136130111 84 56 35271124O1 55913118 1136999999999999991147 42999999999999999999999
 25 29 43 66 92117134140131110 82 57 42 39 51 72 97121137141130106 75 45271125O1 653140184614199999999999999 015 251239 3999999999999999
 23 16 23 43 70100126143147134108 78 51 37 38 53 78106130143143126 97 63271126O1 742147192814599999999999999 059 161325 3599999999999999
 33 14 11 23 47 78110136151150132103 70 45 34 40 60 88116138147141119 86271127O1 82615220 614799999999999999 141 1014 8 3499999999999999
 51 23  9 11 28 56 89120144155148126 93 61 39 33 45 69 99126144147134108271128O1 9 8155204314899999999999999 221  81449 3399999999999999
 73 40 16  8 16 38 68101130149154142115 82 53 36 37 54 81110134146143124271129O1 947154211814699999999999999 259  81527 3499999999999999
 95 61 31 14 12 26 51 81112137150148131102 71 46 37 44 65 93119138143134271130O11023151215214399999999999999 336 1116 4 3799999999999999
111 81 50 26 16 20 38 65 94121139146138117 88 61 44 41 54 771031251371362712 1O11057146222613899999999999999 412 151639 4099999999999999
122 98 69 43 25 22 31 52 78104125137137125103 77 55 45 48 64 861081251312712 2O1112913923 213199999999999999 446 211716 4499999999999999
125109 85 60 39 29 31 44 65 89110125131126111 91 69 54 49 56 72 911091202712 3O112 2131234112299999999999999 521 281754 4999999999999999
122114 97 76 56 41 36 41 56 75 95111121122115100 83 66 56 54 62 75 911042712 4O11238122999999999999999999999 558 361838 5499999999999999
112112104 89 72 56 46 44 51 65 81 97108114113106 94 79 66 58 58 64 74 872712 5O1 029113132211599999999999999 640 441935 5799999999999999
 97104104 98 86 72 60 52 52 58 70 83 95104109108101 91 78 66 59 57 61 692712 6O1 132105142010999999999999999 732 512049 5799999999999999
 80 91 98101 97 88 76 65 58 57 61 70 81 92101106106101 91 78 65 55 52 542712 7O1 253101153210799999999999999 841 5622 6 5299999999999999
 62 74 87 97103101 93 81 69 61 58 60 68 79 91101108109103 91 75 59 48 432712 8O1 41710316401099999999999999910 1 5823 7 4399999999999999
 46 56 71 88101109109100 86 72 60 55 57 65 78 92105114114106 90 69 50 362712 9O1 5261101734115999999999999991113 552356 3299999999999999
 32 38 52 72 93110119118107 89 70 56 49 52 63 80 98114122120107 85 60 38271210O1 6231201820122999999999999991211 49999999999999999999999
 24 22 32 52 77102122131127112 89 65 48 42 48 64 85107124131125106 78 48271211O1 71313119 313199999999999999 039 2113 0 4299999999999999
 24 12 14 29 55 85114135142134113 85 58 40 37 47 67 93118134138127102 69271212O1 8 0142194613999999999999999 121 111345 3699999999999999
 36 12  2  9 30 61 95126146151138111 78 49 33 33 48 74103128143143127 96271213O1 845151203014599999999999999 2 5  21430 3099999999999999
 59 24  1 -4  7 34 69106137155155137105 69 40 27 32 52 81112136149144123271214O1 930158211514999999999999999 249 -51514 2699999999999999
 88 49 15 -5 -7 10 40 78116145160155131 96 59 33 24 34 58 88119141150141271215O1101516122 215099999999999999 335 -81557 2499999999999999
116 80 41  9 -7 -4 17 49 87123150159149122 85 51 29 25 38 64 94122141146271216O11059159225014699999999999999 421 -81642 2499999999999999
135108 73 36  8 -3  4 26 59 95128149154139110 75 45 28 28 44 69 96120136271217O11143154234013999999999999999 5 7 -31728 2699999999999999
139126100 67 35 12  5 15 38 69101129144144127 99 67 42 30 33 48 71 95115271218O11228146999999999999999999999 554  51817 2999999999999999
128129117 94 65 38 20 17 28 50 77104126136132115 89 62 42 33 37 51 69 90271219O1 034130131413699999999999999 643 161910 3399999999999999
107118119109 90 66 45 31 30 40 59 81103119126121106 84 61 44 36 39 50 65271220O1 13612014 512699999999999999 736 292013 3699999999999999
 82 98108111105 90 71 54 43 41 49 64 82100113118114101 81 61 45 37 38 46271221O1 24911115 311899999999999999 839 412126 3799999999999999
 59 75 90102107105 95 79 63 52 49 54 65 81 96108113110 99 82 62 46 36 34271222O1 413107161111399999999999999 954 492242 3499999999999999
 40 52 68 85 99108109101 87 71 58 52 54 64 78 93106113111100 82 62 43 31271223O1 5361101719113999999999999991113 512350 2899999999999999
 28 34 47 65 84102114116109 93 74 58 50 51 61 76 94108116114102 82 59 38271224O1 6461171820116999999999999991223 49999999999999999999999
 25 22 29 45 66 88109122124115 95 72 53 44 46 59 78 98114122118103 79 53271225O1 741125191112299999999999999 047 221318 4399999999999999
 30 18 17 27 46 71 97119132131116 92 65 45 37 43 61 84106122127120100 72271226O1 827133195612799999999999999 135 1614 3 3799999999999999
 44 22 11 14 29 53 81109130139133112 83 55 36 32 44 67 93116130131118 93271227O1 9 7139203613299999999999999 217 101443 3299999999999999
 62 33 13  6 15 35 63 94121139142129102 70 43 28 31 50 76104125136131112271228O1 942143211213699999999999999 255  61519 2899999999999999
 82 50 22  6  6 21 47 77108132144139119 88 55 32 25 35 59 88115132137125271229O11014144214613799999999999999 330  41554 2599999999999999
101 68 36 13  4 11 32 61 93120138142129103 71 42 26 27 44 71 99123135132271230O11043142221913699999999999999 4 2  41626 2499999999999999
115 86 53 25  8  8 22 48 78107129139133114 85 55 32 25 33 55 82108126132271231O11110139225313299999999999999 432  61658 2599999999999999
