17220823725224923320818115914815417420423626127226824821718014511610210527 1 1O3 321253151327399999999999999 910148222010199999999999999
125157193225246252245228206186172171183204229249259256239211175139108 9127 1 2O3 45725216172609999999999999910361702329 8999999999999999
 91111145185223252266265249226201181172178196220241254254239209171130 9627 1 3O3 62326817302569999999999999912 5172999999999999999999999
 76 76 9913918723326928628426423420117516316818921724325925924120516111527 1 4O3 722288183126299999999999999 028 73131116299999999999999
 77 58 63 9514420125429130629626722818815914916118922425527126724019614327 1 5O3 8 5306191927299999999999999 117 57135714999999999999999
 93 55 41 5710016122528031331929825720916714013816120024227328427023317827 1 6O3 842320195928499999999999999 2 0 41143413699999999999999
119 68 35 31 6111818825530633032128623518314312513617322026429129326721627 1 7O3 914330203529699999999999999 237 2915 712599999999999999
153 91 43 20 31 7714622128632733531126320615512211714419324528630429425327 1 8O3 94533721 930599999999999999 311 19153811599999999999999
192124 64 24 16 4510718325631233833029023317512910812016221827030330928427 1 9O31015340214231199999999999999 344 1416 910799999999999999
230162 95 42 15 25 7314522328933033931226020014510910413218524228831130327 110O31044340221631299999999999999 415 14164010299999999999999
264201132 71 30 20 50112188260313337327285227168121 9810915020826129830927 111O31112338225230999999999999999 445 191712 9799999999999999
288238172107 57 31 40 86155228288326331304252193140104 9512016922527229927 112O31140333232930299999999999999 515 301746 9499999999999999
298266211149 94 57 47 73128196259305325313274219164120 9510013318323427327 113O312 9325999999999999999999999 547 461822 9399999999999999
291282245191137 94 71 76111166226276307312288242190142107 9310614218923427 114O3 011292123931499999999999999 621 6919 2 9399999999999999
267279265230184141109 97110146195243280297290260216169129101 9310914318527 115O3 059279131429899999999999999 7 1 971951 9399999999999999
226255266254226191158136129141171209245271280269240200159123 99 9110413327 116O3 159266135628099999999999999 7521292053 9199999999999999
172211241256254237212186166158163182209236256263254230196158123 95 83 8927 117O3 320257145626399999999999999 9 81582212 8299999999999999
113151193230256265259241217194177171178197221242254252234203163122 87 6627 118O3 5 526516222559999999999999910581712334 6299999999999999
 64 86127177227266287289272243211182164163180207236257263249216169118 7227 119O3 6342911749263999999999999991232161999999999999999999999
 41 34 5710616923328531631929725921417314614316420124127228326922917210827 120O3 737321185928399999999999999 044 33133814199999999999999
 51 12  4 33 9517224931134434331025920215212212315520625729430728823816727 121O3 828348195630799999999999999 144  3142811999999999999999
 93 27-15-19 22 98188274338366354308245179125 9811015621927831832830023727 122O3 912367204732999999999999999 236-231513 9799999999999999
156 74  5-34-28 28117215302360378350291219149 97 7910616623729933734030027 123O3 952378213434499999999999999 323-381554 7999999999999999
227140 57 -9-39-17 54150248328374374331261186118 73 7011218225531434633927 124O31030380222034999999999999999 4 6-391634 6699999999999999
288210124 46-10-24 15 95190279346374355298225151 90 59 7212619826832034327 125O311 637423 434399999999999999 446-261713 5899999999999999
324266189111 45  5 10 62143230304351358322259187121 72 57 8414221127331527 126O31139361234732799999999999999 525  11752 5799999999999999
326298241173108 58 37 58115189261315341328282219155100 67 6610115721726827 127O31210341999999999999999999999 6 1 371831 6299999999999999
299300269219164116 85 81111164224277310316290242186134 93 73 8211716521427 128O3 032304124031799999999999999 636 791912 7399999999999999
254275271245207169137121128157199242275291283253211166126 98 87 9812716527 129O3 120277131029199999999999999 7131211959 8799999999999999
20423425024823220818516615916718821524125926325122619416013010910110812827 130O3 222251134426499999999999999 8 015921 210199999999999999
15618721423123623322220919718919019921322723623823021319116614112010810727 131O3 4 5236143823899999999999999 924189223310699999999999999
11914117019822324024724423421920419519219720621622322421720117715012310427 2 1O3 6122471637225999999999999991150192999999999999999999999
 9610312515819523025626926625022720218217317719020822523423121418515011527 2 2O3 719270181823499999999999999 0 2 96131317399999999999999
 88 77 8611415820625028129128125421818415915216218721624125324822418413827 2 3O3 8 0291191425499999999999999 1 5 77135515199999999999999
 95 65 57 7411617223027830530628224119515613413516019823726627526022317027 2 4O3 832309195527599999999999999 151 56142713199999999999999
115 68 41 43 7613320126330732330826721516312611413117322326629229126120827 2 5O3 9 0323202929599999999999999 228 38145511499999999999999
145 85 41 24 42 9416623829733032929423917912910010514219825429531129524827 2 6O3 92733421 131199999999999999 3 0 241523 9899999999999999
182113 55 19 20 60130208279327341318266201140 97 8410916422928431832028527 2 7O3 953342213332399999999999999 330 151550 8399999999999999
222149 81 31 12 35 96176254314345336292227160104 73 8112719426030933031427 2 8O3101734622 533099999999999999 358 121619 7199999999999999
262190117 56 20 23 69144225294338345314253183120 75 63 9215322428532432927 2 9O31042347223933199999999999999 426 161648 6299999999999999
296232158 91 43 27 52115194267321344328277209141 87 58 6511218124930132727 210O311 6344231432899999999999999 455 271719 5699999999999999
316269202134 80 48 52 95164237296331331295234166107 66 54 7913520326430527 211O31131336235131899999999999999 525 451751 5499999999999999
317294243180124 85 70 90141206266307322304256194134 86 59 62 9715421626727 212O31157322999999999999999999999 557 701825 5799999999999999
297299271224173131106105132180233276300298269220165116 80 65 7511216221427 213O3 034302122630399999999999999 63210219 7 6499999999999999
256279278254218181153138143167204241268279269239197153114 87 76 8611515627 214O3 12628213 127999999999999999 71713820 2 7699999999999999
199235257261249228205185174174187209231248253245223193159127100 86 8710527 215O3 243261135425399999999999999 8271722126 8499999999999999
135173209238255259252237218201190188195208223233235227207179146113 87 7527 216O3 44925915432359999999999999910431882312 7599999999999999
 81105143187230264282283269243214187171169181203226243248235206164118 7727 217O3 6342851747248999999999999991238168999999999999999999999
 51 48 7211917823828631331429125220716714113815919623626728026722917311227 218O3 73331719 228099999999999999 037 47133713699999999999999
 57 22 17 4911118726031634333629824218313310611215020526030031429424117027 219O3 817345195631499999999999999 138 15142010499999999999999
 96 32 -6 -3 44122211291347365340285215147 95 75 9715522528933234030723927 220O3 854365204334299999999999999 227-101459 7599999999999999
157 76 10-22 -4 61153247325370370325254177106 60 55 9817225131735535230327 221O3 929376212635999999999999999 310-221536 5199999999999999
225137 57 -2-19 19 99196286352378355292213133 68 35 5211319627633736434627 222O310 237822 736599999999999999 349-201611 3599999999999999
285202118 45  2  6 62149241318365367322248167 94 41 28 6513722029434535727 223O31032372224635899999999999999 425 -31646 2799999999999999
324257179105 47 25 50117201279336359336277201126 65 30 38 8916424030333827 224O311 1359232534299999999999999 5 0 251720 2899999999999999
335293228161102 65 64104171243302336333294229159 97 52 38 6211818625129927 225O31127340999999999999999999999 532 591753 3799999999999999
318303260206153113 96112156214268305316295248188131 84 57 59 9114320025027 226O3 0 4318115231699999999999999 6 3 961826 5499999999999999
283290271235195159137135157196238272289283254209162119 88 76 8711815920327 227O3 045291121529099999999999999 63413319 3 7699999999999999
23925926124622219817716717219121724225826124722018715312510610111113316227 228O3 134262124026299999999999999 711167195010199999999999999
19321823423923522521320219619820621722723323122020318316214312812112313427 3 1O3 258239131423399999999999999 817196211512199999999999999
15217419721623123924123522521520620120020320720920920519618216314512912127 3 2O3 5412411527210999999999999991142200232612099999999999999
12213315518321223925726325623921719618117517919020521822421920317714812227 3 3O3 65726318 72249999999999999913 6175999999999999999999999
10410011414318322526028228426723720217215215016419021924125124221617813727 3 4O3 73628519 325199999999999999 045100133914999999999999999
101 80 7910314720025128930529426221817313912413516620824727227725721516427 3 5O3 8 6305194227899999999999999 132 7614 512499999999999999
113 73 56 6810916923228631731828923918413510510513518523928130229425619927 3 6O3 832321201430399999999999999 2 7 56143110199999999999999
137 82 47 42 74135206272319335314265203142 96 7910015221727531532329724127 3 7O3 856335204532599999999999999 238 401457 7999999999999999
172105 54 30 47101176251311343335291226157 98 63 6811318225431033933028327 3 8O3 919345211734199999999999999 3 6 301524 6099999999999999
214140 76 35 31 72144225295340349316253179110 60 44 7313921828933735132127 3 9O3 943351214935199999999999999 335 271552 4399999999999999
258182111 56 32 52114195271327352335280205130 69 34 41 9417325331735234727 310O310 7352222335599999999999999 4 4 321621 3199999999999999
300228154 91 51 48 91164242305343343302233156 89 40 25 5512320628033335227 311O31031348225835299999999999999 434 441651 2599999999999999
329272201135 86 64 82137210277323338316259186116 60 29 34 8015323129433327 312O31056338233634099999999999999 5 5 641723 2699999999999999
337303245183131 97 93124182244294320315278216149 91 50 34 5410617524229327 313O31122322999999999999999999999 538 901758 3499999999999999
319313277228180142123130164213259291300283240185130 85 57 53 7712518323727 314O3 018321115230099999999999999 6161221840 5199999999999999
277295287260225191167156165192225255272271251215172131 97 77 75 9413017527 315O3 111295122827499999999999999 7 31561936 7399999999999999
217251268269256236215197187189200218234243243231209181151122100 91 9812027 316O3 232271132824599999999999999 82318621 5 9199999999999999
152189223250265268260244224205193189193204216227230224207181149119 96 8727 317O3 445268155423099999999999999105718923 1 8799999999999999
 96122161205246277292288268238205177160159175200228248255243213171126 8727 318O3 6182921753255999999999999991232158999999999999999999999
 65 67 9614520426030132031127923318514412212615620024628029327723617912027 319O3 711320185829399999999999999 026 63132012099999999999999
 69 40 44 83148221286331343320271209149103 8510415321627531632730124517427 320O3 750343194832899999999999999 124 371359 8599999999999999
104 48 21 36 91170252319356352310244171105 62 58 9816724330934834930823827 321O3 825359203135499999999999999 210 201436 5499999999999999
159 86 32 16 49120208289347368342281203126 62 31 4810919227433836935429827 322O3 857368211136999999999999999 250 151510 3099999999999999
221140 70 27 30 82164250322363361313238156 82 29 18 5713422230235737334227 323O3 927368215037399999999999999 327 221544 1699999999999999
276198123 64 39 63129212288343361335270190112 47 13 24 8216625132136236027 324O3 955361222736799999999999999 4 1 391617 1199999999999999
316248176112 70 68109179253313346340294222145 77 29 16 4811619727332935227 325O3102234923 435299999999999999 434 631648 1599999999999999
334285222161112 91107157222281321331305248178112 59 30 38 8215022328432327 326O31047332234033199999999999999 5 5 901719 2899999999999999
329302255202155124121149198250291311301263206146 94 58 48 7011817823728327 327O31112312999999999999999999999 5361191750 4899999999999999
306300272233193161146155185224261284286265225177131 94 74 7710314619423827 328O3 018307113728899999999999999 6 81461823 7299999999999999
269281272250223196177172184207233253262255232200165133109 9910712916119627 329O3 1 228112 526299999999999999 64717219 4 9999999999999999
22724825625324222620919719420021122423323522821219217014913212512914216127 330O3 2 9257124323699999999999999 749194201012599999999999999
18520922824124724723922721420520019920320821221321020218917215514313713827 331O3 4232481444213999999999999991037199221713699999999999999
14916819221724025626225624122020018417617718720221622422421319316914612927 4 1O3 5592621730226999999999999991220175235912399999999999999
12313115318522225527628226924321017815514715617920923525225223520516913527 4 2O3 6482821833254999999999999991258147999999999999999999999
11110311615019524228030029626922818314412112214818823226728427724720315527 4 3O3 721301191428499999999999999 053103132811999999999999999
113 87 87114163221273308317297252197144105 9111015621426630331229124518727 4 4O3 748318194931399999999999999 132 831355 9199999999999999
131 88 69 83130193257307331321279218154 99 68 7311518024930533533029022927 4 5O3 813332202233799999999999999 2 5 691423 6599999999999999
163105 67 63 98162233295335340306245173107 57 42 7113621528833935733327727 4 6O3 838342205635799999999999999 237 601452 4299999999999999
206138 84 58 74129204274327349330274200125 62 26 33 8616725232236436432227 4 7O3 9 4349213136999999999999999 3 8 571522 2399999999999999
254181117 73 65102171246308345344303231152 81 29 11 4111320228534737335627 4 8O3 93035022 737499999999999999 341 621554 1099999999999999
302230161105 76 88140212280328345323264187111 49 11 14 6314423230835736827 4 9O3 958345224536999999999999999 415 751627  699999999999999
337277210150107 94121180246300330328290223149 83 33 12 32 9117225231635127 410O31027334232735599999999999999 450 9317 3 1299999999999999
349312256199151121122157211265303317301254191126 72 35 28 5711819025830927 411O31059317999999999999999999999 5291171743 2699999999999999
333325290244199163144152185228267291293271227173122 79 53 53 8313519525027 412O3 014334113729599999999999999 6131441830 4999999999999999
291309302277243209182169176198227253267266247214174134100 79 7810013918627 413O3 112309122626999999999999999 7101691932 7599999999999999
231267286288275253227203187185194210228241245238220192160129105 9610513127 414O3 235290135524599999999999999 84218421 0 9699999999999999
168209247274287285269244216191176173182199220238246241222191156124103 9927 415O3 42028816 92469999999999999910441722242 9899999999999999
11514819223827629830128525321517715014015017621224526827225522017613210027 416O3 53930317422739999999999999912 0140999999999999999999999
 86 9913618824429031731829224819714811410412416621926729930528323818313027 417O3 631321184330699999999999999 0 2 86125010499999999999999
 89 73 91138201263312335325285227165109 75 7511217223929633133229924317927 418O3 712336193233699999999999999 059 731330 7199999999999999
120 77 67 96155226290334346319262193124 69 44 6111619126732635634630123627 419O3 748346201535799999999999999 146 6614 7 4399999999999999
167107 71 73117186258317349342296226151 83 35 26 6413522029735137034528927 420O3 820351205537099999999999999 226 671442 2499999999999999
220152 98 74 94151223289336350322260184110 48 15 27 8316525132336636833127 421O3 850350213337399999999999999 3 4 741516 1499999999999999
268200138 96 90126189258313342335289219143 75 27 13 4511419927934036735427 422O3 919345221036899999999999999 338 871548 1299999999999999
307244181129103116163226284324334308250179109 53 21 28 7615023030034635627 423O3 947335224635799999999999999 4121031620 1999999999999999
330279221167129121147198254299321313273212146 87 45 32 5611218425431033927 424O31015322232234199999999999999 4451191652 3299999999999999
334302253203160138144177224269299306284239181125 79 53 56 9014621026830827 425O31044307999999999999999999999 5181361724 5099999999999999
322309276234193163154168201239271288282254211162117 85 73 8612317322526927 426O3 0 0322111628899999999999999 5531531759 7399999999999999
296301285257223193173171187213241261268257230195157123101 9811514718722827 427O3 043302115326899999999999999 6351701840 9799999999999999
26127928127024822320018618519521223024324623721819216413912412213516019027 428O3 138282124524699999999999999 734184193512199999999999999
22224826527026425022920919418819019921222423022922020318115914413914416027 429O3 258270142223199999999999999 913187205913999999999999999
18421223825927026925723721319117717217819221122723623522320217815714414227 430O3 4282711624237999999999999991057172224014199999999999999
15217520523726428028026523820517515314615617921023825625924622018815813727 5 1O3 5322821741260999999999999991156146235413199999999999999
13114217020924928029629126622618314512111914017922426328528726622918714927 5 2O3 6162971834289999999999999991236117999999999999999999999
123118137176225270302311293253201148107 87 9813719425129631731127722917727 5 3O3 651311191631999999999999999 0441171310 8799999999999999
134108110142194250296322317283227164107 68 59 8914822028533034532527821927 5 4O3 722324195534599999999999999 1261051344 5899999999999999
161117 97113160222280321334311258190121 65 35 44 9517125231936036232726927 5 5O3 753334203436699999999999999 2 5 971418 3399999999999999
204145104 97128188253307337333292225149 81 30 14 4311220028434837836731927 5 6O3 824340211437999999999999999 242 951453 1399999999999999
254188132101107153218281326342321264188112 48  8  8 5513722930936638435927 5 7O3 857342215538499999999999999 320 981530  299999999999999
304238175126107128181246301334335299233156 85 28  0 16 7616325132537137727 5 8O3 932339223937999999999999999 4 01071610  099999999999999
344287225168129121152207265309330318273206134 70 23  8 3510118426532936427 5 9O31010330232536799999999999999 4421201653  799999999999999
361325272216168138140174224272306316298251189125 69 32 26 5912319826932327 510O31053317999999999999999999999 5271351739 2499999999999999
348341308262214173151157187229267292298278237183129 82 52 52 8313920426427 511O3 017350114329999999999999999 6181501831 4899999999999999
309330324296257216181162166189221252273279265233190144104 79 7710314820327 512O3 115331124927999999999999999 7201611933 7599999999999999
254294314312291258220187166164178203231254266262241207168131105 9911615127 513O3 223316141626799999999999999 8381632046 9999999999999999
19724428330530829126022318616014915717920924026327025923119515712711412227 514O3 33630915532709999999999999910 414922 811499999999999999
15019223827930430929326021817514112513015619523627028728225721917714112127 515O3 4443101716288999999999999991116124232511999999999999999
123148191240283310314294254204154115 9610514019124428730930627823518814727 516O3 5403161822311999999999999991211 95999999999999999999999
122123151198250294319317288238180125 84 69 8813619926130933232529024118927 517O3 627322191533399999999999999 0281191257 6999999999999999
144120126161213267308326314272213150 93 56 51 8414621828533335133429123727 518O3 7 732620 035199999999999999 1201181337 4899999999999999
182138119134178234286321328301248182117 63 36 46 9416724431135336033228227 519O3 743329204136299999999999999 2 41191415 3499999999999999
224169131123150201258304328320280218149 87 41 28 5511719527233336435832027 520O3 817329212036699999999999999 2431221451 2799999999999999
265206156128134172227279316327304253186119 63 30 33 7614622629834836434527 521O3 850327215736499999999999999 3201261526 2799999999999999
299243187146132152197251296321317281223157 95 49 32 5110517925531735335527 522O3 922323223335899999999999999 35513216 0 3299999999999999
325275220171142142173221270305317300255195133 80 47 45 7813921127832734827 523O3 95531723 934999999999999999 4291381634 4199999999999999
337301251200161145157194240281305305278230172117 74 55 6710917123729332827 524O31030308234633799999999999999 5 414517 8 5599999999999999
336316277230187158153174211251283297288256209156110 79 73 9514019825529927 525O311 7297999999999999999999999 5411521743 7299999999999999
322320295257216180161164186220253277283269237195150113 93 9612316721726427 526O3 025324114928499999999999999 6221591822 9199999999999999
29731130327824420717916617119222024726526825522619015312511212014718522827 527O3 1 8311124226999999999999999 71216519 811299999999999999
26629130029026723620417916717118821223625325824822619616514213314016219527 528O3 158300135125899999999999999 81416720 413299999999999999
23126328529228426223220117516116217519822424625625323621018216014815216927 529O3 256292151525799999999999999 928160211714899999999999999
19723126228329128225922719216314514315718521824826626825422919917315715527 530O3 3582911638269999999999999991038142223815499999999999999
16919623126428729528425621717614112011913917722226128629227724721217915727 531O3 4552951746292999999999999991133116234815199999999999999
151165197236273297302285248200151111 90 9412717823528331331829826121717827 6 1O3 5443021842320999999999999991220 88999999999999999999999
150144163202247286309308281232175119 78 60 7512318925631134234231326721527 6 2O3 628312193034699999999999999 04514313 4 6099999999999999
170141139166213264303321311271211145 86 46 36 6512720628133836635832026527 6 3O3 710322201736899999999999999 1351361346 3499999999999999
208160133139176230282319330308256187116 57 20 20 6413922630536138236531827 6 4O3 75133021 238299999999999999 2211311430 1599999999999999
257198150129144190248300331333300239164 92 34  4 15 7115624632437538836227 6 5O3 834337214938999999999999999 3 61291515  299999999999999
309246187143129154206265312338331289222146 75 21 -1 21 8617526433838138527 6 6O3 919339223638999999999999999 35112916 1 -199999999999999
352296234177138134165220276319337323277208134 67 19  5 3710719427834437927 6 7O310 6337232338299999999999999 4381311649  499999999999999
375337281221168137140176229280317331313265199130 68 28 23 6113021228834427 6 8O31057331999999999999999999999 5251341737 2099999999999999
370359320265209162137145181230276309320301256196134 80 48 50 8915422729227 6 9O3 012371115332099999999999999 6161361827 4499999999999999
339356341302251199157138147180224266296307291252200146101 76 8211917523727 610O3 1 1356125530799999999999999 7111371919 7499999999999999
29333034032328523819115313614417221125128229528425421116612810811414519227 611O3 15134114 429599999999999999 811135201710799999999999999
24328931932530727222818314712913415819523526928728426222819115813914116427 612O3 244326152228899999999999999 918128212513799999999999999
20124528430831229526221917513811811914218022326228729227724921518316215827 613O3 3413131645292999999999999991026116224115799999999999999
17420624427930130428725320916412510210312716921826429530629626923420017427 614O3 44030518 0306999999999999991129 99235516699999999999999
166178207244277298301282245197148107 85 8811816722327431032331228324420527 615O3 53730219 1323999999999999991224 82999999999999999999999
176166178209247281301300276233181129 88 68 7811717423729332933932228624227 616O3 628304195133999999999999999 0571651311 6799999999999999
199169162180215256290307299267218161108 69 56 7612619225931534734832227927 617O3 714307203335199999999999999 1471611354 5699999999999999
230186159159186228270302312296254198138 86 54 52 8514521628533635834831227 618O3 754312211135999999999999999 2301561434 4899999999999999
262211169151162198245287313314287236175115 68 45 5710317124631035136133927 619O3 832317214736299999999999999 3 81511511 4599999999999999
293239189155148172216265303321310272214151 94 55 46 7213020327533135935527 620O3 9 9321222136199999999999999 3431471547 4599999999999999
320268214168145152187237284315322300252190128 78 51 56 9716323630134535827 621O3 945323225535899999999999999 4171441621 4899999999999999
339296241190153143163206256298320315283229167110 70 56 7812919826632035027 622O31021321232735399999999999999 4501421654 5699999999999999
349318269216170145147177224270304317302262206148100 72 7310716523129033227 623O31059317999999999999999999999 5251421727 6899999999999999
347332293243194157142156191237277303307285242188137 99 84 9914119925830627 624O3 0 0347113930999999999999999 6 214218 1 8499999999999999
33433531126822017714914416420124327729729426922617813611010613017422727627 625O3 033338122429999999999999999 642143183810499999999999999
31232831928824620216614514616920424127228828325721917914612913215819924427 626O3 1 8328131628999999999999999 727143192012799999999999999
28431031730126922918915714114516620023526528127725622419116515215718021427 627O3 147317141928299999999999999 820140201415199999999999999
25228430330428725521717914913313615719022726027928026624021118617317419127 628O3 233306153528299999999999999 921132212517199999999999999
21925127929529527824720816913711912014117722025928529428526223320618718227 629O3 3292971658294999999999999991027117225118199999999999999
192216247275292293276243201157120 99 9812216521726530031631028625221919227 630O3 4342951812316999999999999991131 95999999999999999999999
179186210244275295298280242193142 99 74 7410415721927832234133430526422227 7 1O3 538299191434299999999999999 0101791229 7099999999999999
187170177205245282306309286241183124 75 47 51 8915422829634536635431726727 7 2O3 63731120 736699999999999999 1141691324 4499999999999999
216176158168205252295321322293238171105 51 23 32 8115824231736838536531927 7 3O3 732325205638599999999999999 2 91571416 2199999999999999
260204161145164210265312338334297233158 86 31  5 23 8417126133838639536527 7 4O3 824340214339799999999999999 25814515 7  599999999999999
310246186144135164219279327351342297225145 72 17 -2 27 9919128335639739527 7 5O3 915352222840299999999999999 3441331555 -299999999999999
355293225165128129168230292339359343291215135 63 14  5 4512421830537039927 7 6O310 6359231040099999999999999 4291231641  299999999999999
385336269202146117128176239300343358336280205129 63 24 27 7715824532337527 7 7O31056358235139199999999999999 5141161726 1999999999999999
390364309243179130111132183245301339349323267198130 75 49 6411819327033427 7 8O31147350999999999999999999999 5591111810 4899999999999999
371371336280217160120111137187244295328333306256197141 99 8510816022528727 7 9O3 030376123933599999999999999 6451101853 8599999999999999
33535634530625219614711611514218723728231131429025020416113212715119424627 710O3 1 9357133631699999999999999 734112194012699999999999999
29332633431627923118314211811914218122626629229728225422018916816618421727 711O3 149335144429899999999999999 829115203616599999999999999
25428830931029225921817714212112013817221225027828928426624221820019420327 712O3 235312161028999999999999999 934118215319499999999999999
22425127629029127724921417614312111613016020024027229129528526524021920627 713O3 3332931745296999999999999991046115232720599999999999999
20722024126327828227224821417614011510711915019323827830431330328025122327 714O3 4482821857313999999999999991155106999999999999999999999
204199210232256275283275251214171131103 9410914519524929432333031528524827 715O3 6 1283194833199999999999999 0471991253 9499999999999999
213190186201229260283293282252208160116 87 8110415021026931734334231727627 716O3 659293202834699999999999999 1421851342 8099999999999999
232194173176201238274299305287247195141 96 70 7410816623429634035734330527 717O3 74530621 235799999999999999 2231711424 6899999999999999
256207171158173211256295317314285234174117 75 59 7612519426532435936133227 718O3 825319213436499999999999999 25815815 1 5999999999999999
283227180151151182230280316330316273212148 93 59 57 9115523029934936835327 719O3 9 133022 436899999999999999 3291471534 5399999999999999
310252196154138155200255304333336307252185122 74 53 6912119326832936536627 720O3 935338223237099999999999999 4 013816 5 5399999999999999
334279219167135135168223279322342330288225157100 64 61 9616123630435237027 721O310 934223 037099999999999999 4301301635 5899999999999999
351304244186142124141188246299333341315262197135 88 68 8413520527533236327 722O31044342232636699999999999999 5 112417 5 6899999999999999
361325270210158126124155209265311335330293236174122 89 8711917924630634727 723O31120337235335999999999999999 5331201735 8399999999999999
35933929223417913711813117222627831532931327021516212210411715921927732327 724O31159329999999999999999999999 6 711818 710499999999999999
34734330925820415712511914118523628131131729525420616413613115319624829427 725O3 021349124331899999999999999 644118184313099999999999999
32633531827923018214312212314919123827730130328324821017916116318522226327 726O3 051335133530599999999999999 726119192615999999999999999
29731631529225521117013812212615018823026628929428025622820419019120623327 727O3 127318144329599999999999999 818121202818899999999999999
26328729929527524320516813812112114117421425328129329127625423221520821327 728O3 216300161929499999999999999 92811922 520899999999999999
22925127228528527124420917113711410812115219624127930431230328225623021127 729O3 3312861757312999999999999991051107235220699999999999999
206215235259279288281257220176132 99 85 9412817923628832534033230526823027 730O3 5 528819 93409999999999999912 8 84999999999999999999999
201188196221255286303301276231176121 78 56 6610717024230735236835431726727 731O3 62530520 236899999999999999 1 81881313 5699999999999999
218180164178215262303328326295238170104 53 29 43 9717526033237939036531327 8 1O3 727330204739199999999999999 2 316414 9 2899999999999999
252194152141166218278327354348307238159 85 30  9 3510319528636040140036027 8 2O3 821356212940699999999999999 2491401458  999999999999999
295225163124124164230298350375361308229144 68 15  4 4512722531638441339527 8 3O3 91137622 741399999999999999 3311181543  299999999999999
339266193132101116171246316367386362299215131 58 15 19 7616526134439840927 8 4O3 958386224441199999999999999 4121001625 1099999999999999
374307231159105 88119185261329374384350282200123 61 33 5412120929636439927 8 5O31044386231840199999999999999 452 8817 5 3399999999999999
390340269195130 89 88131199272333370369328262190124 78 6810317225032137027 8 6O31129374235138499999999999999 531 831744 6699999999999999
384357300231165112 86 9814621127632735334430324618813810911515621728033127 8 7O31215354999999999999999999999 611 85182110799999999999999
359355318262201146107 9511516121727131232931628223919616315016320024829327 8 8O3 02236213 432999999999999999 653 9419 115099999999999999
32533531928123218414211511113217021625929130229427124321519519020322926127 8 9O3 05433514 330299999999999999 739109194818999999999999999
28930530528625421718014912912714217120724226828228327325824022622022523927 810O3 128307153328499999999999999 83712621 322099999999999999
25627228027826524321618816214313614316319222425327428628727926424823522927 811O3 21828017362889999999999999910 0136231522899999999999999
23123925025926326024722720017214913513414917721224928030130729827925423127 812O3 4 32631854307999999999999991132133999999999999999999999
21621221923425126526926124020917414312211813416821326029932332631028024427 813O3 554269193932799999999999999 050212124211799999999999999
21319419120623125928128827824920816412610310112617222828332434433730726527 814O3 657288201434599999999999999 1381901333 9999999999999999
221186170177206244281305308288247194143102 82 9213119125731335035733428927 815O3 740310204435899999999999999 2121691412 8299999999999999
237189158153176221269309329322286231170116 78 70 9715422529334436835731527 816O3 816330211136899999999999999 2411511445 6999999999999999
259201156135148190247300336345322271205140 89 62 7212019126633036837234027 817O3 848346213637599999999999999 3 81351515 6199999999999999
284220164127124157216278329356350309244174112 70 61 9315923730836037936027 818O3 92035822 137999999999999999 3361211543 6099999999999999
309243179130109126179246308351364340284212144 91 65 7813120728334437737327 819O3 952364222438099999999999999 4 41081611 6499999999999999
332268200142105103142207276332363359318253182122 83 7711318025632236537627 820O31024366224837799999999999999 432 991639 7599999999999999
349292224160113 93112166236300346362342290223161113 9210615822829534636927 821O31058362231237099999999999999 5 2 9317 8 9199999999999999
358313248183129 96 9513119225931534835031826320315312011614620326732035227 822O31134354233635899999999999999 532 91173811499999999999999
355326271209153111 9310715221327231733933129524519616014215118723929032627 823O31214340999999999999999999999 6 5 93181214199999999999999
34132828923518113610710212416922327230832231027924020518117318721925929427 824O3 0 334113 232299999999999999 643100185317399999999999999
31631729725921417013511511413517321825928930229627625122721020521423526127 825O3 03531914 930299999999999999 733111195320599999999999999
28229429227524521117614612712213516319923626828829428827525724022822623227 826O3 121295155929499999999999999 846122214722699999999999999
24526027127526825122519416213512012113917121125128530631330528626023621927 827O3 2512751756313999999999999991027118235721399999999999999
213220236256273280273251216175135106 9510714219224829733134433330426422527 828O3 5 328019 2344999999999999991159 95999999999999999999999
195183192219255287307306280235179124 82 64 7712218926032236237235030525027 829O3 627309194837399999999999999 1 518313 6 6499999999999999
198161150170215268315341339303243172105 56 37 6012120328635439138935028827 830O3 726344202739599999999999999 1521491358 3799999999999999
220161123122161225292346374363314239157 84 34 23 6214023432038440938833027 831O3 81537521 340999999999999999 2321171444 2199999999999999
255181120 91107165244319375396373310225140 68 25 30 8717727335440541036827 9 1O3 9 0396213741499999999999999 310 901525 2099999999999999
295214139 85 71107182267343393403366293207126 62 34 5913022331137940939227 9 2O3 94340522 941099999999999999 347 7016 3 3499999999999999
332252171103 62 68122204288358397394345271191120 71 6310518226734138839527 9 3O31025401223939899999999999999 424 581640 6099999999999999
357287208135 79 56 81145226303361386370317249181125 9510715823130135437827 9 4O311 738723 837999999999999999 5 0 561715 9499999999999999
363312242172111 72 6810517024330735136333828923318114313215620726631834927 9 5O31149364233635599999999999999 536 65174913299999999999999
352322268206149104 82 9213319125130133133230826922819217117320024228431527 9 6O31233335999999999999999999999 612 81182516999999999999999
32831628123418614311410512115720324928530430328626123421320320923025728127 9 7O3 0 2328132630699999999999999 65210519 720399999999999999
29729728025121618215313413114417020323626327928327726525123723023224025227 9 8O3 031299145128399999999999999 742130202023099999999999999
26426926725523821719417215715115516919221724226327728328127125824523623227 9 9O3 113270171328399999999999999 9 5151231423299999999999999
23323824424824824323121419217315815215717420023126128630030028826724322327 910O3 33224918313029999999999999911 4152999999999999999999999
21020821623024625926225323320417515013613815819223427630732231629325922527 911O3 548262191332299999999999999 041207122313599999999999999
19618218520523426328328827324220216213011412115320025430233333932028223627 912O3 646288194534099999999999999 118181131311499999999999999
193164157175211254291312310283238186138105 9611716422628633335434530725427 913O3 725314201235599999999999999 1471561349 9599999999999999
200156134143181234286324338321278219159110 84 9013019426332336036433327827 914O3 758338203636699999999999999 2131331420 8299999999999999
215158120115146203267321353352317258190129 86 7510216223630635637535530327 915O3 82935721 037599999999999999 2391121449 7499999999999999
236169117 94111165236304353371352299229159104 74 8413420828334337637132727 916O3 9 0371212237999999999999999 3 6 941517 7299999999999999
260188125 85 83124196272336374375336270197133 89 7911217925732436837834827 917O3 932380214538099999999999999 333 791545 7799999999999999
285211142 89 67 89151231306360383364310239171117 8910115422829935237536127 918O310 438322 937699999999999999 4 1 671614 8899999999999999
309237164104 67 6711018426433037137634228021315511510713820027032836136327 919O31038379223336799999999999999 431 62164410599999999999999
327264192128 81 62 8213921528734136835831425519715312913818024129833835227 920O31114369225835299999999999999 5 2 62171612899999999999999
335287222158107 75 7310616623629633835133329024019616515617421726730833027 921O31155352232733399999999999999 535 70175215699999999999999
329300250193142104 85 9212918424229032132831027624020918918720623927429927 922O31244329999999999999999999999 615 84183618699999999999999
30929927022818414511610311214218623227129730529627725423221821422424226227 923O3 0 1309135630599999999999999 7 7103194621499999999999999
27628127425422619416313712312414117220924527429229829227825924022722222627 924O3 055281155729899999999999999 82612122 122299999999999999
23624825826325824422019015913512212614618022126229431431730427924922020127 925O3 3 12631741317999999999999991017121235419599999999999999
19520422424827028127625321717413510810111815721026531234034332228423819527 926O3 5132811838345999999999999991148100999999999999999999999
166158175211255293315313284235177124 86 74 9714921728533936736132526920927 927O3 625318192036999999999999999 0491581251 7499999999999999
156124124158215276327353345304240169106 64 57 9216024131636938736430823827 928O3 718354195638799999999999999 1301191340 5599999999999999
167111 85102157233306361383364308232154 88 50 5610919027734939139134727427 929O3 8 3384203039799999999999999 2 8 851423 4799999999999999
194122 70 59 97172259336388400367298216138 78 52 7614423131437439837531227 930O3 84640221 139899999999999999 244 5715 2 5299999999999999
230149 80 42 51110197286360402400353278199127 78 711131892733433863873432710 1O3 927407213239299999999999999 320 391539 6899999999999999
267184108 52 32 63135225310373401383328255184124 931051592353063593793582710 2O310 740122 137999999999999999 355 321615 9199999999999999
299221145 80 41 42 891662513243733853562992351751321201472052713253573562710 3O31046386222936199999999999999 429 35164911999999999999999
318254183118 69 49 671221962693283603583242732211761501541892402913273392710 4O31126364225633999999999999999 5 3 49172314899999999999999
321276217157107 75 721011552182763203373272962562171871751882212602943132710 5O312 7338232331499999999999999 537 69175917599999999999999
310284241193148113 961031331792292723023103002772492222042012142372622812710 6O31256311235528799999999999999 613 95184220099999999999999
2872782532211861541311231321571912272582792872832712532362232202252362492710 7O314 7287999999999999999999999 658123195122099999999999999
2582592522372171941721561491521671892152402612742802772662512362252202202710 8O3 04126016 828099999999999999 8 8148222622099999999999999
2252332382402382292141951771641581621761992262532762902912802602372152002710 9O3 25924017362929999999999999910 6158235819599999999999999
195200214231246254251237214188165150148161188223260291307306287256221190271010O3 5162541825309999999999999991140147999999999999999999999
170168182210241267280276255222185153133131151189236281314326314280236191271011O3 61728119 032699999999999999 039166123512999999999999999
155139147179223266297309296262216169132113121155207263310337336306257201271012O3 659309192834099999999999999 110138131411399999999999999
150118114141192250300330332304254198146110101124176239297339352331282218271013O3 733335195335299999999999999 138111134710099999999999999
156107 86103153220286336357342297235173122 94102145210278331359351308242271014O3 8 6357201736199999999999999 2 5 861418 9299999999999999
171110 71 69109179257324365371338278210147103 91120180252315356364332269271015O3 839374204236599999999999999 233 641449 9099999999999999
194123 69 47 69132214294355383371321252184128 96104152222291343366350297271016O3 91238421 736699999999999999 3 2 471520 9499999999999999
223147 83 42 40 85164251326375387356296227164119104131191262321356358321271017O3 946388213436299999999999999 332 35155210499999999999999
254177107 55 31 51113198280346381376333271207154123125166229291335352335271018O3102338422 235299999999999999 4 5 31162611999999999999999
284213142 82 43 37 73143225299351372355308251197157139154200257305333334271019O311 3372223333799999999999999 439 3517 313999999999999999
304248182121 73 48 56100168241303343352331288241199169162183224269302317271020O3114835323 831799999999999999 518 46174616299999999999999
308274222166117 81 65 80123182243293324329311278242210189186203233264286271021O31242330235529399999999999999 6 3 65183918499999999999999
293282253212169129100 89101135183232274302311301280253227207200207224244271022O31357311999999999999999999999 7 0 89195920099999999999999
260268264247220187154126111114136172213254285302304292269242217199194200271023O3 111268153630599999999999999 820110215619499999999999999
215234251261259243216182149125116126154194239279307317308282247211181165271024O3 32026217 131799999999999999 958116232416399999999999999
166185215248273284275248208165128108111138184237287322334321285238188148271025O3 5 42841758334999999999999991124106999999999999999999999
126132162209259298317308274224170123 96 98131187250306342349323273212152271026O3 612317184235099999999999999 0191251227 9399999999999999
106 88105153218282329349334289228165113 86 94138205274330360353311246174271027O3 7 4349192036299999999999999 1 2 881317 8499999999999999
110 66 58 93160239310359373347290222155103 82103160234302351367343283207271028O3 750373195436899999999999999 141 5614 1 8299999999999999
132 69 35 44 99180266338381383344280209143 98 91127193266328363361317245271029O3 833388202736799999999999999 218 321441 8899999999999999
165 92 37 19 49119208294360391379329262193134102111160229296344362340281271030O3 913392205836299999999999999 254 19151810099999999999999
204127 61 21 22 70149238317371387361306240178131115140195260315348346307271031O3 952387212835299999999999999 329 16155411599999999999999
241166 97 44 22 411011822643313693703352802211681361371722272833233383202711 1O31030375215833899999999999999 4 4 22162913299999999999999
271205137 80 43 38 721362122823343573453072562061661491622012502923173172711 2O311 9357222932199999999999999 438 3517 414999999999999999
288237177120 77 56 661071682342913273363182822381981711661862212602893012711 3O3114933723 230199999999999999 512 55174216599999999999999
290257211161117 86 79 971391922452883123132952642291991821832022302572752711 4O31233316234127999999999999999 548 78182518099999999999999
2782642341971581251061061261622052472782952942792552282051931942062252432711 5O31328296999999999999999999999 629103192519299999999999999
2552562452231951661421291311471742082402662802832742552332121981941982092711 6O3 034257144228399999999999999 723128205919499999999999999
2232352402372252061831631501471561762022312562752822772612372131931801792711 7O3 2 924016 628299999999999999 842147224017899999999999999
1872042222372442402252031811621531551701952262562792902852652352021731552711 8O3 4 92441711290999999999999991020152234015299999999999999
1531661922222482632622462201901641481461621932302672933022902612201781432711 9O3 5282641757302999999999999991135145999999999999999999999
124128153193236271290287263228189155136137160200246286310311287244192142271110O3 622291183331499999999999999 021122122813399999999999999
105 93111154210263302318306271224177140123133168219270309325312271214153271111O3 7 431819 432599999999999999 055 9313 912299999999999999
100 69 71108169238297334341315268212160124115139188247297329331299242174271112O3 742343193433499999999999999 128 65134711499999999999999
109 60 41 62119196271330360353313255194142113117157216276321340324274204271113O3 81836220 434099999999999999 2 0 41142311099999999999999
131 69 28 26 67142228304358375353301237175129110130183247303337340306241271114O3 856375203534399999999999999 234 21145911099999999999999
165 93 37  9 25 85170258330374377342283218161123118152212273320341328279271115O3 93538121 934299999999999999 310  9153711599999999999999
207131 64 18  5 38110198282346377367324264203153126134177236291326334308271116O31016378214533599999999999999 348  4161712499999999999999
251179107 48 13 14 59135220296349369351305248194152136153198252297321318271117O311 0369222532499999999999999 428  817 013699999999999999
285227160 96 46 21 33 83156234300343353332288238191158149170211256290307271118O31148354231230799999999999999 513 20174814999999999999999
299265212153 98 57 40 57105171239295329336315277234194166160178211247274271119O31243337999999999999999999999 6 2 40184515999999999999999
288281252209159112 78 65 81123179236284314321304272234198171162173198227271120O3 011288134532199999999999999 658 65195616299999999999999
253269269250217176136104 90101133180229273302311299272236199169154157175271121O3 130271145431199999999999999 8 5 90212015399999999999999
203232256267259235201163130112114138176222265297309300273235193156134130271122O3 3 626716 430999999999999999 924110223912999999999999999
147179218253275277260228189152126121137173219265298312302272227177133105271123O3 43827917 63129999999999999910461202341 9899999999999999
100121163213260292301286252208164132121136174223271306318303264210152103271124O3 5523021757318999999999999991156121999999999999999999999
 72 72103158220277315326307267217168131120138181235284316322297247184121271125O3 651326184232399999999999999 031 68125412099999999999999
 70 44 53 98165238300339345318271215163127120146196252299325320282222153271126O3 740346192132799999999999999 115 42134211899999999999999
 89 41 24 48107184261323357353318263204152122125161217272313328310260192271127O3 824360195832899999999999999 156 24142511999999999999999
121 60 20 17 57127210287343366350306247188141121137182240290322324291232271128O3 9 5366203432799999999999999 234 1315 412199999999999999
161 92 38 11 25 78156239310355363336285225170133127155206261304323311267271129O3 94336521 832499999999999999 311 11154112599999999999999
202132 69 26 15 45108188266326357351314260203156131139176229278310316291271130O31020359214231899999999999999 347 14161613099999999999999
239174108 55 26 31 731422182873333493312882341831461361551972472873073012712 1O31057349221730999999999999999 422 24165213599999999999999
267212150 92 52 37 571071752443003323333072622121691441451722142572872962712 2O31133336225329799999999999999 456 37172814199999999999999
281242189133 86 59 58 881412042623043223142832401961621481571852232572782712 3O31210323233428299999999999999 531 5518 714899999999999999
280259221173126 91 75 851201702242703003082942622231871611531651912222492712 4O31250309999999999999999999999 6 7 75185315399999999999999
264262241207166130105 981141471912352712922932772482141821611561661872132712 5O3 023265133529599999999999999 648 98195015699999999999999
2362492472312031711431251231381672032382672822822662392081791581511571752712 6O3 125250142728499999999999999 73712121 215199999999999999
1982222382412312111851621461431531762062372622762752602352031721481361402712 7O3 246242152827799999999999999 843142221613699999999999999
1571842132362472442282051811621541591772042352602752752592301931571281132712 8O3 41624816292779999999999999910 8154231711299999999999999
117140176214246264265250224195170155156173203236265280278257220176133 992712 9O3 5332671724282999999999999991128154999999999999999999999
 85 95129177226267289290270237200168149149171206245275290282251204151102271210O3 631293181029099999999999999 0 6 85122914699999999999999
 67 57 79126188248294317312284241196158138143173216260291300283240181120271211O3 720319185330099999999999999 049 57131913699999999999999
 68 35 35 70133207274323341327288237185145128142182233278306308278223155271212O3 8 4341193331199999999999999 131 3014 412899999999999999
 88 35  9 21 72148231302347358333283225170131122147197252297319310268202271213O3 847359201432099999999999999 213  8144712199999999999999
128 59  9 -9 17 82169255325364364328272210155121122157214271312327307254271214O3 930369205732799999999999999 256 -9153011799999999999999
181104 36 -8-16 24100191277342372361317256193142115126171231285320327298271215O31014373214232899999999999999 340-18161311599999999999999
238162 86 23-14-10 40123214294350370349299237177131114134184242292321320271216O31058370223032599999999999999 425-18165811499999999999999
285223148 77 20 -7  8 65148233306351360332279219164125116142191246290313271217O31143361232131599999999999999 510 -8174511599999999999999
308271211142 78 30 13 36 95172249310344344311259203153121118146192240280271218O31229348999999999999999999999 557 13183611599999999999999
300294259204144 90 52 43 70125193258307331324289241190145118118143184227271219O3 017301131533299999999999999 645 42193111599999999999999
263283279250206156112 83 79104151207260299314303271227180140115113134169271220O3 12028514 531499999999999999 738 77203411199999999999999
209245267269250216178142117113132169213256287298286257217173134108103118271221O3 234271145929899999999999999 840112214610299999999999999
150190228256267258235204172149140150177213248275285275249210167126 97 86271222O3 4 226716 128599999999999999 9581402258 8699999999999999
 99130174218254274275258230198170155157177208241267279271245205158113 80271223O3 53227717 7279999999999999991123153999999999999999999999
 67 80116166218262290295279249212178157154173204239267280271242197145 96271224O3 64429618 828099999999999999 0 1 67123615399999999999999
 60 48 66110168229280310314293257213174149148170206245274285272236184127271225O3 739315185928599999999999999 055 48133314599999999999999
 75 40 34 61115182249302329326296251201159137142173216257286292270225165271226O3 823331194429399999999999999 142 32141913699999999999999
104 52 23 27 66131206274323341326286233181141127144184233275298295262207271227O3 9 2341202330099999999999999 224 20145812799999999999999
141 79 33 13 31 84158236300339344315265208157125124153203254292306291246271228O3 93834621 030699999999999999 3 2 13153312099999999999999
183115 56 19 14 48113192266322346335294237179135115129171226274304307278271229O31011347213631099999999999999 338 1116 611599999999999999
223155 89 39 14 27 76150228294335343316265205152118114142193247289309298271230O31042344221030999999999999999 411 14163811299999999999999
258196128 69 30 23 53114190261314338328288231175130110121161214264297304271231O31112339224630599999999999999 442 21171010999999999999999
