123128124114100 87 79 79 87102120138150154149135115 93 73 58 52 55 66 8227 1 1O9 1 4128125715499999999999999 632 782010 5299999999999999
 99114123126121112102 95 94 99110125139149152147132111 88 65 49 41 43 5427 1 2O9 248126135215299999999999999 743 932118 4099999999999999
 72 93112127133131124113104100102111124138149152146131107 81 56 37 29 3227 1 3O9 417133145315299999999999999 9 91002214 2899999999999999
 46 68 94118136144141132118106100101110124140152155147128101 71 43 24 1727 1 4O9 5161441549155999999999999991020 9923 0 1799999999999999
 24 44 72103130147153148133116102 95 98110128145157159147123 91 57 29 1127 1 5O9 5591531637160999999999999991112 952339  899999999999999
  9 22 48 82116143158159148128108 94 89 96113135154164162144114 77 42 1427 1 6O9 6341611719165999999999999991152 89999999999999999999999
  1  6 27 60 98132156165159141118 97 85 86 99121145164170161137101 61 2627 1 7O9 7 5165175717099999999999999 014  11227 8499999999999999
  3 -3 10 39 77116148166167153129104 85 79 86106132156172173156124 84 4427 1 8O9 734168183217499999999999999 048 -31259 7999999999999999
 12 -4  0 22 57 97135160170162141114 90 76 76 91115143166176169145108 6627 1 9O9 8 217019 717699999999999999 119 -51329 7499999999999999
 29  4 -2 10 40 79119151168168152126 99 78 71 78 98126153171174160130 9027 110O9 829170194117599999999999999 150 -314 1 7199999999999999
 50 19  3  6 28 62102138162170161138110 85 70 69 8210613415917116714611227 111O9 856170201617299999999999999 219  21434 6899999999999999
 74 39 16 10 23 50 87124153168166149123 96 74 65 70 8711313915916515513027 112O9 923169205316599999999999999 249 101510 6599999999999999
 97 62 35 21 24 43 74109141161167158136109 83 66 62 71 9011513915315414127 113O9 952167213515699999999999999 319 201549 6299999999999999
117 87 59 40 34 44 66 96127151163162147123 97 74 61 60 71 9011313314414327 114O91022164222514599999999999999 351 341635 5999999999999999
130108 84 63 52 52 65 87113138155161154137113 88 67 56 56 66 8410512213227 115O91057161233113499999999999999 428 501731 5599999999999999
132123108 90 76 69 72 84103124142154156147129106 82 62 50 49 57 72 9210927 116O91140156999999999999999999999 513 691840 4899999999999999
122127124115103 92 87 89 97111127142151152144127104 80 57 42 37 42 56 7627 117O9 1 5127123815399999999999999 617 8720 0 3799999999999999
 97116127131128119110102100103113126140150153147131107 78 51 31 21 23 3827 118O9 259131135215399999999999999 7541002117 2099999999999999
 61 89115134144144136123111103102109122138152159155138111 76 42 16  2  427 119O9 42914615 915999999999999999 9361022223  199999999999999
 21 51 86120147160160148130112 99 95103119140159170166147114 73 32 -1-1627 120O9 5291621617171999999999999991049 952319-1799999999999999
-13 10 47 91132161175171154129104 88 85 96118146170183178155115 66 19-1527 121O9 6171761716183999999999999991143 85999999999999999999999
-30-22  7 52102146176186176151119 91 75 75 92120153181194186157111 57  827 122O9 65818618 919499999999999999 0 9-311230 7399999999999999
-26-36-22 15 66119162187190172140104 76 62 68 90125161190200188153103 4827 123O9 737192185920099999999999999 055-361313 6299999999999999
  1-28-32-10 33 86138176193187161124 87 61 52 64 91129166192198181143 9227 124O9 813194194619999999999999999 138-331356 5299999999999999
 40 -1-21-16 13 58110155184191176144105 70 49 47 63 9413216718818816712927 125O9 847192203219199999999999999 218-221438 4599999999999999
 82 37  7 -4  9 42 86132168186182160125 88 58 43 46 65 9713216117517215027 126O9 920187211817699999999999999 256 -41520 4299999999999999
114 75 41 22 21 39 73112149174180168141107 74 51 42 48 69 9712714915815227 127O9 95118022 615899999999999999 332 1916 4 4199999999999999
132104 74 52 43 49 70100132158171169152125 94 67 49 44 52 70 9411713413927 128O9102117223 113999999999999999 4 5 431652 4499999999999999
134119 99 80 68 66 76 95119142158162155137112 87 65 51 48 54 69 8710411727 129O91053162999999999999999999999 439 661749 4899999999999999
123121113102 92 87 88 97111128142151151143127106 85 67 54 50 53 63 77 9127 130O9 015123113215299999999999999 518 8619 4 5099999999999999
104113117116112107103104109117127137142142136123106 87 69 56 48 47 54 6627 131O9 216117123014399999999999999 6231032035 4799999999999999
 81 97111121125124120115111111115121129136138135125110 90 70 52 41 37 4327 2 1O9 41812514 013899999999999999 8341112152 3799999999999999
 57 77 98117131137135128118110105107114124135141140131113 90 65 43 29 2627 2 2O9 51613715251429999999999999910141052246 2699999999999999
 35 54 80107130144148142129113101 96 99110125140149148136113 84 54 30 1727 2 3O9 55114816261509999999999999911 7 962327 1599999999999999
 18 33 59 91122145157154141121102 89 86 95112133151160156137108 73 39 1627 2 4O9 6201571712160999999999999991144 86999999999999999999999
  7 15 38 72108140160164153132107 87 77 80 96121146164169158132 95 56 2327 2 5O9 646164175017099999999999999 0 2  71215 7699999999999999
  4  3 21 53 92130158170164144116 89 72 68 80104134160175174154120 78 3827 2 6O9 711170182517799999999999999 033  11244 6799999999999999
 10 -1  8 36 75116151171173156128 97 71 60 65 85116148173182171143103 5927 2 7O9 734174185918299999999999999 1 2 -11312 5999999999999999
 23  3  3 23 59101141169178167141108 76 56 52 66 94129161180181162127 8427 2 8O9 757178193218399999999999999 130  11342 5299999999999999
 43 15  6 17 46 86128162179176154121 86 58 45 51 7310614116818017314610827 2 9O9 82118020 718099999999999999 157  61412 4599999999999999
 67 34 16 18 39 74114151175179165136 99 66 45 40 54 8111614817017415912927 210O9 844180204317599999999999999 224 141445 4099999999999999
 92 57 33 26 38 65101138166178172149115 80 51 37 40 59 8912214916416214427 211O9 9 9178212316599999999999999 252 261520 3699999999999999
115 83 56 42 45 62 91124154171173158130 97 65 43 35 43 64 9212114315314827 212O9 93617422 915399999999999999 322 4116 0 3599999999999999
130106 82 64 59 67 87113140160168162143115 84 58 40 36 45 65 9011413213927 213O910 516823 913999999999999999 354 591649 3699999999999999
135123106 90 80 80 89106126145157160151132107 80 57 42 38 44 59 8010011727 214O91043160999999999999999999999 432 781754 3799999999999999
126128123114104 99 99105116130142150151144129108 84 62 45 36 37 47 64 8427 215O9 041128113815199999999999999 529 981924 3599999999999999
103119128131128122116112112117124134142146144134117 93 68 46 30 25 30 4627 216O9 258131131314699999999999999 73011221 0 2599999999999999
 69 95118136145145138127116109108113124137148153147131104 73 42 19  8 1227 217O9 43014615 015399999999999999 9411072214  899999999999999
 31 60 94127150162160147128109 96 93100117138157167164145113 73 34  5 -827 218O9 5211631617168999999999999991049 932310 -899999999999999
 -1 23 61104142168177169147120 94 78 76 89114144170184179155115 68 23 -827 219O9 6 11771716185999999999999991137 752358-1899999999999999
-18 -6 27 73121161184187169137102 73 58 62 84117154184197189158111 59 1327 220O9 63618818 7198999999999999991218 57999999999999999999999
-15-19  1 42 94143180195187158119 79 51 42 53 83124165195204189152101 4927 221O9 7 8195185320499999999999999 040-211257 4299999999999999
  7-13 -8 21 67120165193197177140 95 57 34 32 51 88132172198201180139 8927 222O9 739198193820299999999999999 118-151335 3099999999999999
 42  9 -1 14 49 97145182197188159116 72 38 23 29 56 9513917419318916412327 223O9 8 8197202019499999999999999 154 -11413 2399999999999999
 78 41 20 21 43 81126165189191172136 93 53 28 21 34 6410314116918017114527 224O9 83619321 218099999999999999 227 171450 2099999999999999
109 73 47 38 48 75111148175186177150113 74 42 25 26 43 7310813915816215127 225O9 9 2186214516399999999999999 258 381527 2399999999999999
127 99 74 60 61 76102133160175174158129 95 63 40 30 36 54 8010813114314427 226O9 928177223214599999999999999 328 5916 7 3099999999999999
133115 97 83 78 84100122144160165158139113 84 60 44 40 46 62 8210311912827 227O9 955166233312999999999999999 356 781653 4099999999999999
128122112102 96 96103116131145152152142125104 83 65 53 50 54 65 79 9410627 228O91026153999999999999999999999 428 951755 5099999999999999
115119119116112110110115122130137140139131120104 88 73 62 56 56 61 71 8327 3 1O9 126119111314099999999999999 5201101932 5599999999999999
 97109118124126124121118117118121125129131129122111 97 81 66 55 50 52 6127 3 2O9 35812613 113199999999999999 8 51172115 5099999999999999
 75 93111126135138134126117110107109116124131135131121104 84 64 48 40 4227 3 3O9 45313815 21359999999999999910 41072219 4099999999999999
 54 74 98121139148147137123108 97 94100112127140146143129107 80 55 36 2927 3 4O9 5231491611146999999999999991051 9423 2 2999999999999999
 35 54 81111138154159150132111 92 82 83 96115137153159152132102 69 41 2427 3 5O9 5491591658159999999999999991123 812337 2199999999999999
 22 36 63 98131156167163144118 92 73 68 77 98126152168170155127 90 54 2727 3 6O9 6121681737171999999999999991152 68999999999999999999999
 16 23 47 82121153172174157129 97 70 56 59 78108141168181175151115 74 3927 3 7O9 634175181218199999999999999 0 7 161220 5599999999999999
 18 16 34 67108146173182170143106 72 49 43 57 85122158182187172140 98 5727 3 8O9 655182184618899999999999999 035 141248 4399999999999999
 28 17 26 54 94136169186181157120 80 48 33 37 61 98138172189186162124 8227 3 9O9 717187192019099999999999999 1 3 171317 3299999999999999
 46 25 25 45 81123161185188171136 94 55 29 23 38 7011115118018917714710827 310O9 740189195618999999999999999 130 231347 2399999999999999
 69 42 32 43 71109148178190180152111 69 35 18 22 45 8212415918018216313227 311O9 8 4190203318499999999999999 158 321419 1799999999999999
 95 64 47 48 66 98134166185184164130 88 50 23 15 27 55 9213016017316914827 312O9 829187211417499999999999999 227 451454 1599999999999999
119 89 67 60 69 91121151174181171145109 71 39 21 19 35 63 9813015216115427 313O9 85618122 116199999999999999 257 601534 1899999999999999
136112 91 79 79 91112137159171171156129 96 64 38 25 27 42 67 9612213914627 314O9 92717323 314699999999999999 331 771623 2499999999999999
141129114101 95 98109125142156162158143120 93 66 45 34 34 45 64 8710812527 315O910 6162999999999999999999999 412 951729 3399999999999999
134135130123116112113118127138146150147137121 99 77 57 43 38 42 54 73 9327 316O9 04113511 715099999999999999 52011119 3 3899999999999999
113128137139137130124118117119125133140143141131114 92 68 48 35 33 41 5927 317O9 25514013 814399999999999999 7541172044 3299999999999999
 83109131147154151141127114105103109121135147153147131105 75 47 28 21 2927 318O9 41015415 215399999999999999 9441032158 2199999999999999
 50 81114144163168160142119 98 85 83 94114138158169165146114 76 42 18 1127 319O9 4541681616170999999999999991038 822252 1199999999999999
 23 51 89129161179179162133102 76 62 65 83113146173186180155116 72 34 1127 320O9 5291811712186999999999999991120 612337  799999999999999
  9 27 63108150180191181153115 78 51 41 52 79118157187198186155111 64 2827 321O9 6 119118 0198999999999999991159 41999999999999999999999
 10 16 43 85132172195195173135 90 52 29 27 46 83128169196202184148101 5727 322O9 631198184520299999999999999 016  91235 2599999999999999
 27 18 33 67112156189200188155110 64 29 14 21 49 92138177198197174135 9127 323O9 659200192720199999999999999 052 181311 1399999999999999
 54 33 35 57 95139176197196172131 84 41 14  9 25 5910314718019318515812127 324O9 72619920 719399999999999999 126 311345  899999999999999
 83 56 47 57 85123160187195181149106 61 27  9 13 36 7211415217618116814127 325O9 752195204718299999999999999 158 471420  899999999999999
109 81 65 65 82111144173187183161125 84 46 21 14 24 50 8612215116616515027 326O9 818188212716899999999999999 228 631454 1499999999999999
127102 84 78 85105131157174178166139105 69 41 25 25 40 65 9512414415314927 327O9 844179221015399999999999999 257 781531 2399999999999999
136118102 92 93103121142159167163147121 92 64 44 36 39 54 76 9912013413927 328O9 91116823 513999999999999999 328 911611 3599999999999999
136127116107103107116130143153155147132110 88 67 54 48 52 64 80 9711312427 329O9 943155999999999999999999999 4 310317 4 4899999999999999
129130126121116114116122129137141141135124108 92 77 65 60 60 67 78 9110527 330O9 032130102814299999999999999 5 11141824 5999999999999999
117126130131129125121119119121125129131130124114101 87 75 65 61 63 72 8427 331O9 24413212 713199999999999999 7281182010 6199999999999999
100116130138141138130121113108108113120128132131125112 96 79 65 57 57 6627 4 1O9 355141142413399999999999999 9271082129 5699999999999999
 82103124141150150142128112 99 93 95104118132142144136120 98 76 58 49 5127 4 2O9 4321511542144999999999999991016 932219 4899999999999999
 65 87114138156162155139117 95 81 77 85102124144156157145122 94 68 49 4227 4 3O9 4591621633158999999999999991050 772257 4299999999999999
 50 71101132157170168152126 97 73 61 64 81107136159171167148118 85 57 4127 4 4O9 5231711715171999999999999991119 602330 3999999999999999
 41 57 87122154175180167139104 71 50 44 56 83118152176183171144109 74 4827 4 5O9 5461801753183999999999999991148 44999999999999999999999
 39 48 73109146175187180155117 77 45 29 33 56 93134169188188169136 97 6427 4 6O9 6 9188183019199999999999999 0 1 391218 2899999999999999
 45 44 63 95134169190191171134 90 49 22 15 30 63106149182195187161124 8627 4 7O9 63319319 819599999999999999 031 421249 1599999999999999
 59 49 58 84120158186196185153109 63 26  7 10 34 7412116218819418014911327 4 8O9 659196194619599999999999999 1 2 491322  599999999999999
 80 61 60 77107143175194193170131 85 41 11  0 12 44 8713216818718716813727 4 9O9 726196202819099999999999999 134 581357  099999999999999
105 80 70 76 98128160184192181152110 65 28  5  3 21 55 9713716718017515527 410O9 756192211318099999999999999 2 7 701436  299999999999999
129103 86 83 94117144169184183166134 95 55 25 10 12 32 6410113515916716227 411O9 82918622 516799999999999999 243 831520  899999999999999
146125107 97 98110129151168175170151122 88 55 31 20 24 42 6910012814715527 412O9 9 6176231215599999999999999 324 961613 2099999999999999
152142128116109111120133148159163157141118 90 64 43 33 35 48 69 9411813627 413O9 956163999999999999999999999 4191091722 3299999999999999
147149144135126119117120127137146150148139123101 78 58 45 41 48 64 8611027 414O9 045149111615099999999999999 5531171850 4199999999999999
131146153152144133122114111113121131141146145134116 93 70 52 43 46 59 8127 415O9 222153131714799999999999999 8 31112019 4399999999999999
107133152162161151135116101 93 94104120137151156149132106 79 55 42 43 5727 416O9 326163145715699999999999999 923 922129 4199999999999999
 82113142164174169152127101 81 71 74 90114140161170164144114 82 55 41 4327 417O9 41017416 7170999999999999991015 712223 3999999999999999
 61 91126158179184171145111 79 57 49 58 82115148173183175150116 80 53 4227 418O9 44618417 3183999999999999991057 4923 8 4199999999999999
 48 72107145175191187165129 89 54 34 32 49 82122159185192179150113 77 5327 419O9 5181921751192999999999999991135 302348 4799999999999999
 47 61 90128165190196182149106 63 31 16 23 49 89133170192194176144106 7427 420O9 5491971836196999999999999991211 16999999999999999999999
 57 59 79112150181198193168128 81 40 14  8 23 57100144178194190167134 9927 421O9 618199191719599999999999999 025 551246  799999999999999
 74 65 75100134168191197181148104 58 23  5  9 32 7011415418119018015512327 422O9 646197195619099999999999999 059 651320  499999999999999
 95 78 77 93121153180193188164125 81 41 14  6 18 47 8612716017918116614127 423O9 714193203518299999999999999 132 751354  699999999999999
114 93 85 91111138165183187173143104 64 32 14 15 33 6310013516117216815227 424O9 743187211417399999999999999 2 4 851429 1299999999999999
130109 96 95105126149169179175155124 88 55 31 22 29 49 7911113915716215627 425O9 812179215516299999999999999 237 9415 4 2299999999999999
141123109102105117135154167170160138110 79 54 38 35 44 64 9011713815015227 426O9 844170224315399999999999999 3121011544 3499999999999999
146134121112109113124138151159157146126102 78 59 48 48 58 75 9711713414327 427O9 921159234714599999999999999 3541091631 4799999999999999
145141133124117115118125135143147145136120102 83 68 60 60 67 81 9811513027 428O91011148999999999999999999999 4561151732 5999999999999999
140144142136128121116116119126132137137132121107 92 78 70 67 72 82 9811427 429O9 110144113213899999999999999 6371161851 6799999999999999
130142148147141131120112107108114122130135135128116101 86 75 70 72 82 9827 430O9 226148132613699999999999999 8191072012 7099999999999999
117135149156154144129113 99 92 94102115129140144139126109 91 76 69 71 8427 5 1O9 316156145614499999999999999 921 922115 6999999999999999
103126147161165158141119 97 80 74 79 94115136151156150134113 90 74 67 7227 5 2O9 35216515591569999999999999910 3 7422 4 6799999999999999
 89113140162174172156130100 74 58 56 68 92121147165169160139112 87 70 6727 5 3O9 4221751648170999999999999991039 552245 6699999999999999
 78100129158178183172146111 76 48 36 41 63 96132162180180165138108 82 6927 5 4O9 4501831732182999999999999991112 362323 6899999999999999
 71 88116148176190187165129 87 49 24 19 33 64105146177191187165134103 7927 5 5O9 5191911815192999999999999991147 18999999999999999999999
 71 80103135167190197183151107 61 25  6  8 32 71118160188198187161128 9827 5 6O9 550197185719899999999999999 0 0 711223  499999999999999
 80 78 92120153183199196173133 85 39  7 -5  6 37 8112916919419718215412227 5 7O9 622200194119899999999999999 037 7613 1 -599999999999999
 96 84 88107136168192201189159115 66 24 -2 -7 10 46 9213817419319217414727 5 8O9 657201202719599999999999999 116 831343 -899999999999999
118 98 91100121149176194196179145100 55 18 -2 -1 20 5610014217318718316527 5 9O9 735197211718799999999999999 156 911428 -499999999999999
141117103100111131156178190186166133 92 51 21  6 10 32 6610614216817817427 510O9 818191221117899999999999999 241 991517  599999999999999
159138119108108118135156173180175156126 90 56 30 19 24 43 7410813916117127 511O9 9 7180231417199999999999999 3331071612 1999999999999999
167155138123113111118132148162168164149125 95 66 44 34 37 54 7910913715727 512O910 9168999999999999999999999 4401111715 3499999999999999
166165155140125114109112122135148156157147129105 80 60 49 49 62 8411013627 513O9 023167113215899999999999999 6 61091827 4899999999999999
156167167158142124109100 99106119135147153150138118 95 74 61 59 69 8811427 514O9 131168131115499999999999999 737 991940 5899999999999999
139160171171160141119 98 85 82 89104124143155158149130107 85 70 67 75 9527 515O9 229173144215899999999999999 849 822048 6699999999999999
121147168178175159135107 82 66 63 72 93119144161167159141116 92 77 73 8327 516O9 316179155516799999999999999 945 622147 7399999999999999
104131158178185176154123 89 62 46 46 61 88120150170177168147120 96 81 7927 517O9 3571851655177999999999999991031 442237 7899999999999999
 92115145171187188172143105 69 41 29 34 56 90127159180184172148120 97 8427 518O9 4341901745184999999999999991112 292321 8399999999999999
 86103129159182193186163126 85 48 24 18 31 59 98138169187187171145117 9627 519O9 5 81931830189999999999999991150 18999999999999999999999
 88 95116144171190193179148107 65 31 13 14 35 6911115017819018416513811227 520O9 541194191019099999999999999 0 2 881226 1199999999999999
 96 94106129157181193188166130 87 47 20  9 19 45 8412516118318817715512927 521O9 614194194918999999999999999 039 9313 1  999999999999999
107 97101117142168187191179150111 70 35 15 13 30 6110013816818318216714427 522O9 647192202518599999999999999 114 971336 1299999999999999
121104100109129153175187184165133 94 57 30 17 23 45 7811514917117917315627 523O9 72018821 217999999999999999 1491001411 1799999999999999
134115104105118138160177183174151118 82 50 30 26 37 62 9412815517117316327 524O9 754183213917399999999999999 2241031447 2599999999999999
145126112106111125145163175175162137106 74 49 36 38 53 7810813715816716627 525O9 831176222016899999999999999 3 21061524 3599999999999999
154138122111109116130146161168164149126 98 72 54 46 51 68 9211814215816427 526O9 91116823 516499999999999999 34510916 5 4699999999999999
160149134121112111117129143154159154140119 96 75 62 58 65 8110312614515827 527O910 0159235616299999999999999 4391101651 5899999999999999
162157146132120111109114124136146150146135118 99 83 72 70 77 9111113114827 528O911 4150999999999999999999999 5471091745 6999999999999999
159162157146131117106102105114126137144143136123107 92 82 80 85 9911713627 529O9 051162122914499999999999999 7 41021848 7999999999999999
153163165159145127109 96 90 92102117131142147143132117102 91 87 9210512327 530O9 14416614 114799999999999999 812 901956 8799999999999999
143160170170160141118 96 79 73 77 90110131147155153143126109 96 91 9611027 531O9 231171151815699999999999999 9 7 7221 0 9199999999999999
130152169178174159133104 77 59 53 61 81108136157168166153134114 99 9410127 6 1O9 314178162116999999999999999 954 532157 9499999999999999
117140163180186176154121 85 55 37 35 49 77112145170181178161138116100 9627 6 2O9 3531861715182999999999999991037 332247 9699999999999999
106125151175191191176145105 64 32 16 20 42 7711915718319318616513911510027 6 3O9 43319318 4193999999999999991120 152335 9899999999999999
 99112135163187199195171133 88 44 13  1 11 40 8212816819320018916513711327 6 4O9 51420018522009999999999999912 3  1999999999999999999999
100103119146175197205194165121 72 29  0 -7  9 43 9013817719920218816113327 6 5O9 557205193920499999999999999 0201001249 -799999999999999
111101107127155183203207191156110 60 19 -5 -7 13 51 9914618320120018315527 6 6O9 642207202620399999999999999 1 61011336 -999999999999999
128109103112133161188204204184148101 54 17 -3 -1 23 6210915318519919517527 6 7O9 730206211420099999999999999 1541031424 -599999999999999
149123107104114136163187200197176141 96 54 21  6 12 37 7511915918519518827 6 8O9 82020122 319599999999999999 2441031513  699999999999999
168143119105104115135160181192188168135 96 59 32 21 29 54 9012916218419027 6 9O9 915192225219099999999999999 33810316 4 2199999999999999
181161137116103101111129151170180177160132 99 69 47 40 49 7210413716518227 610O91016181234218599999999999999 4381011656 4099999999999999
185175155132112 99 96104120139157167167155133107 82 65 60 69 8911614516827 611O91128169999999999999999999999 546 961752 6099999999999999
181181170151128107 92 87 93107125143156160153138117 98 83 79 8610312715127 612O9 033183125216099999999999999 658 871853 7999999999999999
170181180167147122 99 82 75 79 93112132149157156146130112 99 9410011413427 613O9 125182142315899999999999999 8 9 751959 9499999999999999
156173182179165142115 89 70 62 66 8010212614716016315514112411110510912127 614O9 216182154516399999999999999 912 6221 710599999999999999
141161177184178161135105 76 56 48 54 72 9812615116717116414913111711011427 615O9 3 518416511729999999999999910 6 4822 911099999999999999
127146166181186177156125 92 62 42 37 46 6910013316017617917015213311711127 616O9 3521861744180999999999999991052 3723 211199999999999999
117132152173186187174148113 77 48 31 30 45 7310914417118518417115012911527 617O9 4351881827186999999999999991134 28234811199999999999999
111120138160180190187168137 99 62 35 23 28 50 8312215718119018416614312227 618O9 51619119 5190999999999999991212 22999999999999999999999
111111124145169187193184159123 84 49 26 20 33 61 9813716918819117915713327 619O9 555193194019299999999999999 0271091248 2099999999999999
115108114131155177192193177147108 69 38 22 24 44 7711615317919118716914527 620O9 632194201319199999999999999 1 31081323 2199999999999999
123109107118139164184194188166132 93 57 32 24 34 60 9513316618518917815727 621O9 7 9194204419099999999999999 1371061357 2499999999999999
133114105109125148171188192180153117 80 49 32 32 49 7911515017518718416827 622O9 745192211618899999999999999 2121051430 3099999999999999
145123108104113131155176187185168139104 71 47 38 45 67 9913316218118517627 623O9 822188214818699999999999999 24710415 4 3899999999999999
157134115104105117136158175182175155126 95 68 51 49 62 8711814817118318127 624O9 9 1182222118399999999999999 3261031537 4899999999999999
167147126109102105119138157170173164144117 91 70 61 65 8110613415917618227 625O9 944174225618299999999999999 4101021613 6099999999999999
175159138118104 99104117135152163164154136114 93 78 74 81 9812214616717827 626O91036165233518099999999999999 5 0 991652 7499999999999999
179170152131112 99 94 99111128144154156149135117101 91 89 9711313415417127 627O91143157999999999999999999999 559 941740 8999999999999999
179177165147125105 91 85 8910211813514815315014012711310510311012414115927 628O9 01917913 815399999999999999 7 4 85184110399999999999999
173179176163142118 96 79 72 76 8910812814615615815113912711711411813014627 629O9 1 9179144015899999999999999 810 72195611499999999999999
163176182177162139111 84 64 55 59 75 9812514816416916515313812612012213227 630O9 2 518216 116999999999999999 911 55211511999999999999999
149167181187181163135102 70 47 37 43 62 9212515517518317816414612912112227 7 1O9 3 318717 51839999999999999910 8 37222312099999999999999
133151172189195187165131 91 55 29 19 28 54 9013016518819618917014812811827 7 2O9 35919517591969999999999999911 1 19232111799999999999999
120133155179198204193166126 81 40 13  5 19 50 9413917720120619417114412227 7 3O9 4532041847206999999999999991152  5999999999999999999999
112116134160188207212198165120 70 28  1 -3 16 5310215018921021119416613627 7 4O9 546213193221399999999999999 0131121241 -499999999999999
114106114135165195215218199162113 62 20 -3 -3 21 6411516319921521018815627 7 5O9 638219201521699999999999999 1 11061328 -699999999999999
126105100112137169200218218196157106 56 18  1  7 35 8013117620621520417727 7 6O9 729221205621599999999999999 1481001415  099999999999999
144114 97 95110138171200216212189149101 56 24 13 24 5610014718620921119427 7 7O9 821217213621299999999999999 235 9415 0 1399999999999999
165132104 90 91108136168194207202178141 98 61 37 33 49 8112216319320720227 7 8O9 913207221420799999999999999 324 881543 3299999999999999
182152120 96 85 89106132161184193187166135101 72 57 58 7510614117419520127 7 9O910 8194225320299999999999999 415 841626 5599999999999999
192169140112 91 82 86102125150169178173157133108 88 79 8410112715517919327 710O91110178233319599999999999999 511 811710 7999999999999999
194181159132106 87 79 82 9611513715416316215313712010610210712114116318027 711O91226164999999999999999999999 613 7918 010299999999999999
188186173152127103 85 76 77 8710412414115315815414513312412012313314816427 712O9 01718814 215899999999999999 724 7519 412099999999999999
177183180168148124100 81 70 69 77 9311413415016016115614713713113113814927 713O9 111183154216299999999999999 837 68203013099999999999999
162174180177166146122 96 75 62 60 68 8610913415416717116615614413513213627 714O9 215180165417199999999999999 944 59215513299999999999999
147160173180179166145118 90 66 52 51 62 8411214116417818117315814313112727 715O9 3201811743181999999999999991038 50225612799999999999999
132145162176185182167142111 80 55 42 44 61 8812115317718818617315413612427 716O9 4171851821189999999999999991122 41234112199999999999999
122130147167184191185165135100 67 43 35 43 66 9913616818919518616714412527 717O9 5 519118531959999999999999912 1 35999999999999999999999
115118132154176192196185159124 86 53 34 32 48 7811615418319719517915513127 718O9 546197192319999999999999999 0181141236 3199999999999999
113109118138164187200199180148109 71 42 30 37 61 9713717219520119016714027 719O9 624202195020199999999999999 05010913 9 3099999999999999
117104106122147175196205196170133 92 57 36 33 49 8012015818820119817915127 720O9 7 0205201620299999999999999 1221031339 3299999999999999
124104 99108130158185202203187156116 78 49 37 44 6810414317719820218916427 721O9 734205204220399999999999999 153 9814 8 3799999999999999
134109 96 97113138167191202196173139101 68 48 46 62 9212916519120219617627 722O9 8 920221 820299999999999999 225 941437 4599999999999999
147119 98 91 98119146173192196184158124 90 66 55 62 8411715218119920018527 723O9 846196213420199999999999999 259 9115 6 5599999999999999
160131106 90 89101124151174187186170144114 87 71 70 8310814016919119919227 724O9 92518922 219999999999999999 336 881536 6899999999999999
172145117 96 86 88103126150170179174159135111 92 84 8810513015718019319427 725O91011179223219599999999999999 417 8516 9 8499999999999999
181159133108 90 82 8710212414516216916515213411610410110812414616718319027 726O911 816923 919199999999999999 5 5 82164710099999999999999
186172150125101 85 79 83 9711613615116015915214012812011812513815417018227 727O91227161235718699999999999999 6 5 79174011899999999999999
186181167145121 98 81 72 74 8610312414215516115915214313613313514415616827 728O91415161999999999999999999999 719 7219 313399999999999999
179183180167147122 96 75 62 61 70 8911213615616817216815814814013814215227 729O9 1 6183155617299999999999999 839 60205213899999999999999
165177185185174153124 93 66 48 44 53 7510413616318118718317015414013313527 730O9 22818617 218799999999999999 950 43221713399999999999999
146162180193196185161127 89 55 32 26 38 6510314217619720219317415113212327 731O9 3441961752202999999999999991050 26231712299999999999999
126140163187205209197168126 81 42 17 12 29 6410915519121221319717014111827 8 1O9 4482101834215999999999999991143 11999999999999999999999
109116137166196218222206171123 72 30  6  6 30 7212317120722321619215812527 8 2O9 544223191222399999999999999 0 51091230  399999999999999
102 96109136172206228230209168116 63 23  4 11 42 8914219022022721218014127 8 3O9 635232194922799999999999999 049 961314  499999999999999
107 87 86104138177212232230205161107 58 24 13 27 6311316420522622420016227 8 4O9 725234202322899999999999999 132 841356 1399999999999999
122 90 75 80104140180213229222194150101 58 33 31 52 9113918421522521318327 8 5O9 813229205622599999999999999 215 741436 2999999999999999
143104 77 68 78105142179207218208179139 98 66 51 57 8212016219821721719727 8 6O9 9 1218212821999999999999999 258 681513 5199999999999999
164125 92 71 67 80107141173195201190165132102 81 75 8711214617920321120327 8 7O9 95120122 021199999999999999 343 661549 7599999999999999
179147113 85 70 70 8410813716217918217315413111110010111413716318619920027 8 8O91046183223320199999999999999 431 681626 9999999999999999
187164135107 85 74 75 8710612914916216616115013612512012413515216918419027 8 9O91157166231119099999999999999 525 7317 712099999999999999
187174154130107 89 79 78 8610111813514815615715314714013713914615616717627 810O91343157999999999999999999999 634 77181013799999999999999
180177166150130110 93 82 78 82 9210812514115416116215915314814514715216027 811O9 0 4180154416299999999999999 8 0 7820 914599999999999999
167172172166153135114 95 80 72 74 8310012114216017017316916015014314014427 812O9 130173165117399999999999999 923 72215514099999999999999
152162171174171158139115 92 73 63 65 77 9912515117118218217315914413313027 813O9 3 21741731184999999999999991023 62225213099999999999999
135148163176182178163139110 83 62 53 58 7710513716618519218617015013112127 814O9 4 918218 11929999999999999911 8 53233011999999999999999
121131150170186192185164134100 70 50 46 58 8511915418219819718315913511627 815O9 4581921828199999999999999991145 46999999999999999999999
109116134159183198200186158122 85 56 42 46 6710114017519820519417114211627 816O9 538201185320599999999999999 0 11091217 4199999999999999
102101116142172196208203181146105 69 46 40 54 8412416319420820418315312227 817O9 613209191620999999999999999 0301001246 4099999999999999
 99 91100123155186207213199169129 88 57 42 48 7210915018620821119516613127 818O9 647213193921299999999999999 059 911314 4299999999999999
101 85 86103134168198213210188152111 74 52 48 64 9613717620321420417914427 819O9 72021420 121499999999999999 127 831341 4799999999999999
109 85 76 86112146180204212200172134 96 67 56 63 8812416319521221019015827 820O9 754212202421499999999999999 157 7614 7 5699999999999999
121 90 73 74 91122157187205204186155119 88 69 68 8511515118420621219917127 821O9 829207204721299999999999999 228 711434 6799999999999999
136101 77 68 76 99131163188198192171141111 89 80 8810914017119620820318227 822O9 9 7199211220899999999999999 3 1 6815 1 8099999999999999
151117 88 70 68 81106136164183187178158133111 98 9711013215918419920219027 823O9 950188214020299999999999999 339 671532 9699999999999999
166135105 81 69 71 8510813515817217516715113311911311713014917018619419127 824O91044175221419599999999999999 423 6816 711399999999999999
177154127101 81 71 73 8510412614615916416115214213413113414415817118218627 825O912 416423 118699999999999999 521 70165713199999999999999
182169150127104 85 73 71 79 9411313214815916316115615014614514915616517327 826O91410163999999999999999999999 642 71183814599999999999999
178178170155135111 89 72 64 66 78 9712014316117217617216415414714414615427 827O9 026179155517699999999999999 819 6421 114499999999999999
165176182180168147120 91 67 52 49 61 8411414517118819218517015213813013227 828O9 218182165119299999999999999 939 49221812999999999999999
143161179193196185160126 88 56 36 34 49 7911815718820520519116714112011127 829O9 3431961732207999999999999991039 3323 811199999999999999
117135161189208213199169126 81 44 23 24 46 84131175206219211187154121 9827 830O9 44721318 7219999999999999991128 212350 9299999999999999
 92104131167201224227209171121 72 34 17 25 55100151195222226208174133 9727 831O9 5402281840228999999999999991212 17999999999999999999999
 77 76 97132175212234234209166113 64 31 21 37 7412517521423222419515310827 9 1O9 629237191223299999999999999 031 741253 2199999999999999
 74 60 67 95137183219237231201155104 61 37 36 6010215219722623121317512827 9 2O9 715238194323299999999999999 110 591331 3399999999999999
 85 57 50 65 99143187219231220188143 99 65 51 60 9013217721222822119315127 9 3O9 8 0231201222999999999999999 149 4914 6 5199999999999999
106 68 48 49 70106148187212217202171133 98 77 73 8912015819421722020417127 9 4O9 845218204122299999999999999 228 461440 7299999999999999
129 89 60 48 55 78113150181199199183157128105 94 9811714617620121120518327 9 5O9 93120121 921299999999999999 3 8 481513 9399999999999999
150113 81 60 55 65 8811814717018218016714812911611312113916218319719818727 9 6O91022182213819999999999999999 350 55154611399999999999999
164135106 82 68 66 76 9511814015716516515714613613013113915216718018618327 9 7O91127166221118699999999999999 438 65162313099999999999999
171152129107 89 78 77 84 9711313014415315615515114714314414815516316917227 9 8O9131515723 217299999999999999 541 76172714399999999999999
169161147131114 99 88 83 85 9310512013514715616116115715214814714815215727 9 9O91526161999999999999999999999 713 8320 414799999999999999
161162159151139123107 92 83 80 85 9711413315116417117016415414413813614027 910O9 051162162617299999999999999 852 80214913699999999999999
147156163165160148130109 90 76 72 77 9211513916117618217716414713212312327 911O9 24916517 018299999999999999 958 72223412299999999999999
131144160172176171155131104 81 66 63 74 9512415317718918917615513311510827 912O9 3571761726191999999999999991043 6323 710899999999999999
113128149170185188178155125 93 69 56 60 78107142173193198188166138113 9727 913O9 4441891750199999999999999991118 562336 9599999999999999
 96109133161185199197179148112 79 57 52 64 91128164192205200178147115 9127 914O9 5232001812205999999999999991149 52999999999999999999999
 82 89112144176200208198172135 97 66 52 56 78113153187207209191159123 9127 915O9 558208183421199999999999999 0 3 821217 5199999999999999
 72 72 90122159192211211192159118 82 59 54 70101140179206214203173134 9627 916O9 631214185521599999999999999 030 701243 5499999999999999
 69 59 70 98136175204216207180142103 73 60 66 9112816720021621118714910727 917O9 7 4216191721799999999999999 058 591310 5999999999999999
 72 53 54 74110151188210213196164126 92 72 69 8611715518921221519816512327 918O9 738214194021699999999999999 127 511337 6899999999999999
 83 55 45 56 84123163194209203181148114 89 79 8611014217720321320517914127 919O9 81420920 421399999999999999 158 4514 4 7999999999999999
100 65 46 46 64 96134169193200190166136110 94 9310813316319020620618915827 920O9 853200203020899999999999999 231 431433 9299999999999999
120 84 57 46 52 7310513916818518717515413111410611212815117519320019217227 921O9 937188205920099999999999999 3 9 4615 510699999999999999
141107 78 58 52 60 8110913716017317416415013412412212914316117718818917927 922O91034175213519099999999999999 354 52154312299999999999999
159133105 81 65 60 66 8310512814715916316015314413813714115016117117717727 923O912 1163223017899999999999999 455 60164313799999999999999
169154134112 90 74 66 68 78 9411413415016016416315715114614414615115816427 924O914 9164999999999999999999999 622 6619 314499999999999999
169167160145125103 83 68 62 67 8110212614916617617616915814613613213414327 925O9 020169153517799999999999999 8 4 6221 813299999999999999
155167174173162141114 86 64 53 54 69 9512615617919118917615613411811111527 926O9 224175162219199999999999999 923 5222 711199999999999999
130151173188191179154120 85 57 42 45 65 98137172196205196173142113 93 8827 927O9 3431921658205999999999999991020 412251 8899999999999999
 98122154184204208193161120 79 48 36 44 71111155192213213193159120 87 6827 928O9 44320917312159999999999999911 7 352330 6599999999999999
 68 87121161197219220199161115 72 44 37 52 87133178210223212181138 94 6027 929O9 53322218 2223999999999999991149 36999999999999999999999
 46 54 83125171208227223197155108 68 46 48 71111158199223223201160111 6727 930O9 620229183222699999999999999 0 8 461227 4499999999999999
 39 33 50 86134180215228218187144101 69 57 67 96138181213225214181134 852710 1O9 7 522819 122599999999999999 045 3213 3 5699999999999999
 46 26 29 54 95143186214221205173134 98 76 73 911231631982182181961571102710 2O9 748221192922199999999999999 122 251337 7299999999999999
 66 35 24 35 65107151187206207189159126100 88 941151471802042132021741332710 3O9 830209195721399999999999999 159 241410 8899999999999999
 90 54 33 31 48 791171541811941891721471231071041141361631872011991821522710 4O9 914194202520299999999999999 236 30144310399999999999999
115 79 53 41 45 63 921241531721781731581401251171191311501701841901821632710 5O910 0178205519099999999999999 315 40151611699999999999999
135105 78 60 54 60 771011251461601641601501391311281321411541671751741652710 6O91058164212917699999999999999 358 54155712899999999999999
148126103 84 72 68 73 861041221381491541541501441391371381431501571611602710 7O91227155221916199999999999999 453 6817 613799999999999999
153141126109 94 84 79 81 891011161301431511551551511461401371371401441482710 8O91424156999999999999999999999 613 79193413799999999999999
150149143132119105 93 84 82 86 961101271431561631631571471371281241261322710 9O9 0 8150153116499999999999999 755 82211412499999999999999
140148152151143129112 96 83 77 80 92110131152166173169158141125113108112271010O9 21715216 917399999999999999 911 7722 110899999999999999
124139153162162153136114 92 77 71 76 93117143166179181170150127106 94 93271011O9 33216316371829999999999999910 1 712234 9299999999999999
104123145165175173159136109 84 69 67 78102132161182190183162134105 83 75271012O9 42217617 2190999999999999991040 6623 3 7599999999999999
 82102130158180188181160130 99 75 64 68 88119152181196194176145109 79 61271013O9 5 21881724197999999999999991112 632331 5999999999999999
 61 78107143174194197182154119 88 68 64 78106141175198203189159120 81 54271014O9 5391981747204999999999999991142 63999999999999999999999
 44 54 81120159190204199176143107 79 66 72 95129165194208201175135 91 54271015O9 614205181020899999999999999 0 0 441211 6699999999999999
 34 34 55 92135175201208195166130 96 76 72 87117153186207208189153108 64271016O9 650208183521099999999999999 029 311241 7199999999999999
 33 22 33 63105150186206204185153118 91 79 85107139173199210200171128 82271017O9 72620819 121099999999999999 1 0 221311 7999999999999999
 43 21 19 39 75119161191203195172140111 92 89102127158187204204185150106271018O9 8 5203193020699999999999999 134 171342 8899999999999999
 64 32 18 25 50 88129166189194182159132110 99103119144171192200192167131271019O9 84719420 120099999999999999 211 181416 9999999999999999
 90 54 30 24 35 61 97133163180182170150130115110117133154175188189177152271020O9 936183203719099999999999999 252 23145411099999999999999
119 84 55 37 34 46 70100131155169170162148133124122128140156170178176164271021O91037171212217899999999999999 342 33154512199999999999999
143116 87 63 48 45 54 73 98124145159163160151141133129131138148158164164271022O912 2163223416599999999999999 445 4517 812999999999999999
157142122 98 77 61 55 58 72 92115137154163164159149138130126127133142151271023O91339165999999999999999999999 6 8 55191812599999999999999
157157150134113 91 72 60 58 68 86110135157170173167153137121110108113126271024O9 031158145017399999999999999 739 58204910799999999999999
142156164163150128102 78 61 56 64 84112141166181183172151126103 88 85 94271025O9 221165153818499999999999999 854 562145 8499999999999999
114138162176178165140109 80 60 54 64 88121155181194190170139106 78 62 62271026O9 337179161619499999999999999 952 542229 6099999999999999
 79108141171190192176147111 79 59 55 70100137172196202189159120 81 51 39271027O9 4361931650203999999999999991040 5423 9 3899999999999999
 46 71108149183201200180147109 77 60 63 83118156189207204180141 95 54 28271028O9 5272031722208999999999999991123 592347 2199999999999999
 22 37 71115159193208202178141104 77 66 75102138175202210197163118 70 32271029O9 61320917532109999999999999912 2 66999999999999999999999
 12 14 38 78126169199208197169133100 79 77 92122158190207205182142 93 48271030O9 657208182420999999999999999 024 101239 7599999999999999
 17  6 17 47 91137176199202186157125 98 85 90110141173197205192162119 73271031O9 739203185420599999999999999 1 0  61314 8599999999999999
 34 11  9 27 62105147178194191172145118 99 94105127155181196194175140 992711 1O9 820195192519899999999999999 136  71348 9499999999999999
 58 28 15 20 43 781171521761841761581351141031051181401641821881791561222711 2O9 9 0184195618899999999999999 212 14142310299999999999999
 84 52 31 25 36 60 921261531691721631461281141091141281471651761761631392711 3O9 943172202917799999999999999 250 2515 010999999999999999
108 78 53 40 40 53 751031291501601611521391261181161211331471591651611482711 4O9103116221 816599999999999999 330 38154411599999999999999
127102 78 60 52 55 67 861081291451531531471381281221201241321411491521482711 5O91132154215815299999999999999 416 52164812099999999999999
137121102 84 71 65 67 76 921101271411491511471401311241191191241301371412711 6O91250151232114199999999999999 515 64182811999999999999999
140133122108 93 81 75 75 81 941091261401501541511431321211121091111171262711 7O914 3154999999999999999999999 632 7420 710999999999999999
133137136129117103 90 80 78 82 94111129145157160155143127111 98 93 961052711 8O9 116138145516099999999999999 753 7821 9 9399999999999999
119133142144139126110 94 82 78 83 96116137156166167156137114 93 79 75 822711 9O9 248145153216899999999999999 858 782151 7599999999999999
 98119139152156149133113 93 80 77 85102126150168176169151124 94 70 57 58271110O9 35015616 317699999999999999 948 762226 5699999999999999
 73 98126151166167156136111 90 77 77 91114141166181181166137102 69 45 37271111O9 4391681631183999999999999991029 762258 3799999999999999
 47 71104138165179176159133106 85 76 82101130159181190181155117 76 42 23271112O9 52118017 01909999999999999911 6 762331 2099999999999999
 23 42 75116153179189180157127100 82 79 91116148176193192173137 93 50 19271113O9 6 01891729195999999999999991141 78999999999999999999999
  7 16 44 85130167190193178151120 94 82 85104133165189198188159116 69 27271114O9 64019418 019899999999999999 0 4  61217 8199999999999999
  2 -2 16 52 98143178194191171142112 92 85 95119149178196197178142 96 49271115O9 720196183419999999999999999 041 -31253 8599999999999999
 12 -6 -2 23 63110153182193185162134108 93 93107132161185197190165126 79271116O9 8 3193191019799999999999999 119 -71331 9199999999999999
 36  6 -6  4 33 74119157181186175153127107 97101117142167185191179152113271117O9 849187195019199999999999999 2 2 -61412 9799999999999999
 70 32  8  2 15 45 84124156175178166146125109103108124145165179181167141271118O9 939178203618299999999999999 248  215 010399999999999999
105 68 36 17 14 28 56 91125153168170160143125112107111124141157168168157271119O91036171213317099999999999999 339 1316 010799999999999999
134104 73 46 30 29 41 65 95125149163165157142126113107108117130144154157271120O91141165224715799999999999999 438 28172010699999999999999
150133109 83 60 46 43 52 71 98125147161164157144127111101 98102114128141271121O91249164999999999999999999999 545 421853 9899999999999999
148148137119 97 76 60 55 61 77101126149163167160144124103 88 81 84 95112271122O9 025149135116799999999999999 659 552014 8199999999999999
130145151146132111 89 72 64 68 82105131155169172162142116 89 70 60 63 78271123O9 2 5151144317399999999999999 812 642115 6099999999999999
100125146158157145123100 80 71 74 89113140164177176161134102 71 48 39 45271124O9 327159152817999999999999999 917 7022 6 3999999999999999
 65 95126153168168155131106 85 75 80 97123151174184178156122 83 49 27 21271125O9 43117016 8184999999999999991012 752250 2099999999999999
 33 60 96133162177176160134107 87 79 86107135163183187174144104 63 28  9271126O9 52517916461889999999999999911 1 792330  799999999999999
  9 28 62103143172184179159131104 87 83 95119148174188186165129 85 43 12271127O9 6121851722190999999999999991144 83999999999999999999999
 -2  6 32 71115154179187177153125100 87 88105131159182190179151110 65 26271128O9 655187175719099999999999999 0 9 -21223 8699999999999999
  1 -4 11 43 85128163182184169143116 96 88 95115143168185185168134 92 49271129O9 734185183218799999999999999 046 -513 0 8899999999999999
 15 -2  1 22 58100140168181176157132108 93 91104126152174183176153117 75271130O9 81218119 718399999999999999 122 -31336 9099999999999999
 37 11  2 12 39 76115149170175164144121101 93 971121351581741771641371002712 1O9 848175194217799999999999999 158  21411 9299999999999999
 63 31 13 13 28 57 93127154167166152132112 98 941021191401591691661491212712 2O9 924168201817099999999999999 233 111448 9499999999999999
 87 55 32 21 27 46 75107136155162156142123107 97 971071231411551601531352712 3O910 2162205716099999999999999 3 9 211530 9699999999999999
109 79 54 37 34 43 63 90118140154156148134118104 98 991081221361471491412712 4O91043156214214999999999999999 347 331620 9799999999999999
124101 77 58 47 48 59 78102124142151151143130115103 97 971051161281361372712 5O91129153224113899999999999999 429 461724 9699999999999999
131117 99 81 67 60 61 72 89110129143150149141127113100 92 91 961061171262712 6O91222151999999999999999999999 517 591841 9099999999999999
129126117103 89 77 72 73 82 97115132145152150140125108 92 82 78 83 931062712 7O9 0 3129131615299999999999999 617 711955 7899999999999999
118126128122112 99 88 81 82 89103120137150155152139120 99 79 66 62 68 812712 8O9 14212814 815599999999999999 728 812055 6299999999999999
 99117130135133123109 96 88 86 93107125143156160154136111 84 61 46 44 532712 9O9 3 9136145316099999999999999 839 862142 4399999999999999
 73 98122139147145133117101 90 89 97113133152165166154129 98 65 39 25 27271210O9 414148153516799999999999999 940 882225 2499999999999999
 43 70102132152160155140120101 90 89100120143163174170151119 80 43 17  6271211O9 5 61601615174999999999999991032 8823 6  699999999999999
 13 37 72111145166172162142118 98 88 91106129155174181171144105 61 22 -3271212O9 5521721656181999999999999991118 872347-1099999999999999
 -9  5 37 80123158177179165140114 94 86 93113140166184186170135 90 43  4271213O9 63518017371889999999999999912 2 86999999999999999999999
-18-18  4 43 90135169184181162134108 90 86 97121150176191188165125 76 28271214O9 719185182119299999999999999 030-201245 8599999999999999
 -8-25-19  9 52101146176187178155126101 86 87102128157182193185157114 64271215O9 8 218719 619399999999999999 114-261328 8499999999999999
 19-13-24-12 20 65113154179184172147118 95 84 88105132161182189178148105271216O9 847185195318999999999999999 159-241414 8399999999999999
 57 16-10-16  0 34 79124159178179163138110 90 82 88107132159177181167138271217O9 931181204418199999999999999 245-1715 4 8299999999999999
 98 55 20  0 -1 18 51 93132162175172154129104 86 80 86104127151166169156271218O91017176214017099999999999999 332 -31559 8099999999999999
130 95 59 31 17 19 38 69106139162171164146122 99 82 76 81 97117138152155271219O911 3171224515599999999999999 421 1517 2 7699999999999999
145124 97 69 47 37 41 58 86116143161166158140117 94 77 70 73 85103122136271220O91152166999999999999999999999 513 361813 6999999999999999
142138124104 82 65 58 61 76 99124146160162154136112 89 70 60 60 70 87106271221O9 0 5142124416399999999999999 611 571929 5999999999999999
123134136128114 98 84 76 78 89107128147159161151133108 82 61 48 45 54 71271222O9 142136134016199999999999999 719 762042 4599999999999999
 93115131139137127112 98 89 89 97112131149160161151130102 73 48 33 30 40271223O9 318139143616299999999999999 835 882144 3099999999999999
 60 86113135147148138123107 96 93100115134152163163150125 94 61 34 18 17271224O9 434149153016499999999999999 948 932236 1599999999999999
 30 55 87119144157157146128109 96 93101117138157167164147119 83 47 19  5271225O9 5311591619168999999999999991048 932321  499999999999999
  8 27 58 94129155166163147126105 92 91102121144163171164142108 69 32  6271226O9 61616717 4171999999999999991136 90999999999999999999999
 -3  5 31 67107142165172163142118 97 87 90105128153170174161133 94 53 18271227O9 654172174517499999999999999 0 1 -31217 8699999999999999
 -3 -6 10 42 83123155172171156132106 88 83 92112138161175173154120 78 38271228O9 728174182417699999999999999 038 -71253 8399999999999999
  7 -7 -2 22 59101139165174165144118 94 81 82 97121147169177168142104 62271229O9 8 017419 017799999999999999 113 -81327 8099999999999999
 25  1 -4 10 40 80120152170170155130104 84 77 84104130156172173157126 87271230O9 830172193517599999999999999 146 -51359 7799999999999999
 48 17  2  6 28 62102137161169161140114 91 77 76 89112138160170164143110271231O9 858169201017099999999999999 217  21432 7499999999999999
