 97 92 86 81 80 84 92103116125130130123112 97 82 69 60 55 57 62 71 81 9027 1 1OD1022131999999999999999999999 346 801817 5599999999999999
 96 99 99 98 96 96 99105113122128131129121109 94 77 62 50 45 45 52 63 7627 1 2OD 13110011 313199999999999999 431 951925 4499999999999999
 89100107110109107106107111116123128130128120107 90 71 54 41 34 36 44 5927 1 3OD 32111012 313099999999999999 6101062019 3499999999999999
 76 93107116120118115111109111115122128131129120105 85 63 44 30 25 29 4127 1 4OD 4 9120131013199999999999999 8 110921 4 2599999999999999
 60 82102118126127123116110107108114122130134131120101 77 53 32 19 17 2527 1 5OD 44212814 813499999999999999 9131072143 1699999999999999
 43 67 91113127133131123113106103106114125134137132117 94 67 41 21 11 1327 1 6OD 511133145613799999999999999 9591032219 1099999999999999
 27 50 77103123134135129118106 99 98105117130139140130111 84 55 29 11  627 1 7OD 5391361537141999999999999991035 982253  699999999999999
 14 34 61 90114131137133122109 98 93 96107122135143140125101 71 42 18  627 1 8OD 6 513716141439999999999999911 6 932325  599999999999999
  7 21 46 75103124135136127113 99 89 88 96111127140143135116 89 58 31 1227 1 9OD 6311371650143999999999999991136 882355  699999999999999
  6 14 34 62 91116131136130117101 88 83 87 99115131141140127104 76 47 2427 110OD 65513617251429999999999999912 6 83999999999999999999999
 11 13 27 51 80106126135133122106 90 80 79 87101118132138132116 92 64 3927 111OD 71913518 113899999999999999 024 101239 7899999999999999
 22 18 26 45 70 97119132134126111 94 80 74 76 87103118129131122104 81 5727 112OD 741135184013199999999999999 052 181314 7399999999999999
 38 28 30 43 65 89112128134130117100 84 72 69 74 86101115122122111 94 7427 113OD 8 4134192412399999999999999 120 281353 6999999999999999
 56 43 40 47 63 84106123132132123108 90 75 66 64 71 82 96108114112103 8927 114OD 828134201711499999999999999 148 401440 6499999999999999
 74 62 55 57 67 82100117129132127115 99 82 68 60 59 64 75 87 98104104 9927 115OD 854132213010599999999999999 218 551539 5899999999999999
 90 81 74 72 76 85 98112124130129122108 92 76 62 53 51 55 64 76 87 9510027 116OD 923131232910099999999999999 252 721652 5199999999999999
100 97 93 90 89 93100109119126129126118105 89 71 56 45 40 42 50 62 76 8927 117OD10 2129999999999999999999999 335 891813 3999999999999999
 99105108107106105106110115121126128126118105 88 68 49 34 26 26 35 50 6827 118OD 22010811 112899999999999999 5 21051929 2599999999999999
 87103115121122120116114113115120125129129122109 89 65 41 22 11 10 20 3927 119OD 345122122912999999999999999 7401132033  999999999999999
 64 89110126133133128121114111112118126133135129114 90 61 33  9 -3 -3 1027 120OD 430134135013599999999999999 9131112129 -599999999999999
 35 65 95120136142138129118109105108117129139143137118 90 56 24 -2-14-1127 121OD 5 714214541439999999999999910 51052218-1599999999999999
  7 37 71104129143145137123109 99 96103117133146150141119 87 50 16 -8-1827 122OD 5411461550150999999999999991046 9623 3-1899999999999999
-10 13 46 83115137146143130112 96 87 88 99117137151153142117 82 45 12 -927 123OD 6121471642154999999999999991124 862344-1499999999999999
-13  0 27 63 98126142145135117 96 81 75 81 96118138151151137110 76 41 1327 124OD 64014617301529999999999999912 1 75999999999999999999999
 -2  1 19 48 83114135144138122101 80 68 66 76 94116135145142127101 70 4027 125OD 7 5144181814699999999999999 022 -31238 6599999999999999
 20 13 22 43 73103128140140128108 85 67 58 60 73 92112128135130115 92 6627 126OD 72814219 613599999999999999 056 131318 5799999999999999
 45 33 34 48 70 97121136140132115 93 72 57 52 57 70 88105118122116103 8527 127OD 749141195512299999999999999 125 3214 0 5299999999999999
 67 55 51 58 74 95116132139135122103 82 64 53 50 56 67 82 96105108104 9527 128OD 810139205210899999999999999 151 511448 5099999999999999
 83 74 69 71 81 96113127136136128113 94 75 60 52 50 54 64 75 85 93 96 9527 129OD 8311372216 9699999999999999 211 691546 5099999999999999
 92 87 84 84 90 99111123131134130120105 89 73 60 52 49 51 58 66 75 83 8927 130OD 854134999999999999999999999 224 8417 3 4999999999999999
 93 95 95 96 99104110118124128128123114102 88 74 61 52 46 46 50 57 67 7827 131OD 9251289999999999999999999991836 46999999999999999999999
 88 96102106108109111114117120122122119112103 90 75 61 48 41 38 42 50 6327 2 1OD10231229999999999999999999991955 38999999999999999999999
 78 92104112116116114112111112114117119119115106 92 75 57 42 32 29 34 4727 2 2OD 433116123111999999999999999 8111112051 2999999999999999
 64 83101115122123119113107104105109115121123119109 91 70 49 32 22 21 3127 2 3OD 441123135712399999999999999 9231042133 2099999999999999
 48 70 93112124128125116106 99 96 99107118126129123109 87 62 38 21 13 1827 2 4OD 459128145212999999999999999 958 9622 9 1399999999999999
 33 56 82106123131130120108 96 88 89 97110124133134124105 79 51 27 12  927 2 5OD 5191321535135999999999999991027 882241  999999999999999
 20 41 69 97119131133125111 95 83 80 85 99116132139136121 96 67 38 17  827 2 6OD 5391341613140999999999999991053 802310  799999999999999
 12 30 57 86112130135130115 97 81 72 74 85104124138142133113 85 54 28 1227 2 7OD 5591351649142999999999999991120 712337 1099999999999999
 11 23 47 76105126136134120101 81 67 63 71 89110130141140126102 72 44 2327 2 8OD 6181371725142999999999999991148 63999999999999999999999
 15 21 40 68 97121135137126107 84 66 56 59 72 93115132139133115 90 62 3927 2 9OD 63613818 213999999999999999 0 4 151218 5699999999999999
 25 26 39 62 90115133138131113 90 68 53 49 57 75 97118131133124104 80 5727 210OD 655138184113499999999999999 029 241250 4999999999999999
 40 35 43 60 85110129138134120 98 75 55 45 46 58 77 98116126125113 95 7527 211OD 714138192312799999999999999 055 351324 4499999999999999
 58 50 51 63 83105124135136126107 84 62 46 40 45 58 76 96110117114104 9027 212OD 733137201311799999999999999 120 4914 4 4099999999999999
 76 67 65 71 84102119131135129115 95 73 54 42 38 44 56 72 88101106105 9927 213OD 754135212010799999999999999 145 641453 3899999999999999
 91 84 80 83 90102115126132130121106 87 68 52 41 37 41 50 63 77 89 96 9927 214OD 817132232710099999999999999 2 8 8016 0 3799999999999999
 99 97 96 96100106114121127128124115101 86 69 53 41 35 34 40 51 64 77 8927 215OD 845128999999999999999999999 220 961733 3499999999999999
 98104108110111113115117120122122119114104 90 74 57 41 30 25 27 36 51 6827 216OD 9321229999999999999999999991911 25999999999999999999999
 86102113120122121118115113113115118120118112 99 81 60 39 22 13 13 24 4327 217OD 4 7122121212099999999999999 8321132026 1299999999999999
 66 90110124131130124116108103104109117124128123109 87 60 34 13  2  3 1827 218OD 423131135712899999999999999 9271032122  199999999999999
 42 71 99121134137131119105 94 90 94105120133138133117 90 58 27  5 -5  027 219OD 44613715 41389999999999999910 2 9022 9 -599999999999999
 20 49 82112132141137124105 88 77 77 86104125141147140119 89 54 22  1 -427 220OD 5101411559147999999999999991034 762250 -499999999999999
  7 32 65 99126141141130109 87 69 61 66 82106130147151141117 84 49 20  527 221OD 53414316481519999999999999911 7 612326  399999999999999
  6 23 52 86117137144136116 91 67 51 49 60 82109133148149135110 77 46 2427 222OD 5561441734150999999999999991141 482359 1699999999999999
 16 24 46 77108132143140124 98 71 49 38 42 58 83110132143141125100 72 4727 223OD 6161441819144999999999999991215 38999999999999999999999
 34 34 48 73102127142143131108 80 54 37 32 41 60 85110128134129113 91 6927 224OD 63514419 313499999999999999 028 321250 3299999999999999
 54 49 56 74 98121138143136117 91 64 43 31 32 44 64 86106119122116102 8627 225OD 654143194812299999999999999 054 491326 3099999999999999
 72 65 67 79 97117133141138124102 77 54 38 32 36 49 67 85100109110104 9527 226OD 713141203811099999999999999 115 6414 5 3299999999999999
 85 79 78 85 98113128136137128111 90 69 51 40 37 42 53 67 81 92 98 99 9727 227OD 7321382149 9999999999999999 133 781451 3799999999999999
 93 89 89 92100111121129132127116101 84 67 54 46 44 47 54 64 74 83 89 9327 228OD 752132999999999999999999999 141 881553 4499999999999999
 95 96 97 99104109116121124123117108 96 83 70 60 52 48 48 51 58 66 75 8427 3 1OD 8121249999999999999999999991730 47999999999999999999999
 92 99103106108110112114115115113110104 97 87 76 65 55 47 44 45 50 59 7227 3 2OD 8301159999999999999999999991918 44999999999999999999999
 85 97106112114113111108106105106107108107102 94 82 67 53 42 36 37 44 5727 3 3OD 4 711412 610899999999999999 9 51052026 3699999999999999
 74 91106116120118112105 99 95 96100106111113109 99 84 65 47 34 28 31 4227 3 4OD 410120135311399999999999999 923 952111 2899999999999999
 61 82102117124123116105 94 86 84 89 99110119122116101 81 58 38 25 22 3027 3 5OD 424125144912299999999999999 945 842147 2299999999999999
 48 71 95115126128121107 91 79 73 77 88104119128129118 99 74 49 29 20 2227 3 6OD 44112915321309999999999999910 8 732217 1999999999999999
 37 60 87111127132126111 92 74 64 63 73 91112128136132116 92 65 40 24 2027 3 7OD 4571321610136999999999999991032 622246 2099999999999999
 30 51 78105125134131117 95 73 56 51 57 75 98121137140131110 83 55 34 2427 3 8OD 5141351647141999999999999991058 512313 2499999999999999
 28 45 71 99122135136123101 75 53 41 42 57 80107129141140125102 74 49 3427 3 9OD 5301371724142999999999999991125 402339 3199999999999999
 32 43 65 93118135139129109 81 55 36 31 39 60 87114134141135117 93 68 4927 310OD 54813918 2141999999999999991154 31999999999999999999999
 41 46 63 87113132140135117 90 61 38 25 26 41 65 93118133136127108 86 6627 311OD 6 6140184313799999999999999 0 6 411225 2499999999999999
 55 54 65 85108128139138124101 72 45 26 20 27 45 70 97117128128117101 8327 312OD 625140192712999999999999999 031 531259 2099999999999999
 71 66 72 86104123136138130110 85 58 35 22 20 30 49 73 95111119117109 9727 313OD 645139201911999999999999999 057 661338 1999999999999999
 86 80 82 90103118130136132118 98 74 50 33 23 24 34 51 70 8810110810810427 314OD 7 5136213210999999999999999 120 801425 2399999999999999
 98 94 93 97105115125130130122108 90 70 51 37 29 29 35 48 63 78 90 9810227 315OD 727131999999999999999999999 140 931532 2899999999999999
104104104106109114119123124121114103 89 73 58 44 35 31 33 41 53 66 80 9227 316OD 74912499999999999999999999917 9 31999999999999999999999
102109113114115115114114114114113110104 95 83 68 53 40 31 28 32 42 58 7527 317OD 4 31159999999999999999999991855 28999999999999999999999
 93107117122122118112106102102104107111111107 96 79 60 41 27 21 24 36 5527 318OD 326122123811299999999999999 8481012011 2199999999999999
 78100117126128122112101 91 86 88 96107117123120107 87 63 40 23 16 21 3727 319OD 342128141112399999999999999 914 8621 5 1699999999999999
 61 88112127133129116 99 82 71 69 77 92111126134131116 91 63 38 21 16 2627 320OD 4 2133151313499999999999999 943 692149 1699999999999999
 47 75103125136135122102 79 61 52 55 70 93117135143137118 91 61 36 23 2327 321OD 42313716 4143999999999999991014 522227 2199999999999999
 38 64 94120137140129108 82 57 40 37 47 69 97124142147138116 88 59 39 3127 322OD 4441401651147999999999999991045 3623 1 3199999999999999
 38 58 86114134143137117 90 60 36 25 28 45 72103129144145133110 83 59 4527 323OD 5 41431735146999999999999991117 242332 4399999999999999
 45 58 81108131143142127100 69 40 21 16 26 49 78108130141139124103 80 6327 324OD 5241441818142999999999999991149 16999999999999999999999
 57 63 80103126141144134111 82 51 27 14 16 31 56 85111128134129115 96 7927 325OD 54414519 013499999999999999 0 0 571222 1399999999999999
 70 70 81100120137144138121 95 65 38 20 15 22 40 65 90110122125118106 9227 326OD 6 4144194312599999999999999 026 691255 1599999999999999
 82 79 85 98115130140139127106 80 54 33 22 22 32 50 71 9110611411410910027 327OD 625141203111599999999999999 049 791330 2099999999999999
 92 88 90 98110123133135128113 93 70 49 35 29 31 42 57 74 8910010510610327 328OD 646135213510699999999999999 111 881411 2999999999999999
 98 95 95 99107116124128125116101 84 66 51 41 38 41 49 60 73 84 93 9810127 329OD 7 8128999999999999999999999 130 9515 3 3899999999999999
101101101102106110115118118114106 94 81 69 58 50 46 47 51 59 68 78 87 9527 330OD 7271199999999999999999999991622 46999999999999999999999
101105106107107107108108108107104100 93 85 75 66 57 51 48 50 55 64 74 8627 331OD 7301099999999999999999999991811 48999999999999999999999
 97106111112111107103100 98 97 98 99 99 97 92 83 73 61 52 46 46 51 61 7527 4 1OD 256112113810099999999999999 845 971935 4599999999999999
 90104113117116110101 93 87 85 88 94100105105100 90 76 61 49 42 42 50 6427 4 2OD 311118133710699999999999999 853 852029 4199999999999999
 82100114121121114102 89 78 73 75 83 95106114115108 94 76 58 44 38 42 5427 4 3OD 328122143611599999999999999 914 7321 8 3899999999999999
 73 94112124126119105 87 71 61 60 68 83101116124123112 94 73 53 41 39 4727 4 4OD 345127152212599999999999999 937 592142 3899999999999999
 65 87109125131126110 89 67 51 45 50 66 89111127134128113 91 68 50 41 4527 4 5OD 4 213116 31349999999999999910 2 452213 4199999999999999
 59 81105124134132118 95 68 45 32 33 46 70 97122137139130110 87 64 50 4727 4 6OD 4191351643140999999999999991029 312244 4799999999999999
 57 76100122136138126103 74 46 25 18 27 48 77107131142141127106 83 64 5527 4 7OD 4381381723143999999999999991057 182314 5599999999999999
 58 73 95118135141134113 84 52 26 11 11 26 53 86115136143138122101 81 6827 4 8OD 45814118 4143999999999999991129  92343 6599999999999999
 65 74 91113132142139123 97 65 34 12  3 10 31 61 92119135139131116 98 8327 4 9OD 51914218481399999999999999912 3  3999999999999999999999
 75 78 90108126139142131110 80 49 22  5  3 15 37 67 95118130131124111 9727 410OD 542142193713299999999999999 013 751240  299999999999999
 88 86 93105121134140135120 96 68 40 18  7  8 22 44 70 9411212112211710827 411OD 6 6140203612399999999999999 042 861323  699999999999999
100 96 97105116127134134126109 86 61 38 21 14 17 29 47 69 8910411211511327 412OD 632135215811599999999999999 112 951414 1499999999999999
108105104106112119125128125116101 82 62 44 31 24 25 34 48 65 82 9610611127 413OD 7 1128999999999999999999999 1461041521 2499999999999999
113112110110110112115117117114108 98 85 70 55 43 34 32 36 46 61 76 9110327 414OD 0 4113 73811799999999999999 3 61101651 3299999999999999
112116116114111107104103103105106105101 94 82 68 54 43 37 37 45 58 75 9227 415OD 136117101410699999999999999 7141031825 3699999999999999
107117121120114105 96 89 86 88 94101107109105 95 80 63 49 39 38 46 61 8027 416OD 213121125410999999999999999 8 8 861938 3899999999999999
 99115124126119107 92 79 70 68 74 86101113120117107 89 70 52 42 42 51 6927 417OD 239126141612099999999999999 842 682034 4199999999999999
 90111125131126113 94 74 58 50 53 65 84105122130127115 95 73 56 47 49 6227 418OD 3 3131151613099999999999999 915 502119 4699999999999999
 82105124135134122101 75 52 37 33 42 62 87112131138133118 97 75 59 54 6027 419OD 32613616 713899999999999999 948 332158 5499999999999999
 76 99121136140131111 83 55 32 20 22 38 64 94120138142135118 96 76 64 6427 420OD 3491401653143999999999999991020 192233 6299999999999999
 74 94116134143139122 95 64 35 16 10 19 41 71102127141142132114 94 78 7127 421OD 4121431736143999999999999991052 1023 6 7199999999999999
 76 90110130142143131108 77 45 20  6  8 23 50 81110131140138126109 92 8127 422OD 4351451818141999999999999991124  52336 7999999999999999
 80 89105124139145138119 92 60 31 11  5 13 33 60 90115131136131118103 9127 423OD 4591451858136999999999999991157  5999999999999999999999
 86 90101117133142141128105 76 47 23 10 10 23 44 71 9611612712912211110027 424OD 524143194012999999999999999 0 5 861230  999999999999999
 92 92 99111125135139132115 91 64 39 22 15 20 34 56 7910011412112111510627 425OD 550139202512299999999999999 034 9113 5 1599999999999999
 98 95 98105116127132131120102 80 57 38 27 24 31 46 64 8310011011511411027 426OD 617133211911599999999999999 1 5 951344 2499999999999999
104 99 99102109117123125120108 92 74 56 42 35 35 42 54 69 85 9710611011027 427OD 645125223111199999999999999 140 981430 3499999999999999
108104102102104108113116115109 99 87 73 59 49 44 44 49 59 71 84 9510410927 428OD 717116999999999999999999999 2351011529 4399999999999999
110109106104102101102104105104101 95 86 76 66 58 52 51 54 62 72 84 9510527 429OD 0 0110 8 910599999999999999 4421011647 5199999999999999
111113112108102 97 93 92 93 95 97 97 96 91 84 75 66 59 55 57 63 74 86 9927 430OD 1 61131052 9899999999999999 7 7 921812 5599999999999999
110116117113106 96 87 81 79 81 87 94 99102 99 93 83 72 63 58 59 66 78 9327 5 1OD 14311713 110299999999999999 755 791920 5799999999999999
107117122120111 98 83 71 65 65 72 84 96107111110101 89 76 65 60 62 71 8627 5 2OD 210122141411299999999999999 826 642013 5999999999999999
102117125126118102 83 65 52 48 54 67 86104117123119108 93 78 66 63 67 8027 5 3OD 23312715 712399999999999999 855 482057 6399999999999999
 97115127132126110 88 64 44 33 34 47 68 92114129133127113 95 79 69 68 7627 5 4OD 256132155413399999999999999 925 322136 6799999999999999
 92111127136134120 97 69 42 23 17 24 45 73101125138140131115 96 81 74 7627 5 5OD 319137163814199999999999999 957 172214 7399999999999999
 88106125138140131109 80 48 21  6  6 21 47 80111133145143132114 96 84 8127 5 6OD 3441411723145999999999999991031  42250 8099999999999999
 87102120136144140123 95 62 29  5 -5  1 22 53 87117138146142129112 97 8927 5 7OD 41114418 91469999999999999911 7 -52326 8899999999999999
 89 99114131143145135112 81 46 16 -4 -8  3 27 59 93120137143138125111 9927 5 8OD 4411461858143999999999999991147 -9999999999999999999999
 95 98109124138145142126101 69 36 10 -5 -5  9 34 65 9611913313713212110927 5 9OD 512146195113799999999999999 0 3 951230 -799999999999999
102100106117130139142134117 91 61 33 11  1  3 18 42 70 9611612713012611727 510OD 547142205013099999999999999 0411001318  099999999999999
109104104110119129135134125108 85 60 36 19 11 15 28 49 73 9511212212512127 511OD 626136215512599999999999999 1261041411 1199999999999999
115109105105109115122125124116103 84 64 45 31 25 27 38 56 76 9511011912227 512OD 71612623 112299999999999999 2281051512 2599999999999999
119114108103101102105110113113110101 88 72 57 45 39 40 48 62 79 9611011927 513OD 836114235912299999999999999 4111011622 3899999999999999
122119113105 97 91 89 91 95101105106103 95 84 70 59 52 51 57 69 8510111427 514OD1050106999999999999999999999 6 5 891737 5099999999999999
122124119110 98 86 77 73 74 81 90100107109105 96 83 71 63 61 66 78 9310927 515OD 044124125010999999999999999 715 731847 6199999999999999
121127126117103 86 71 59 55 59 69 84100112117115107 94 81 72 70 75 8710327 516OD 121128141411899999999999999 8 3 551948 7099999999999999
118129132127113 93 72 53 41 39 47 63 84104119127125115102 88 80 78 85 9827 517OD 153132151812799999999999999 843 382040 7899999999999999
114128136135124104 79 55 35 25 27 41 63 88111128134131120106 93 85 86 9427 518OD 224137161013599999999999999 920 252126 8499999999999999
108124136140134117 92 63 38 20 14 22 41 68 96120135140134122107 95 89 9327 519OD 254140165514099999999999999 955 1422 7 8999999999999999
103119133142141129106 77 47 23 10 10 23 47 77105128140141133119105 95 9327 520OD 3251431737142999999999999991030  82245 9399999999999999
100112128140144138120 93 62 34 13  5 12 30 57 87114133141139129115102 9627 521OD 35514418161419999999999999911 4  52320 9599999999999999
 97106120134143143130108 79 49 24  9  7 18 41 69 97120134138133122109 9927 522OD 4261441854138999999999999991138  62353 9699999999999999
 96101112126138143137120 96 67 39 19 10 14 29 53 8010512413313312611510427 523OD 4581431931134999999999999991213 10999999999999999999999
 98 98105117130138138128109 84 57 34 19 16 24 41 65 8911012413012711910927 524OD 531139201013099999999999999 027 971248 1599999999999999
100 97100108120129134130118 98 75 52 34 24 25 35 54 75 9611312312512111327 525OD 6 5134205012699999999999999 1 2 971325 2399999999999999
105 98 97101109118125126120107 89 69 50 37 32 36 48 65 8410211512112211727 526OD 641127213312299999999999999 144 9714 5 3299999999999999
109102 97 96100106113118117111 99 84 68 54 45 42 47 59 74 9110611612112027 527OD 725118221912199999999999999 239 961448 4299999999999999
114107100 95 93 95100105108108104 95 83 71 60 54 53 58 69 83 9710911812127 528OD 82810923 612199999999999999 355 931538 5399999999999999
119113105 96 90 86 86 90 95100102101 95 87 78 70 65 64 68 77 9010311412127 529OD10 9102235112399999999999999 524 861640 6399999999999999
123119111101 89 80 74 74 78 86 94100103101 96 88 80 75 73 76 85 9610911927 530OD12 9103999999999999999999999 635 741751 7399999999999999
125125119108 93 78 66 59 60 67 79 92103110111107 99 91 84 81 84 9210311527 531OD 032126134411199999999999999 725 5919 1 8199999999999999
125129127117100 81 62 48 42 46 58 75 94110120123118110 99 91 87 90 9911127 6 1OD 1 9130145212399999999999999 8 7 4220 4 8799999999999999
123132134127112 90 65 43 29 26 34 52 76100119131134128117105 96 93 9710627 6 2OD 145134154713499999999999999 847 252059 9399999999999999
119132139137125104 76 48 24 12 12 26 50 79107129141142135122109100 9810327 6 3OD 221139163814399999999999999 928 102149 9899999999999999
114128140144138121 94 62 31  8 -2  3 22 52 8411513614714613712411110310227 6 4OD 2581441727148999999999999991010 -2223410199999999999999
109122136147148137115 83 49 18 -3-10  0 23 56 9012014114914713612211010427 6 5OD 3371491815150999999999999991054-10231810499999999999999
106115129143151148133108 74 39 10 -8-11  2 28 62 9612414214814413211910827 6 6OD 41815119 3148999999999999991140-12999999999999999999999
104108119133145151145128101 67 34  8 -7 -6 10 37 6910112614014413812611427 6 7OD 5 2151195014499999999999999 0 11041227 -899999999999999
105103108120133144147139121 95 64 34 12  2  5 22 48 7810612713713813111927 6 8OD 549147203513999999999999999 0461031314  199999999999999
108100100106117129137139131115 91 64 39 22 15 21 37 61 8811112713513312427 6 9OD 642139211713599999999999999 136 9914 2 1599999999999999
112101 95 94100109120127129123109 90 68 49 36 32 39 54 76 9811712913212827 610OD 744129215613299999999999999 235 941451 3299999999999999
118106 95 88 86 90 98107115118115106 92 76 61 52 51 58 72 8910812213013027 611OD 9 2118223313199999999999999 346 861541 5199999999999999
124113 99 87 79 76 78 85 94103109110106 97 86 76 70 69 75 8710211612713227 612OD1044110231113299999999999999 5 5 761635 6999999999999999
129121108 93 79 68 63 64 71 82 93103109109105 98 91 85 85 90 9911112313127 613OD1238110235213399999999999999 619 631737 8499999999999999
133129118103 85 69 56 50 51 59 73 88102112116115110103 98 9610010811812827 614OD1416116999999999999999999999 720 491847 9699999999999999
134135129115 97 76 57 43 37 40 51 68 8810511812512411911210610310611312327 615OD 036135152712599999999999999 811 37195710399999999999999
132137136128111 90 66 45 32 27 33 48 69 9211312713313212511610910610911727 616OD 122138161813399999999999999 855 2721 010699999999999999
127136140137125105 80 55 34 22 21 31 50 7510112113513913512611610910611027 617OD 2 8140165913999999999999999 935 20215110699999999999999
119131140143136120 97 69 43 24 15 18 33 57 8511013014014113512411310610527 618OD 2511431736142999999999999991014 15223310599999999999999
112123135143143133113 87 58 33 17 12 21 40 67 9512013614314013011810710227 619OD 3311441810143999999999999991050 12231010299999999999999
105114127139145142127104 76 48 25 13 14 28 51 7910612814014113512311010127 620OD 4101451842142999999999999991125 122343 9999999999999999
 99105117131142145137119 94 65 39 21 14 21 39 64 9211613314013712711410227 621OD 44714519121409999999999999912 0 14999999999999999999999
 96 98107121134142141130109 83 56 34 21 20 31 52 7810412413513713111910627 622OD 524143194213899999999999999 017 961233 1999999999999999
 96 93 98109123134139134120 98 73 50 33 26 30 46 68 9211412913613312311027 623OD 6 2139201013699999999999999 051 9313 6 2699999999999999
 98 91 91 98110122131132125110 89 67 48 37 35 44 61 8310512313313412711627 624OD 642133203913599999999999999 130 901338 3599999999999999
102 92 87 89 96107118125124116101 83 65 52 46 49 60 77 9811612913413112127 625OD 72712521 713499999999999999 214 871411 4599999999999999
109 96 86 82 85 92102112117116109 97 82 69 60 58 64 76 9210912413213312727 626OD 823117213813399999999999999 3 7 821446 5899999999999999
116102 89 80 76 78 85 95104109110105 97 87 78 72 73 79 9010411812813313127 627OD 937110221113399999999999999 4 9 761528 7299999999999999
123110 96 82 72 67 68 75 85 96104108107102 96 90 86 87 9210211312413113327 628OD1120108225013399999999999999 517 671622 8699999999999999
129119105 89 73 61 55 56 64 76 89101110113112108104100 9910311011912813327 629OD1317113233813599999999999999 622 551738 9999999999999999
134129117101 81 63 48 41 42 51 67 8510211512312412111611110911011512313127 630OD1448125999999999999999999999 721 4019 910999999999999999
136137130116 96 73 50 33 25 28 40 60 8410612313313613312611811411411812627 7 1OD 034137155213699999999999999 816 25203311399999999999999
134141141133116 91 64 38 19 11 15 32 57 8511213214314514013112111511411927 7 2OD 132142164414599999999999999 9 8 10213811499999999999999
129139146146136115 86 55 26  6 -1  7 27 57 9011914015015014213011911211227 7 3OD 229147173015199999999999999 958 -1222911199999999999999
120132144152151138113 81 47 16 -3 -7  4 29 62 9612614515315013912511310727 7 4OD 3231531812154999999999999991047 -8231310799999999999999
110120135149157154138111 76 41 11 -6 -7  8 36 7110513214915314613211610427 7 5OD 4151571850153999999999999991134 -9235610199999999999999
101106119136151158153135107 72 38 11 -2  1 20 49 8311513814914913812110527 7 6OD 5 71581925150999999999999991219 -3999999999999999999999
 95 93101117134148154148130102 69 39 18 10 17 37 67 9812514214814112710927 7 7OD 6 0154195614899999999999999 039 9313 1 1099999999999999
 94 85 86 96112129142146139122 97 69 45 30 28 38 59 8611313414414313211527 7 8OD 654146202514599999999999999 123 851341 2799999999999999
 97 83 77 79 90105121132135129115 95 73 56 47 49 62 8210512614014313712327 7 9OD 752135205114399999999999999 213 771418 4799999999999999
105 87 75 70 73 82 96110120123120109 95 81 70 67 72 8510312113514214013027 710OD 859123211714299999999999999 3 8 701453 6799999999999999
115 97 80 69 64 66 74 86 98108113113107 99 91 86 87 9310411813113914113627 711OD1026113214614299999999999999 412 641527 8699999999999999
124109 91 75 64 58 59 65 76 88 9810611011010710410210310911712713514013927 712OD1230110222214099999999999999 524 5816 910299999999999999
132121105 88 72 59 52 51 57 67 80 9310411311711711611411511812312913513827 713OD1441117231413899999999999999 637 51172411499999999999999
136130119103 86 68 54 45 44 49 61 76 9310811912512712512212012012312813327 714OD1549127999999999999999999999 743 43192411999999999999999
136136130119102 82 63 47 38 37 44 59 78 9811612813413412912411911712012527 715OD 028137162713599999999999999 837 36205511799999999999999
132137138132119100 77 56 39 30 31 42 61 8410712513714013712912011411211627 716OD 140138165714099999999999999 923 29214811299999999999999
124133140141133117 95 70 47 30 24 29 45 68 9311713414314213412311310710727 717OD 23714117251439999999999999910 3 24222610699999999999999
114125137144143132113 87 60 37 23 21 31 52 7810612814114513912811410410027 718OD 3241451752145999999999999991040 20225910099999999999999
104115130142148143128105 77 49 29 20 23 39 64 92118137145143133118104 9527 719OD 4 61481817146999999999999991113 192329 9499999999999999
 95104119135146149140121 94 66 41 25 21 31 52 80108130143145137122106 9327 720OD 4441491840145999999999999991144 212359 8899999999999999
 88 93106123139148146133111 83 56 35 26 29 45 70 98122139145140127110 9427 721OD 52114819 2145999999999999991214 26999999999999999999999
 84 84 93109127140145139123 99 73 50 36 33 43 64 89115134144143132115 9727 722OD 559145192414599999999999999 031 831241 3399999999999999
 83 78 82 94111128138140131113 90 67 50 43 47 62 8410812914214513712210327 723OD 638140194514599999999999999 1 4 7713 8 4399999999999999
 86 75 73 80 95111126133132121104 84 67 56 55 64 8110312313914514112811027 724OD 72013420 614599999999999999 141 731335 5499999999999999
 92 77 69 70 79 93109121126124114 99 84 72 68 72 8310011813414314313411827 725OD 810126202914499999999999999 223 6814 4 6899999999999999
100 82 70 64 66 75 89103114119117110100 90 84 83 8910111512913914213812627 726OD 913119205514299999999999999 312 641434 8399999999999999
110 92 76 64 59 61 69 81 95106112113111106101 9810010511412513414014013327 727OD1047114212714199999999999999 414 591511 9899999999999999
121105 88 71 59 52 52 59 71 85 9810811411611611411311411712313013513813727 728OD1318117221313899999999999999 528 51161011399999999999999
131119104 86 68 53 43 41 47 59 75 9210711912612812812612412412613013413727 729OD1514128233413799999999999999 646 41183412499999999999999
137133122107 86 65 45 32 28 33 47 67 8911012613614013813312812412312613227 730OD16 5140999999999999999999999 757 28203912399999999999999
138141139129111 87 60 37 20 15 21 38 63 9111713614614814313412511811712227 731OD 110141164314999999999999999 858 15214111799999999999999
131141148147136115 86 55 28 10  4 14 36 66 9812614515315114112811510810927 8 1OD 225149171715499999999999999 951  4222410899999999999999
118132147156155142117 85 50 21  3  1 14 41 75109136152156148133116102 9727 8 2OD 3261571748156999999999999991039  023 3 9799999999999999
101115134152162160144116 81 46 18  3  5 24 54 89122145156153139119100 8727 8 3OD 4211631816156999999999999991122  22341 8599999999999999
 85 95113135154163160142113 78 44 21 12 19 42 73107135152155145126103 8427 8 4OD 51316418421569999999999999912 2 12999999999999999999999
 74 76 90111134152160154135107 75 47 30 28 41 65 96125146155149133110 8627 8 5OD 6 416019 615599999999999999 019 731239 2799999999999999
 70 64 70 86108130146151144126101 76 55 46 50 67 91118140152152140119 9427 8 6OD 655151192815499999999999999 059 641311 4699999999999999
 73 60 58 66 83104124136140133118 98 80 68 66 75 9211413514915314512810627 8 7OD 748140194915399999999999999 142 571340 6699999999999999
 83 65 55 56 65 81 99115125127122111 99 88 84 87 9811413114515114813611727 8 8OD 848127201015199999999999999 228 5414 5 8499999999999999
 96 76 62 55 56 64 77 9210411311611410910410010010611612814014714714012727 8 9OD10 7116203414899999999999999 322 541425 9999999999999999
110 92 75 63 57 57 62 72 84 9510410911211311211211411912613414014314013327 810OD124011321 214399999999999999 429 56142911299999999999999
121107 92 77 65 58 56 59 66 76 88 9910811511912112212312612913213513613427 811OD2150136999999999999999999999 554 56999999999999999999999
129120108 94 80 66 57 52 53 60 71 85 9911212212813012912712512512612813027 812OD16 3130235413199999999999999 719 52194612599999999999999
131129123112 97 80 64 52 46 47 55 69 8710512113113613513012411911711812227 813OD1617136999999999999999999999 823 4521 811799999999999999
128133133127115 98 78 59 45 38 41 53 72 9411513113914013512511610910811227 814OD 136133163714199999999999999 912 38214510899999999999999
121131138139131116 94 71 50 36 33 40 57 80105126140144140129116105 9910127 815OD 237139165814499999999999999 950 332214 9999999999999999
110124137144143132112 87 61 41 30 31 45 67 94119138146144134118103 92 9127 816OD 3241451719147999999999999991024 292241 9099999999999999
 98113130144150145129105 77 51 34 29 37 56 82110133146148139122104 88 8227 817OD 4 31501739148999999999999991054 2923 8 8299999999999999
 86 99118137150152142121 94 66 44 32 34 49 73101127144150143128107 88 7627 818OD 4401531757150999999999999991122 312336 7399999999999999
 74 85103125143152150135111 84 58 42 37 47 67 94121141150148133112 90 7327 819OD 5171531816151999999999999991148 37999999999999999999999
 66 71 87109130146151143125101 75 55 46 49 65 88115137150151139119 95 7427 820OD 554151183315299999999999999 0 5 661214 4699999999999999
 61 60 71 91113133145145134115 92 72 59 57 67 86110132147152144127103 8027 821OD 632147185215299999999999999 035 591239 5699999999999999
 62 55 59 73 94116133140137125107 88 74 68 73 87106127144151148133112 8827 822OD 713141191115199999999999999 1 8 5413 3 6899999999999999
 68 54 52 59 75 96115128133129117103 90 83 83 91106123139148148139121 9927 823OD 8 0133193115099999999999999 145 511328 8299999999999999
 78 60 51 51 60 75 93110120124121114105 98 9610010912113414414714212911127 824OD 9 1124195314799999999999999 229 501352 9699999999999999
 91 73 58 51 51 58 71 8610111111611711511110911011512213113814314113512327 825OD1041117201914399999999999999 328 50141210999999999999999
107 90 73 59 51 49 53 63 76 9010211111712012212312412612913313613713613027 826OD2058137999999999999999999999 449 49999999999999999999999
121109 94 77 62 50 43 44 51 64 79 9611012213013313413213012912813013113227 827OD153713423 913299999999999999 626 43193712899999999999999
131127117102 83 63 46 35 32 39 53 73 9511513114014314013312612111912112727 828OD1554143999999999999999999999 748 32205711999999999999999
133138136127110 88 63 40 26 22 30 48 7310112514114914713912611510710611327 829OD 120138161814999999999999999 850 22213510699999999999999
125138147148138118 90 60 34 18 16 28 51 81112136151153145130112 97 91 9427 830OD 235149164315499999999999999 940 152210 9199999999999999
107126145157158145121 89 57 30 16 18 35 63 96127148156151135114 93 78 7627 831OD 33415917 7156999999999999991024 152244 7599999999999999
 85105129151164163147120 87 54 31 22 29 51 82115142156156143120 94 72 6127 9 1OD 42616517301589999999999999911 3 222319 6099999999999999
 64 80105132154165162144116 84 55 38 36 49 74105134153159149128101 74 5527 9 2OD 5161661752159999999999999991139 342354 4999999999999999
 49 57 78106133154162156137110 82 61 51 56 73 99127149159155137111 82 5727 9 3OD 6 41621813159999999999999991211 51999999999999999999999
 43 43 56 79107132148153145128105 84 71 69 79 98122144157157145123 94 6727 9 4OD 652153183315999999999999999 031 411239 6899999999999999
 47 39 43 59 82106127139141134119103 90 84 88101120139153157150132108 8227 9 5OD 741142185315799999999999999 1 9 3913 4 8499999999999999
 59 45 41 48 64 84104120128129123114104 98 99106119134147153150139120 9727 9 6OD 836130191315399999999999999 149 411325 9899999999999999
 75 58 48 47 55 68 84 9911111811911711310910811212013014014614714012711127 9 7OD 952119193514799999999999999 236 47134010899999999999999
 92 75 62 55 55 60 69 81 9310210911411611611611812212713313713913713012027 9 8OD1958139999999999999999999999 336 54999999999999999999999
107 93 80 69 62 59 61 67 76 86 9610611411912212412512612712812912912712327 9 9OD2026130999999999999999999999 5 5 59999999999999999999999
117109 98 87 75 66 60 59 62 70 81 9410711812613013012712412111911912012227 910OD1527130234912299999999999999 647 59203311999999999999999
122120115105 92 78 65 57 53 57 66 81 9811412713413513112311611010811011527 911OD1540135999999999999999999999 8 0 5321 210899999999999999
121126127122110 94 76 61 50 48 53 67 86107124136140136126114103 97 9810427 912OD 138127155714099999999999999 849 472127 9799999999999999
115126134135127112 92 71 53 44 45 55 74 97119136143141130115100 89 86 9127 913OD 235135161614499999999999999 926 432151 8599999999999999
104120135142141129109 85 63 47 41 47 64 88113133145146136119 99 83 75 7727 914OD 320143163314799999999999999 958 412216 7499999999999999
 90109129144149143126102 77 56 44 45 57 80106129145149141124101 80 66 6427 915OD 3581491650149999999999999991027 432241 6399999999999999
 74 93117138151152141120 94 70 52 47 55 74 99124144152147130106 81 62 5327 916OD 43515317 7152999999999999991054 4723 8 5399999999999999
 58 75100126145154150135112 86 65 55 57 71 94119141152151137114 86 62 4727 917OD 5121551725154999999999999991121 542336 4499999999999999
 45 58 80108133149154145127103 81 67 63 72 91114137151154144122 95 67 4627 918OD 5491541743155999999999999991146 63999999999999999999999
 38 43 61 87115137149149137118 98 81 74 77 91111132148155149131105 76 5227 919OD 62815018 115599999999999999 0 6 381212 7399999999999999
 37 35 46 67 94119137144140128112 96 86 85 94109127144153151138116 89 6327 920OD 710144182115399999999999999 038 341236 8599999999999999
 43 34 37 51 72 96117131136132122110100 96100110124138148150142125103 7827 921OD 759136184215199999999999999 115 3413 1 9699999999999999
 56 42 37 42 55 74 94111122126124118112108109114123134142146143132115 9527 922OD 9 512619 414699999999999999 2 0 37132310899999999999999
 75 57 45 42 45 56 71 8810211311812012011811812012413013513913913412411127 923OD11 8120192813999999999999999 3 0 42133811899999999999999
 95 78 63 52 46 47 53 64 78 9210511512112512712712812812913013012912712127 924OD1959130999999999999999999999 427 46999999999999999999999
113101 88 73 59 49 45 47 55 69 8510211712713313513312812412011811912112427 925OD1451135234712599999999999999 611 45201311899999999999999
125121113 99 82 64 49 40 40 48 64 8410612413614113913112111110410310711627 926OD1510141999999999999999999999 733 39204410399999999999999
126133134126110 89 66 47 36 36 46 66 91115135145145137122105 92 85 88 9827 927OD 137134153214699999999999999 832 342115 8599999999999999
115132143146137119 93 67 46 35 37 52 76104129146151144127105 84 70 67 7527 928OD 245146155415199999999999999 920 342147 6799999999999999
 94117139154156145122 94 67 47 39 46 66 93121143154151135111 84 62 50 5227 929OD 34015616161549999999999999910 1 392220 4999999999999999
 68 94122147160160146122 93 68 52 50 62 85113139154156144120 90 62 42 3527 930OD 4301621638157999999999999991038 492254 3599999999999999
 45 67 97128151162159143119 92 71 62 66 83107133152159152131102 69 43 282710 1OD 51716317 0159999999999999991112 622328 2699999999999999
 28 44 70102131152159153137114 92 78 76 85104127148159157141115 83 53 312710 2OD 6 31591721160999999999999991142 75999999999999999999999
 22 29 49 77107132148151144128110 95 88 91104123142156158148127 98 68 422710 3OD 649152174315999999999999999 0 3 221211 8899999999999999
 27 25 36 57 83109130140141134121108100 99106120136149156151136112 85 592710 4OD 73514218 515699999999999999 039 241237 9899999999999999
 40 31 33 46 66 89109124131131125116109106109118130141149149139122100 772710 5OD 827132182915099999999999999 116 3013 110699999999999999
 57 44 39 44 56 73 91106117123123120115112113117124133140142138127111 932710 6OD 934123185214299999999999999 158 39132611299999999999999
 75 61 52 50 54 63 76 891011111161191191181171181211251301321311261171052710 7OD1129119191613299999999999999 251 49135911799999999999999
 92 79 69 61 58 60 66 75 86 971061141191221221211201201201211211201171122710 8OD1343122193812199999999999999 4 6 5817 212099999999999999
105 96 87 77 69 64 63 66 73 83 951071171241271261231181131101091091111132710 9OD1418127233111399999999999999 547 6220 910999999999999999
113110104 95 84 73 65 61 63 71 83 97112123130131127119109101 97 97101107271010OD1441132999999999999999999999 710 612032 9699999999999999
114118118112101 87 73 63 59 62 72 87105121132136132122109 96 86 83 87 97271011OD 12511915 113699999999999999 8 6 592056 8399999999999999
109120127126118104 87 71 60 58 64 78 97117132140138128111 93 78 70 72 82271012OD 225128152014099999999999999 848 572120 6999999999999999
 98116130136133122104 84 68 59 60 71 90111130142143134116 94 73 59 56 65271013OD 311137153814499999999999999 923 582145 5699999999999999
 83105126140144137121100 80 66 61 68 84106127143148141123 98 72 52 43 47271014OD 351144155614899999999999999 954 612211 4399999999999999
 64 88115137149149137118 96 78 68 69 81101123142151147131106 77 50 34 32271015OD 4301501614151999999999999991024 672239 3199999999999999
 44 68 97125145154149134113 93 78 74 81 97118139151152140116 86 55 32 22271016OD 5 81541634153999999999999991053 7323 9 2299999999999999
 27 47 75107134150154145129109 91 82 84 95114134150155147127 98 66 38 20271017OD 5471541655155999999999999991122 822342 1699999999999999
 17 29 53 84114137149149139123106 94 90 97111129145154152137112 81 50 27271018OD 6291511718155999999999999991150 90999999999999999999999
 15 18 35 61 90117136144142132118106 99101110124139150152143124 97 68 42271019OD 715145174315399999999999999 017 151219 9999999999999999
 24 18 24 42 67 93116131136134126116109107111121133143148145133112 88 62271020OD 8 913718 914899999999999999 058 18124910799999999999999
 41 27 25 32 48 70 92111123128128123118115115119127134140141135123105 84271021OD 921129183814199999999999999 146 24132411499999999999999
 63 46 36 34 39 52 70 88104116123125124122120120122125129131130125116103271022OD11 6125191613199999999999999 247 33142812099999999999999
 87 71 57 47 42 45 54 68 84 99112121126127126123120117117117118119118114271023OD124812721 411999999999999999 4 8 4218 511799999999999999
107 96 83 69 57 50 48 54 66 81 98113125131131127120112105101101104110115271024OD1336132999999999999999999999 541 48193410199999999999999
118116109 96 81 66 55 51 55 67 84103120132137134124111 98 87 82 84 92105271025OD 0 911814 613799999999999999 7 0 512013 8299999999999999
117126128122108 90 73 59 54 59 73 92113130140140131115 96 77 65 62 69 84271026OD 144128143314199999999999999 8 1 542048 6299999999999999
104123136140133117 97 77 64 60 67 84105126141146140123100 75 55 44 46 59271027OD 250140145714699999999999999 851 602123 4399999999999999
 82108131146149140122100 81 70 69 79 98121140150148134110 81 53 34 28 36271028OD 345149152215199999999999999 933 682157 2899999999999999
 56 85115139152153142123102 85 77 80 94115136150154145123 93 61 34 19 18271029OD 4341551547154999999999999991012 772231 1799999999999999
 33 59 91122145155153140121102 89 86 94110130148156152135108 75 43 20 11271030OD 5201561612157999999999999991047 8623 6 1199999999999999
 17 37 67 99128147154149135118102 94 96107124142154156145122 91 58 31 14271031OD 6 41541638157999999999999991119 932340 1099999999999999
 11 23 47 77107131145148142128113103100105118135149155150133107 77 47 252711 1OD 64614917 5155999999999999991150 99999999999999999999999
 15 18 34 58 86112131141141133121110104105114127140149150139120 94 66 422711 2OD 729142173315199999999999999 015 14122110499999999999999
 26 21 29 46 69 93114128134132125116109107110119130140144140127107 84 602711 3OD 81513418 214499999999999999 052 21125310799999999999999
 42 32 32 41 58 78 98114124128126120114109109114121129135135128115 98 782711 4OD 9 7128183213699999999999999 131 31133210999999999999999
 60 47 41 43 52 67 83 99112120123122118114111111114118123125124117106 922711 5OD101112319 712599999999999999 215 41143011099999999999999
 78 65 56 52 54 61 73 86 991101181211211181141111091091111131141131091022711 6OD112612120 111499999999999999 3 9 52162510999999999999999
 92 82 72 65 61 62 67 77 881001111191231231201141081031001001011031051052711 7OD1231123223310599999999999999 420 611844 9999999999999999
102 97 90 81 73 68 67 71 79 91103114123127125119110100 92 87 86 89 951022711 8OD1314127999999999999999999999 542 671939 8699999999999999
107108105 98 89 80 73 71 75 83 96109121129130125115101 87 76 71 73 81 932711 9OD 050108134513199999999999999 655 712012 7199999999999999
104113117115107 96 85 77 74 79 89103118130135132121105 85 68 58 56 63 78271110OD 2 6117141013599999999999999 751 742042 5599999999999999
 95112124128124113100 87 79 78 85 98114129138139129111 88 65 48 40 44 58271111OD 3 0128143414099999999999999 837 772111 4099999999999999
 80103123135137130117101 88 82 84 94110126139144138121 96 68 44 28 26 37271112OD 344137145814499999999999999 917 812141 2599999999999999
 58 86113134144144133118102 90 86 92105122138147146132108 78 47 24 13 17271113OD 426145152314899999999999999 954 862214 1399999999999999
 35 63 95123142150146133117101 93 93102117135148152143122 92 59 29  9  4271114OD 5 81501550152999999999999991029 912249  399999999999999
 15 39 71104131147151145131115102 97101113129145153151136109 76 42 15  0271115OD 55115116191549999999999999911 4 972327 -199999999999999
  1 17 45 78110134147148140126113103102109122138150154146126 96 63 31  8271116OD 6361491650154999999999999991139102999999999999999999999
 -1  5 24 53 85114134144143134122111106108116129142150149137115 86 55 27271117OD 725145172415199999999999999 0 7 -1121610699999999999999
  9  4 13 33 60 89114131138137129119111108112120131141145141127106 79 52271118OD 81813818 214599999999999999 052  4125710899999999999999
 30 16 14 23 42 67 92113127133131125117111110113119127134136131119100 78271119OD 916133184813699999999999999 141 13135110999999999999999
 56 38 28 27 35 52 73 94112124129128122115110107108112117122124121112 99271120OD1017129195312499999999999999 236 26151510799999999999999
 82 65 51 42 41 47 61 79 97113123128127121113106100 98 99103108111113110271121OD1115128214911399999999999999 339 401712 9899999999999999
102 91 77 65 57 55 59 70 85102116126129127119109 98 88 83 82 86 93102108271122OD12 5129999999999999999999999 451 541839 8299999999999999
111109102 91 80 71 67 70 79 93108122130132127116101 85 72 64 63 70 82 96271123OD 0 6111124613299999999999999 6 6 671935 6399999999999999
109117119114104 93 83 78 80 88102117129136135126109 89 69 53 45 47 57 75271124OD 147119132313799999999999999 714 782020 4499999999999999
 95113125130125115102 91 86 88 98111126137141136121 99 74 51 34 28 34 51271125OD 258130135714199999999999999 813 8621 0 2899999999999999
 74 99121134139133122108 97 93 96107121135144144134113 86 57 33 19 17 29271126OD 355139143114699999999999999 9 5 932138 1699999999999999
 51 79107129142144137124110100 97103115130143149144128102 71 41 19  9 12271127OD 44314515 414999999999999999 950 972214  899999999999999
 29 56 87115136147146137123109101101109123138149150140118 89 56 28 10  5271128OD 52614815381519999999999999910291002250  499999999999999
 14 36 66 97124141147143132118106101105116130144151147132106 75 44 19  6271129OD 6 514716111519999999999999911 61012326  599999999999999
  7 22 47 77106129142144137125112103102109121136147149140121 93 62 34 15271130OD 6431451644150999999999999991140101999999999999999999999
  8 15 33 60 89114132140139130117106101103112125138145143130109 81 53 302712 1OD 719141171814699999999999999 0 1  8121310199999999999999
 16 15 26 47 73 98119132136131121110102100105115127137140134119 97 71 472712 2OD 754136175214099999999999999 035 14124910099999999999999
 30 22 26 40 61 84106122130131124114105 99 99105115125131131123107 87 652712 3OD 831132182913299999999999999 110 221328 9899999999999999
 46 35 32 39 54 73 94112123128126118109101 97 98104112119123120112 98 812712 4OD 9 8128191012399999999999999 146 321418 9799999999999999
 64 50 43 44 53 67 85102116124126122114106 98 95 95 99104110112110103 922712 5OD 94812620 411299999999999999 224 431526 9499999999999999
 79 67 58 55 57 66 79 94108119124124120112103 95 89 88 90 94 99102102 982712 6OD1031125213210299999999999999 3 6 551655 8899999999999999
 92 83 75 69 67 70 77 88101113121125124118109 98 88 80 76 77 82 88 95 992712 7OD1115125234410099999999999999 358 671816 7699999999999999
 99 97 92 86 81 79 80 86 96107117125127124116104 90 76 66 62 64 71 81 922712 8OD12 0127999999999999999999999 5 6 791913 6299999999999999
101106106103 97 92 88 89 94102113122129130125113 96 78 61 50 46 50 62 782712 9OD 139107124213099999999999999 625 881957 4699999999999999
 94107116118114108100 95 95 99108118128134133123107 85 62 43 31 30 40 57271210OD 251118132213499999999999999 738 942036 2999999999999999
 79100117127129124115106100 99104114125135139134120 98 71 44 24 14 18 33271211OD 34412914 013999999999999999 839 992115 1499999999999999
 57 84109128138138130119109102102109120133142144134115 86 55 27  7  1  9271212OD 430139143914499999999999999 9301012156  199999999999999
 30 60 91118137145142133120109103105114128141149146132107 74 40 11 -6 -8271213OD 51414515191499999999999999910151032237 -999999999999999
  6 32 66 99126143148143131118107104108120135147153146127 98 63 28  1-12271214OD 55714815591539999999999999910561042320-1399999999999999
-10  8 38 73106131145147139126113104103111124139151153143121 89 53 20 -3271215OD 6411481642153999999999999991137103999999999999999999999
-12 -5 16 47 82112134144143133120107101102112126141150149137113 82 48 18271216OD 723145172715199999999999999 0 4-12121810099999999999999
 -1 -5  5 28 59 91118135141137126112101 97100110124137144141128105 77 47271217OD 8 4141181514499999999999999 048 -613 4 9799999999999999
 23  9  8 21 44 72100122134136130117104 95 92 96105118128134131119 99 75271218OD 842137191013499999999999999 132  71356 9299999999999999
 51 33 24 27 40 61 86109126133131122110 97 88 85 88 96107116121119110 96271219OD 919134201612199999999999999 217 241459 8599999999999999
 78 60 48 43 47 60 79 99117128132127116103 90 80 76 77 83 92101108109105271220OD 954132214610999999999999999 3 1 431616 7699999999999999
 96 85 73 65 63 68 79 94110123130130124112 97 83 72 65 64 69 77 87 96102271221OD1031131235110499999999999999 349 631740 6499999999999999
104101 95 88 83 82 85 94106118127131129121108 92 76 62 53 50 54 64 76 89271222OD1112132999999999999999999999 446 821853 5099999999999999
100107109107103 98 96 98104113123130133130120105 87 67 50 39 36 41 53 70271223OD 15710912 113399999999999999 6 2 961953 3699999999999999
 88103115120119114109105106110117126132135131120102 80 57 38 27 25 32 48271224OD 321120125513599999999999999 7291052042 2499999999999999
 70 92111124129128122114109108111119128135138132118 96 71 46 26 16 17 29271225OD 415129134913899999999999999 8451082126 1599999999999999
 49 75100120133136132123114108106111121131139140132114 89 60 34 16  8 13271226OD 455136143714199999999999999 94110622 5  899999999999999
 30 55 84110129139139131120109103104112123136143141129107 78 49 23  8  5271227OD 52914015211439999999999999910241032242  499999999999999
 16 37 66 95120136141137126113102 99103114128140145140123 97 67 37 15  4271228OD 6 114116 1145999999999999991059 992317  399999999999999
  7 23 49 79107129139139131117104 95 95103117132143144135114 85 55 28 10271229OD 6301411639145999999999999991132 942350  599999999999999
  5 14 35 64 93118134139134122107 95 90 94105121135143140126102 73 44 22271230OD 65813917151439999999999999912 3 90999999999999999999999
 11 13 28 52 80107126136135125110 96 87 86 94108123135139132114 90 62 38271231OD 723137175113999999999999999 021 101235 8599999999999999
