 66 76 85 92 95 92 84 73 63 58 59 68 80 93103109111109100 87 71 57 47 4527 1 1OH 4 3 9516 111199999999999999 917 572255 4499999999999999
 49 57 67 76 83 87 88 84 78 71 67 68 73 84 96106113115113104 90 73 57 4427 1 2OH 539 8817 0115999999999999991023 67999999999999999999999
 39 41 49 60 70 79 86 90 89 84 77 71 69 73 82 96109117120118108 92 72 5327 1 3OH 722 9018 412099999999999999 016 391155 6999999999999999
 38 31 33 42 56 69 80 89 95 95 88 78 69 65 68 80 98113123126122111 91 6727 1 4OH 829 96185712699999999999999 117 3013 7 6599999999999999
 45 29 22 27 40 57 72 85 95101 99 89 75 63 58 64 80102120130132125109 8527 1 5OH 916101194313299999999999999 2 6 2214 0 5899999999999999
 58 34 19 15 24 42 61 78 91101105 99 84 66 53 51 62 8510912713513512510427 1 6OH 954105202513699999999999999 247 151443 5099999999999999
 75 46 22 10 11 26 48 69 85 98106106 94 74 55 44 47 65 9311813413913512027 1 7OH102810821 413999999999999999 324  91520 4499999999999999
 94 62 32 11  4 13 34 58 77 92104109102 84 62 45 38 49 7410312613814013227 1 8OH1058109214214099999999999999 357  41554 3899999999999999
111 80 46 18  3  4 20 45 69 86 99108107 93 71 50 36 37 56 8511313213913727 1 9OH1126109221914099999999999999 428  11626 3599999999999999
124 97 63 30  8  0 10 33 60 81 95105108100 81 58 39 33 42 67 9712113413727 110OH1151109225513799999999999999 457  01658 3399999999999999
131112 81 46 18  3  5 23 50 75 91102108105 90 67 46 33 34 50 7810612413227 111OH1214108233113399999999999999 525  21729 3299999999999999
132121 97 64 33 12  6 17 41 68 89100107107 97 78 56 39 32 39 60 8711012227 112OH1234108999999999999999999999 553  618 3 3299999999999999
127123108 82 52 27 14 16 34 60 84 99106108103 89 68 49 36 34 45 67 9110827 113OH 0 6127125110899999999999999 622 131840 3399999999999999
117118112 95 70 45 28 23 32 53 77 96106109107 98 82 62 46 36 37 50 70 8927 114OH 04411913 410999999999999999 653 231925 3599999999999999
102108108101 85 64 46 35 36 49 69 90104110109105 94 79 61 46 38 39 50 6627 115OH 129109132811099999999999999 726 342022 3799999999999999
 82 93 98 98 92 80 65 53 47 51 63 80 96107111109105 95 80 63 48 39 38 4527 116OH 228 99141411199999999999999 8 6 472138 3799999999999999
 57 71 82 88 90 88 81 71 63 59 63 72 84 97106111111108100 86 68 50 37 3127 117OH 4 0 90153711299999999999999 859 592311 3199999999999999
 34 44 58 70 79 85 88 86 80 73 69 69 73 82 94105113117116109 94 73 50 3227 118OH 6 6 881725117999999999999991035 68999999999999999999999
 21 20 30 45 61 74 84 92 93 89 81 73 67 67 74 89105118125127120103 77 4827 119OH 748 94184412799999999999999 035 191234 6699999999999999
 24  8  5 16 35 56 73 87 98102 97 84 70 59 56 65 85108125135138131110 7827 120OH 856102195313899999999999999 142  41347 5699999999999999
 43 13 -6 -9  6 31 55 75 93107110100 81 61 46 43 57 8511313314414814011427 121OH 946111205614899999999999999 239-101442 4399999999999999
 75 34  1-19-19  2 33 60 81101116115 98 72 47 32 32 53 8711813815015514327 122OH1029118215415599999999999999 329-221529 2999999999999999
111 67 23-10-27-20  8 42 69 90111122114 89 58 33 19 26 54 9212214015215627 123OH11 8123224615799999999999999 413-281613 1999999999999999
140102 55 13-17-27-11 23 56 80101120124107 76 44 20 12 26 60 9712213815027 124OH1144125233215399999999999999 453-271655 1299999999999999
150128 88 43  6-17-17  8 43 73 94112124119 94 61 32 13 12 32 67 9911913327 125OH1216125999999999999999999999 530-201735 1099999999999999
143137110 71 33  5 -7  3 33 66 89106119122108 80 49 25 13 18 42 73 9811327 126OH 014143124512399999999999999 6 4 -71814 1299999999999999
124129118 91 58 30 12 11 29 59 86103114120115 95 68 42 24 19 29 52 76 9327 127OH 05312913 812099999999999999 634  91853 1999999999999999
104112111 98 75 51 33 26 33 55 81100112117116105 85 61 42 30 28 40 58 7527 128OH 129113132311799999999999999 7 1 261935 2799999999999999
 86 94 97 94 82 66 51 43 44 56 75 94108114115109 97 79 61 46 38 38 47 5927 129OH 2 6 97133711599999999999999 725 422027 3799999999999999
 70 77 82 83 81 74 65 58 56 61 72 86 99108111110104 94 80 65 53 46 45 4927 130OH 256 83141411199999999999999 750 562143 4599999999999999
 55 62 67 72 74 75 73 70 69 69 72 79 88 96103107107104 96 85 72 60 51 4627 131OH 444 75153710899999999999999 822 682341 4599999999999999
 45 48 53 59 65 71 76 78 79 79 77 76 77 82 89 97105109107101 91 78 64 5127 2 1OH 8 5 7917171099999999999999911 3 76999999999999999999999
 41 37 39 45 55 65 74 81 87 88 85 78 71 69 72 82 95107114114108 97 81 6227 2 2OH 849 88183011599999999999999 113 371258 6999999999999999
 44 32 28 31 41 55 69 80 89 95 94 84 71 61 57 63 79 98113121121114100 7827 2 3OH 919 96192912199999999999999 2 6 271354 5799999999999999
 54 33 21 18 27 43 61 76 88 98101 93 76 59 48 47 59 82105121127126116 9627 2 4OH 947101202012899999999999999 244 181435 4699999999999999
 68 40 20 10 13 29 51 70 85 97105101 85 63 45 36 41 62 9011412813212811327 2 5OH101410521 513299999999999999 315 1015 9 3599999999999999
 85 52 24  7  3 16 39 62 81 95106108 95 72 48 31 28 43 7110112213213512627 2 6OH1039109214613599999999999999 344  31541 2799999999999999
102 68 34  9 -2  4 26 54 76 92105112104 82 55 32 21 27 51 8411112713513327 2 7OH11 2112222413699999999999999 410 -21612 2099999999999999
117 86 49 18 -1 -3 14 44 71 90104113111 93 66 39 20 16 32 64 9611813013427 2 8OH112411423 013499999999999999 436 -41643 1699999999999999
127103 67 32  7 -3  6 33 65 89103113116104 78 48 25 13 19 43 7710512112927 2 9OH1145116233413199999999999999 5 3 -31714 1399999999999999
130115 85 49 20  4  4 24 56 86103113118112 91 61 35 17 13 26 56 8710812027 210OH12 3118999999999999999999999 529  11746 1299999999999999
125120 99 68 38 17 10 21 48 80103114118116102 76 48 26 15 17 37 66 9110727 211OH 0 6125121311899999999999999 555 101820 1499999999999999
115116106 84 57 34 22 24 43 71 98114119118109 90 65 41 24 18 25 46 70 9027 212OH 038117121611999999999999999 622 211859 1899999999999999
101106103 92 73 53 39 35 44 64 89109118119113101 83 61 41 28 24 32 50 6927 213OH 112106123312099999999999999 649 351948 2499999999999999
 83 91 93 90 82 69 56 49 51 62 80 98112117115108 98 82 64 47 35 31 36 4727 214OH 156 93131011799999999999999 719 492056 3199999999999999
 61 72 78 81 81 77 71 65 62 65 74 86 98107111111107100 89 73 56 42 34 3327 215OH 325 81142011199999999999999 757 622241 3399999999999999
 38 48 58 66 72 76 79 78 76 74 74 76 81 89 98105110112109100 85 66 47 3227 216OH 617 79165911299999999999999 932 74999999999999999999999
 24 25 33 44 57 68 78 85 89 87 81 74 69 69 76 88102114120121114 98 74 4727 217OH 8 8 89183812299999999999999 026 231232 6899999999999999
 25 11  9 19 36 55 71 85 96100 94 81 65 54 51 61 81104120130134127107 7527 218OH 855100195713499999999999999 139  81344 5199999999999999
 41 13 -4 -4 12 36 60 78 96109109 95 72 50 35 34 51 8010812713914513610927 219OH 93311121 114599999999999999 232 -61435 3299999999999999
 70 30  0-16-11 14 45 70 90109120113 88 57 31 16 21 47 8311313214515113827 220OH10 9120215415199999999999999 316-171519 1599999999999999
103 58 18-11-22 -6 27 60 84104122126107 74 40 14  3 16 50 8811513314815127 221OH1042127224015299999999999999 355-2216 0  399999999999999
130 89 44  7-16-16 10 47 78 99118131124 94 57 23  1 -3 19 58 9311513214527 222OH1114131232114799999999999999 431-201639 -499999999999999
142114 72 32  2-12  1 35 71 96113128131112 77 40 11 -4  2 30 67 9511312827 223OH1141132235913699999999999999 5 3-121716 -599999999999999
136124 93 56 24  4  4 26 62 93112124131123 95 60 28  6  0 14 44 75 9510927 224OH12 3131999999999999999999999 532  11750 -199999999999999
120120103 74 45 24 16 27 55 87110122128125108 78 47 23  9 11 30 57 79 9327 225OH 033122121612899999999999999 558 161824  899999999999999
103107102 84 61 42 32 34 52 80105120125124113 92 66 42 25 19 27 45 65 7927 226OH 1 2108122012699999999999999 620 311857 1999999999999999
 88 93 93 85 71 56 47 45 55 74 96113121121115101 82 61 44 34 33 41 54 6727 227OH 128 94123312299999999999999 638 451936 3299999999999999
 76 80 82 80 74 66 59 57 61 72 87102111115113105 94 79 64 52 46 45 50 5727 228OH 157 8213 511599999999999999 653 572032 4599999999999999
 64 68 70 72 72 70 69 68 70 74 81 90 97103105105100 93 83 72 63 56 53 5227 3 1OH 330 72141710599999999999999 650 682241 5299999999999999
 54 56 59 62 66 70 74 76 79 80 80 81 83 87 92 97101102 98 91 82 72 61 5327 3 2OH16371029999999999999999999999999999999999999999999999999
 47 45 46 51 59 67 75 81 86 87 84 77 72 70 74 83 94104108106100 90 75 5927 3 3OH 844 8818 610899999999999999 111 451250 7099999999999999
 46 37 34 38 49 61 73 83 91 95 91 79 67 58 56 64 80 98110115114107 92 7127 3 4OH 9 0 95191511599999999999999 157 341341 5699999999999999
 50 34 25 26 37 53 69 82 93101 99 86 67 51 42 45 61 85106118122120108 8627 3 5OH 921101201212299999999999999 226 241417 4299999999999999
 59 36 20 16 24 43 64 81 94105107 96 74 51 34 30 41 66 9411412512812210327 3 6OH 942107205812899999999999999 252 161449 2999999999999999
 73 43 20  9 13 31 57 78 94107113106 84 56 33 19 23 44 7610412113013111827 3 7OH10 4113213913299999999999999 317  81520 1899999999999999
 90 56 26  8  4 19 47 74 93107118116 97 67 37 16  9 23 54 8811112513413027 3 8OH1026119221713499999999999999 342  31551  999999999999999
108 73 39 13  1  9 35 68 92108120124111 81 47 20  4  7 31 67 9811712913427 3 9OH1049124225313499999999999999 4 9  11623  299999999999999
122 92 56 25  6  5 24 58 90109120127122 97 62 29  6 -1 12 44 8010411912927 310OH1110128232813199999999999999 436  31655 -199999999999999
128108 75 42 19  9 18 48 83108121128128111 79 44 16  0  1 23 58 8810711927 311OH1129129999999999999999999999 5 3  91728 -299999999999999
124117 92 61 36 21 21 40 73104122129130120 96 63 32 10  1 10 36 68 9110527 312OH 0 2124113813099999999999999 530 1818 3  199999999999999
113114101 78 54 36 30 39 64 95118128130124108 83 53 28 12  9 22 47 72 8927 313OH 035115114113099999999999999 557 301842  999999999999999
 99103100 87 69 53 44 46 60 84108123128125115 99 76 52 32 21 21 33 52 7027 314OH 1 810312 112899999999999999 622 431930 1999999999999999
 82 88 90 86 78 67 59 56 62 76 94111120121117108 95 78 59 42 32 31 38 5027 315OH 152 90123912299999999999999 650 562038 3099999999999999
 62 71 76 78 78 76 72 68 69 74 83 94104110112111107 99 87 71 55 43 36 3727 316OH 338 7914 011299999999999999 726 682228 3699999999999999
 42 51 58 65 72 77 80 81 80 78 77 78 83 90 97104109112109100 85 67 49 3527 317OH 641 8117 011299999999999999 959 77999999999999999999999
 29 30 38 50 62 73 83 90 92 88 80 71 65 65 73 86101113120121114 97 73 4727 318OH 751 92184012199999999999999 017 281229 6499999999999999
 27 17 18 30 48 66 81 94103103 91 73 56 45 45 58 80103119129133125103 7127 319OH 829105195713399999999999999 124 161332 4399999999999999
 40 16  5 11 31 56 77 93108116108 86 59 37 24 27 49 8010612413614213010127 320OH 9 4116205514299999999999999 212  51419 2399999999999999
 63 29  6 -2 12 41 70 91108123125106 74 41 17  6 18 49 8410912614114512727 321OH 937126214414699999999999999 252 -215 2  699999999999999
 91 51 19 -1  0 25 60 88107123134125 95 57 23  1 -4 17 55 8811012814214127 322OH10 8134222714499999999999999 328 -41541 -599999999999999
115 76 39 11  0 12 46 82106122135137116 78 39  8 -9 -3 26 63 9211112813827 323OH103713823 513899999999999999 4 1  01618-1099999999999999
128 98 61 30 11 10 34 72103121133140130 99 59 24  0 -9  6 39 72 9411112527 324OH11 1140234112999999999999999 432  71653 -999999999999999
128111 80 50 27 18 29 60 95119132138135114 79 43 15 -1  1 23 54 79 9610927 325OH1118139999999999999999999999 5 0 181725 -399999999999999
117112 92 66 44 31 33 53 85113129136135122 96 63 33 13  6 16 40 66 84 9627 326OH 012118112613799999999999999 525 301756  699999999999999
104106 96 78 59 45 41 52 76103123133133125106 80 53 31 19 20 34 55 73 8527 327OH 039106113513499999999999999 548 411827 1899999999999999
 93 96 92 82 69 58 52 56 71 92112125128124112 93 71 51 37 31 36 49 64 7527 328OH 1 1 96115812899999999999999 6 9 5219 1 3199999999999999
 82 86 85 81 75 68 63 63 70 84 99112119119113102 87 71 56 47 45 49 57 6627 329OH 125 86123312099999999999999 628 621947 4499999999999999
 72 76 77 77 76 74 72 71 74 80 88 97104108108105 98 88 76 65 58 55 56 5927 330OH 233 77133710999999999999999 641 712116 5599999999999999
 62 65 68 71 74 77 79 80 81 81 82 84 87 92 97101103100 93 84 75 67 60 5627 331OH15561039999999999999999999999999999999999999999999999999
 54 55 58 63 70 77 83 87 88 86 81 75 72 74 80 90100106106101 93 82 69 5727 4 1OH 757 88173010699999999999999 012 541211 7299999999999999
 49 45 47 54 65 76 85 92 96 94 85 72 62 57 61 72 89104111113108 98 82 6327 4 2OH 813 96184211399999999999999 113 4513 7 5799999999999999
 48 39 37 44 57 73 86 96103103 93 76 58 45 43 52 72 94110118119113 98 7527 4 3OH 832104194412099999999999999 144 371345 4299999999999999
 52 36 29 33 48 68 86 99109113105 85 60 39 28 32 50 77101116124125114 9027 4 4OH 853113203612699999999999999 211 291418 2899999999999999
 63 39 25 23 36 61 84101113121117 98 69 41 21 15 27 55 8610812213012710827 4 5OH 917121212013099999999999999 238 221452 1599999999999999
 78 49 27 18 25 49 79101116126128114 84 50 22  6  7 31 65 9411312713312427 4 6OH 94212922 113399999999999999 3 7 181525  499999999999999
 98 65 37 20 18 36 69 99117129136129102 65 30  6 -4  8 40 7510111713013327 4 7OH10 8136224013499999999999999 337 1716 0 -499999999999999
116 85 53 30 19 27 56 91116130138139121 86 47 15 -5 -6 15 51 8310411913027 4 8OH1034140231813199999999999999 4 8 191635 -899999999999999
126103 72 46 29 26 44 78111130139142134107 69 33  6 -7  0 27 62 8810511927 4 9OH1056142235612499999999999999 439 251712 -899999999999999
124114 90 64 44 34 40 65 99125137142139123 92 56 25  4 -2 11 40 69 8910327 410OH1113142999999999999999999999 510 341751 -399999999999999
113114101 80 60 47 45 58 85114132139139131111 82 51 26 10  9 24 49 72 8727 411OH 034115112814099999999999999 540 441834  799999999999999
 97103101 90 74 61 55 58 74 98119131134131121103 79 54 33 21 22 35 54 7027 412OH 116103115613499999999999999 612 551926 2099999999999999
 81 88 92 91 84 75 67 65 70 84101116124125122115102 83 62 45 34 33 41 5327 413OH 216 92124812599999999999999 650 652036 3299999999999999
 65 73 80 84 86 84 80 75 73 76 84 94105112115116114106 92 74 57 45 39 4127 414OH 4 0 86145411699999999999999 756 732212 3999999999999999
 49 58 67 76 84 89 91 88 83 77 74 74 80 89 99108115117114103 86 67 49 3927 415OH 551 911658117999999999999991021 732346 3699999999999999
 37 42 53 66 79 90 98101 97 87 74 63 58 61 73 89105116123123113 94 70 4827 416OH 65910118291249999999999999912 7 58999999999999999999999
 34 30 38 54 73 88101110112103 84 63 46 39 44 61 85105119128130119 96 6727 417OH 744113194313199999999999999 051 3013 9 3899999999999999
 43 28 26 39 63 85102115123121103 75 48 28 21 31 57 85106121133135120 9127 418OH 821124203913699999999999999 138 251357 2199999999999999
 60 36 23 26 49 78101116128134123 95 60 31 11  8 27 59 8810712313513411327 419OH 856134212713799999999999999 219 221439  799999999999999
 82 52 30 22 35 65 97117130140138117 81 44 16  0  5 31 65 9110812513512827 420OH 927141221013699999999999999 256 221519 -199999999999999
102 71 44 28 28 51 85114130141145134103 64 29  5 -4 10 41 72 9411012613127 421OH 955145224813199999999999999 330 251555 -499999999999999
117 89 61 40 31 41 71105128140146143121 86 48 18  1  1 22 53 80 9711212327 422OH1017147232312599999999999999 4 2 311630 -299999999999999
121103 78 55 40 40 59 92121138145145133104 69 36 13  4 13 38 65 8610111227 423OH1033146235511799999999999999 432 3817 2  499999999999999
117109 90 69 52 45 54 79109131142145137118 88 56 30 14 13 29 53 75 9110227 424OH1048145999999999999999999999 5 0 451733 1299999999999999
109107 96 80 64 54 55 70 95120135141138125103 75 49 30 22 28 45 65 82 9327 425OH 023109111014199999999999999 527 5318 5 2299999999999999
100102 97 87 74 64 60 67 84105123134135128113 92 69 49 36 34 42 58 73 8427 426OH 048102114113599999999999999 554 601841 3399999999999999
 92 95 94 89 82 73 68 69 78 93109121127126118104 87 68 53 45 46 54 65 7627 427OH 117 95122112799999999999999 624 671924 4499999999999999
 83 87 89 88 86 81 77 74 77 84 94105113117116111101 87 72 61 55 55 61 6827 428OH 218 89132311799999999999999 7 3 742025 5499999999999999
 74 79 83 86 88 87 85 82 80 80 83 88 95102108110109102 91 78 68 62 60 6127 429OH 424 88151011099999999999999 832 8022 0 6099999999999999
 66 71 76 83 88 92 93 91 87 82 77 75 77 84 93102109110105 96 84 73 63 5827 430OH 552 931640111999999999999991056 752332 5899999999999999
 58 62 69 78 88 96100101 97 88 77 67 62 64 74 88102112114110101 87 72 6027 5 1OH 6421021752114999999999999991211 62999999999999999999999
 53 53 60 72 86 98107111109100 83 65 51 46 52 68 88105115119115104 86 6727 5 2OH 71711119 111999999999999999 030 521259 4699999999999999
 53 47 50 62 81 99111119121114 95 71 49 34 32 44 68 92110120124120103 8127 5 3OH 74812220 312499999999999999 113 471340 3199999999999999
 60 46 42 51 72 96114125131129113 85 54 31 18 21 42 72 97114125129121 9927 5 4OH 821132205612999999999999999 151 421419 1799999999999999
 74 53 40 41 58 86112128137141131105 69 37 14  5 17 46 7810111712913211827 5 5OH 853141214213399999999999999 228 391458  599999999999999
 92 66 47 38 46 72104127140147146127 92 53 21  1 -2 18 52 8310412013213127 5 6OH 926148222613499999999999999 3 5 381538 -399999999999999
112 85 60 44 41 57 89120139149153145117 78 39 10 -6 -2 25 59 8710612213227 5 7OH 95915323 913299999999999999 343 401619 -799999999999999
125103 78 57 45 48 71105133147154154139106 66 30  4 -6  5 34 65 8910612127 5 8OH1032155235312799999999999999 420 4417 1 -699999999999999
127116 95 73 56 49 59 87118140151154150130 96 59 27  5  0 15 43 70 9010527 5 9OH11 4154999999999999999999999 457 491745 -199999999999999
116118107 88 70 58 57 71 99125142149150142121 90 57 29 12 11 27 52 73 8927 510OH 038119114015099999999999999 535 551833  999999999999999
101110109 99 84 70 62 65 81104125138143142134115 89 60 37 23 24 38 58 7527 511OH 128111122714399999999999999 617 621926 2299999999999999
 87 97104104 96 84 73 68 71 84102118128133134128113 91 67 47 35 36 46 6227 512OH 229105133913499999999999999 7 8 672028 3499999999999999
 75 86 95102102 97 87 77 72 72 81 94107117123127125114 96 75 57 46 44 5127 513OH 339103151212799999999999999 824 712140 4499999999999999
 64 76 87 97104106102 92 81 71 67 71 80 93105116123124117102 83 65 53 4927 514OH 44910616391249999999999999910 4 672254 4999999999999999
 54 65 79 93104112114109 97 81 66 57 57 65 80 97111120124120107 88 69 5527 515OH 55111418 3124999999999999991133 56999999999999999999999
 50 55 69 87103115122124116 98 76 56 44 42 53 72 92108119126124110 89 6927 516OH 644124191912699999999999999 0 0 501239 4199999999999999
 55 50 58 77 99116127133132119 94 67 44 30 30 45 69 92107120128125110 8727 517OH 728134202012899999999999999 054 501331 2899999999999999
 66 53 50 63 88112128138142137116 85 55 31 19 23 44 71 9310812112912410527 518OH 8 6142211013099999999999999 141 501416 1899999999999999
 82 62 51 53 73102126139147148136108 73 42 21 13 24 49 76 9511012412912027 519OH 839148215413099999999999999 222 501457 1399999999999999
 98 76 58 51 60 86116137148152148128 95 60 32 14 12 30 58 82 9911412612627 520OH 9 9152223412899999999999999 3 0 511535 1199999999999999
112 91 70 55 54 70100128145153153142115 81 48 24 12 18 41 67 8810411712527 521OH 934154231012599999999999999 336 521611 1299999999999999
120104 83 64 55 61 84114138150154149131101 68 39 20 16 29 53 77 9510811827 522OH 958154234412199999999999999 410 551645 1599999999999999
121112 94 75 61 58 71 97125144152151140118 88 57 33 21 25 42 65 8610011127 523OH1025153999999999999999999999 443 581718 2199999999999999
116114102 86 70 62 66 83109132146150145129105 77 50 33 27 37 56 76 9310427 524OH 014116105615099999999999999 514 611751 2799999999999999
110111106 94 80 69 66 75 94116134143144135118 95 70 48 36 37 50 68 85 9727 525OH 043112113214599999999999999 546 651825 3599999999999999
104108106100 89 77 70 72 83101119132138136126110 88 66 50 44 49 62 77 9027 526OH 114108121413899999999999999 621 7019 3 4499999999999999
 99103105103 96 87 78 74 77 88102116126130128119104 85 67 55 53 59 70 8327 527OH 156105131013099999999999999 7 4 741948 5299999999999999
 93 99103105102 96 88 80 77 79 87 98109118122122115102 85 71 62 60 66 7627 528OH 256105142512399999999999999 8 9 772042 6099999999999999
 86 95101106108106 99 91 82 76 75 80 90100110117119113102 88 75 67 65 6927 529OH 4 1108154511999999999999999 939 752148 6599999999999999
 78 88 98106112114112104 92 80 70 66 70 79 93106115118115105 92 79 70 6727 530OH 45911417 01189999999999999911 2 662258 6799999999999999
 70 79 92105115121123119107 90 73 59 53 57 70 88104115120118110 96 81 7127 531OH 55012318161209999999999999912 6 53999999999999999999999
 66 70 81 98114126132133125107 84 61 45 39 46 64 86105117123123114 98 8127 6 1OH 637133193012499999999999999 0 3 661259 3999999999999999
 69 65 70 86108126137143141128103 73 47 30 25 37 61 87106119127128116 9727 6 2OH 721143203212999999999999999 1 0 651347 2599999999999999
 79 66 62 71 93119138148152148128 96 62 33 16 15 33 61 8810712113213111627 6 3OH 8 5152212713399999999999999 151 621434 1399999999999999
 95 76 63 61 76103131149158160151124 87 50 21  5  9 32 63 8910812413513127 6 4OH 849160221713599999999999999 239 601521  499999999999999
113 91 72 60 62 83114141157164165150119 78 41 12 -1  8 35 66 9111012713527 6 5OH 93416623 513699999999999999 324 5916 8 -199999999999999
128109 86 67 58 65 91124148162168166147112 71 34  8 -1 12 41 71 9311212827 6 6OH1020169235213499999999999999 4 7 581655 -299999999999999
133123102 80 63 58 70 99130152163168163142106 66 31  8  4 21 50 76 9611427 6 7OH11 8168999999999999999999999 451 581741  399999999999999
127129117 96 75 61 60 77105133151160164157135100 63 32 14 15 34 60 8310027 6 8OH 039130115916499999999999999 535 581828 1299999999999999
115125124110 90 72 61 64 81107130145153157149127 96 63 38 25 29 48 71 9027 6 9OH 125127125415799999999999999 621 601915 2499999999999999
105117124120106 87 72 63 67 83105123136144147140121 94 67 47 39 45 62 8227 610OH 211124135314799999999999999 714 6320 4 3999999999999999
 97109119123118104 87 73 65 68 80 98113125133137131116 94 73 58 53 59 7427 611OH 259123145813799999999999999 816 652055 5399999999999999
 90104115123125119106 90 75 66 66 74 88101114123128125113 97 80 68 64 7027 612OH 34812516 912899999999999999 932 642153 6499999999999999
 83 98111122128129123110 92 75 63 60 65 77 91105115121121114101 87 76 7227 613OH 4401301730122999999999999991054 602257 7299999999999999
 77 89104119129135135128113 93 73 58 52 56 68 85 99111118121116105 91 8027 614OH 53313618551219999999999999912 7 52999999999999999999999
 76 80 93111127138143142133114 90 67 50 43 48 63 82 97109119123119107 9327 615OH 62414320 512399999999999999 0 4 7613 6 4399999999999999
 81 76 81 97118136146150147134111 84 59 42 36 44 63 83 9811112112612110627 616OH 711150205912699999999999999 1 3 761356 3699999999999999
 90 78 74 82102126144153155149132105 75 50 35 32 44 66 8610211512612811927 617OH 752155214512999999999999999 154 741440 3199999999999999
103 86 73 71 84109134151158158148126 95 65 41 29 32 49 72 9210712012912827 618OH 829159222613099999999999999 239 701520 2899999999999999
115 96 79 68 71 90118143157161157142116 84 54 34 27 35 57 80 9911312413027 619OH 9 416123 313099999999999999 319 681558 2799999999999999
124108 88 72 66 75 99128150160161153133104 71 45 29 29 43 67 8910611812727 620OH 939162233612999999999999999 356 661632 2799999999999999
128117 99 79 67 67 83110137154161158146122 90 60 38 29 35 55 79 9911212227 621OH1013161999999999999999999999 430 6517 4 2899999999999999
127123108 89 72 65 72 93121143156159152136109 78 51 35 33 47 69 9110711827 622OH 0 5127104915999999999999999 5 2 651736 3299999999999999
124124115 98 80 68 67 80104128146154154144124 96 67 46 37 43 61 8410211427 623OH 032125112615599999999999999 535 6618 6 3799999999999999
121124119107 90 75 68 72 89111132144149146134112 85 62 47 45 56 76 9711127 624OH 05612412 714999999999999999 610 681838 4499999999999999
119123122114100 85 74 71 78 95114130139142137124103 79 61 53 56 71 9010727 625OH 122124125314299999999999999 649 701912 5299999999999999
117123124121111 97 83 74 73 81 96112125133134129116 97 78 65 62 69 8310027 626OH 151124134813499999999999999 738 721950 6299999999999999
114122126126121110 97 83 75 73 80 92106118125127123112 97 82 73 72 79 9327 627OH 230126145312899999999999999 841 732035 7199999999999999
107119126130129124113 98 83 73 69 74 85 98111119123120112100 88 81 80 8627 628OH 32413016 912399999999999999 957 692133 7999999999999999
 98111123131135135129117 99 81 68 61 64 75 90104115120121116105 95 87 8527 629OH 4281361737121999999999999991114 612249 8599999999999999
 89 99114128138143143136121 99 77 60 50 52 64 82 99112120124121112100 9127 630OH 53314319 5124999999999999991223 50999999999999999999999
 86 89 99116133146152152143124 97 70 49 38 39 54 76 9611112212812711710327 7 1OH 632153201912999999999999999 014 861323 3799999999999999
 91 83 85 98119140154161161150126 94 62 38 25 28 47 73 9511212513413211927 7 2OH 729162212113599999999999999 124 831419 2499999999999999
102 86 77 80 97124148163170169155127 89 54 27 14 20 43 72 9611413013913527 7 3OH 826171221414099999999999999 221 761511 1399999999999999
118 97 79 69 75 98129155170177175158125 83 45 17  6 17 45 75 9911813514327 7 4OH 92417823 114399999999999999 312 6916 0  699999999999999
135114 89 70 62 72101135160173181178158120 76 37 11  4 21 52 8210412414127 7 5OH1021182234414699999999999999 359 621647  499999999999999
145131105 80 61 57 73106139161174181177152112 69 32 10 10 33 65 9211213127 7 6OH1115182999999999999999999999 444 561731  799999999999999
144143123 96 71 55 56 77110139158170177169142102 63 32 17 24 50 8010412127 7 7OH 02414612 517799999999999999 529 531812 1799999999999999
137145137114 87 65 53 59 82112136151163167157129 94 61 38 31 44 71 9711627 7 8OH 1 2145125416799999999999999 614 531851 3199999999999999
130141143129106 82 63 56 64 86111129142152154142117 89 64 50 50 66 9011127 7 9OH 137144134215499999999999999 7 1 561928 4899999999999999
126136142138123101 80 65 61 69 87106120131139139128109 88 72 65 70 8610627 710OH 211143143314099999999999999 752 6020 6 6599999999999999
122133140142135120101 83 70 66 72 85 99110120126126119106 93 83 80 8610027 711OH 245142153412799999999999999 854 662048 8099999999999999
115128137142142135121104 87 74 69 71 80 91101110116118115108100 93 92 9627 712OH 3271431657118999999999999991011 682146 9299999999999999
106119131140144144137125108 90 76 68 67 73 83 94104111116117114107101 9827 713OH 4251441842117999999999999991136 672313 9899999999999999
 99107119132142148148142129111 91 75 64 61 67 78 9110211111912212011210427 714OH 53214820 5122999999999999991249 61999999999999999999999
 97 96103117133146153153146132111 89 69 57 55 62 76 9110411512412812411327 715OH 63115421 012899999999999999 038 961346 5499999999999999
100 91 90 99117137152158158149132107 82 61 49 49 60 78 9611012113013212427 716OH 723159214213399999999999999 139 891432 4899999999999999
108 92 82 83 97121144158163161149127 99 72 51 42 46 63 8410211612813613327 717OH 8 8163221813699999999999999 227 811512 4299999999999999
119 99 82 74 80101129152164166161145118 87 59 42 38 49 71 9311012313413827 718OH 851166225013899999999999999 3 7 741547 3799999999999999
129109 88 72 69 83110139158167167158136104 72 48 35 39 57 8310411913113827 719OH 931168231813999999999999999 343 691618 3599999999999999
136119 97 76 65 69 90121147162168165150122 88 58 39 34 47 71 9711512713727 720OH1010168234213999999999999999 416 651646 3499999999999999
139128107 84 67 63 75102132153164166158137106 73 48 36 41 61 8911112513527 721OH1047166999999999999999999999 447 621714 3599999999999999
140134117 94 73 62 66 85114140155162161148122 90 61 43 41 55 8010612413427 722OH 0 4140112416299999999999999 519 621740 4099999999999999
140139126105 83 67 62 72 96123143154157152135107 78 56 47 53 7310012213427 723OH 02414112 015799999999999999 551 6218 8 4699999999999999
140141133116 94 76 65 66 80104127142149150141121 96 72 58 57 70 9311713327 724OH 040141123715099999999999999 626 641836 5699999999999999
141143139127108 88 73 66 71 87108126137142140130111 90 74 67 72 8811012927 725OH 054143131814299999999999999 7 7 6619 7 6799999999999999
140144143136122104 86 73 69 74 89106120129133130121107 91 81 79 8710312127 726OH 11114414 813399999999999999 757 691941 7999999999999999
135143145142134122105 88 75 71 74 85100112120124123118108 97 91 92 9911127 727OH 147145152312499999999999999 9 3 712025 9099999999999999
125137143145143137126109 91 77 69 70 77 8910111111712011811310610110110427 728OH 2561451714120999999999999991029 69213710099999999999999
112123135143148149144133115 95 77 64 60 65 77 9110411312012312011510810427 729OH 44414919 1123999999999999991158 60234510299999999999999
103107118132145154157154142122 97 73 55 47 51 65 8310011412413012912111027 730OH 6 61582022130999999999999991311 47999999999999999999999
100 94 97111131150162168165152128 97 66 43 33 38 56 8010111713013813612327 731OH 714168211913999999999999999 112 941411 3399999999999999
105 90 81 86105132156171177176160130 92 56 30 20 29 54 8210512313914714027 8 1OH 82117822 414799999999999999 212 8115 3 2099999999999999
119 95 76 67 76103136162177185183164127 84 46 19 12 28 60 9011313214915327 8 2OH 925186224415499999999999999 3 3 671549 1299999999999999
138110 82 61 55 71105141165180189186161119 74 36 13 13 37 7310212314315727 8 3OH1022190232215899999999999999 349 551631 1099999999999999
154130 97 68 49 49 72110143164179188181151107 64 31 15 24 56 9111613515327 8 4OH1112189235616199999999999999 433 461710 1599999999999999
161148117 84 57 43 49 77114142160174181169136 94 58 33 27 45 7911013114627 8 5OH1157181999999999999999999999 515 421745 2699999999999999
159158137104 73 51 43 55 85117139153166168151119 85 58 43 47 7210312814327 8 6OH 027161124016999999999999999 556 431818 4299999999999999
154159149124 94 68 52 50 66 92116132144153150133107 82 64 60 72 9712314127 8 7OH 054159132115399999999999999 637 481848 5999999999999999
151156153138114 89 69 58 60 76 96113124133137132118100 85 77 80 9511713527 8 8OH 11615614 313799999999999999 721 571916 7699999999999999
147153153146130110 90 75 68 71 82 96107115121123120111101 93 92 9811112727 8 9OH 135153145612399999999999999 811 681944 9199999999999999
140147150148141128111 96 83 77 78 84 9210010611111411411110710410510911827 810OH 2 7150163011499999999999999 922 77202410499999999999999
128137143146145140130117103 91 83 80 81 86 92 9810511111511611611411211227 811OH 32114619 7116999999999999991110 80223111199999999999999
115121130138144147144136124110 95 83 76 75 78 86 9610511412112412311811127 812OH 4581472021124999999999999991247 74999999999999999999999
106106112124137147152150143130112 93 77 68 66 72 84 9811012012813212711627 813OH 611152205713299999999999999 0311051345 6699999999999999
103 95 95104122141154158156148131108 85 67 58 59 70 8810411712813613612427 814OH 7 9158212813799999999999999 133 941425 5799999999999999
107 91 83 86102126148160164160148126 98 73 56 49 57 75 9611312613714213427 815OH 8 0164215614299999999999999 216 821459 4999999999999999
115 93 77 72 82107135156166167161143114 83 58 45 46 62 8610812313514414227 816OH 846168222214599999999999999 252 721527 4399999999999999
125101 78 65 67 86117145162169168156130 97 66 46 39 50 7410112013414414727 817OH 928169224514899999999999999 325 641554 3999999999999999
136111 85 65 58 69 96129153165169165146113 79 52 39 42 63 9311713314415027 818OH10 717023 715099999999999999 356 581620 3899999999999999
144123 95 70 55 56 77109139157166167156129 95 64 44 40 54 8311313214415127 819OH1043168232715399999999999999 427 541645 3999999999999999
150134106 79 59 51 62 89122145158164161143112 79 55 44 50 7410613114415227 820OH1118164234415499999999999999 457 511710 4499999999999999
154143119 91 67 53 53 72102130147156159150127 96 70 54 53 69 9812714515327 821OH1151159235515599999999999999 529 511736 5199999999999999
155150132105 79 60 53 60 83112133145151149136112 87 69 61 69 9112014315327 822OH1223151235715699999999999999 6 2 5318 2 6199999999999999
156153141120 95 73 59 57 70 92116131139142137123103 85 75 75 8811113515127 823OH1257142999999999999999999999 639 571828 7399999999999999
156154147133112 91 73 63 65 77 96114125130131126115101 90 86 9110612514227 824OH 010156133813199999999999999 724 621857 8699999999999999
152154150142129112 93 78 70 71 80 93106114119120118112104 99 9910511612927 825OH 044154145312099999999999999 826 691933 9899999999999999
141148149147141132118101 86 76 72 75 84 9410210811311611511210910911111627 826OH 14614917201169999999999999910 0 72204110999999999999999
124133140145148147141128111 93 78 68 65 70 80 9110211211912212211811310927 827OH 4211481921123999999999999991147 65234410799999999999999
108112121134146154157153141121 97 74 58 51 56 69 8610211612713313112210927 828OH 55915720211339999999999999913 5 51999999999999999999999
 98 92 96110131150163168166153127 95 65 44 36 44 64 8810812413714413711927 829OH 71416921 314499999999999999 1 8 9214 1 3699999999999999
 98 81 73 80103132157171178177160127 88 54 31 25 40 69 9711813515015213727 830OH 824179214015399999999999999 2 3 731447 2599999999999999
109 81 62 55 70102137161176185183160120 77 42 21 22 47 8211113114916115527 831OH 923186221616299999999999999 251 551528 1999999999999999
129 94 64 44 43 66105140162177188181151107 65 34 19 30 6410112614416116727 9 1OH1014188224916799999999999999 334 4116 6 1999999999999999
150115 77 48 33 39 70110141160176184172136 94 57 32 28 50 8812114215716927 9 2OH11 0184231917099999999999999 415 321641 2699999999999999
164137 98 63 38 29 44 79115139155170173154119 82 54 39 46 7611313915416527 9 3OH1141175234616999999999999999 455 291713 3899999999999999
169154121 84 54 35 35 56 89117135149160157135104 76 58 54 7110313415216227 9 4OH1220161999999999999999999999 533 321742 5399999999999999
167161138106 75 52 41 47 70 97117130141145137118 95 77 69 75 9712514715927 9 5OH 0 5167125714599999999999999 610 4118 8 6999999999999999
163161148124 96 73 57 53 63 83102115123129130121107 93 84 85 9611713815227 9 6OH 014163133313199999999999999 647 531831 8399999999999999
158157150136115 94 77 67 67 77 90102110115118117111104 98 9610011212714127 9 7OH 024158141911899999999999999 729 661851 9699999999999999
149151148141129114 98 86 80 80 85 92 9810210610911010910810710811211912727 9 8OH 056151161511099999999999999 829 7919 910799999999999999
135140142141137129118107 97 90 86 86 88 91 95 9910511011411611611611511627 9 9OH 2151421952116999999999999991035 8622 611599999999999999
119123129135139139135126116105 94 85 81 80 83 89 9910811612212412211610927 910OH 42914020 7124999999999999991243 80999999999999999999999
105105111122134143145142134122106 90 78 71 71 78 9010311512413113112210927 911OH 553145203113299999999999999 0261041332 7099999999999999
 97 90 92104122139149152149139122100 80 66 61 66 80 9711312513413813111527 912OH 656152205513899999999999999 119 9014 4 6199999999999999
 95 81 76 83103127147156158153138113 87 67 55 55 68 8910912413514314012427 913OH 749158211814399999999999999 157 761431 5399999999999999
100 78 65 65 82109136153161161151129 99 72 53 47 56 7810412313614614813527 914OH 835162214114899999999999999 230 631456 4799999999999999
110 82 62 53 62 88120144158164161144114 82 57 44 47 67 9612013614715314627 915OH 91616422 215399999999999999 3 1 531521 4399999999999999
122 91 64 48 47 67100130150160164155130 96 66 47 42 56 8511613614815615527 916OH 955164222415799999999999999 332 451547 4199999999999999
136104 72 49 39 49 78112138152161161144113 80 56 44 49 7410813514915816027 917OH1032163224516199999999999999 4 3 391614 4399999999999999
148119 85 56 39 37 57 91122141153159153129 97 69 52 49 66 9813015015816227 918OH11 715923 316299999999999999 434 361640 4899999999999999
156134100 68 46 35 43 70103128142151153140113 85 65 56 63 8812114715916227 919OH1141153231116399999999999999 5 7 3517 7 5699999999999999
160145118 85 59 42 39 54 83111129139145141125101 81 69 68 8311113915716227 920OH1214145231316299999999999999 541 381733 6799999999999999
161152132104 77 56 45 48 66 92113126132134128113 96 83 78 8410212814915927 921OH1248134233316099999999999999 619 441759 7899999999999999
159154142122 99 76 60 53 59 75 94109118122122117107 96 90 90 9911613514927 922OH1331123999999999999999999999 7 5 531827 8999999999999999
154153146135120101 83 69 63 66 77 90101107111112111107102 9910210912013327 923OH 01015415 611299999999999999 8 8 6319 5 9999999999999999
141145145142136125110 94 79 70 68 73 81 89 9610310811211311110910810911427 924OH 120145174311399999999999999 947 68205710899999999999999
121128135140143142136122105 87 72 64 63 69 78 9010111111912212111410610027 925OH 42314319 9122999999999999991137 622346 9899999999999999
 98103114127140149152148135114 90 68 54 50 58 73 91107120130134127113 9627 926OH 5591521953134999999999999991249 50999999999999999999999
 83 78 84102124144156162159144117 85 59 42 40 53 7610011913314314312810327 927OH 715163203014599999999999999 057 781340 3999999999999999
 79 62 57 69 96126148162170167147113 76 48 32 35 58 8911513314715514712127 928OH 82017121 515699999999999999 148 571422 3199999999999999
 88 59 41 40 61 97129150165175169142103 66 39 28 41 7310713114716016314327 929OH 913175213916499999999999999 233 3815 0 2899999999999999
107 70 41 25 32 62101131150166174163130 90 57 35 33 56 9412714616016916227 930OH10 1174221016999999999999999 315 251536 3199999999999999
131 90 53 27 18 33 69106130148163168149115 79 52 39 47 791181441581691702710 1OH1044169223817199999999999999 355 181610 3899999999999999
151114 73 41 21 20 43 79110129145157155132100 72 53 50 691041371561661702710 2OH1124159225917099999999999999 432 171641 4999999999999999
162134 96 61 35 23 31 58 89112127140147138116 90 70 61 67 931261511631672710 3OH12 0147231216799999999999999 5 8 2317 9 6099999999999999
164147117 83 55 37 33 47 73 97113124132133122103 86 74 73 871141401561622710 4OH1235134232016399999999999999 543 321735 7299999999999999
161151131103 76 55 45 48 64 85101111118122119110 97 87 83 881051271451552710 5OH13 7122234215699999999999999 617 441759 8399999999999999
156151138118 96 76 62 58 64 77 91101107111112109104 97 93 941021151301422710 6OH1347112999999999999999999999 655 581824 9299999999999999
147145139128113 97 82 73 71 76 84 92 971011031051051041021011031091171252710 7OH 019147154410599999999999999 745 71185410199999999999999
132135135131124114102 91 84 81 81 84 87 91 95 991041081091091081071081102710 8OH 128135183010999999999999999 920 81212710799999999999999
114119124129130127120110100 91 84 80 79 81 85 93101109114117116111104 982710 9OH 3491301916117999999999999991147 792353 9799999999999999
 97100108118128133132126117104 91 79 73 71 75 84 97108117123124119107 93271010OH 5191331942125999999999999991248 71999999999999999999999
 84 81 88102119132139138132119102 84 70 64 65 75 91107119128132128114 95271011OH 62513920 413299999999999999 048 811321 6399999999999999
 77 67 68 81103124138144143134116 93 73 60 56 64 82103120132139138125102271012OH 722144202614099999999999999 126 661349 5699999999999999
 77 59 52 60 82109131143148145130106 80 61 51 54 72 97119134144147137114271013OH 811148204914799999999999999 2 0 521416 5199999999999999
 84 58 42 41 59 89117136147151143121 93 67 51 47 61 87116135147154149129271014OH 856151211415499999999999999 233 391444 4799999999999999
 96 64 40 29 38 65 98124140150151136109 79 57 46 51 75108134148157158144271015OH 937152213915999999999999999 3 5 291513 4599999999999999
113 76 46 26 23 42 76108128142151147125 95 69 51 48 63 95128148158163156271016OH101615122 416399999999999999 339 221544 4799999999999999
131 94 58 32 18 25 52 87114130143148138112 84 63 52 57 82116144158163162271017OH1055148222616499999999999999 413 181614 5299999999999999
147115 77 45 24 18 33 64 96117130141141125100 77 63 59 73102134154162163271018OH1132142224216399999999999999 449 181645 5999999999999999
155133 99 65 39 23 24 45 75100116127134129113 92 76 67 71 90120145158161271019OH1211134225616199999999999999 527 211716 6799999999999999
158145120 89 61 39 29 35 56 81101113121123117104 89 79 76 84105130148155271020OH1252123232415699999999999999 6 9 291747 7699999999999999
155149135113 87 63 46 39 46 64 83 97106111113109100 91 85 86 95112131143271021OH1349113999999999999999999999 659 391825 8499999999999999
147146140129112 91 71 56 50 55 67 80 91 98103107106102 96 92 93 99110122271022OH 012147152510799999999999999 8 3 501925 9299999999999999
131136137136130117100 81 66 58 58 64 74 84 92100107110108104 98 94 94 99271023OH 15913717 911099999999999999 931 572131 9399999999999999
107116125132136134126110 91 73 60 55 59 68 80 93104114119117110 98 87 80271024OH 41913618191199999999999999911 4 552327 8099999999999999
 81 89102117130139141135119 97 75 58 50 53 65 83100115125130126112 92 73271025OH 54814119 7130999999999999991214 50999999999999999999999
 61 60 71 92114131142147142124 98 71 52 44 50 69 93114128138141131107 79271026OH 7 4147194714299999999999999 036 5913 6 4499999999999999
 55 41 42 60 88114132145152146123 93 65 46 41 53 80109129142151149129 96271027OH 8 7152202315299999999999999 128 401350 4199999999999999
 62 37 24 30 55 88114132146154144117 85 58 42 43 64 98126144155160150120271028OH 9 0154205716099999999999999 213 231429 4099999999999999
 81 46 21 13 27 58 92115132147151136107 77 53 43 52 81117142155163162142271029OH 946152212816499999999999999 255 1315 6 4299999999999999
105 65 32 12 10 32 66 95115131145144125 96 69 52 48 66101134153162166156271030OH1029147215516699999999999999 334  81541 4799999999999999
128 88 51 23  9 16 43 75 99115131140133112 86 65 54 59 85119146159164161271031OH11 8140221516499999999999999 412  91614 5399999999999999
143110 73 41 20 15 29 57 84102116128131120100 79 64 61 741031331521601602711 1OH1145132223116199999999999999 448 141645 6099999999999999
150127 94 62 37 23 26 44 70 91105116122120108 91 76 68 71 901171401531562711 2OH1219123225315799999999999999 522 221715 6799999999999999
151136112 83 57 39 32 41 59 80 95105112114110 99 87 77 74 831021241411492711 3OH1251114232314999999999999999 556 321744 7499999999999999
148139123101 77 57 45 45 55 71 86 97103106106102 94 86 81 83 931091251362711 4OH1328107999999999999999999999 632 431816 8099999999999999
140137128113 95 76 62 55 57 66 78 88 95 99101101 99 94 89 86 89 971081192711 5OH 0 4140143810299999999999999 714 5419 0 8699999999999999
126129127120109 95 80 69 64 66 72 80 87 92 96 99101101 98 94 91 91 941012711 6OH 1 4129161710199999999999999 812 642030 9199999999999999
108115119121117109 97 85 76 71 70 73 78 84 90 97103106106103 97 91 86 852711 7OH 250121173010699999999999999 938 702241 8599999999999999
 89 96105114119118112102 90 80 72 69 71 76 84 93103110114113107 96 84 752711 8OH 42411918181149999999999999911 7 692356 7199999999999999
 71 75 86100113120121116105 92 79 69 65 67 75 88102113121123118106 88 712711 9OH 53612218521239999999999999912 8 65999999999999999999999
 59 56 64 81100115123125119107 90 74 63 60 66 80 98115126132130119 98 74271110OH 642125192313299999999999999 045 561251 6099999999999999
 54 42 44 58 81103119127129121104 83 66 56 57 69 91113129138141134114 85271111OH 742129195314199999999999999 125 411329 5599999999999999
 56 36 28 36 58 86108122131131119 98 75 59 52 58 78105128141148147132102271112OH 833133202514999999999999999 2 2 2814 6 5299999999999999
 68 38 20 17 33 63 91112126134132114 90 68 53 50 64 92122141151155148123271113OH 919135205815599999999999999 239 161442 5099999999999999
 86 50 23  8 13 37 70 96114128136128107 82 62 51 54 76108136151158158142271114OH10 3136213015999999999999999 318  71519 5099999999999999
110 70 36 11  2 14 44 76100116130134121 98 75 58 52 62 91123146157161155271115OH104613422 216199999999999999 357  21556 5299999999999999
133 96 58 26  5  2 21 52 81101117128127112 90 70 57 57 74105134152159159271116OH1129130223416099999999999999 438  11633 5599999999999999
148122 85 49 21  5  8 30 60 84101115123119103 84 68 59 64 86115140152156271117OH121312323 815699999999999999 521  41711 5999999999999999
153139112 78 46 22 11 18 40 66 86100111116110 96 80 68 64 73 94120138147271118OH13 1116235114999999999999999 6 7 111752 6499999999999999
149145131106 76 48 28 21 29 49 70 86 97106109105 93 80 70 69 78 97117131271119OH1357109999999999999999999999 657 211840 6899999999999999
138140136125104 78 54 37 32 40 56 73 86 95103106103 94 82 74 72 78 92107271120OH 05514015 210699999999999999 753 321946 7299999999999999
119126130130121105 83 62 47 42 47 60 74 86 96104108106 97 86 76 70 72 80271121OH 227131161010999999999999999 858 422118 7099999999999999
 93105115122125121108 90 71 56 49 52 62 76 89101110115113103 89 74 63 60271122OH 3591251713115999999999999991011 492253 6099999999999999
 65 77 91106117123122112 96 77 61 53 54 64 80 97110120124121108 88 67 51271123OH 52412318 8124999999999999991121 52999999999999999999999
 44 49 63 82100113122124116100 79 62 53 55 68 88108122131134128109 82 56271124OH 646124185513499999999999999 0 8 441222 5399999999999999
 37 29 35 54 77 97111122126119100 78 61 52 56 74 99121134142142131105 72271125OH 754127193714399999999999999 1 5 291314 5299999999999999
 43 23 17 27 51 77 96111124128118 97 74 58 51 60 84112133144150146128 95271126OH 849128201515099999999999999 154 171359 5199999999999999
 60 31 12 10 26 54 79 97113126127113 91 69 54 51 66 96124142151154145119271127OH 936128204915499999999999999 238  91441 5099999999999999
 83 47 20  6 10 31 60 83100115126123106 83 63 51 54 76108134149155153137271128OH1019127211915599999999999999 319  51520 5099999999999999
106 69 36 13  4 15 41 68 88103117124116 97 75 58 51 61 88119142152154146271129OH1059124214615499999999999999 357  41557 5199999999999999
124 91 56 27 10  9 26 52 76 93107117118107 87 68 55 55 72101128146152149271130OH1136119221215299999999999999 433  71631 5399999999999999
136110 77 45 22 12 18 39 64 84 98109114110 97 78 62 55 62 831111341461472712 1OH12 9114224214899999999999999 5 8 1217 4 5599999999999999
140123 96 65 38 22 19 31 53 74 91101107109101 87 71 60 59 71 931171341412712 2OH1240109231614299999999999999 540 181736 5899999999999999
139129110 84 57 36 26 30 45 65 83 95101104102 94 80 68 62 65 79 991181302712 3OH13 8104235513499999999999999 613 261810 6299999999999999
134129118 98 75 53 38 34 42 58 75 89 97100101 97 88 77 68 65 71 841001142712 4OH1340101999999999999999999999 647 341851 6599999999999999
122124119108 90 70 53 44 45 54 68 82 92 97100 99 95 87 77 70 68 73 83 952712 5OH 045124142710099999999999999 726 431948 6899999999999999
106113115111101 86 70 57 52 54 63 75 86 93 98101101 96 88 79 72 68 70 772712 6OH 154115152810199999999999999 811 522111 6899999999999999
 86 96104107106 98 86 73 63 59 61 68 78 88 96102106106101 92 80 69 62 612712 7OH 316108163010699999999999999 9 9 592241 6199999999999999
 66 76 87 97103104 99 89 77 68 63 64 70 80 91101109113113106 93 77 62 522712 8OH 4371051726114999999999999991020 632351 4999999999999999
 49 54 67 81 94102105102 93 81 71 65 64 70 82 96109118122120110 92 70 512712 9OH 5571051815123999999999999991134 64999999999999999999999
 38 35 44 60 79 94104108106 96 83 71 63 62 70 86104119128132127111 86 59271210OH 71210819 013299999999999999 045 351238 6199999999999999
 36 23 22 36 58 79 95107113110 98 82 68 59 59 71 92114130138140131108 77271211OH 814113194314099999999999999 133 211331 5899999999999999
 46 21  9 12 32 58 81 98111117112 97 79 63 54 57 75101125140147146131102271212OH 9 7117202614899999999999999 218  81419 5499999999999999
 65 32  7 -3  6 31 60 83100114120112 94 73 57 49 57 81111135148153149128271213OH 957120211015399999999999999 3 3 -315 3 4999999999999999
 93 54 20 -4-10  5 34 63 86103118121109 88 66 51 46 60 90121142153157148271214OH1044121215515799999999999999 348-111546 4699999999999999
123 84 44 10-11-12  8 40 68 89106119119103 80 59 45 46 66 98128146155156271215OH1129121224115799999999999999 433-141629 4399999999999999
145116 76 36  4-13 -8 17 48 73 92108118114 95 72 52 42 48 72104130145152271216OH1213119233015399999999999999 518-141711 4299999999999999
152138107 68 31  3 -8  2 29 57 79 96110115107 87 65 48 42 52 77106128140271217OH1256115999999999999999999999 6 2 -81756 4299999999999999
146144128 98 62 30  8  3 17 43 68 86 99110112100 81 61 47 44 55 79103120271218OH 022146133911299999999999999 646  21844 4399999999999999
130135133118 91 60 34 18 18 34 57 77 92103110108 96 78 60 48 46 57 76 95271219OH 117136142211099999999999999 731 161940 4599999999999999
109118123121108 86 62 42 32 35 49 69 85 97106110107 95 78 62 50 47 54 68271220OH 21812415 711199999999999999 817 312048 4799999999999999
 83 96105111110101 85 67 52 46 49 62 78 92103110113109 98 81 64 51 45 47271221OH 328112155811399999999999999 910 462210 4499999999999999
 57 70 83 93101103 98 88 74 63 57 59 69 83 97108115118114102 85 65 49 39271222OH 4511031657118999999999999991013 572335 3799999999999999
 38 46 59 73 85 94 99 99 92 81 70 63 64 72 86102114121124120107 86 63 44271223OH 6281001757124999999999999991129 63999999999999999999999
 31 28 36 51 67 80 92100103 97 85 73 65 63 71 88107121128131125109 85 58271224OH 749103185313199999999999999 045 281241 6399999999999999
 36 22 19 30 47 65 80 93104107100 86 71 61 59 70 91113127135136128108 79271225OH 848107194113799999999999999 141 191339 5999999999999999
 50 26 13 13 28 48 68 83 98109110 99 82 65 54 55 71 96120134140139127102271226OH 936111202314199999999999999 229 111427 5399999999999999
 70 40 17  6 11 30 54 73 89104113110 95 74 56 47 53 75104127139143139121271227OH101711321 114399999999999999 311  615 9 4799999999999999
 92 58 28  8  3 14 38 62 80 96109114105 86 64 48 43 56 83113133142143134271228OH1054114213614499999999999999 349  31547 4399999999999999
111 78 44 17  3  5 23 49 72 88102112111 96 74 53 41 44 63 94121137143139271229OH112711322 814399999999999999 424  11622 4099999999999999
125 97 63 31  9  2 12 36 62 82 96106111103 84 62 45 39 49 74104127138140271230OH1156111224014099999999999999 455  21654 3999999999999999
132112 81 48 21  6  8 26 52 75 91102108106 92 71 51 40 41 58 85112129135271231OH1219109231513599999999999999 524  51725 3899999999999999
