110109102 94 85 81 82 89101115128136138133121105 88 71 59 53 55 62 74 8727 1 1OW 012111114613899999999999999 519 811919 5399999999999999
 99108111110106100 97 97102110121130136137131119102 82 64 50 43 43 51 6527 1 2OW 214111123713799999999999999 626 962026 4299999999999999
 82 99112119121118112107104106112120129135136130117 98 77 56 40 32 34 4427 1 3OW 347121134013799999999999999 8 51042120 3199999999999999
 62 84104121130131126118110105105111120130137138131115 93 68 45 28 21 2627 1 4OW 441131143913999999999999999 92810422 5 2199999999999999
 42 65 91115132140138129117107101102109121133141141131111 84 56 32 16 1327 1 5OW 51914015291429999999999999910231002244 1399999999999999
 23 45 73102127142146140126111100 95 99110125139146143128103 72 42 18  627 1 6OW 55114616131479999999999999911 2 952319  699999999999999
  9 26 53 86116138149147135118102 91 90 99115133146150142121 91 58 27  727 1 7OW 6211501651150999999999999991135 892352  199999999999999
  1 11 35 67101129147151143126106 91 84 89103122141152151137111 77 42 1527 1 8OW 64915217271539999999999999912 6 84999999999999999999999
  0  2 19 49 84116140151148134113 94 81 80 91109130147154148127 96 61 2927 1 9OW 71615218 215499999999999999 024 -11235 7999999999999999
  7  0 10 34 67102131148151140121 99 82 75 80 95116137150152139114 81 4727 110OW 742151183715399999999999999 054  013 6 7599999999999999
 20  5  7 24 53 87119141151146129107 86 73 71 81100121140148144127 99 6727 111OW 8 8151191314999999999999999 124  41339 7199999999999999
 38 18 12 21 44 75107133147148136116 94 76 67 70 84103124138142134114 8727 112OW 834150195114299999999999999 153 121415 6799999999999999
 58 35 23 25 40 66 96123141148142125103 82 68 63 70 8510412113213312310327 113OW 9 0148203413499999999999999 222 221455 6399999999999999
 79 56 41 36 43 62 87113133145144133114 92 74 62 60 68 8310011512412311427 114OW 928146212712599999999999999 253 361541 6099999999999999
 97 78 62 53 53 64 82104124138143138124104 84 67 57 56 63 76 9210611411527 115OW 958143223811699999999999999 328 521638 5599999999999999
109 98 85 75 70 73 83 98115129138139131117 98 78 62 51 48 54 66 81 9510627 116OW1035140999999999999999999999 410 701749 4899999999999999
111111105 98 91 88 90 97108120130136135128114 95 75 57 43 38 41 51 67 8427 117OW 023112112613699999999999999 510 8819 9 3899999999999999
100112118118114109104102105111119128134135129116 96 73 51 33 23 24 35 5327 118OW 233119123913599999999999999 6561022026 2299999999999999
 76 99117129133130122114107105108116126135138134121 99 71 43 20  6  6 1927 119OW 4 113314 213899999999999999 8541052131  599999999999999
 43 72102127143147142130117105100103113127140146143128101 67 33  5-10 -927 120OW 45614715131479999999999999910 91002227-1299999999999999
  8 38 75111139155157148130111 97 92 97111130147156152133101 62 22 -8-2327 121OW 54015816131579999999999999911 1 922317-2499999999999999
-19  4 41 83122151164162146123100 85 82 92112136156165158135 98 54 13-1727 122OW 61916517 7165999999999999991144 82999999999999999999999
-29-19 10 52 96135160168158136109 86 73 74 90115141162169159132 91 46  627 123OW 655168175716999999999999999 0 2-291224 7299999999999999
-19-25 -8 26 69113147165165148121 92 71 62 69 89117145164168154124 83 4027 124OW 729168184416899999999999999 044-2513 4 6299999999999999
  6-12-10 12 49 91129156165156133103 76 58 55 66 90118144159159143112 7527 125OW 8 0165193116199999999999999 124-141343 5499999999999999
 38 13  4 13 39 75112143159158142115 86 63 50 52 66 9011613814914612910127 126OW 828161201815099999999999999 159  41424 4999999999999999
 70 43 27 27 42 68100130150156147126 99 73 54 47 51 67 8911112813513011527 127OW 85415621 613599999999999999 232 2515 6 4699999999999999
 93 70 54 47 53 70 95120140150148134111 87 65 51 47 53 67 8510211511911627 128OW 91815122 211999999999999999 3 2 471554 4799999999999999
105 90 77 69 69 78 94114131142145137121101 80 62 52 49 54 64 78 9210210627 129OW 943145232210799999999999999 329 681651 4999999999999999
106101 94 89 87 90 98110123133138136127113 95 78 63 54 50 52 59 70 81 9127 130OW1012138999999999999999999999 355 8618 7 5099999999999999
 98103104103102102105110117124129130128121109 95 80 65 54 48 47 51 60 7227 131OW 2 0104105513099999999999999 4281021941 4699999999999999
 85 97107113115114113112112115118122124124120111 98 82 65 51 41 38 42 5227 2 1OW 418115122712499999999999999 7151122058 3899999999999999
 68 86103116124125122117111108107111116122125123115101 82 61 43 31 28 3427 2 2OW 449125141212599999999999999 9341072152 2899999999999999
 49 70 93113128134132124113104 98 99105115125131130119101 77 52 31 19 1927 2 3OW 5141341520131999999999999991024 982233 1799999999999999
 30 51 78105126139140132118103 92 89 93105120133139135120 96 66 39 18  927 2 4OW 53914116 8139999999999999991056 8923 8  999999999999999
 14 33 61 92120139146140125107 90 80 82 93110129143146137115 85 52 24  627 2 5OW 6 21461647147999999999999991124 802339  399999999999999
  4 17 44 77110135148147134112 91 75 71 79 97120140151150133105 70 36 1127 2 6OW 6251491723152999999999999991151 71999999999999999999999
  1  7 29 61 97128147152142120 95 74 63 66 81105130149156147124 91 55 2327 2 7OW 647152175815699999999999999 0 8  01218 6399999999999999
  5  3 19 48 84118143154148129103 77 59 55 66 87115139154155139111 75 4127 2 8OW 7 9154183215699999999999999 035  21247 5599999999999999
 17  7 15 39 72108137153153138112 84 60 49 52 69 95123145154148128 96 6327 2 9OW 73115519 815499999999999999 1 2  71317 4899999999999999
 34 18 18 35 64 98129149155145123 93 66 47 42 52 74102128145149138114 8427 210OW 752156194514999999999999999 129 161349 4299999999999999
 55 35 29 37 59 89119143154150132105 76 52 39 41 55 7910612814014012610327 211OW 814154202614299999999999999 156 281424 3899999999999999
 78 56 45 46 60 84111135149151139116 88 62 43 36 42 58 8110512313112911627 212OW 837152211413299999999999999 224 4415 4 3699999999999999
 97 78 65 61 67 83104125141147142126103 77 55 40 36 43 58 78 9811312011827 213OW 9 2147221812099999999999999 254 611553 3699999999999999
110 98 87 80 80 88102118132140140132115 95 73 54 41 37 41 53 69 8610010927 214OW 932141999999999999999999999 327 791659 3799999999999999
112110105100 98 99104112122130134132125111 94 75 57 43 35 35 43 55 71 8727 215OW 0 3112101413499999999999999 414 971831 3499999999999999
101111116118116114112112114118123126127124115101 83 62 44 30 24 27 39 5727 216OW 252118114612799999999999999 62911220 9 2499999999999999
 78 99117128132130124117110107109114121128130125112 92 66 41 21 10 11 2527 217OW 410132135313099999999999999 9131072124  999999999999999
 48 76105128142145139127112100 94 97107121134141139124 99 67 34  9 -4 -227 218OW 4501451517142999999999999991013 942220 -599999999999999
 17 47 82116142154153140120 99 84 79 86103125144155151133101 63 26 -2-1427 219OW 5241551617155999999999999991054 7923 7-1499999999999999
 -6 19 56 96132155162153131104 80 66 66 80104132155166159136 99 56 17 -827 220OW 55516217 9166999999999999991131 642348-1599999999999999
-15  0 32 73115148165163144115 84 60 49 56 78109140163171160132 91 48 1327 221OW 62416617561719999999999999912 6 49999999999999999999999
 -6 -5 17 54 97135160167155128 93 62 42 38 52 80114146166169154122 82 4327 222OW 651167184117099999999999999 025 -81242 3899999999999999
 16  6 16 43 82121151166161140107 72 44 30 34 54 85119147162160141110 7427 223OW 716166192416399999999999999 1 0  61317 3099999999999999
 44 26 26 43 73109140160163148120 85 54 32 26 36 60 90121143152146126 9927 224OW 74016420 615299999999999999 131 241352 2699999999999999
 71 50 43 51 72101130151160152131100 68 42 28 29 43 66 9411813413813011327 225OW 8 2160204913999999999999999 159 431428 2799999999999999
 91 73 63 64 77 98122142153151137113 84 58 39 32 36 51 72 9411212312411627 226OW 822154213712499999999999999 224 6215 7 3299999999999999
104 90 81 79 85 99116133144146138121 99 75 55 43 39 45 57 74 9010311011127 227OW 843147224111199999999999999 246 781552 3999999999999999
107101 95 92 95102113125134138135125109 91 74 59 50 47 51 59 71 82 92 9927 228OW 9 5138999999999999999999999 3 4 921654 4799999999999999
103105105104105107112118124127127123115104 91 78 66 57 53 52 56 63 73 8427 3 1OW 9321289999999999999999999991835 52999999999999999999999
 94103109113115115114114114115116117116112106 97 85 73 61 52 47 48 54 6527 3 2OW 432115104911799999999999999 6491142023 4799999999999999
 80 95108118123123119113108105104106111115116113105 91 75 59 46 38 38 4727 3 3OW 428124135311699999999999999 9401042127 3799999999999999
 63 83103119129132126117105 96 92 94101111120125122111 93 72 51 35 27 3127 3 4OW 4461321510125999999999999991012 922210 2799999999999999
 45 67 93116132139135123107 91 82 81 88102118131135130113 89 62 38 23 2027 3 5OW 5 61391558135999999999999991037 802244 1999999999999999
 30 52 80109132144143131111 90 74 68 73 89110130143144133110 80 50 26 1527 3 6OW 52714516381459999999999999911 2 682314 1599999999999999
 19 38 67 99127146150140119 93 71 58 58 72 95121142153149130101 67 37 1827 3 7OW 5471501714153999999999999991128 562342 1499999999999999
 14 27 54 88121145155148128100 71 51 45 54 76106134153159148122 88 54 2827 3 8OW 6 71551749159999999999999991154 45999999999999999999999
 17 23 45 77112141156155138109 77 50 35 37 56 85118145160159141111 76 4527 3 9OW 627158182516299999999999999 0 9 171222 3499999999999999
 27 25 40 68102134155160147121 87 54 32 25 37 62 96128152161153130 99 6727 310OW 64716019 216199999999999999 037 241251 2599999999999999
 43 34 41 63 94125150160154132 99 64 36 20 22 41 71105135153156143119 9027 311OW 7 8160194015799999999999999 1 4 341323 1999999999999999
 64 49 49 63 87116142157157141113 79 47 24 17 25 48 7911113514814613210927 312OW 730159202314999999999999999 132 471358 1799999999999999
 86 69 62 68 85109133150155146125 95 63 37 21 19 31 55 8311012913813412227 313OW 753155211213899999999999999 2 1 621437 1899999999999999
104 89 79 79 88105124140149146133110 83 56 35 24 25 37 58 8110311812512327 314OW 819149221812599999999999999 231 781526 2399999999999999
116106 97 94 96105117130138141135121102 79 58 41 32 32 40 55 73 9110511427 315OW 848141999999999999999999999 3 5 941632 3199999999999999
117116113110108110114120126130130125116102 85 67 51 40 35 37 46 60 77 9327 316OW 013117 93213099999999999999 4 21081810 3599999999999999
107117123124122119115113113115118120121118110 97 80 61 44 33 29 35 48 6727 317OW 250124114312199999999999999 7321131955 2999999999999999
 88108124134135131122112103 99100106115123127124111 92 68 45 27 20 24 3927 318OW 34513614 412799999999999999 917 9921 9 1999999999999999
 63 91117136145143132116 98 86 81 86 99116132141139125100 70 41 20 12 1827 319OW 419146152114199999999999999 959 8122 3 1299999999999999
 39 70103131150154145125100 78 65 63 75 97122143155151133103 68 36 14  927 320OW 4481541618155999999999999991035 622247  999999999999999
 22 49 85120147160156137109 78 55 45 50 71100131155165158135100 63 32 1527 321OW 51616117 61659999999999999911 9 442325 1399999999999999
 16 36 69106139160164150121 86 54 34 30 44 72107141163170158130 94 58 3227 322OW 5421651751170999999999999991143 29999999999999999999999
 22 32 58 93129156167159135100 62 33 19 23 45 79116148166168151122 87 5627 323OW 6 6167183416999999999999999 0 0 221216 1899999999999999
 39 38 54 83118147164164147115 76 41 18 12 25 52 88123151163159140111 8227 324OW 630167191516499999999999999 032 361249 1299999999999999
 59 51 58 79109138158165154128 93 56 27 12 15 33 63 9712814815514712710227 325OW 653165195515599999999999999 1 2 511322 1199999999999999
 80 67 67 80103128150160156138108 74 43 22 15 24 45 7410412814214313311527 326OW 714161203614499999999999999 130 661356 1599999999999999
 97 83 79 85100121140152154142119 90 61 37 25 24 36 57 8210612313113012127 327OW 736155212013299999999999999 155 791431 2399999999999999
108 96 90 91100115130142147141126104 79 56 40 33 36 48 66 8610311512011927 328OW 758147221612199999999999999 220 901511 3399999999999999
113106101 99103111121131136135127113 95 76 59 48 44 47 57 70 84 9710611127 329OW 823137235511399999999999999 247 9916 3 4499999999999999
113112109107108110115120124126123116105 92 79 67 58 54 54 59 68 78 8910027 330OW 851126999999999999999999999 3261071724 5399999999999999
108113116116115113112111112113114113110105 97 87 76 66 58 55 56 62 72 8527 331OW 23711610 311499999999999999 6441111915 5599999999999999
 98110119123123119113106102100101105109111111105 96 83 69 58 51 50 56 6927 4 1OW 325124132111199999999999999 9 41002036 4999999999999999
 86103119129131127117105 94 87 87 92101111119121115103 86 67 52 44 44 5427 4 2OW 352131144712199999999999999 937 862127 4399999999999999
 72 94115131138136124108 90 77 72 76 88104120130132123106 83 61 45 38 4327 4 3OW 41413915391329999999999999910 4 7222 5 3899999999999999
 59 82108130143145134114 91 70 59 59 70 91113133143141127104 77 53 38 3627 4 4OW 4361461621144999999999999991030 572239 3599999999999999
 48 71 99126145152144123 96 68 49 42 50 71 99127147154147127 98 69 47 3727 4 5OW 45615217 0154999999999999991057 422310 3799999999999999
 42 61 89120144156153134105 72 44 29 31 49 78112141159161147122 91 63 4527 4 6OW 5181571738162999999999999991125 282340 4199999999999999
 42 55 80111139157160146117 81 47 23 16 26 53 89125153166162143114 84 6027 4 7OW 5391611817167999999999999991154 15999999999999999999999
 49 54 74102132154163155131 96 57 26  8  9 29 62100135159167158136107 8027 4 8OW 6 3163185716799999999999999 011 491226  699999999999999
 63 60 71 94123147162161144112 74 37 11  1 10 36 7211014115916215012710227 4 9OW 627164193916399999999999999 042 5913 1  199999999999999
 81 71 75 90114138156161152128 94 57 25  6  3 17 45 8011414015315314012027 410OW 653161202615599999999999999 114 711339  299999999999999
100 87 83 91107128146156154139112 80 47 22  9 10 26 53 8411213314314213127 411OW 722157212114499999999999999 148 831423  799999999999999
117103 96 96105119134145149143126101 73 47 27 17 20 34 57 8210612313213227 412OW 753149223213399999999999999 226 951516 1799999999999999
126118110106107113122131138138131117 98 75 54 38 29 30 40 57 77 9711312427 413OW 834139999999999999999999999 3181061626 2899999999999999
128127123117113112113117122125126123115101 85 67 51 40 36 41 53 70 8910727 414OW 016128 94612699999999999999 5 31121756 3699999999999999
121129132129123115108104104107112117120119111 98 81 63 48 39 40 49 65 8627 415OW 157132121412099999999999999 7381041928 3899999999999999
107125136139134123110 97 88 86 91101113124128125112 93 71 52 40 38 47 6627 416OW 25213914 612999999999999999 848 862040 3799999999999999
 90115135145145134116 96 78 68 68 77 95115132141138124102 76 53 40 39 5127 417OW 329147151714199999999999999 932 662134 3899999999999999
 74102128147153146128102 76 56 47 52 69 95122143153149132105 77 54 42 4527 418OW 35915316131539999999999999910 9 472219 4199999999999999
 62 89118143157157141114 82 53 34 31 43 68100131154162154133105 76 55 4827 419OW 42715917 2162999999999999991044 302258 4899999999999999
 57 78107136156163153128 94 59 31 18 21 41 73110141161166154130101 75 6027 420OW 4541631746166999999999999991118 172334 5799999999999999
 59 73 98127151164161142110 73 38 15  9 20 47 83120149165164149124 97 7627 421OW 5201651828167999999999999991151  8999999999999999999999
 67 73 91117143161165153126 90 52 22  6  8 27 58 95129153163158140116 9427 422OW 54616519 816399999999999999 0 7 671224  599999999999999
 79 77 89109133153163158138107 70 37 14  6 15 39 7210613515315714813010927 423OW 611163194715799999999999999 038 771257  699999999999999
 92 85 89103124144157158146121 89 55 28 13 13 28 53 8411413714814713612027 424OW 637159202614999999999999999 1 8 851330 1199999999999999
104 94 92100115133147153148131105 75 47 28 20 25 42 66 9411713414013712627 425OW 7 315321 814099999999999999 138 9214 6 2099999999999999
113102 97100109123136144145135117 93 67 46 33 30 38 55 76 9811712813212827 426OW 732146215713299999999999999 211 971445 3099999999999999
120111104102106114124133136133123106 86 66 50 42 41 49 64 81 9911312212527 427OW 8 513623 212599999999999999 2501021532 4099999999999999
123118112107106108113120124126122113100 85 70 58 52 51 57 69 83 9711011927 428OW 848126999999999999999999999 3521061633 5199999999999999
123123120115110106106107110114115114109101 90 78 67 60 58 61 70 82 9610927 429OW 02912410 911599999999999999 5501061753 5899999999999999
120126127123117109101 97 96 98103108111111107 98 86 75 65 61 62 70 82 9827 430OW 145127122711299999999999999 746 961916 6199999999999999
113125132132126115102 90 83 82 87 96106115119116107 94 79 67 61 62 71 8627 5 1OW 23113314 611999999999999999 840 822022 6099999999999999
104122135140136123106 88 73 66 68 78 94111124130127116 99 81 67 60 63 7527 5 2OW 3 4140151013099999999999999 917 662113 6099999999999999
 94116134145145134114 90 68 53 49 57 75 99121137143137122101 81 66 61 6827 5 3OW 33114616 014399999999999999 949 492155 6199999999999999
 85107130147153145126 98 69 45 33 35 52 78108135151154145125101 79 66 6527 5 4OW 3581531644155999999999999991020 322234 6499999999999999
 77 98123145157156139111 77 45 23 16 27 52 86120148163162148124 99 78 6927 5 5OW 4241581728164999999999999991053 162312 6999999999999999
 73 90114139157163153128 92 54 23  5  6 24 57 96132159170165147121 97 8027 5 6OW 4521631811170999999999999991128  32349 7599999999999999
 76 85105130152164162144112 72 34  6 -6  2 28 65106141164171163142118 9627 5 7OW 52216618561719999999999999912 6 -6999999999999999999999
 84 85 98119142160166157132 96 56 20 -3 -8  5 35 7311314516416715613711527 5 8OW 554166194316899999999999999 027 831247 -999999999999999
 98 90 95110130150162162147119 83 45 14 -3 -4 13 43 8011614415916014913127 5 9OW 630164203416199999999999999 1 6 901331 -699999999999999
113101 97104118136151158154137109 75 42 16  3  6 23 51 8411613915115114227 510OW 7 9158213015299999999999999 149 971421  299999999999999
127113105103110122135146150144127103 74 46 25 15 18 33 58 8711313314314427 511OW 755150223314599999999999999 2401031516 1499999999999999
137126115107105109118128136139134121102 78 55 38 29 31 43 64 8811112913927 512OW 855139234214199999999999999 3481051620 2899999999999999
140135126115106102103108116124128127120106 88 68 52 43 43 52 69 9011112827 513OW1023129999999999999999999999 5211021731 4199999999999999
138140136125113101 93 90 93101111120125123114100 82 66 55 53 60 74 9411427 514OW 049140121612599999999999999 657 901846 5399999999999999
131141143136123106 90 78 74 77 87101116127130125112 95 78 66 62 67 8110127 515OW 142143135413099999999999999 8 6 731956 6299999999999999
121138147146135117 95 75 60 56 61 76 97117133139136123105 86 73 69 75 9027 516OW 22514815 913999999999999999 857 562055 6999999999999999
110131146153147130106 79 56 42 40 50 71 97123141149145131111 92 79 76 8427 517OW 3 215316 814999999999999999 939 392146 7599999999999999
101122142155156144121 91 61 37 26 29 46 73104132151157150134113 94 83 8327 518OW 3361571658157999999999999991018 252231 8199999999999999
 94113134152160155136107 74 43 22 15 25 48 80114142158162152133112 95 8727 519OW 4 81601743162999999999999991054 152311 8699999999999999
 90105125145159161149124 91 56 27 11 11 28 56 91125150163162148128108 9427 520OW 4391621824164999999999999991130  92348 9199999999999999
 91 99116136154162157139109 74 41 17  7 14 36 6810413515616315714112110427 521OW 51016219 21639999999999999912 4  7999999999999999999999
 94 96108126145158160149126 93 59 30 12 10 23 49 8211514215715914913211427 522OW 541161193916099999999999999 022 941239  999999999999999
100 96102116134150158154138112 79 48 24 13 17 35 63 9512414515415113912227 523OW 613158201515499999999999999 055 961314 1399999999999999
107 98 99108123139151154145126 98 68 42 24 20 29 49 7710512914414914313027 524OW 647154205314999999999999999 129 971350 2099999999999999
115103 98102112126140147146134114 88 61 40 29 30 42 63 8811313214214213527 525OW 722148213214399999999999999 2 5 981427 2899999999999999
122110101 99104114126136140136123104 81 60 44 38 41 55 75 9711813213913727 526OW 8 2140221613999999999999999 248 9915 8 3799999999999999
129118108101 99104112122129131127115 98 79 63 51 48 53 66 8510412113213727 527OW 85013123 613799999999999999 343 991553 4899999999999999
134126116106 99 97 99106114120123119111 98 83 69 61 59 64 76 9210912413427 528OW 958123999999999999999999999 456 971647 5899999999999999
137134125114103 94 90 91 96104112117117112102 90 79 71 69 73 84 9811412827 529OW 0 0137113211899999999999999 617 891750 6899999999999999
136139135124110 96 84 78 78 85 95107116120119111100 89 80 77 80 9010411927 530OW 051139131412099999999999999 726 7719 0 7799999999999999
133141142135121102 84 69 62 64 74 89106120129129123111 98 87 83 85 9511027 531OW 137143143513099999999999999 819 6220 8 8399999999999999
127140147145134114 90 67 51 45 50 65 87110130141142134120105 92 87 9010127 6 1OW 218148153814399999999999999 9 3 4421 8 8799999999999999
118135149153147129103 73 47 31 28 38 61 90119141154154144127109 95 90 9527 6 2OW 256153163115599999999999999 944 2722 1 9099999999999999
109127145157158145121 88 55 27 13 14 31 60 95128153165163150130110 97 9327 6 3OW 3341591721166999999999999991026 112249 9399999999999999
101117137155164160141110 73 37 10 -2  5 28 63103138162172167151130110 9827 6 4OW 41316418 91729999999999999911 9 -22335 9699999999999999
 97107126146163168159135100 59 23 -2-10  2 30 6911014516817516714912710827 6 5OW 4541681857175999999999999991154-10999999999999999999999
 98100113133154167169156128 90 49 14 -8-11  4 36 7611714916917316214312227 6 6OW 537170194517399999999999999 019 981240-1299999999999999
105 99104118138157168166150120 82 43 11 -6 -6 13 45 8412215116716715513627 6 7OW 624169203216999999999999999 1 5 991329 -899999999999999
117103 99105120139156164160143114 78 43 15  2  5 25 56 9312615116216014727 6 8OW 714165211916399999999999999 153 991418  199999999999999
129111100 97104118135150157152136109 78 48 25 16 21 41 7010213015015715327 6 9OW 8 915722 615799999999999999 246 9715 8 1699999999999999
139122106 96 93100112127140146143130108 82 57 40 34 40 58 8311113414915327 610OW 911147225215399999999999999 346 9316 0 3499999999999999
147133116101 90 87 91102116128135135126109 90 71 57 53 59 75 9611913714827 611OW1027136233915099999999999999 454 871654 5399999999999999
149142128110 94 82 77 80 90103116126130126115100 85 75 71 77 9010712614027 612OW1159130999999999999999999999 6 8 771753 7199999999999999
148148139123104 86 72 66 67 76 91107120128129123112100 91 87 9110111613127 613OW 026149133713099999999999999 718 6519 0 8799999999999999
144150147136118 97 76 61 53 55 65 82102120132136133124112103 9810010912227 614OW 11315015 313699999999999999 819 522011 9899999999999999
136147152147133112 88 65 48 40 44 58 7910312413914514213312010910410511427 615OW 2 115216 914599999999999999 911 40211710499999999999999
127141151154146129104 77 52 36 30 37 55 8110913314815414913712311110510827 616OW 24615417 015499999999999999 956 30221210599999999999999
118132146155155144123 94 65 40 25 23 35 59 8811814315715915113712110910527 617OW 3301561742160999999999999991037 22225810599999999999999
109122138152159155139114 82 52 29 18 21 39 6710013015216216014813111510527 618OW 4111591820163999999999999991115 17233610399999999999999
104112127144157160152132102 69 40 20 15 24 48 7911214015816415714112210727 619OW 4491611854164999999999999991152 14999999999999999999999
101104116133150160160146121 89 57 30 16 17 33 60 9312514916116114913111327 620OW 527162192616399999999999999 0111001227 1499999999999999
101 98106122140155161156137109 76 46 24 16 24 45 7510813615416015413812027 621OW 6 3161195716099999999999999 044 9813 1 1699999999999999
104 96 98110127145157159148126 96 65 39 24 23 36 60 9112114415615614512727 622OW 640159202815899999999999999 117 951334 2199999999999999
109 97 93 99114131147155152138114 85 57 37 28 34 51 7810713215015515013527 623OW 717155205915599999999999999 152 9314 7 2899999999999999
117101 92 92101116132145149143127103 77 55 40 38 48 69 9412014115215214227 624OW 757149213015399999999999999 230 911441 3899999999999999
126109 95 89 91101115130139141134117 96 74 58 49 52 65 8610913114615114727 625OW 84214222 315199999999999999 314 891516 4999999999999999
135118102 90 85 88 98111124132133126112 94 78 66 62 68 8210112113814814927 626OW 937134223915099999999999999 4 6 851555 6299999999999999
142128112 96 85 80 83 92105117125127122112 99 86 78 77 83 9611312914214927 627OW1048127231914999999999999999 5 6 801641 7699999999999999
147138123106 89 77 72 74 83 96109120125124118108 99 92 91 9610712013414427 628OW1221126999999999999999999999 612 711742 9199999999999999
149146135119100 81 67 60 62 71 8610311812813212912111210510210511312513727 629OW 0 714914 113299999999999999 718 5919 110299999999999999
146150146134115 93 70 53 45 47 59 7810012113614314213512511510911011612727 630OW 1 1150152314399999999999999 818 44202610999999999999999
140150153149134111 84 58 38 28 32 47 7210012614615515514613312011211111727 7 1OW 159153162615699999999999999 915 28213911099999999999999
129144155159153135107 75 44 22 12 18 39 6910313415716716515313712111110927 7 2OW 25515917191679999999999999910 7 12223810999999999999999
117132149162166157135103 66 31  7 -1  9 34 7010914316617517015513511710627 7 3OW 35016618 7175999999999999991058 -1232810599999999999999
107118136155169172160134 97 56 20 -3 -9  5 36 7611715217317917015012810927 7 4OW 4431731851179999999999999991147 -9999999999999999999999
100104118140161175176161132 92 49 13 -8 -9  9 43 8612716017717816414211827 7 5OW 535178193318099999999999999 0131001235-1199999999999999
100 94101119142164177176159127 86 45 12 -4 -1 21 57 9913816517717215413027 7 6OW 626179201217799999999999999 058 941321 -699999999999999
106 91 88 98118143163175172153121 82 45 18  7 15 40 7611414716817316314227 7 7OW 718175204917499999999999999 143 8814 5  799999999999999
117 95 83 83 95116139158167163144115 81 50 31 26 37 63 9612915516816615227 7 8OW 811167212316999999999999999 230 821447 2599999999999999
129105 86 77 79 91111132149156151135111 84 61 49 49 63 8711514115816415727 7 9OW 9 8156215616499999999999999 319 761528 4799999999999999
140118 96 79 72 74 86104122136143140128110 92 77 70 74 8810813014815815827 710OW1012143223016099999999999999 414 7216 9 7099999999999999
148131110 90 75 68 70 80 94111124132132126115103 94 91 9610712313915115627 711OW113313323 715699999999999999 517 671654 9199999999999999
152141124105 86 71 64 64 72 8510011412412912812311611110911212013114114927 712OW1321129235415299999999999999 628 63175310999999999999999
152148137121102 83 68 59 57 63 76 9210812213213513412912312012012513214027 713OW15 9135999999999999999999999 741 57192512099999999999999
147149146136120100 80 63 52 49 55 69 8810912613914514313813012412212413027 714OW 058149161814599999999999999 847 4921 312299999999999999
138146150147137119 97 74 55 43 41 50 67 9011413514915315014113012111712027 715OW 2 815017 315399999999999999 941 4122 811799999999999999
127138148153150137117 91 66 45 34 35 48 70 9812514615815915113812411411127 716OW 3 91531737160999999999999991026 33225211199999999999999
116128142153158152136111 82 55 35 27 32 51 7910913715616416014713011410627 717OW 35915818 81649999999999999911 5 27232610599999999999999
106116131148160162152131102 70 43 26 23 35 60 9212414916416515513711810327 718OW 4421621836166999999999999991141 222357 9899999999999999
 98104119138156165163148122 89 57 32 21 25 45 7410813916016716114512410527 719OW 52016619 3167999999999999991213 20999999999999999999999
 94 94106125146162168160140109 75 45 26 22 34 60 9312615216616615213110927 720OW 557168192816799999999999999 027 931244 2299999999999999
 93 87 94111133153166166153127 95 63 38 26 31 50 8011314216216715914011627 721OW 632168195316799999999999999 057 871313 2699999999999999
 96 84 84 96116139157165160142114 82 55 37 34 46 7110213215516616314812527 722OW 7 8165201716799999999999999 129 821342 3499999999999999
102 85 78 84100121142157160150130102 74 53 44 49 66 9312214716316515513527 723OW 746160204116699999999999999 2 3 781410 4499999999999999
111 90 77 75 85102124142152152140119 95 73 59 57 68 8811413915716415914427 724OW 82715421 616499999999999999 240 751439 5799999999999999
122 99 81 72 74 85103122138145143131113 94 78 72 75 8810813014916016115127 725OW 915146213316299999999999999 321 721511 7199999999999999
133111 90 75 69 72 83100118131137135126113 99 90 88 9410712414115315815427 726OW101513822 515899999999999999 410 681548 8899999999999999
142124103 84 71 65 68 78 9310912313113212711911110510511012013214415215427 727OW1141132224715499999999999999 510 65163710499999999999999
149137120100 81 67 59 60 68 82 9911512613313413112612111912112713514314927 728OW1342134235015199999999999999 625 5818 211999999999999999
151147137120100 79 61 50 48 55 69 8810912713914514514013312812512713214027 729OW1526146999999999999999999999 745 4720 712599999999999999
148152150141124101 76 54 38 33 39 56 8010713114915815815114012912212112727 730OW 118152162815999999999999999 857 33213812199999999999999
137149157159150131103 72 44 24 17 25 46 7711014016117116815613912311411327 731OW 239159171417199999999999999 958 17223411299999999999999
122137154166169159136103 66 33 10  4 16 43 8011915217317917115313111210227 8 1OW 3451701754179999999999999991051  4231910199999999999999
104118139161176179167139100 59 23  1 -2 16 49 91132165182182167143117 9727 8 2OW 4421801830184999999999999991138 -3999999999999999999999
 90 97116143168184186169137 95 52 17 -1  2 25 6310714717518617815612710027 8 3OW 53518719 418699999999999999 0 1 901222 -299999999999999
 82 79 92117146173188186167132 89 48 18  7 17 45 8412616118218316814010927 8 4OW 625189193618599999999999999 041 7913 3  799999999999999
 83 70 72 90117148173185180158124 84 50 28 24 40 7010914517218217515312227 8 5OW 71418520 518299999999999999 121 691341 2399999999999999
 92 70 62 69 89117146167176169147116 84 58 45 49 68 9813115917617616213627 8 6OW 8 3176203317899999999999999 2 2 621417 4599999999999999
106 79 62 59 69 90116140157163155136112 88 72 68 76 9712314816717316614727 8 7OW 854163205817399999999999999 245 581450 6799999999999999
121 94 72 60 60 70 89111131145148142128112 97 90 9110212014015716616515427 8 8OW 951148212416799999999999999 332 581521 8999999999999999
134110 88 71 62 63 72 8710512113113513312611711010811212213514815716015527 8 9OW11 6135215316099999999999999 426 61155310899999999999999
143125106 88 73 66 65 71 83 9611012112813012912712412412713214014715115127 810OW1311130223315299999999999999 534 64163812499999999999999
147137123107 91 77 68 65 68 76 8810211512613313713713513313313413714014427 811OW1532137235514599999999999999 7 2 65185513399999999999999
145143136125111 94 79 67 61 61 68 81 9811613114214714614213613012812913327 812OW1623147999999999999999999999 827 60211512899999999999999
138143144140130114 95 76 61 53 53 62 7910112214115215515014113012211812027 813OW 149144165215599999999999999 929 5222 811899999999999999
128137146150146134115 92 69 51 43 46 61 8310913415216115914813411911010827 814OW 3 31501718161999999999999991014 43224110899999999999999
115128142154158152135110 82 57 40 36 45 65 94123148163166157140121106 9927 815OW 3541581742166999999999999991051 362310 9899999999999999
102115134152163164153130100 70 45 32 34 50 78110140161170164148126105 9227 816OW 43616518 6170999999999999991123 312337 8999999999999999
 90101120143162171167149120 87 56 35 29 39 64 96130156171170156133108 8927 817OW 5121711828172999999999999991152 29999999999999999999999
 81 87105129154170174164139107 73 46 32 35 54 84118149169174164142114 9027 818OW 547175184917499999999999999 0 4 811220 3199999999999999
 75 75 88112139162175173155126 92 62 42 37 49 75108140165175170151123 9527 819OW 621176191017699999999999999 032 731246 3799999999999999
 74 66 73 93121148167174165143113 81 57 46 51 7010013215917417415913310427 820OW 656174193117699999999999999 1 1 661312 4599999999999999
 78 63 62 76100129153168168155131102 76 60 58 70 9412315117017516614411527 821OW 733170195217599999999999999 132 611338 5799999999999999
 86 65 57 63 81107133154163159143120 96 78 70 76 9311714316317216915212727 822OW 812163201417399999999999999 2 5 5714 5 7099999999999999
 98 74 59 56 66 86111134150155149134115 98 87 86 9611413515516716815813827 823OW 857155203716999999999999999 242 561434 8599999999999999
113 87 68 57 58 69 8810912914114514012911610610110511513014615816315914727 824OW 95514521 516399999999999999 327 5615 610199999999999999
127105 83 67 58 59 69 8410211913013613513012411911812112813814815515615127 825OW1123136214215699999999999999 425 58154911899999999999999
139123104 85 70 60 58 63 75 9010612013113613813613413213213413814314714927 826OW1355138225614999999999999999 548 57173213199999999999999
146139127110 91 73 59 52 52 61 76 9511413114315015014614013413113113414027 827OW1534150999999999999999999999 726 51203113099999999999999
145148146137120 99 75 55 41 38 46 63 8811413815516316115214012812011812427 828OW 1 9149161916399999999999999 848 37214211899999999999999
135147157159150131104 74 46 28 24 34 57 8912215116917416715013111310310427 829OW 243159165417499999999999999 949 23222610299999999999999
116134154169173163139105 69 37 17 15 31 61 99136165180179164140114 94 8627 830OW 3481731726182999999999999991038 1423 4 8699999999999999
 92111138164181185171142103 62 29 13 16 38 74116153179187177152121 92 7427 831OW 4431851756187999999999999991121 112341 7099999999999999
 71 84111143172190191173139 97 57 28 17 27 56 96137170187186166134 99 7127 9 1OW 53219318241899999999999999912 1 17999999999999999999999
 57 61 82114149178193190168132 91 56 34 31 49 81121157182189177149112 7827 9 2OW 620194185118999999999999999 017 561237 3099999999999999
 54 46 57 83118153178189182158124 88 61 48 54 76109144172186182161128 9227 9 3OW 7 6189191718799999999999999 054 461311 4899999999999999
 61 44 43 59 88122152173179169146117 90 72 69 8110513416117918216914210927 9 4OW 752179194018399999999999999 132 411343 6899999999999999
 76 52 42 47 66 93123148163165154135113 96 88 9210612815217017717115212527 9 5OW 83916620 317799999999999999 210 421412 8899999999999999
 94 68 52 47 55 73 9712114015015014212811510610511312714415916816715613627 9 6OW 931151202516999999999999999 251 47143810599999999999999
112 88 69 57 56 64 79 9811512913713813412712111912112813914915716015514327 9 7OW1040138204916099999999999999 338 5515 411999999999999999
126107 89 75 66 65 71 81 9410711912713113213113013013213614114614914814327 9 8OW1257132211914999999999999999 440 65153713099999999999999
134122108 95 83 75 71 72 78 88 9911112213113713913913813613513513613713827 9 9OW1527139225113899999999999999 614 71192313599999999999999
136132125115103 90 78 71 68 71 80 9410912513714514714513913212712412412827 910OW1556147999999999999999999999 757 68212012399999999999999
132136137133123109 92 76 65 60 64 76 9311413314715415314513312211311111527 911OW 140137162015599999999999999 9 4 60215311199999999999999
123134143146141129110 88 69 56 52 60 77100125146158161153138121106 9910027 912OW 256146164216199999999999999 949 522220 9899999999999999
110126142153155147129105 79 58 47 48 62 86114141160167161145124103 90 8727 913OW 34515617 3167999999999999991024 462245 8699999999999999
 95113134153164163149124 95 68 49 42 51 73102133157170169154130104 84 7527 914OW 4241651724171999999999999991055 422311 7499999999999999
 79 96121146165172165144115 83 57 44 45 63 91123153171175163139109 83 6627 915OW 5 01721744175999999999999991123 422337 6399999999999999
 64 78103132159175176162135103 72 52 46 57 82114146169178171149118 86 6227 916OW 53517718 4178999999999999991150 46999999999999999999999
 53 60 82113145169179174154123 91 66 53 57 76105138164179177159129 94 6527 917OW 610180182318099999999999999 0 4 531216 5399999999999999
 47 47 63 91125155174179167142112 84 66 63 75 99129157176180167140106 7327 918OW 645179184418099999999999999 032 451243 6299999999999999
 48 39 47 70102135161174172156131104 83 74 79 96122149170179172151120 8627 919OW 72317519 517999999999999999 1 2 391310 7499999999999999
 57 40 38 52 79110140161168162145123102 89 87 9811714116217417315913310227 920OW 8 3168192717599999999999999 135 371337 8699999999999999
 71 49 39 43 60 8611413915515915113711910610010411613415216516916214411927 921OW 850159195216999999999999999 213 3814 710099999999999999
 90 65 49 43 49 66 8911213214414714213312211511412013014315516116015013327 922OW 950147202016299999999999999 258 43144011499999999999999
111 88 68 54 50 54 67 8510412113313813813513012712713113714414915214914127 923OW113013921 015299999999999999 359 50153212799999999999999
128111 93 76 63 55 55 63 76 9310912413514114314113913613413413513814014127 924OW14 2143224614199999999999999 529 54183013399999999999999
139132120104 87 70 57 52 54 65 8110112113814915315214513612712212112413127 925OW1510154999999999999999999999 712 52204312199999999999999
139143142134118 97 74 55 44 44 55 7510012614816116415714312611210410411227 926OW 123144154716499999999999999 832 43213010299999999999999
126142154157149130103 75 50 37 37 51 77108138161172169154132109 90 83 8827 927OW 248157161717399999999999999 930 3522 7 8399999999999999
104127151167172162138105 72 45 32 36 56 88124155175179168143113 85 67 6427 928OW 3491721646180999999999999991017 322242 6399999999999999
 76101133161180183168140103 68 43 35 45 71107143171184179157124 89 61 4627 929OW 4401841713185999999999999991058 352317 4699999999999999
 50 71104141171188187169137100 67 47 46 62 93130163183186170139101 65 4027 930OW 5281901739187999999999999991135 442352 3399999999999999
 33 45 73111148177190185163130 96 70 58 64 86118151177187179154117 78 452710 1OW 61319118 5187999999999999991210 57999999999999999999999
 27 28 47 80118154178186177153123 95 77 74 86111141167183183165134 96 592710 2OW 657186182918599999999999999 027 251242 7399999999999999
 33 24 32 55 89125155173176164143118 98 88 92108132157175180171147114 792710 3OW 741177185318099999999999999 1 3 241313 8899999999999999
 49 31 29 42 67 98129152164163151133116104102110127147164173170155129 982710 4OW 826165191617499999999999999 139 28134110299999999999999
 69 47 37 40 55 781041281451521501401281171131151251391531631641561381152710 5OW 914152194016599999999999999 216 36141011299999999999999
 89 67 52 47 53 66 861061241361411401341271221211251331421501541511411262710 6OW101614120 615499999999999999 259 47144212199999999999999
107 88 72 62 59 64 74 881041171271331341331311281281301341381411421381312710 7OW1158134203714299999999999999 353 59154012899999999999999
120107 93 81 73 69 70 77 87 991111221301351371361341311281271281291291292710 8OW14 7137221012999999999999999 514 69191412799999999999999
126120112101 90 80 74 71 74 82 941081221341411431411351271201151141161212710 9OW1457143999999999999999999999 657 71204911499999999999999
125128127121110 97 83 73 68 70 79 93111129142149149142129116106100101108271010OW 113128152615099999999999999 815 68212110099999999999999
118129136136129116 99 81 68 63 67 79 99121140153157150136117100 88 85 92271011OW 235137155015799999999999999 9 6 632148 8599999999999999
105122138147146136117 96 76 62 59 68 86111135154163159144122 98 79 70 74271012OW 327148161216399999999999999 945 592214 7099999999999999
 88110132150158154138114 89 69 59 61 76100128152166167154130101 75 59 56271013OW 4 91581633168999999999999991019 582240 5699999999999999
 68 92120146163167157135108 82 65 60 70 91120147167173163140109 77 52 42271014OW 4471671654173999999999999991049 6023 7 4299999999999999
 49 70101133159173171155129100 77 65 68 84111140164176172152120 84 52 33271015OW 5231741715176999999999999991119 642336 3099999999999999
 32 48 77113147170178170149121 94 76 71 81104132158175177162134 96 60 33271016OW 6 01781738178999999999999991148 71999999999999999999999
 22 29 53 88126157175178164141113 91 80 83 99123150170178170147112 74 41271017OW 63817918 117899999999999999 0 6 211218 7999999999999999
 20 18 33 63100135162175172156132109 93 89 98117141162175174158129 93 57271018OW 718175182717699999999999999 039 171249 8999999999999999
 30 17 21 41 73108139161168162146126109100101113132152167172164143113 79271019OW 8 2168185417299999999999999 115 161321 9999999999999999
 48 27 21 29 50 80111137154158152139124113109114125141155164163151129102271020OW 854158192516499999999999999 157 21135810999999999999999
 73 48 33 29 38 57 83109131144148145136127120119123132142151154151139121271021OW10 014820 215499999999999999 246 29144511999999999999999
 98 75 55 43 39 46 61 81103122135142142138132128125126130135140142140132271022OW113214321 314299999999999999 350 39161512599999999999999
120103 84 67 54 48 50 61 77 96115130141145144138132125121119121125130132271023OW1315145231913399999999999999 514 48185311999999999999999
132125114 98 80 64 54 52 58 73 92113132145151150142129117107102103110120271024OW1417152999999999999999999999 646 52201710299999999999999
131137137128112 92 72 57 52 57 72 94118140154159153139120100 86 81 85 98271025OW 127138145715999999999999999 8 2 5221 4 8199999999999999
116135147150142124100 76 59 52 58 76102129152165164151129102 78 63 60 70271026OW 247150152916699999999999999 9 1 522142 5999999999999999
 92118143159163153132104 78 61 56 66 88116145165172164142112 80 54 41 44271027OW 346163155917299999999999999 950 562219 4099999999999999
 62 91124153170172159135105 80 64 64 78104134160175174157127 90 56 32 24271028OW 4381731627177999999999999991032 622255 2499999999999999
 35 61 97133162178177160133104 82 71 76 95123151172179169143106 67 35 16271029OW 5251791655179999999999999991110 712330 1499999999999999
 16 35 67106143169180175155129103 85 81 92114141165178176157125 85 48 20271030OW 6101801723179999999999999991146 81999999999999999999999
  9 17 42 77116150171177168147123102 91 93108131154172177166141105 67 34271031OW 652177175017799999999999999 0 5  91220 9099999999999999
 14 11 26 54 89125153168169158138118103 99106122143162172169152123 88 542711 1OW 734171181717299999999999999 040 101252 9899999999999999
 28 16 20 39 67100130152161159146129114106107117133150162165156136107 762711 2OW 815162184616599999999999999 115 16132410599999999999999
 48 30 25 33 53 80108132147152148136123114110114124138150156154142121 952711 3OW 859152191515799999999999999 152 25135911099999999999999
 69 49 37 37 47 66 891121301411431391301211151141181271371441461411281102711 4OW 948143194814699999999999999 232 36144111499999999999999
 89 69 55 48 50 60 76 951131271351371341281221171161191241301341341291192711 5OW1051137203213499999999999999 318 47154611699999999999999
105 89 74 64 59 60 68 81 961111241321351341291231181151141161191221231202711 6OW1210135215212399999999999999 416 58174511499999999999999
114105 94 82 73 68 68 73 84 971111241331371361311231151071031031061101152711 7OW1321138999999999999999999999 530 67193610399999999999999
117116111102 91 81 74 72 75 85 99114128138142140131119105 94 88 88 941032711 8OW 01311814 814399999999999999 652 712030 8899999999999999
113121124120111 99 86 77 73 77 87103121136146148141126108 90 77 71 75 862711 9OW 157124144214899999999999999 8 0 7321 6 7199999999999999
102118130134130119103 88 77 74 80 93112132147154150136115 91 70 57 56 66271110OW 3 2134151115499999999999999 853 742137 5599999999999999
 85107128142146139124105 88 77 76 85103125145157159147125 96 68 47 38 44271111OW 351146153716099999999999999 936 7522 7 3899999999999999
 62 89118142155156145125104 86 78 81 95116139157165158138108 74 44 26 24271112OW 43315716 3165999999999999991015 772238 2399999999999999
 38 65 99131155166162146124101 86 81 89108132154167167151123 86 50 23 10271113OW 5141661630169999999999999991051 812311 1099999999999999
 16 39 73111144165172163144120 99 87 88101122146165172163140104 65 29  6271114OW 5551721659172999999999999991126 852346  199999999999999
  1 15 44 83122153171172160138115 98 91 97113136157171170155125 86 47 15271115OW 63617417301729999999999999912 3 91999999999999999999999
 -2  0 19 53 93130157170168154132112 99 97107125146163171164143110 72 35271116OW 72017118 417199999999999999 025 -41240 9699999999999999
  8 -3  4 28 62100134157166161146127111102104115133151163165155131 98 63271117OW 8 8166184116699999999999999 1 7 -3132010299999999999999
 31  9  3 13 37 70104133152158153140124112106110120135149157156144121 92271118OW 9 0158192415899999999999999 153  314 710699999999999999
 60 34 17 14 25 47 76106131146151146135123113109111119131141147145134115271119OW 958151201714799999999999999 244 1315 810999999999999999
 91 65 43 30 27 37 56 81106128142146143134123113108107112120128134134127271120OW11 2146213413599999999999999 342 27163310799999999999999
114 95 75 56 44 41 48 64 85107127140145142133122110101 97 98104113121126271121OW12 8145232412799999999999999 449 411814 9799999999999999
125118105 88 71 59 54 58 71 90110129142147143133118102 88 81 80 87 98112271122OW13 5147999999999999999999999 6 3 541934 8099999999999999
123128126117102 86 72 65 67 78 96116134147151145130110 89 71 61 61 71 87271123OW 116129135315199999999999999 716 652030 6099999999999999
107124135137130115 98 82 74 75 86104124143154154143123 97 71 51 41 44 59271124OW 241138143315599999999999999 823 732117 4199999999999999
 82108131145148141125106 89 81 83 95114135152160155139112 81 52 31 25 32271125OW 347149151016099999999999999 920 802158 2599999999999999
 53 83114140155158148130110 93 86 90104125146160163153129 97 62 33 15 13271126OW 44115815451649999999999999910 9 862237 1299999999999999
 28 55 89123149163163150130110 95 90 98115136155165163145116 80 44 17  5271127OW 5281651619166999999999999991052 902314  499999999999999
  9 30 63100133157167163147126107 95 95106125146161166157134100 63 29  7271128OW 6111671652167999999999999991132 942350  199999999999999
  1 13 39 74111142161166158140119103 96100114134153164163148120 84 48 19271129OW 65016617261659999999999999912 8 96999999999999999999999
  4  5 22 52 88122148161161149130112100 98106122141156162155135105 70 37271130OW 728163175916299999999999999 026  21242 9799999999999999
 15  6 14 36 67101130150157152138120105 98100112128145155156144121 90 582712 1OW 8 4157183315799999999999999 1 1  61316 9899999999999999
 32 16 14 27 51 81111135149151142127112101 98103116131144150146131107 792712 2OW 83915119 815099999999999999 136 131351 9899999999999999
 52 31 22 26 42 66 94119137145143133119106 99 98105117130139141134118 962712 3OW 916146194614199999999999999 212 221433 9899999999999999
 72 50 36 33 40 57 80104124137141136126114103 97 981041141241301301231082712 4OW 956141203013199999999999999 249 331524 9799999999999999
 89 70 54 45 45 55 71 91111127136137132122110101 95 951001071151191191142712 5OW1040138213012099999999999999 329 441633 9499999999999999
102 88 74 62 57 59 68 82100116129136136130119108 97 90 88 90 961041091122712 6OW112913623 111299999999999999 416 561756 8899999999999999
109102 92 82 73 69 71 78 91106120131137136129117103 90 80 76 78 84 941032712 7OW1221137999999999999999999999 513 691912 7699999999999999
109111108101 92 84 80 80 86 97111124135139137128112 95 78 66 61 64 73 872712 8OW 054111131113999999999999999 624 7920 8 6199999999999999
101113119119113104 94 88 87 92102116130140143138124104 82 62 48 44 50 652712 9OW 227120135514399999999999999 740 862053 4499999999999999
 85106122131131124113101 93 91 96107122137146147137118 92 65 42 29 28 40271210OW 333132143514899999999999999 847 902133 2799999999999999
 62 89115134144143133119104 95 93100113130145153150134108 76 45 21 10 15271211OW 424145151415399999999999999 943 922213 1099999999999999
 34 63 96126147155152138121104 95 95104121139154158150128 96 59 26  3 -4271212OW 5101561553159999999999999991031 932253 -499999999999999
  7 33 68106137157163156139119102 94 97110129149161162148120 82 43  9-11271213OW 5541631633163999999999999991114 942336-1499999999999999
-13  4 36 76116147164166155135114 99 93100116137156166162143110 70 29 -3271214OW 6381671715166999999999999991157 93999999999999999999999
-19-15  7 43 85124153167165150129108 95 93103122143160167159136101 59 20271215OW 722168175916799999999999999 019-201239 9399999999999999
 -8-19-10 16 53 95131155165159142121102 92 93105125145160163152128 92 53271216OW 8 6165184616499999999999999 1 4-191324 9199999999999999
 18 -5-11  1 28 65104136155160151133113 97 89 92105124142154155143119 86271217OW 849160193715699999999999999 150-121412 8999999999999999
 51 22  4  3 17 44 79112139153153142124105 91 85 89101118134144144133112271218OW 932155203314599999999999999 237  115 6 8599999999999999
 84 55 32 20 22 37 62 92120140149147134117 99 86 80 83 93107121131132125271219OW1015150214113399999999999999 324 191610 8099999999999999
108 87 65 48 40 43 57 79104126141146141128110 93 79 72 73 81 94107117122271220OW105914623 712299999999999999 414 401723 7299999999999999
119109 94 79 66 61 64 76 93113130141143137123105 87 72 62 61 67 79 93106271221OW1145143999999999999999999999 5 9 611841 6199999999999999
115118114105 94 85 80 82 90104119133141142134120100 80 62 50 47 52 65 82271222OW 056118123614299999999999999 615 791953 4799999999999999
 99114122123118109100 94 94 99110123135142142133117 95 71 50 37 33 39 55271223OW 240124133014399999999999999 735 932053 3399999999999999
 76 98118130134130121110102 99103113126138145144133113 87 61 38 23 21 30271224OW 358134142314599999999999999 854 992143 2099999999999999
 50 77104126140144138127114104100104115129142148145131107 78 48 24 12 12271225OW 452144151314899999999999999 9581002227 1099999999999999
 27 52 83113137149150141127111101 98105118134147152145127 99 66 35 12  3271226OW 5351511558152999999999999991047 9823 6  399999999999999
  9 30 60 94125146155152138121104 95 96106122140152153142119 87 52 22  3271227OW 6121561639154999999999999991127 942343 -199999999999999
  0 12 39 73108136153157147130111 96 90 95110129146155152136108 73 38 12271228OW 64415717171569999999999999912 1 90999999999999999999999
 -1  2 22 52 88121145156153138118 99 88 87 98116135151156147125 94 58 27271229OW 715156175415699999999999999 017 -21233 8699999999999999
  6  0 11 36 70104133150154144126105 89 83 87102122141152152138112 79 45271230OW 744154182915399999999999999 050  013 4 8399999999999999
 19  6  8 26 55 88119142151147132112 93 81 80 89107126142149144125 97 66271231OW 81115119 414999999999999999 121  51336 7999999999999999
