 38 34 31 30 30 34 41 48 56 61 63 62 58 52 46 40 35 31 30 31 33 35 37 3827 1 1Q010 7 632332 3899999999999999 310 3018 6 3099999999999999
 37 36 35 34 34 35 40 46 53 60 64 65 64 61 55 48 41 34 29 26 25 26 28 3127 1 2Q011 4 65999999999999999999999 334 331954 2599999999999999
 34 37 38 38 37 38 40 44 49 56 62 66 67 66 63 57 49 40 32 25 21 19 21 2527 1 3Q012 7 679999999999999999999992059 19999999999999999999999
 30 35 39 41 42 41 41 42 46 52 58 64 68 70 68 64 57 48 38 28 21 16 15 1827 1 4Q0 334 4213 4 7099999999999999 537 412144 1599999999999999
 24 32 39 43 45 45 43 42 44 48 54 60 67 71 72 70 64 55 45 33 23 16 12 1327 1 5Q0 410 451352 7299999999999999 650 422221 1299999999999999
 18 27 36 43 47 48 46 43 42 44 49 55 63 70 74 74 70 63 52 40 28 18 12 1027 1 6Q0 439 481433 7599999999999999 752 422254 1099999999999999
 13 21 31 41 48 50 49 45 42 41 44 50 58 66 73 77 75 69 59 47 35 23 14  927 1 7Q0 5 4 501511 7799999999999999 844 412323  999999999999999
 10 16 27 38 46 51 51 47 43 39 39 43 51 60 70 76 78 74 66 54 41 29 18 1127 1 8Q0 528 511547 7899999999999999 930 392350  999999999999999
  9 13 22 33 44 50 52 49 44 39 36 38 43 52 63 72 77 76 70 60 48 35 23 1427 1 9Q0 552 521623 77999999999999991012 36999999999999999999999
 10 12 19 29 40 49 52 51 47 41 36 34 37 44 54 65 73 76 72 64 53 40 28 1927 110Q0 615 521659 7699999999999999 015 101053 3499999999999999
 13 13 17 26 37 46 52 53 49 43 37 33 33 37 45 55 65 71 72 66 57 45 33 2327 111Q0 639 531734 7299999999999999 037 121133 3299999999999999
 17 15 17 24 34 44 51 53 52 47 40 34 32 33 38 46 56 64 67 65 59 49 38 2827 112Q0 7 3 531811 6799999999999999 058 151214 3299999999999999
 21 18 19 24 32 42 50 54 54 50 44 38 33 31 33 39 46 54 60 61 58 51 42 3327 113Q0 728 541848 6199999999999999 116 171258 3199999999999999
 25 21 21 25 32 41 49 54 56 54 49 42 36 33 32 34 38 44 50 54 54 50 44 3727 114Q0 755 561930 5599999999999999 132 211351 3299999999999999
 30 26 25 27 32 40 48 55 58 58 54 48 42 37 33 32 33 36 40 45 47 46 44 3927 115Q0 824 582021 4799999999999999 148 2515 2 3299999999999999
 34 30 29 30 34 40 47 54 59 61 60 55 49 43 37 33 31 30 32 34 37 39 39 3827 116Q0 9 1 612146 3999999999999999 2 4 291647 3099999999999999
 37 35 33 34 36 41 47 53 60 64 65 62 58 52 45 39 33 29 26 25 26 29 31 3427 117Q0 948 65999999999999999999999 217 331850 2599999999999999
 36 37 37 38 39 42 46 51 58 63 67 68 67 62 56 48 40 32 25 20 18 18 21 2627 118Q01052 689999999999999999999992019 18999999999999999999999
 31 36 39 41 42 43 45 49 54 60 66 71 73 72 67 60 50 40 29 20 14 10 11 1627 119Q012 9 739999999999999999999992118 10999999999999999999999
 23 31 38 43 45 45 45 46 49 54 61 68 74 78 77 72 63 52 39 26 15  8  4  727 120Q01322 7899999999999999999999922 5  4999999999999999999999
 14 24 34 42 47 47 45 43 44 46 52 60 69 77 82 81 75 65 51 36 22 11  3  227 121Q0 437 471424 8299999999999999 727 432245  199999999999999
  6 17 29 40 47 49 47 43 40 39 42 49 59 70 79 84 83 76 64 49 33 18  7  227 122Q0 457 491519 8599999999999999 840 392321  199999999999999
  3 11 23 36 46 51 50 45 39 35 34 37 45 57 70 80 84 82 73 60 44 28 15  627 123Q0 520 5116 8 8499999999999999 941 342353  399999999999999
  4  8 19 33 45 52 54 50 42 34 29 29 33 42 55 68 77 80 76 67 53 38 24 1327 124Q0 544 541655 80999999999999991037 28999999999999999999999
  8  9 17 30 43 53 57 55 48 39 30 25 25 30 40 53 65 73 74 68 58 45 32 2127 125Q0 6 9 571739 7499999999999999 020  81130 2499999999999999
 14 13 18 28 41 53 60 60 55 46 36 27 23 24 29 39 51 60 65 64 59 49 38 2727 126Q0 636 611821 6699999999999999 043 121223 2399999999999999
 20 17 20 28 39 51 60 64 61 55 45 35 27 23 24 29 38 47 54 56 54 49 41 3227 127Q0 7 6 6419 2 5699999999999999 1 1 171319 2399999999999999
 25 22 23 28 38 49 58 64 65 61 54 44 35 29 26 26 30 36 42 47 47 45 40 3527 128Q0 739 651944 4899999999999999 116 221422 2599999999999999
 29 26 26 30 36 46 55 62 66 65 60 53 45 38 32 29 28 30 34 37 39 39 38 3527 129Q0 817 662032 3999999999999999 129 261544 2899999999999999
 32 30 30 32 36 43 51 59 64 66 64 60 54 47 41 35 31 29 29 30 31 33 33 3327 130Q0 9 1 66999999999999999999999 139 301743 2999999999999999
 33 33 33 35 37 42 48 54 60 64 65 64 60 56 50 44 38 32 28 26 25 26 28 3027 131Q0 956 659999999999999999999991955 25999999999999999999999
 32 35 37 38 39 42 45 50 55 60 63 65 64 62 58 52 45 38 31 26 22 21 22 2527 2 1Q01113 659999999999999999999992059 21999999999999999999999
 30 35 39 41 42 43 44 46 50 55 60 63 66 66 64 60 53 45 36 28 22 18 17 2027 2 2Q01237 669999999999999999999992138 17999999999999999999999
 26 33 39 43 45 44 43 44 45 49 54 60 65 68 68 66 60 52 42 32 23 17 14 1627 2 3Q0 415 451339 6999999999999999 630 4322 9 1499999999999999
 21 29 38 44 47 47 44 42 41 43 48 54 61 67 71 70 66 59 49 37 26 18 13 1227 2 4Q0 425 471426 7199999999999999 748 412236 1299999999999999
 17 25 35 43 48 49 46 42 39 38 40 46 54 63 70 73 71 64 55 43 31 20 13 1127 2 5Q0 441 4915 6 7399999999999999 844 3823 0 1199999999999999
 13 21 32 42 48 50 48 43 38 34 34 38 46 56 65 72 73 69 60 49 36 24 15 1127 2 6Q0 459 501543 7399999999999999 931 332322 1099999999999999
 12 18 28 39 48 52 51 46 39 33 29 31 37 46 58 67 72 71 64 54 41 29 19 1327 2 7Q0 518 521618 72999999999999991014 292341 1199999999999999
 12 16 25 37 47 52 53 49 41 34 28 26 29 37 48 59 67 70 66 58 46 33 23 1627 2 8Q0 536 531653 70999999999999991054 262357 1399999999999999
 13 16 24 35 45 53 55 52 45 37 29 24 24 29 38 49 60 66 65 60 50 38 27 1927 2 9Q0 554 551728 66999999999999991133 23999999999999999999999
 16 18 24 34 45 53 57 55 50 41 32 25 22 23 30 39 50 58 62 59 52 42 31 2327 210Q0 613 5718 4 6299999999999999 012 161212 2299999999999999
 19 20 25 33 44 53 58 59 54 47 37 29 23 22 24 31 40 49 55 56 52 44 36 2827 211Q0 634 591842 5699999999999999 024 191254 2299999999999999
 23 23 26 34 43 53 60 62 59 53 44 35 28 24 23 26 32 39 46 49 49 45 38 3227 212Q0 657 621923 5099999999999999 037 221342 2399999999999999
 27 26 28 34 43 52 60 64 64 59 52 43 35 29 25 24 26 30 36 40 42 42 39 3527 213Q0 727 642013 4299999999999999 050 261447 2499999999999999
 31 30 31 35 42 50 58 64 66 65 60 53 45 37 31 27 25 25 27 30 33 35 35 3427 214Q0 8 5 662142 3599999999999999 1 1 301627 2599999999999999
 33 33 34 37 42 48 55 61 66 67 66 61 55 48 41 34 29 25 23 22 24 26 29 3127 215Q0 857 67999999999999999999999 054 331837 2299999999999999
 33 35 37 39 42 46 51 57 62 66 68 67 64 59 53 45 37 29 23 18 16 17 20 2527 216Q01014 689999999999999999999992012 16999999999999999999999
 30 35 38 40 42 44 46 50 55 60 65 69 70 69 64 57 48 38 28 19 13 11 12 1727 217Q01158 7099999999999999999999921 7 11999999999999999999999
 24 32 38 42 43 43 43 44 46 51 57 64 70 73 73 68 60 49 37 25 15  9  7 1127 218Q01324 739999999999999999999992148  7999999999999999999999
 18 28 37 43 46 44 41 39 38 40 46 53 63 71 75 75 70 60 47 33 21 11  6  727 219Q0 4 6 461428 7699999999999999 745 382222  699999999999999
 14 24 36 44 48 48 43 37 32 31 33 40 50 61 71 76 75 68 57 43 28 17  9  727 220Q0 420 491521 7699999999999999 854 312250  799999999999999
 11 21 34 45 51 52 48 39 31 25 23 27 35 47 60 70 74 72 64 51 37 24 14  927 221Q0 439 5216 9 7499999999999999 952 232315  999999999999999
 11 19 32 45 54 57 54 46 35 25 19 17 22 32 45 58 67 70 66 56 44 30 20 1427 222Q0 5 0 571653 70999999999999991044 172335 1399999999999999
 13 19 30 44 55 61 61 54 43 30 20 14 14 20 30 44 56 63 63 58 48 36 25 1827 223Q0 524 621734 64999999999999991133 132351 1799999999999999
 17 20 29 42 55 63 65 61 52 40 27 18 13 14 20 31 43 52 56 55 49 40 30 2327 224Q0 550 661814 56999999999999991222 13999999999999999999999
 20 22 29 40 52 63 68 67 60 50 37 26 18 15 16 22 31 41 47 49 46 41 33 2727 225Q0 619 681854 4999999999999999 0 5 201313 1499999999999999
 24 24 29 38 49 60 67 69 65 57 47 36 27 21 18 20 25 32 38 42 42 39 35 3027 226Q0 649 691933 4299999999999999 019 2314 8 1899999999999999
 27 27 30 37 46 55 63 67 67 62 55 46 37 30 25 23 24 27 31 34 36 36 34 3227 227Q0 723 682019 3699999999999999 032 271517 2399999999999999
 30 30 32 37 43 51 58 64 66 64 60 54 47 40 34 30 27 26 27 29 30 31 32 3227 228Q0 8 2 66999999999999999999999 037 301658 2699999999999999
 32 33 34 37 42 47 53 58 62 63 62 58 54 49 43 38 33 29 26 25 25 27 28 3027 3 1Q0 853 639999999999999999999991911 25999999999999999999999
 33 35 37 39 41 44 48 52 57 60 61 60 58 55 51 45 39 33 28 24 22 22 24 2727 3 2Q01013 619999999999999999999992026 22999999999999999999999
 32 36 39 41 42 42 44 47 50 54 57 60 61 60 57 53 46 39 31 25 20 18 20 2427 3 3Q012 2 6199999999999999999999921 5 18999999999999999999999
 29 35 40 43 43 42 41 41 43 47 51 56 60 62 62 58 53 45 35 27 20 16 16 1927 3 4Q0 347 431319 6299999999999999 629 412134 1699999999999999
 26 33 40 44 45 44 40 38 37 39 43 49 56 61 64 63 58 50 40 30 21 16 13 1627 3 5Q0 350 451412 6499999999999999 748 372159 1399999999999999
 22 31 39 45 48 46 41 36 32 31 34 40 49 57 63 65 62 55 46 35 24 17 13 1427 3 6Q0 4 3 481455 6599999999999999 844 312220 1399999999999999
 19 28 38 46 49 49 44 37 30 26 26 30 39 49 58 64 64 59 51 39 28 19 14 1327 3 7Q0 418 501534 6599999999999999 930 252238 1399999999999999
 18 26 37 46 51 52 47 39 30 23 20 22 28 39 50 59 63 62 55 44 33 23 16 1427 3 8Q0 433 521611 63999999999999991012 202253 1499999999999999
 18 25 36 46 53 55 51 43 33 24 17 15 19 28 40 51 59 61 57 48 37 27 20 1727 3 9Q0 448 551648 61999999999999991052 1523 7 1799999999999999
 19 25 36 47 55 58 56 48 38 27 18 13 13 18 29 41 52 57 57 51 42 31 24 2027 310Q0 5 4 581726 58999999999999991131 122320 1999999999999999
 20 26 36 47 56 61 61 55 45 33 22 14 11 12 20 30 42 50 54 51 45 36 28 2327 311Q0 522 6218 4 54999999999999991210 112333 2299999999999999
 23 27 35 46 57 64 65 61 52 41 29 19 13 11 14 21 32 41 47 49 45 39 32 2727 312Q0 545 651845 49999999999999991254 112348 2599999999999999
 25 28 35 45 55 64 68 66 60 50 38 27 19 14 13 16 23 31 39 43 43 40 35 3027 313Q0 612 681931 43999999999999991344 13999999999999999999999
 28 30 35 43 53 62 68 69 66 58 49 38 29 21 17 16 18 23 29 34 37 37 35 3327 314Q0 647 692031 3799999999999999 0 4 281450 1699999999999999
 31 31 35 41 49 57 64 68 68 65 58 49 40 32 25 21 19 19 22 26 29 32 33 3327 315Q0 730 69999999999999999999999 017 311622 1899999999999999
 33 33 36 40 45 52 58 64 67 67 64 58 51 44 36 29 24 20 18 19 21 24 28 3127 316Q0 828 679999999999999999999991811 18999999999999999999999
 33 35 37 39 42 46 51 56 60 63 64 63 60 55 48 40 32 25 19 15 15 18 22 2727 317Q010 0 649999999999999999999991936 15999999999999999999999
 32 36 38 40 40 41 43 46 50 55 59 63 64 62 58 51 42 33 24 17 13 13 16 2327 318Q01158 649999999999999999999992030 12999999999999999999999
 30 36 40 42 41 39 37 37 39 43 49 56 61 64 64 60 52 42 31 21 14 11 13 1927 319Q0 3 5 421325 6599999999999999 640 3721 8 1199999999999999
 28 36 43 46 45 40 35 31 29 30 35 43 52 60 65 65 59 50 39 27 18 13 12 1727 320Q0 313 461428 6599999999999999 8 5 292137 1299999999999999
 26 36 45 50 50 45 37 29 23 20 22 29 39 50 59 64 63 57 46 34 23 16 13 1627 321Q0 330 511520 6499999999999999 9 6 2022 1 1399999999999999
 24 35 46 54 56 52 44 32 22 15 12 15 24 36 48 58 61 59 51 40 29 20 16 1727 322Q0 351 5616 7 6299999999999999 959 122221 1699999999999999
 23 34 47 57 61 60 52 40 27 16  9  7 11 21 35 47 55 58 54 45 35 25 20 1927 323Q0 414 621651 58999999999999991047  72239 1899999999999999
 23 33 45 57 65 66 60 50 36 22 11  5  5 10 21 35 46 52 52 47 39 30 23 2127 324Q0 440 661733 53999999999999991134  42256 2199999999999999
 24 32 43 56 65 69 67 59 46 32 19  9  5  6 12 23 35 44 48 47 41 34 27 2427 325Q0 5 7 691813 48999999999999991220  42314 2499999999999999
 25 31 40 52 63 70 70 65 55 42 29 18 10  7  9 16 26 35 42 43 41 36 31 2727 326Q0 535 711854 439999999999999913 6  72333 2699999999999999
 27 31 38 48 59 67 70 68 61 51 40 29 20 14 12 15 20 28 35 39 39 37 33 3027 327Q0 6 5 701936 39999999999999991355 122351 2999999999999999
 29 31 37 45 54 62 67 68 64 57 48 39 30 23 19 17 19 24 29 33 35 35 34 3227 328Q0 638 682028 36999999999999991453 17999999999999999999999
 31 32 36 42 49 56 62 65 64 60 54 46 39 32 27 23 21 22 25 28 31 33 33 3327 329Q0 717 65999999999999999999999 0 4 3116 7 2199999999999999
 33 34 36 40 44 50 56 60 61 60 57 52 46 40 35 30 26 23 23 24 27 29 31 3327 330Q0 8 6 619999999999999999999991740 23999999999999999999999
 35 36 37 39 41 45 49 53 56 58 57 55 52 47 42 36 31 26 23 22 23 25 28 3227 331Q0 919 5899999999999999999999919 2 22999999999999999999999
 35 38 39 40 40 41 42 45 48 52 54 55 54 52 48 43 36 30 24 21 20 21 25 3027 4 1Q011 6 559999999999999999999991955 20999999999999999999999
 35 39 41 42 41 39 38 38 40 43 48 52 54 55 52 48 42 34 27 21 18 18 21 2727 4 2Q0 250 421241 5599999999999999 626 372029 1899999999999999
 33 39 43 45 43 39 35 32 32 34 38 44 50 54 55 52 47 39 31 23 18 17 19 2427 4 3Q0 257 451346 5599999999999999 743 312056 1799999999999999
 32 39 45 47 46 42 35 29 25 25 28 34 42 50 54 55 51 44 35 27 20 17 18 2327 4 4Q0 310 471438 5599999999999999 838 252118 1799999999999999
 30 39 46 50 50 45 38 29 22 18 18 23 32 42 50 54 54 49 40 31 24 19 19 2227 4 5Q0 324 511523 5599999999999999 924 172136 1899999999999999
 30 39 48 54 54 50 42 31 21 14 11 13 20 31 42 51 54 52 45 36 28 22 20 2327 4 6Q0 338 5516 6 549999999999999910 7 112153 2099999999999999
 30 40 50 57 59 56 48 36 24 14  7  6 10 19 32 43 51 52 49 41 32 26 23 2427 4 7Q0 354 591647 53999999999999991047  62210 2399999999999999
 30 40 51 60 64 62 55 44 31 18  8  3  3  9 20 33 44 50 50 45 37 30 26 2627 4 8Q0 413 641729 50999999999999991128  22228 2599999999999999
 31 39 50 61 68 68 63 53 40 26 14  5  1  3 11 22 35 44 47 46 41 34 29 2727 4 9Q0 438 691812 48999999999999991211  12248 2799999999999999
 31 38 48 59 68 72 70 62 50 36 23 12  5  2  5 13 24 35 42 44 42 37 32 2927 410Q0 5 7 721859 44999999999999991258  22311 2999999999999999
 31 36 45 55 66 72 74 69 60 48 35 23 13  7  6  9 16 25 34 39 40 38 35 3227 411Q0 542 741952 40999999999999991351  52336 3199999999999999
 31 35 41 50 60 68 73 72 67 58 47 35 25 16 11 10 12 18 25 32 36 37 36 3427 412Q0 623 7321 0 37999999999999991454 10999999999999999999999
 33 34 38 45 52 60 67 70 69 64 56 47 37 28 21 15 13 15 19 24 29 33 35 3527 413Q0 713 70999999999999999999999 0 0 3316 7 1399999999999999
 35 35 37 40 45 51 57 62 65 64 61 55 48 40 32 24 19 16 16 19 24 29 33 3627 414Q0 819 659999999999999999999991726 15999999999999999999999
 37 37 37 38 40 43 47 51 56 59 60 58 55 49 42 34 26 20 17 17 19 24 30 3527 415Q0 957 609999999999999999999991834 16999999999999999999999
 39 40 40 39 37 37 37 40 44 48 53 56 56 54 50 43 35 27 21 17 18 21 28 3427 416Q0 124 401149 5699999999999999 5 7 371925 1799999999999999
 40 44 45 43 39 34 31 30 31 35 41 47 52 55 54 50 42 34 26 20 18 20 25 3327 417Q0 147 451317 5599999999999999 7 1 3020 2 1899999999999999
 41 47 50 49 44 37 29 24 21 22 27 34 43 50 53 53 48 40 31 24 20 20 24 3227 418Q0 211 501424 5499999999999999 814 212031 2099999999999999
 42 50 55 56 51 43 33 23 16 13 14 20 30 40 48 52 51 46 37 29 23 21 24 3127 419Q0 237 561519 5299999999999999 911 132056 2199999999999999
 41 51 59 62 59 52 40 27 16  9  6  8 16 28 39 47 51 49 42 34 27 24 24 3027 420Q0 3 4 6216 7 519999999999999910 2  62120 2399999999999999
 39 50 60 66 66 60 50 36 22 10  3  2  6 15 28 39 47 49 46 39 32 27 26 2927 421Q0 331 671653 49999999999999991049  12144 2699999999999999
 37 48 59 68 71 68 59 46 31 17  7  1  1  6 17 30 40 46 47 43 36 30 28 2927 422Q0 359 711736 47999999999999991133  022 9 2899999999999999
 35 44 56 66 72 72 66 55 41 27 15  6  1  3 10 21 33 41 45 44 40 34 30 3027 423Q0 429 731817 45999999999999991216  12235 3099999999999999
 34 41 51 62 70 73 70 62 51 38 25 14  7  5  7 15 25 35 41 43 41 37 33 3127 424Q0 459 731858 43999999999999991258  523 3 3199999999999999
 33 39 47 57 66 71 72 67 58 47 35 24 15 10  9 13 20 29 36 40 41 39 36 3327 425Q0 532 721941 41999999999999991341  92331 3399999999999999
 33 36 43 51 60 67 70 68 62 53 43 33 24 18 14 15 18 25 31 36 39 39 37 3527 426Q0 6 7 702029 39999999999999991428 14999999999999999999999
 34 35 39 46 53 60 65 66 63 58 50 41 33 26 21 18 19 22 27 32 36 38 38 3727 427Q0 648 662134 3899999999999999 0 0 341521 1899999999999999
 36 36 38 41 47 53 58 61 62 59 54 47 40 33 27 23 21 21 24 28 32 36 38 3927 428Q0 736 62999999999999999999999 032 361621 2199999999999999
 38 38 38 39 42 45 50 54 56 57 55 51 45 39 34 28 24 22 22 25 29 33 37 3927 429Q0 840 579999999999999999999991723 22999999999999999999999
 41 41 40 39 39 40 42 45 48 51 52 51 49 44 39 33 28 24 22 22 25 30 35 3927 430Q0 042 4110 6 5299999999999999 358 391816 2299999999999999
 42 43 43 41 39 36 35 36 39 42 46 48 49 47 44 39 33 27 23 22 23 27 33 3927 5 1Q0 117 441146 4999999999999999 6 6 351858 2299999999999999
 43 46 47 45 41 36 31 29 29 32 37 42 46 48 47 43 38 32 26 23 23 26 32 3827 5 2Q0 140 471313 4899999999999999 726 291931 2399999999999999
 45 49 51 49 44 38 30 25 21 22 26 32 39 44 47 47 43 37 31 26 25 26 31 3827 5 3Q0 159 511420 4899999999999999 824 211959 2599999999999999
 46 52 55 54 50 42 32 23 17 14 15 20 29 38 45 48 47 42 36 30 27 28 32 3927 5 4Q0 218 551516 4899999999999999 913 142024 2799999999999999
 47 55 60 61 57 48 37 26 16  9  7  9 17 28 38 46 48 47 41 35 31 29 32 3927 5 5Q0 238 6116 5 4899999999999999 958  72049 2999999999999999
 48 57 64 67 65 57 45 32 19  9  3  1  6 16 28 39 47 49 46 40 35 32 33 3827 5 6Q0 3 2 671652 49999999999999991042  12115 3299999999999999
 46 57 66 72 72 67 56 42 27 14  4 -1 -1  6 17 30 41 47 48 44 39 34 33 3627 5 7Q0 332 731737 48999999999999991126 -22145 3399999999999999
 44 54 65 74 78 75 67 54 39 24 11  2 -2 -1  8 20 32 42 46 46 42 37 34 3527 5 8Q0 4 6 781823 47999999999999991212 -32217 3499999999999999
 40 49 60 71 78 80 75 65 52 37 22 10  2 -1  2 11 23 34 42 45 44 40 36 3527 5 9Q0 445 801910 459999999999999913 0 -12252 3599999999999999
 37 43 53 63 73 79 79 73 63 50 36 23 12  5  3  7 16 26 36 41 43 42 38 3627 510Q0 528 7920 0 43999999999999991351  32333 3599999999999999
 35 39 45 54 64 72 76 75 69 60 48 36 24 15  9  8 12 20 29 37 41 42 41 3827 511Q0 617 762053 42999999999999991443  8999999999999999999999
 36 36 40 45 53 61 68 71 69 65 57 47 36 26 19 14 13 17 24 32 38 42 43 4127 512Q0 712 712150 4399999999999999 021 361538 1399999999999999
 39 37 37 39 43 49 56 61 64 63 59 53 45 37 28 22 18 18 22 28 35 41 44 4527 513Q0 820 642248 4599999999999999 129 371631 1899999999999999
 43 41 38 37 37 39 43 48 53 56 56 55 50 44 37 30 24 21 22 26 32 39 45 4827 514Q0 946 562341 4899999999999999 319 371721 2199999999999999
 48 46 43 39 35 33 33 36 40 44 48 50 50 48 43 37 31 26 24 26 31 37 44 5027 515Q01128 51999999999999999999999 526 3318 4 2499999999999999
 53 53 50 44 38 32 28 26 28 31 37 42 46 47 46 42 37 31 27 27 30 36 43 5127 516Q0 028 5313 6 4799999999999999 7 4 261841 2799999999999999
 56 59 57 52 45 36 27 22 19 20 24 31 37 43 46 46 42 36 32 29 30 34 41 5027 517Q0 1 9 591422 4699999999999999 816 191916 2999999999999999
 58 63 64 61 53 43 32 22 15 12 13 19 27 36 43 46 46 42 36 32 31 33 39 4827 518Q0 146 641522 4699999999999999 914 121950 3199999999999999
 57 65 69 68 62 52 40 27 17 10  7  9 16 26 36 44 47 46 42 36 33 34 38 4527 519Q0 221 691613 479999999999999910 4  72025 3399999999999999
 54 64 71 73 70 62 50 36 23 12  6  4  8 17 28 39 46 48 46 41 37 35 37 4227 520Q0 255 731658 48999999999999991049  421 1 3599999999999999
 51 61 70 75 75 69 59 46 32 19 10  4  4 10 20 32 42 47 48 45 40 37 36 4027 521Q0 328 751739 48999999999999991131  32137 3699999999999999
 47 56 66 74 77 74 66 55 42 28 17  9  5  7 14 26 37 45 48 47 44 39 37 3827 522Q0 4 1 771817 48999999999999991210  52213 3799999999999999
 43 51 61 70 76 77 72 63 51 38 26 16  9  8 12 20 31 41 46 48 46 42 38 3727 523Q0 435 771853 48999999999999991248  82250 3799999999999999
 40 46 54 64 72 76 74 68 58 47 35 24 16 12 12 18 26 36 43 47 47 44 40 3827 524Q0 512 761929 47999999999999991324 112328 3799999999999999
 38 41 48 57 65 72 73 70 63 53 43 32 23 17 15 17 23 32 39 45 47 46 43 3927 525Q0 550 7320 7 479999999999999914 1 15999999999999999999999
 38 39 43 50 58 65 69 69 65 58 49 39 30 23 19 19 22 28 35 42 45 46 45 4227 526Q0 631 702050 4699999999999999 0 9 381439 1999999999999999
 40 39 40 44 50 56 62 65 64 60 53 45 36 29 24 22 22 26 32 38 43 46 47 4527 527Q0 717 652138 4799999999999999 057 391518 2199999999999999
 43 40 39 40 43 48 53 57 59 58 54 48 41 35 29 25 24 25 30 35 41 46 48 4827 528Q0 810 592229 4899999999999999 2 2 391558 2499999999999999
 46 44 41 40 39 41 44 48 51 53 53 50 45 40 34 30 27 26 29 33 39 45 49 5027 529Q0 915 532317 5099999999999999 338 391640 2699999999999999
 50 48 45 41 38 37 37 39 42 45 47 48 46 43 39 35 31 29 29 33 38 44 49 5327 530Q01043 482358 5499999999999999 527 361719 2999999999999999
 54 53 49 45 40 35 32 31 32 35 39 43 45 45 43 40 36 33 32 33 38 43 50 5527 531Q01235 45999999999999999999999 656 301757 3299999999999999
 58 58 56 50 44 36 30 25 23 25 29 34 39 44 45 44 41 38 35 35 38 43 50 5727 6 1Q0 033 591410 4599999999999999 8 4 231834 3599999999999999
 62 64 63 58 50 41 31 23 18 16 18 23 31 38 44 47 46 43 40 38 39 43 50 5827 6 2Q0 1 7 641517 4799999999999999 9 0 161912 3899999999999999
 65 70 71 67 60 49 37 26 17 11  9 12 20 29 39 46 49 48 45 41 40 42 48 5627 6 3Q0 144 711611 4999999999999999 951  91951 4099999999999999
 65 73 77 76 71 60 47 33 21 11  5  4  9 19 31 41 48 50 49 45 42 42 45 5227 6 4Q0 223 771658 50999999999999991039  42033 4199999999999999
 61 71 79 83 80 72 60 45 30 17  7  1  2  9 21 33 44 50 51 48 44 42 42 4727 6 5Q0 3 6 831742 51999999999999991125  12117 4199999999999999
 55 66 76 84 86 82 72 59 43 28 15  5  1  3 12 25 37 46 51 50 47 42 40 4227 6 6Q0 351 861822 51999999999999991211  122 4 4099999999999999
 48 57 68 79 86 87 81 71 57 42 27 14  6  3  7 17 30 41 49 51 49 45 40 3927 6 7Q0 438 8719 1 51999999999999991255  32255 3999999999999999
 41 48 57 68 79 84 84 78 68 54 40 26 15  9  8 14 24 36 45 50 51 48 43 3927 6 8Q0 527 851939 51999999999999991337  82349 3899999999999999
 38 40 47 56 66 75 80 79 73 63 51 38 26 18 13 15 21 31 42 49 52 51 47 4227 6 9Q0 619 802017 52999999999999991418 13999999999999999999999
 38 37 39 45 53 62 69 73 71 66 58 47 36 27 21 19 22 29 39 47 53 55 53 4827 610Q0 714 732057 5599999999999999 050 371455 1999999999999999
 42 38 37 38 42 49 56 62 64 63 59 52 44 35 29 25 25 29 37 45 53 57 57 5527 611Q0 813 642140 5899999999999999 2 3 371531 2499999999999999
 50 44 39 36 36 39 43 48 53 55 55 52 47 41 35 31 29 31 36 43 51 57 61 6127 612Q0 923 552228 6199999999999999 335 3616 4 2999999999999999
 58 52 46 40 36 34 34 37 41 45 47 48 47 44 40 36 33 33 36 41 49 56 62 6527 613Q01059 482320 6599999999999999 519 331639 3399999999999999
 64 61 55 47 40 34 30 29 30 33 37 41 44 45 44 41 38 36 37 40 46 54 61 6627 614Q013 1 45999999999999999999999 659 291719 3699999999999999
 69 68 64 57 48 39 31 26 23 24 27 32 38 42 45 45 43 41 39 40 44 51 58 6527 615Q0 013 691432 4599999999999999 818 2318 6 3999999999999999
 70 72 71 66 57 47 37 28 22 19 19 24 30 38 44 47 48 45 43 42 43 48 54 6227 616Q0 1 4 721534 4899999999999999 919 181856 4299999999999999
 69 74 76 73 66 56 45 34 24 17 15 16 23 31 40 47 50 50 47 44 43 46 51 5827 617Q0 150 761621 509999999999999910 7 151947 4399999999999999
 66 73 78 78 73 65 54 42 30 20 14 13 16 25 35 44 51 53 51 47 45 44 47 5327 618Q0 231 7817 0 53999999999999991049 132036 4499999999999999
 61 70 77 80 79 72 63 51 38 26 17 13 13 19 29 40 49 54 54 51 47 44 44 4827 619Q0 310 801733 54999999999999991127 122122 4499999999999999
 56 65 74 80 82 78 70 59 46 34 23 16 13 16 24 35 46 53 55 53 49 45 43 4427 620Q0 347 8218 4 559999999999999912 1 1322 5 4399999999999999
 50 58 68 77 81 81 75 66 54 42 30 21 16 15 21 31 41 50 55 55 52 47 43 4227 621Q0 424 821832 55999999999999991232 152248 4199999999999999
 44 51 60 70 78 81 78 71 61 49 37 27 20 17 20 27 37 47 53 55 54 49 44 4127 622Q0 5 2 8119 1 559999999999999913 1 172330 4099999999999999
 41 45 52 62 71 77 78 74 66 55 44 33 25 21 21 26 34 43 51 55 55 52 47 4227 623Q0 540 781931 56999999999999991329 20999999999999999999999
 40 41 46 54 62 70 74 73 68 59 49 39 30 25 23 26 32 40 49 54 56 55 51 4627 624Q0 619 7420 2 5699999999999999 013 401354 2399999999999999
 42 40 42 47 54 61 67 69 67 61 53 44 35 29 26 27 31 38 46 53 56 57 54 5027 625Q0 7 0 692035 5799999999999999 1 0 401419 2699999999999999
 45 42 41 42 46 52 58 62 63 60 55 47 40 34 30 29 32 37 44 51 57 59 58 5427 626Q0 744 6321 9 5999999999999999 155 411444 2999999999999999
 50 45 42 41 42 45 49 54 57 57 54 50 44 39 35 33 34 38 44 50 57 60 61 5927 627Q0 835 572145 6199999999999999 3 6 4115 9 3399999999999999
 55 50 46 42 40 39 41 44 48 50 51 49 46 43 40 37 37 39 44 50 56 62 64 6427 628Q0 947 512226 6599999999999999 438 391538 3799999999999999
 61 57 51 46 41 37 35 36 38 41 44 46 46 46 44 42 41 42 45 50 56 62 67 6927 629Q01159 462313 6999999999999999 619 351613 4199999999999999
 68 65 59 52 45 38 33 30 29 31 34 39 43 46 47 47 46 45 46 49 55 61 68 7327 630Q01420 47999999999999999999999 747 2917 0 4599999999999999
 75 74 69 62 53 44 35 28 23 22 24 29 35 42 47 50 50 49 48 49 53 59 66 7327 7 1Q0 0 8 751535 5099999999999999 854 2218 1 4899999999999999
 78 81 79 73 64 53 42 31 22 17 15 18 25 35 44 50 53 53 51 50 51 55 61 6927 7 2Q0 1 6 811622 5399999999999999 949 1519 6 5099999999999999
 77 84 86 84 77 66 53 39 27 17 11 11 16 25 37 47 53 55 53 51 49 50 54 6227 7 3Q0 2 3 861659 55999999999999991037 1020 9 4999999999999999
 71 81 88 91 88 79 66 52 37 24 14  8  9 17 29 41 51 56 56 53 49 46 48 5327 7 4Q0 257 911731 56999999999999991120  82110 4699999999999999
 61 72 83 91 93 89 79 65 50 34 21 12  8 12 22 35 47 55 58 55 50 45 43 4427 7 5Q0 349 9318 1 589999999999999912 0  822 8 4399999999999999
 50 60 72 84 91 92 87 76 62 46 32 20 13 12 18 30 43 53 59 59 54 47 42 3927 7 6Q0 439 921830 59999999999999991237 1223 5 3999999999999999
 41 48 58 71 82 88 88 82 71 57 43 30 21 16 19 27 40 51 59 62 59 53 45 3927 7 7Q0 529 8819 0 629999999999999913 9 16999999999999999999999
 36 39 45 56 68 77 82 81 74 64 51 39 29 23 22 28 38 49 59 64 64 60 52 4427 7 8Q0 618 821931 6599999999999999 0 2 361338 2299999999999999
 38 35 37 44 53 63 71 74 72 66 56 46 37 30 28 30 37 47 58 65 68 66 60 5227 7 9Q0 7 7 7420 6 6899999999999999 1 2 3514 2 2899999999999999
 44 38 36 37 42 50 57 63 64 62 57 50 42 36 33 33 38 46 55 64 70 71 68 6127 710Q0 757 642045 7199999999999999 2 8 361424 3299999999999999
 53 46 40 37 37 40 45 51 54 55 54 50 46 41 38 37 39 45 53 62 69 73 73 6927 711Q0 854 552130 7399999999999999 327 371445 3799999999999999
 63 56 48 42 38 37 38 41 44 47 48 48 47 44 42 41 42 45 50 58 66 71 74 7427 712Q01023 482223 7599999999999999 5 6 371511 4199999999999999
 71 65 58 51 44 39 36 35 36 38 41 43 45 46 46 45 45 46 49 55 61 68 73 7627 713Q01319 462326 7699999999999999 657 351547 4599999999999999
 76 73 68 61 53 45 38 33 31 31 33 37 42 46 48 49 49 48 49 52 57 63 70 7527 714Q09999999999999999999999999999 827 31999999999999999999999
 77 77 75 69 62 53 44 36 30 27 27 31 37 43 49 52 53 52 51 51 54 59 65 7127 715Q0 034 781550 5399999999999999 925 271817 5199999999999999
 76 80 80 77 70 61 51 41 33 26 24 25 31 39 47 53 56 55 53 51 51 54 59 6627 716Q0 132 801621 569999999999999910 8 241928 5199999999999999
 73 79 82 82 77 69 59 48 37 29 23 22 26 34 44 52 57 58 56 53 50 50 53 5927 717Q0 221 821648 58999999999999991043 222027 5099999999999999
 67 76 82 84 82 76 67 55 43 33 25 21 22 29 39 49 57 60 59 55 50 48 48 5327 718Q0 3 3 841714 60999999999999991114 212118 4799999999999999
 60 70 78 84 85 81 73 62 50 38 28 22 21 26 35 46 55 60 61 57 52 47 45 4727 719Q0 341 861737 61999999999999991142 2122 3 4599999999999999
 52 61 72 81 85 84 78 68 56 44 33 25 22 24 32 42 52 59 62 60 54 48 43 4227 720Q0 418 8518 0 629999999999999912 7 222246 4299999999999999
 46 53 63 74 81 84 80 73 62 50 38 29 25 25 30 39 50 58 62 62 57 51 45 4127 721Q0 454 841823 63999999999999991229 242327 4099999999999999
 41 46 54 65 74 80 80 75 66 54 43 34 28 26 30 38 48 57 62 64 61 55 48 4227 722Q0 530 811846 64999999999999991248 26999999999999999999999
 39 41 47 56 66 73 77 74 68 58 47 38 32 29 31 37 46 55 62 65 64 59 52 4527 723Q0 6 6 771910 6599999999999999 0 9 3913 4 2999999999999999
 41 39 42 48 56 65 70 71 68 60 51 42 35 32 33 38 45 54 62 66 67 63 57 5027 724Q0 643 721935 6799999999999999 051 391319 3299999999999999
 44 41 40 43 49 56 62 66 65 61 54 46 40 36 36 39 45 53 61 67 69 68 63 5627 725Q0 722 6620 3 6999999999999999 139 401335 3599999999999999
 50 44 41 41 43 48 53 58 60 58 54 49 44 40 39 41 46 53 61 67 71 72 69 6327 726Q0 8 7 602036 7299999999999999 238 411350 3999999999999999
 57 50 45 42 41 42 45 48 52 53 52 50 47 44 43 44 47 53 59 66 72 75 74 7127 727Q0 910 532119 7599999999999999 4 1 4114 5 4399999999999999
 65 59 52 46 42 40 39 40 42 45 47 48 48 47 47 48 49 53 58 64 71 76 78 7727 728Q02216 78999999999999999999999 554 39999999999999999999999
 74 69 62 54 47 41 36 34 33 35 38 42 45 48 50 51 52 54 57 61 67 73 79 8127 729Q02331 82999999999999999999999 741 33999999999999999999999
 82 79 73 65 57 47 39 32 28 26 28 33 39 45 50 53 54 55 55 58 62 68 75 8127 730Q09999999999999999999999999999 854 26999999999999999999999
 85 86 84 78 69 58 46 36 27 22 21 24 31 40 48 54 56 56 55 54 56 60 67 7527 731Q0 051 861622 5699999999999999 945 211848 5499999999999999
 83 88 91 88 81 70 57 44 32 22 17 18 23 33 44 53 57 58 56 52 51 52 56 6427 8 1Q0 159 911639 58999999999999991027 172010 5199999999999999
 74 84 91 94 91 82 70 55 41 28 19 16 19 27 39 50 58 61 58 53 48 45 46 5127 8 2Q0 258 9417 1 619999999999999911 4 162117 4599999999999999
 60 72 84 92 94 90 80 66 51 37 25 18 18 24 35 48 58 63 63 57 50 43 39 4127 8 3Q0 350 941723 64999999999999991136 172216 3999999999999999
 47 57 71 83 90 91 86 75 61 46 33 24 21 24 33 46 58 66 67 63 55 46 38 3527 8 4Q0 439 921747 679999999999999912 3 212312 3499999999999999
 36 43 55 68 80 86 85 79 68 54 41 31 26 26 33 45 57 67 72 70 63 53 43 3527 8 5Q0 526 861814 72999999999999991227 25999999999999999999999
 32 34 41 53 65 75 79 77 70 60 48 38 32 30 34 44 56 67 74 76 71 63 52 4127 8 6Q0 610 791843 7699999999999999 0 6 321246 3099999999999999
 34 32 34 41 51 61 68 70 68 61 52 43 37 34 36 43 54 65 74 78 77 71 62 5127 8 7Q0 654 701917 7999999999999999 1 2 3213 2 3499999999999999
 42 36 34 36 41 49 57 61 62 59 53 47 41 38 39 44 52 62 72 78 80 77 71 6227 8 8Q0 738 621954 8099999999999999 2 2 341317 3899999999999999
 53 45 39 37 38 41 47 51 54 54 52 48 45 42 42 45 51 58 67 75 79 80 77 7127 8 9Q0 828 542038 8099999999999999 315 371331 4299999999999999
 64 56 49 43 40 39 41 43 46 48 48 48 47 45 45 47 50 56 63 70 76 79 79 7627 810Q0 953 482132 7999999999999999 451 391338 4599999999999999
 72 66 59 52 47 42 40 39 40 41 43 45 47 48 49 50 51 54 59 64 70 75 78 7827 811Q02244 78999999999999999999999 653 39999999999999999999999
 77 73 68 62 55 48 42 38 36 36 38 41 45 49 51 53 53 54 56 60 64 69 74 7727 812Q09999999999999999999999999999 827 36999999999999999999999
 79 78 75 70 63 55 47 40 35 32 33 37 42 48 53 56 56 56 55 56 59 63 68 7427 813Q0 012 791552 5699999999999999 917 3218 0 5599999999999999
 78 80 80 77 71 62 53 44 36 31 29 32 38 45 52 57 59 58 55 53 54 56 61 6827 814Q0 122 8116 4 5999999999999999 952 291926 5399999999999999
 75 80 83 82 77 69 59 48 39 31 28 28 33 42 51 57 61 60 57 53 50 50 54 6027 815Q0 213 831622 61999999999999991022 272027 5099999999999999
 68 76 82 84 81 75 65 54 43 34 28 26 30 38 48 56 62 62 59 54 49 46 47 5127 816Q0 255 841642 63999999999999991047 262117 4699999999999999
 59 69 78 84 84 79 71 59 47 37 29 26 28 35 45 55 62 64 62 56 49 44 41 4427 817Q0 333 8417 1 649999999999999911 9 2622 2 4199999999999999
 50 60 71 80 83 81 75 64 52 41 32 28 28 33 43 53 62 66 65 60 52 44 39 3827 818Q0 4 9 831719 66999999999999991128 272243 3899999999999999
 42 50 61 72 79 81 77 68 57 45 36 30 29 33 41 52 61 67 67 63 56 47 40 3627 819Q0 445 811737 68999999999999991143 292323 3599999999999999
 36 42 52 63 73 77 76 70 60 49 40 33 31 34 41 51 61 68 70 67 61 52 43 3727 820Q0 519 781756 70999999999999991156 31999999999999999999999
 34 36 43 53 64 71 74 70 63 53 43 37 34 35 41 50 61 69 72 71 66 57 48 4027 821Q0 554 741815 7399999999999999 0 3 3412 8 3499999999999999
 35 34 38 45 55 63 68 68 64 56 47 40 37 37 42 50 60 69 74 75 71 64 55 4627 822Q0 631 691839 7599999999999999 043 341221 3699999999999999
 39 36 36 40 46 54 61 63 62 57 50 44 40 40 43 50 59 68 75 78 76 70 62 5427 823Q0 710 6419 8 7899999999999999 129 351235 3999999999999999
 46 40 37 37 41 46 52 56 57 56 52 47 44 43 45 50 58 66 74 79 80 77 70 6327 824Q0 756 571944 8099999999999999 226 371249 4399999999999999
 54 47 42 39 38 40 43 47 50 51 50 49 47 46 47 51 56 63 71 77 80 81 77 7227 825Q0 9 2 512032 8199999999999999 348 381256 4699999999999999
 65 57 50 45 41 38 37 39 41 44 46 47 48 48 49 52 55 60 66 72 78 81 81 7927 826Q02140 82999999999999999999999 545 37999999999999999999999
 75 68 61 54 47 40 36 33 33 35 38 42 46 49 51 53 55 57 61 66 71 77 81 8227 827Q02316 83999999999999999999999 732 33999999999999999999999
 82 79 73 65 56 47 39 32 28 28 30 35 42 48 52 54 55 55 56 58 62 68 74 8027 828Q09999999999999999999999999999 839 27999999999999999999999
 84 85 83 77 68 57 45 35 28 24 24 29 37 45 52 56 57 55 53 52 53 57 63 7127 829Q0 049 851548 5799999999999999 924 2319 5 5299999999999999
 79 85 88 85 78 68 55 42 31 24 22 24 32 42 51 58 60 58 53 48 45 46 50 5827 830Q0 2 0 881559 6099999999999999 959 222024 4599999999999999
 68 78 86 89 85 77 65 51 38 28 23 23 29 39 51 60 64 62 57 49 42 38 38 4327 831Q0 258 891616 64999999999999991029 222127 3799999999999999
 53 65 77 85 87 83 73 60 46 34 27 24 28 38 50 61 68 69 63 54 44 35 31 3127 9 1Q0 348 871637 69999999999999991054 242222 3099999999999999
 38 49 63 75 82 83 77 66 53 41 32 28 30 37 49 62 71 75 71 63 51 39 30 2627 9 2Q0 435 8317 1 75999999999999991114 282315 2699999999999999
 27 35 47 61 72 77 76 69 59 47 37 32 32 37 48 61 73 79 79 72 61 48 36 2727 9 3Q0 520 771728 79999999999999991131 31999999999999999999999
 24 26 34 46 59 67 70 68 61 51 42 36 35 38 47 59 71 80 83 80 71 59 46 3527 9 4Q0 6 3 701758 8399999999999999 0 6 241147 3599999999999999
 27 25 28 35 46 56 62 63 60 54 46 40 38 40 46 56 68 78 84 84 78 69 58 4627 9 5Q0 645 631830 8499999999999999 059 2512 3 3899999999999999
 36 30 29 31 38 46 53 56 56 53 48 43 41 41 46 53 63 73 81 84 82 76 67 5727 9 6Q0 728 5719 7 8499999999999999 155 291219 4199999999999999
 48 40 35 33 35 39 45 49 51 51 49 46 44 44 46 52 59 67 75 80 81 79 74 6727 9 7Q0 818 511948 8199999999999999 3 1 331233 4399999999999999
 59 51 45 40 38 38 40 43 45 47 47 47 46 46 48 51 56 62 69 74 78 78 76 7227 9 8Q0 954 472040 7899999999999999 427 371225 4699999999999999
 67 61 54 48 43 40 38 39 40 42 44 46 48 49 50 52 54 58 63 68 72 75 76 7527 9 9Q02157 76999999999999999999999 618 38999999999999999999999
 72 68 63 57 50 44 40 37 36 38 40 44 47 50 53 54 54 55 57 61 65 69 72 7427 910Q02340 75999999999999999999999 748 36999999999999999999999
 75 73 70 64 57 50 43 37 34 34 36 40 46 51 54 56 56 55 54 55 57 61 66 7127 911Q01520 56999999999999999999999 838 3318 4 5499999999999999
 74 75 74 70 64 55 47 39 33 31 32 36 43 50 55 58 58 56 52 50 50 53 58 6427 912Q0 1 1 751528 5899999999999999 912 311928 5099999999999999
 70 75 76 74 69 61 51 42 34 30 29 33 40 48 55 60 61 58 53 48 45 45 48 5527 913Q0 156 761543 6199999999999999 938 292027 4499999999999999
 63 71 76 77 73 66 56 46 37 30 28 31 37 46 55 61 63 61 55 48 42 39 40 4527 914Q0 241 771559 639999999999999910 0 282116 3999999999999999
 53 63 72 76 75 70 61 50 40 32 29 30 35 44 54 62 65 64 59 50 42 36 33 3627 915Q0 321 761615 65999999999999991018 2922 0 3399999999999999
 43 53 64 72 75 72 64 54 44 35 31 30 35 43 54 63 68 68 63 54 44 35 30 2927 916Q0 359 751630 68999999999999991033 302240 2999999999999999
 33 43 54 65 71 72 67 58 48 39 33 32 35 43 53 63 70 71 68 59 49 38 30 2627 917Q0 436 721646 72999999999999991047 322319 2699999999999999
 27 33 44 56 65 69 68 61 52 43 36 34 36 43 53 64 72 75 73 65 55 44 34 2727 918Q0 513 6917 4 759999999999999911 0 342359 2499999999999999
 24 27 35 46 57 64 66 62 55 47 40 36 38 43 53 63 73 78 78 72 62 51 40 3127 919Q0 550 661726 79999999999999991114 36999999999999999999999
 26 25 29 37 47 56 61 61 57 50 43 39 39 44 52 62 72 79 81 78 70 60 48 3827 920Q0 630 621753 8199999999999999 040 241130 3999999999999999
 30 27 27 31 39 47 54 57 56 52 47 42 41 44 50 59 69 77 82 82 77 68 58 4827 921Q0 713 571826 8399999999999999 128 261148 4199999999999999
 39 32 29 29 33 39 45 50 52 51 48 45 44 45 49 56 65 73 80 83 81 76 68 5827 922Q0 8 8 5219 7 8399999999999999 227 2912 5 4499999999999999
 49 41 35 32 31 33 37 42 45 47 47 46 46 46 49 54 60 67 74 79 81 79 75 6827 923Q0 936 4720 1 8199999999999999 347 311210 4699999999999999
 60 52 45 39 34 32 32 34 37 41 44 46 47 48 49 52 56 61 66 72 76 78 78 7527 924Q02120 78999999999999999999999 526 31999999999999999999999
 70 63 56 48 40 34 30 29 31 34 38 43 46 49 51 52 53 55 58 62 67 71 75 7727 925Q02310 77999999999999999999999 655 29999999999999999999999
 76 72 66 58 49 40 33 28 27 28 33 39 45 50 53 53 52 51 51 52 55 60 66 7227 926Q01446 53999999999999999999999 756 271749 5199999999999999
 76 76 74 68 59 49 39 31 26 26 29 36 44 51 55 57 55 50 46 44 44 47 53 6127 927Q0 047 771449 5799999999999999 838 251930 4399999999999999
 69 75 77 74 67 57 46 36 29 26 27 34 43 52 59 61 60 54 46 39 35 34 38 4627 928Q0 158 7715 5 6199999999999999 9 9 262038 3499999999999999
 56 66 73 76 72 64 53 42 33 28 28 33 42 53 62 67 67 61 51 41 32 26 26 3127 929Q0 255 761526 6799999999999999 935 272136 2699999999999999
 40 53 64 71 73 69 60 49 38 32 30 33 41 52 64 72 74 70 60 47 35 25 19 2027 930Q0 346 731550 7499999999999999 956 302228 1999999999999999
 26 37 51 62 69 69 64 54 44 36 32 34 40 51 64 74 79 78 70 58 43 30 20 152710 1Q0 433 701616 79999999999999991014 322317 1599999999999999
 17 24 37 50 60 65 64 58 49 40 35 35 40 49 61 73 82 83 78 68 54 39 27 182710 2Q0 518 651645 84999999999999991034 35999999999999999999999
 14 17 25 38 49 58 60 58 52 44 39 37 40 47 58 70 80 85 84 76 65 51 37 262710 3Q0 6 1 601716 8599999999999999 0 5 141054 3799999999999999
 19 17 20 29 39 49 55 56 53 48 42 39 40 45 54 65 76 83 85 81 73 62 49 372710 4Q0 644 561749 8599999999999999 054 171116 3999999999999999
 28 23 22 25 32 41 48 51 52 49 45 42 41 44 51 60 69 78 82 82 77 69 59 482710 5Q0 730 521825 8399999999999999 144 211138 4199999999999999
 39 32 28 27 30 36 42 46 48 48 46 44 43 45 49 55 63 71 77 79 78 73 66 582710 6Q0 823 4919 5 7999999999999999 241 271159 4399999999999999
 49 42 36 32 31 33 37 41 44 46 47 46 46 46 48 52 58 64 69 74 75 73 69 642710 7Q0 951 471954 7599999999999999 349 311210 4699999999999999
 57 50 44 39 35 34 34 37 40 43 45 47 48 48 49 51 54 57 62 66 69 70 69 672710 8Q021 4 70999999999999999999999 5 9 34999999999999999999999
 63 57 52 46 40 36 34 34 36 39 43 46 49 50 51 51 52 52 54 58 61 64 66 672710 9Q02243 67999999999999999999999 626 33999999999999999999999
 65 62 58 52 45 39 35 32 33 35 40 44 49 52 54 53 52 50 49 50 52 56 60 63271010Q01420 54999999999999999999999 722 3218 7 4999999999999999
 65 65 62 57 50 43 37 32 31 32 36 42 48 53 56 56 54 50 46 43 43 46 51 56271011Q0 020 651433 5699999999999999 8 1 311928 4399999999999999
 61 64 64 61 55 48 40 34 30 30 34 40 47 54 58 59 57 52 45 39 36 37 40 47271012Q0 130 651449 5999999999999999 829 302026 3699999999999999
 54 60 64 63 59 52 44 36 31 30 32 38 46 54 60 63 61 55 47 39 32 29 30 36271013Q0 224 6415 5 6399999999999999 852 302113 2999999999999999
 44 53 60 63 62 56 48 40 34 31 32 38 46 55 62 66 65 60 51 41 31 25 23 26271014Q0 310 631520 6699999999999999 911 312155 2399999999999999
 33 44 54 61 63 60 53 44 37 33 33 38 46 55 64 70 70 66 57 45 34 24 18 18271015Q0 353 631536 7199999999999999 929 332236 1899999999999999
 23 33 44 55 61 61 56 49 41 36 35 38 45 55 65 73 75 72 64 52 39 27 18 14271016Q0 434 611555 7599999999999999 947 352315 1499999999999999
 16 23 34 46 55 60 58 53 45 39 37 39 45 54 65 75 79 78 71 60 47 34 22 15271017Q0 515 601619 809999999999999910 6 372356 1399999999999999
 13 16 25 36 48 55 58 55 49 43 39 39 44 52 63 74 81 83 79 69 57 43 30 20271018Q0 556 581647 83999999999999991028 39999999999999999999999
 14 13 18 27 38 48 54 55 51 46 42 40 43 49 59 70 79 84 83 77 66 54 41 29271019Q0 640 551721 8599999999999999 041 131052 4099999999999999
 21 16 16 21 30 39 47 51 51 48 44 42 43 47 55 64 74 81 84 81 74 64 52 40271020Q0 730 5118 0 8499999999999999 130 151118 4299999999999999
 30 23 19 19 24 31 39 45 48 48 46 44 43 45 50 58 66 74 80 81 78 71 62 52271021Q0 830 481847 8199999999999999 227 191145 4399999999999999
 42 33 26 23 22 26 32 38 43 45 46 45 45 45 48 52 58 65 71 76 76 74 69 61271022Q0 952 461946 7799999999999999 334 221214 4499999999999999
 53 44 36 30 25 25 27 32 37 42 45 46 47 46 47 48 51 56 61 66 69 71 70 67271023Q021 8 71999999999999999999999 446 24999999999999999999999
 61 54 46 38 32 27 26 28 32 38 43 47 49 49 49 48 47 48 50 53 58 62 65 66271024Q01246 492257 6699999999999999 554 2616 1 4799999999999999
 65 61 55 47 39 32 28 27 29 34 41 47 51 53 53 50 46 43 41 42 44 49 54 59271025Q01316 53999999999999999999999 648 271824 4199999999999999
 62 63 60 54 47 39 32 29 29 33 39 47 54 58 58 56 50 43 37 33 32 35 40 48271026Q0 038 631342 5999999999999999 728 281946 3299999999999999
 55 60 61 59 53 45 37 32 30 32 38 46 55 62 65 63 57 48 38 30 24 23 26 33271027Q0 156 6114 9 6599999999999999 8 0 302049 2399999999999999
 43 52 58 60 58 51 43 36 32 32 37 45 55 65 70 71 66 57 44 32 22 16 15 19271028Q0 257 601437 7199999999999999 826 322143 1599999999999999
 28 40 50 57 59 55 48 41 35 34 37 44 54 65 74 77 75 67 54 40 26 16 10 10271029Q0 350 5915 7 7799999999999999 852 342232  999999999999999
 16 27 39 50 56 57 53 46 39 36 37 42 51 63 73 80 81 76 65 51 35 22 12  7271030Q0 438 571538 8299999999999999 918 352318  799999999999999
  9 16 28 41 50 55 55 50 43 38 37 40 48 58 70 80 84 82 74 61 46 31 19 11271031Q0 523 561610 8499999999999999 947 37999999999999999999999
  7 10 19 31 43 51 54 52 47 42 39 40 45 54 65 76 83 84 80 70 57 43 29 192711 1Q0 6 6 541643 8599999999999999 0 2  71016 3999999999999999
 12 11 15 24 35 45 51 52 49 45 41 40 43 49 59 69 78 83 82 75 65 53 40 292711 2Q0 647 521717 8399999999999999 046 101047 4099999999999999
 20 15 16 21 29 39 46 50 50 47 44 41 42 46 53 62 71 78 80 77 70 60 49 392711 3Q0 730 501753 8099999999999999 129 151119 4199999999999999
 29 23 20 21 26 34 41 46 49 48 46 43 42 44 49 56 64 71 75 75 72 65 56 472711 4Q0 816 491833 7699999999999999 213 201153 4299999999999999
 38 31 26 24 26 30 37 42 46 48 47 46 44 44 46 50 56 62 68 70 70 66 60 532711 5Q0 913 481919 7099999999999999 3 2 241232 4499999999999999
 45 38 32 28 27 29 33 38 43 46 48 48 47 46 46 47 50 54 59 63 64 64 61 562711 6Q01029 482017 6599999999999999 355 271331 4699999999999999
 50 44 38 33 30 29 31 34 39 44 47 49 49 49 48 47 47 48 50 53 56 58 58 572711 7Q01153 492135 5999999999999999 450 291541 4799999999999999
 53 49 43 38 33 30 30 32 36 41 46 49 52 52 51 49 46 44 43 44 47 50 52 542711 8Q01246 522318 5499999999999999 542 301754 4399999999999999
 54 51 48 43 38 33 31 31 34 39 44 49 53 55 55 52 47 43 38 36 37 40 44 482711 9Q01317 55999999999999999999999 626 301919 3699999999999999
 51 52 51 47 42 37 33 31 33 37 43 49 55 58 59 56 51 44 37 32 29 29 33 39271110Q0 057 521340 5999999999999999 7 1 312018 2999999999999999
 45 49 51 50 47 41 36 33 33 36 42 49 56 61 63 61 56 48 38 30 24 21 23 28271111Q0 210 5114 0 6399999999999999 731 3321 6 2199999999999999
 36 44 50 52 51 46 41 36 35 37 42 49 58 64 68 67 62 53 42 31 22 16 14 18271112Q0 3 7 521421 6899999999999999 758 352149 1499999999999999
 25 35 45 51 53 50 45 40 37 37 42 49 58 67 72 74 70 61 49 36 24 15  9  9271113Q0 355 531445 7499999999999999 825 372231  999999999999999
 15 25 36 46 52 53 50 45 40 39 41 47 56 67 75 79 78 70 59 45 30 18  9  5271114Q0 440 531514 7999999999999999 854 392312  599999999999999
  7 15 27 39 48 53 53 48 43 40 41 45 53 64 74 82 83 79 69 55 40 26 14  6271115Q0 523 531547 8499999999999999 924 402355  499999999999999
  4  7 17 30 42 50 53 51 47 42 41 43 49 59 70 80 85 85 78 67 52 37 23 12271116Q0 6 6 531624 8699999999999999 958 41999999999999999999999
  6  5 10 21 33 43 50 51 49 45 41 41 45 52 63 74 82 86 83 75 63 49 35 22271117Q0 650 5117 5 8699999999999999 039  41033 4199999999999999
 13  8  8 15 25 36 45 49 50 47 43 41 42 47 54 64 74 81 83 79 71 60 47 34271118Q0 736 501750 8399999999999999 126  71113 4199999999999999
 23 15 12 13 20 29 38 45 48 48 45 42 41 42 47 54 63 71 77 78 74 67 57 45271119Q0 824 491841 7899999999999999 214 121159 4199999999999999
 34 25 19 16 18 25 33 41 46 48 48 45 42 41 43 46 52 59 66 70 70 67 61 53271120Q0 915 481939 7099999999999999 3 3 161258 4199999999999999
 44 35 27 22 21 23 29 37 43 48 50 49 46 44 42 42 44 48 53 58 61 62 60 56271121Q010 8 502053 6299999999999999 353 211430 4299999999999999
 50 43 36 30 26 25 28 34 41 47 51 53 52 49 45 42 39 39 41 44 48 52 54 54271122Q011 1 532233 5499999999999999 441 251641 3999999999999999
 52 48 42 37 32 29 29 33 39 46 53 56 58 56 51 46 40 35 33 33 35 39 43 47271123Q01151 58999999999999999999999 524 291835 3299999999999999
 49 49 47 42 37 33 32 33 38 45 52 59 62 63 60 54 45 37 30 25 24 26 30 36271124Q0 030 501236 6399999999999999 6 4 321956 2499999999999999
 42 47 48 47 43 38 35 34 37 43 51 59 66 69 68 63 54 43 33 24 18 16 18 24271125Q0 2 2 481318 6999999999999999 642 342058 1699999999999999
 32 40 46 49 47 43 39 36 37 41 48 57 66 72 74 71 64 53 40 28 18 12 10 13271126Q0 3 9 491357 7499999999999999 720 362150 1099999999999999
 21 31 41 47 50 48 44 39 38 40 45 53 63 72 78 78 73 63 50 36 23 13  7  6271127Q0 4 2 501434 7899999999999999 759 382236  699999999999999
 12 22 33 43 49 51 48 43 40 39 43 49 59 69 77 81 79 72 60 46 31 19  9  5271128Q0 447 511511 8199999999999999 839 392318  499999999999999
  6 13 25 37 46 51 51 47 43 40 41 45 53 64 74 81 83 78 69 56 42 27 16  8271129Q0 528 521546 8399999999999999 919 402357  599999999999999
  5  9 18 30 42 49 52 50 46 42 40 42 48 57 68 77 82 81 75 64 51 37 24 14271130Q0 6 5 521622 8299999999999999 958 40999999999999999999999
  9  8 14 24 36 46 51 52 49 44 40 40 44 51 60 70 78 81 78 70 59 46 33 222712 1Q0 640 521658 8199999999999999 033  81038 4099999999999999
 15 11 13 21 31 41 48 51 50 47 42 40 40 45 53 62 71 77 77 72 64 53 41 302712 2Q0 714 511735 7899999999999999 1 8 111118 4099999999999999
 22 16 16 19 27 37 45 50 51 49 45 41 40 41 46 54 62 69 73 72 66 58 47 372712 3Q0 749 511814 7399999999999999 141 1512 0 4099999999999999
 28 22 19 20 25 33 41 47 50 50 47 44 41 40 42 47 54 60 65 67 65 59 51 422712 4Q0 827 501855 6799999999999999 214 191247 4099999999999999
 34 27 23 22 25 30 37 44 49 50 50 47 44 42 41 43 46 51 56 60 60 58 53 462712 5Q0 9 9 501941 6099999999999999 247 221347 4199999999999999
 39 32 28 25 26 29 35 41 47 50 51 50 48 45 43 41 42 44 47 50 53 53 51 472712 6Q0 957 512037 5399999999999999 321 251518 4199999999999999
 42 37 32 29 28 29 33 39 45 50 53 53 52 49 46 43 40 39 39 41 44 46 46 462712 7Q01045 532159 4699999999999999 358 281716 3999999999999999
 43 40 37 33 31 31 33 38 43 49 54 56 56 54 51 46 41 37 34 33 34 36 39 412712 8Q01131 56999999999999999999999 436 311856 3399999999999999
 42 42 40 38 35 34 35 37 42 49 54 58 60 59 56 51 44 37 31 27 25 26 30 342712 9Q0 015 421212 6099999999999999 517 3420 6 2599999999999999
 38 41 43 42 40 38 37 38 42 48 54 60 64 65 63 58 50 41 32 24 19 18 19 24271210Q0 210 431249 6599999999999999 6 0 372058 1899999999999999
 31 38 43 45 45 42 40 40 42 47 54 61 67 71 71 66 58 48 37 26 17 12 11 14271211Q0 318 451327 7199999999999999 643 402144 1099999999999999
 21 31 39 45 48 47 44 42 42 45 51 59 68 74 77 75 68 58 45 31 19 10  5  6271212Q0 4 7 4814 7 7799999999999999 728 422227  599999999999999
 11 21 33 42 48 50 48 44 42 43 48 55 65 74 80 82 78 69 56 41 27 14  5  1271213Q0 450 501448 8299999999999999 813 4223 9  199999999999999
  3 12 24 36 46 50 50 47 44 42 44 49 58 69 79 85 85 79 68 53 38 23 10  2271214Q0 528 511532 8699999999999999 9 0 422351  099999999999999
  0  4 15 28 40 48 51 50 45 42 41 43 50 60 72 82 87 85 78 65 50 34 20  8271215Q0 6 5 511617 8799999999999999 947 40999999999999999999999
  2  2  9 20 34 44 50 51 48 43 39 39 43 50 61 73 82 85 82 74 61 46 31 18271216Q0 640 5117 3 8599999999999999 031  11035 3899999999999999
  9  5  7 15 27 39 48 51 50 46 40 37 37 41 49 60 71 78 81 77 68 56 42 29271217Q0 714 511750 8199999999999999 110  51126 3699999999999999
 18 11 10 14 23 35 45 51 52 49 44 38 35 36 40 48 57 66 72 73 69 61 50 38271218Q0 748 521840 7399999999999999 147 101222 3599999999999999
 28 20 16 16 22 32 42 50 54 53 49 43 38 35 35 38 44 52 59 64 64 60 53 45271219Q0 824 541933 6499999999999999 221 151328 3499999999999999
 35 28 23 21 24 31 40 48 54 57 55 50 44 39 35 34 36 40 46 51 54 54 51 46271220Q0 9 4 572033 5499999999999999 251 211452 3499999999999999
 40 34 29 26 27 31 38 47 54 59 60 58 53 46 40 36 33 32 34 38 41 44 45 44271221Q0 949 602159 4599999999999999 320 261640 3299999999999999
 42 38 34 31 31 32 37 44 52 59 63 63 61 56 49 42 35 31 28 28 30 33 36 38271222Q01040 63999999999999999999999 350 311836 2899999999999999
 40 40 38 36 35 35 37 42 49 57 63 66 67 64 59 51 43 34 27 23 21 22 25 30271223Q0 031 401138 6799999999999999 429 3420 6 2199999999999999
 35 38 40 40 39 38 38 41 46 53 60 67 70 70 67 61 52 42 32 23 17 15 16 21271224Q0 229 411237 7199999999999999 521 3821 9 1599999999999999
 28 35 40 43 44 42 40 41 44 49 56 64 70 74 74 70 62 51 39 28 19 12 10 13271225Q0 333 441330 7499999999999999 623 402157 1099999999999999
 20 29 38 44 47 46 44 42 42 45 51 59 67 73 77 76 70 61 49 36 24 14  9  8271226Q0 416 471416 7799999999999999 725 422237  799999999999999
 13 22 33 42 48 50 47 44 42 42 46 53 61 70 77 79 76 69 58 45 31 19 11  6271227Q0 451 501458 7999999999999999 821 412313  699999999999999
  8 16 27 39 47 51 51 47 43 40 42 46 54 64 73 79 80 75 66 53 39 26 15  9271228Q0 522 511536 8099999999999999 911 402346  799999999999999
  7 12 22 34 44 51 52 50 45 40 39 41 47 56 67 75 80 78 71 60 47 34 22 13271229Q0 550 531613 8099999999999999 956 39999999999999999999999
  9 10 18 29 41 49 53 52 47 42 38 37 41 48 58 69 76 78 74 66 54 41 28 18271230Q0 617 531649 7899999999999999 015  91038 3799999999999999
 12 11 16 25 37 46 52 53 50 44 38 35 36 41 49 60 69 74 74 68 58 47 34 24271231Q0 642 531725 7599999999999999 041 111120 3599999999999999
