128136135128115102 91 88 93106124142157163161149130108 85 67 58 57 66 8227 1 1QI 129137131416499999999999999 655 882032 5699999999999999
100117129135133126116108104106115129143155160157145126102 78 58 47 45 5427 1 2QI 315135141116099999999999999 8 71042138 4499999999999999
 71 92114131142143138128118111110116127141153159157144123 96 69 47 34 3327 1 3QI 443144151516099999999999999 9381102234 3299999999999999
 45 66 92119140153154147134121111108113125141155162159144118 87 57 33 2127 1 4QI 54015516131629999999999999910521082320 2199999999999999
 24 40 67100130153164163151133116105102110126145161168161141110 75 42 1927 1 5QI 62216517 3168999999999999991144102999999999999999999999
 10 19 42 76113145166173165148126107 97 98111131154170174162135 98 59 2627 1 6QI 657173174617499999999999999 0 0 101224 9699999999999999
  6  4 20 51 91130161176176161138114 96 90 97116141165179177158124 82 4127 1 7QI 728178182418199999999999999 036  31258 9099999999999999
 11 -2  5 30 68110148173181173151124101 87 87102126154177185176148108 6427 1 8QI 75718119 018599999999999999 110 -21329 8599999999999999
 25  1 -3 13 46 89132165182180163136109 88 81 89110138167185186168133 8927 1 9QI 824183193418899999999999999 142 -41359 8199999999999999
 46 13 -1  5 30 69113152177184173149119 94 79 79 9412015017618718015411427 110QI 85118420 718799999999999999 212 -21429 7799999999999999
 71 32  9  5 20 53 95137169184180160132103 82 74 8110113015917918316713627 111QI 917184204118499999999999999 242  415 1 7499999999999999
 96 56 26 13 19 42 79120156179183170145115 89 73 71 8410813716317617215227 112QI 944184211717799999999999999 312 121536 7099999999999999
119 82 49 29 25 39 67104142169181176157129100 78 67 70 8711213916016715927 113QI1011182215816799999999999999 342 241615 6799999999999999
137106 75 51 40 44 63 92126156174177166143115 88 70 63 69 8711113515115527 114QI1041178224715699999999999999 414 4017 1 6399999999999999
146126102 78 62 57 66 85112140162172169154131104 80 64 59 65 8210412514027 115QI1116173235314499999999999999 450 571755 5999999999999999
144138124106 89 79 78 87104125146161167161145123 97 74 58 52 57 71 9111227 116QI1159167999999999999999999999 536 7719 3 5299999999999999
128136136129117106 98 97102114130146157161156142121 95 70 51 41 43 55 7527 117QI 128137125816199999999999999 642 962022 4199999999999999
 98119134142141135125116111111117128142153160158145124 96 66 42 27 24 3527 118QI 325143141716099999999999999 8271102140 2399999999999999
 57 86115139154158153141128117111113123137153164166154130 97 61 29  8  327 119QI 45515815381669999999999999910141112247  399999999999999
 16 43 79117149170176169152132114104105116136158174178166138 97 53 14-1127 120QI 55617616461799999999999999911271032344-1799999999999999
-16  0 35 80126164186190178154127104 93 95112138167188193177142 94 42 -227 121QI 6431911745193999999999999991219 92999999999999999999999
-27-29 -6 36 89141180200198178147115 90 80 87111144178201204183141 86 3027 122QI 725201183720599999999999999 034-3113 5 8099999999999999
-14-36-32 -2 47105158194207198170133 97 74 69 82113152188210208181134 7627 123QI 8 3208192621299999999999999 121-381347 6899999999999999
 21-19-34-22 14 68127176204208189154113 79 60 61 8111615819421120317212327 124QI 839209201221199999999999999 2 4-341429 5899999999999999
 67 17-14-21 -1 41 95149189206199172133 93 63 51 57 8212116119220319015627 125QI 912207205720399999999999999 244-2115 9 5099999999999999
109 60 20  0  3 29 73124168195200184151112 76 52 46 58 8612315918218717127 126QI 942201214218799999999999999 322 -11550 4699999999999999
139 98 59 32 23 34 64105147179193187164130 93 64 47 46 62 8912215116716627 127QI1011193222816899999999999999 357 231632 4599999999999999
150124 93 66 51 51 67 96130161180183169144112 81 58 47 50 66 9011613714827 128QI1039184232114999999999999999 429 491718 4799999999999999
146134115 95 79 74 79 96120145165173168152128101 76 58 51 54 67 8610612227 129QI11 8173999999999999999999999 5 1 741811 5199999999999999
130131125114104 96 96102116133149159161154140119 97 76 62 54 56 65 78 9427 130QI 035132114416299999999999999 537 951921 5499999999999999
108118124125122117114113117124134143149150145134118 99 80 64 55 52 57 6827 131QI 239125124115099999999999999 6381132050 5299999999999999
 83 99114126132134131126122121122127134140144143135122103 82 63 49 43 4627 2 1QI 447134142014499999999999999 9 11212211 4399999999999999
 58 76 98119135145146141132123116114118126137145148142128106 80 56 38 3127 2 2QI 542147155214899999999999999105011423 7 3199999999999999
 36 52 76105131150158156145129115105103110124141154158151131103 71 43 2427 2 3QI 61715816531589999999999999911401032350 1999999999999999
 19 29 53 85119147164168159140119101 93 96109130152167169156129 94 57 2727 2 4QI 6451681739170999999999999991215 92999999999999999999999
 11 12 31 63102139165176171153127103 86 83 93115142167180176154119 77 3827 2 5QI 711176181718099999999999999 025  91245 8299999999999999
 11  2 13 42 82125160180181166139109 85 74 78 98127158181188176145103 5827 2 6QI 735183185218999999999999999 057  21313 7399999999999999
 21  2  3 25 63108150179188178152119 88 68 65 79107142174192190167129 8227 2 7QI 758188192519499999999999999 126  01341 6499999999999999
 39 10  1 14 46 90136173191187165131 96 68 56 62 8612015718519518315210927 2 8QI 820192195819599999999999999 154  114 9 5699999999999999
 63 27  8 11 35 74121162189193177146107 73 52 49 65 9513416919019017013327 2 9QI 843194203119399999999999999 221  71439 4899999999999999
 90 49 23 16 31 62105149181194186159122 84 55 42 48 7110614417418717915327 210QI 9 619421 618799999999999999 249 161510 4299999999999999
115 76 45 30 34 57 92133169189189170137 99 65 43 38 51 7911514917217716327 211QI 930192214517799999999999999 317 291545 3899999999999999
136103 71 51 47 59 85119154179187176151116 81 52 38 39 56 8511814716316327 212QI 956187223016599999999999999 346 461624 3699999999999999
148125 98 77 66 69 84110138164178176160133101 70 47 38 42 59 8511413614927 213QI1025179232915099999999999999 418 651711 3899999999999999
148138121104 91 87 92107127147163169163147122 94 68 49 41 44 57 7810112127 214QI11 1169999999999999999999999 455 871815 4099999999999999
134138135127117110108111121133146155158154141121 98 74 54 42 40 47 63 8427 215QI 1 1138115415899999999999999 5521081944 3999999999999999
105122134140140135129124122124129137145150151145130109 83 59 40 30 31 4427 216QI 324140133715299999999999999 8 61222123 2999999999999999
 65 92118139153157153144132122116117124136149158158146123 92 60 31 14 1127 217QI 45915715291599999999999999910241162239 1099999999999999
 25 52 87123152171175167150129111100101113133155172176164136 97 55 18 -327 218QI 5501751646176999999999999991127 992336 -799999999999999
 -6 13 48 92136171189188172145115 92 81 86106136167189194178143 95 45  427 219QI 6291911745195999999999999991211 80999999999999999999999
-17-14 12 56108156190202193165129 93 69 62 75104144181205207184142 87 3427 220QI 7 3202183520999999999999999 024-191251 6299999999999999
 -6-22-11 24 75132178205207186148105 68 48 48 70108154193214210181132 7627 221QI 735209192121699999999999999 1 6-221329 4599999999999999
 25 -7-14  6 48103158197212201169124 79 46 32 41 7111616320021420316811827 222QI 8 421220 421499999999999999 145-1514 6 3299999999999999
 65 23  1  5 33 80134180206207184144 97 55 29 25 42 7812516919820418715027 223QI 832210204520599999999999999 221  01442 2499999999999999
104 59 29 20 34 67114160194205193160117 72 38 22 26 50 8913216918818716627 224QI 858205212619099999999999999 254 201517 2199999999999999
131 93 61 44 46 66101142177196193171134 92 55 31 24 35 62 9813516117216527 225QI 92319722 617299999999999999 324 421552 2399999999999999
145117 89 70 64 74 97129160182187174147112 76 48 32 33 47 7310413114815327 226QI 946187225115399999999999999 351 641629 3199999999999999
145129110 93 85 87100121146165175170153127 97 69 50 41 45 59 8010312213327 227QI1011175234913699999999999999 418 841712 4199999999999999
136131122111104102107119134149159161153136115 92 72 59 53 56 66 81 9611027 228QI1039161999999999999999999999 44510218 9 5399999999999999
119124125123120117118121128136143147146139128113 97 82 70 62 61 65 74 8527 3 1QI 143125111914799999999999999 5271171944 6199999999999999
 98111121128132132130128126126128130134135135130120107 92 77 65 58 57 6327 3 2QI 437132131513699999999999999 8331262137 5799999999999999
 75 92110127139145144138130121116115118125133139139132118 99 78 59 48 4527 3 3QI 52414515321409999999999999910441142244 4599999999999999
 53 70 94119140154157151138122109101102111125140151153143124 98 70 47 3427 3 4QI 55115716401539999999999999911241002327 3399999999999999
 35 49 74106136158168164150128107 91 86 94111133154166165150122 88 56 3227 3 5QI 6151681726168999999999999991154 86999999999999999999999
 23 31 54 89125157175177163138110 86 73 76 92119148171181173148112 73 3927 3 6QI 63717818 318199999999999999 0 2 231221 7399999999999999
 19 19 37 70111150177186176151118 86 64 59 71 98133166187190173139 96 5527 3 7QI 658186183819199999999999999 032 171247 5999999999999999
 25 14 25 54 95139175192189166130 91 60 46 51 74111151183198191164123 7827 3 8QI 719193191119899999999999999 1 1 141314 4599999999999999
 40 19 20 41 79125167193197180145102 63 38 33 50 8312716819520118414910527 3 9QI 741199194520299999999999999 128 171343 3399999999999999
 62 33 23 35 66109154188201191160117 73 38 23 29 56 9714318019919617113227 310QI 8 4201202020199999999999999 156 231412 2299999999999999
 89 54 35 37 59 96139177199197174135 89 47 21 16 33 6711115518519518315527 311QI 827201205619599999999999999 224 341444 1599999999999999
117 80 55 48 59 86124162189197183152109 65 31 14 18 42 7912216018218416827 312QI 852197213618599999999999999 253 481518 1399999999999999
139107 80 66 68 85113146175190186164129 88 50 25 16 26 52 8912615617016827 313QI 918191222217199999999999999 323 651556 1699999999999999
153129106 89 83 90108133158176181170145112 77 47 28 25 36 60 9112114415427 314QI 948181232215599999999999999 356 831644 2499999999999999
153143127113104103111125143159168167155133106 77 54 39 35 43 61 8410812827 315QI1024169999999999999999999999 4351021748 3599999999999999
139143140134126121120124131141150155154146131111 88 67 51 42 43 54 71 9227 316QI 1 2143112315599999999999999 5431201924 4299999999999999
113130142147147142136130126125129135141146147140126106 82 60 44 37 40 5527 317QI 325148133414799999999999999 8401252110 3699999999999999
 78104130150161162156143129116109110119133147157157146124 94 64 39 25 2627 318QI 44016315321589999999999999910231092225 2399999999999999
 43 71106140165177176162139115 96 87 91106130155173177164137 99 60 29 1327 319QI 5231781645177999999999999991113 872320 1299999999999999
 17 39 76119157183192182157124 92 70 64 75101135169191194177142 97 53 2027 320QI 5571921740195999999999999991153 64999999999999999999999
  7 17 47 92140179200199177141100 64 45 45 65102146184205204181139 89 4427 321QI 627202182820899999999999999 0 4  71229 4299999999999999
 16 10 28 67116164197208195161116 70 37 24 34 65110158196213205175129 8027 322QI 656208191121399999999999999 044  913 5 2499999999999999
 40 20 24 51 94144186208206179136 86 43 17 13 33 7212216920121119616111627 323QI 724210195221199999999999999 120 191339 1299999999999999
 72 42 33 46 79125169200208192155107 58 22  6 13 41 8513417619920018014427 324QI 750209203220399999999999999 154 331412  699999999999999
104 70 51 53 74110151186203197170127 79 37 12  6 22 5610014417619018416127 325QI 815204211019099999999999999 225 501444  699999999999999
128 96 74 67 77102136170192195178144101 59 27 12 16 38 7311314817017516427 326QI 839196214817599999999999999 254 671517 1199999999999999
143117 95 83 85100125154177186178155120 82 49 28 22 32 56 8812014615815827 327QI 9 4186222916099999999999999 322 821550 2299999999999999
147130112100 96103119140160173173159134104 73 50 37 37 50 71 9712013714527 328QI 929174232014599999999999999 350 961629 3699999999999999
143136125115109110118131145157161156142121 97 75 59 51 53 63 80 9811412727 329QI 958161999999999999999999999 4211091718 5199999999999999
133134132127123120121126133141146147142131117100 84 72 65 64 70 80 9210627 330QI 046135103814799999999999999 5131201837 6499999999999999
118127133136135133129126125127129133134134130121110 97 84 74 68 68 74 8427 331QI 317136122013599999999999999 7561252032 6799999999999999
 99115130140146146140132123116114116121128135137133123108 91 75 64 61 6627 4 1QI 42714714531379999999999999910 41142155 6199999999999999
 79 99120140153158154142126110100 98104116131143150147134114 91 69 55 5227 4 2QI 5 01581612150999999999999991047 982246 5299999999999999
 61 81107135157168167154133110 91 81 83 97118141158165159140112 83 58 4527 4 3QI 52516917 1165999999999999991118 812323 4499999999999999
 47 63 91124155174179168145114 86 67 63 74 98128157175179165138104 71 4727 4 4QI 5481801741179999999999999991146 632356 4099999999999999
 40 50 75111147176189182159124 88 59 45 50 72107144175191187165131 92 5927 4 5QI 6101891819192999999999999991214 44999999999999999999999
 41 42 61 95135172193195175139 96 57 33 28 44 78121163192201188159119 8027 4 6QI 634197185520199999999999999 028 391243 2799999999999999
 52 42 53 81120161191202190157112 65 29 13 19 47 9013817920320318314710627 4 7QI 658202193220699999999999999 059 421313 1299999999999999
 72 52 52 71105146183203200175133 83 37  8  2 19 5610515419020519817213527 4 8QI 724205201020699999999999999 130 491346  199999999999999
 97 70 60 68 94130168196203188154106 57 17 -2  1 27 6911916419320018715927 4 9QI 751204205020099999999999999 2 2 601421 -499999999999999
125 94 76 74 89117151182198195171131 83 39  8 -2  9 39 8212916618718817327 410QI 820199213419099999999999999 236 731459 -299999999999999
148119 97 88 92109136164185192180152112 69 33 11  7 22 52 9113116017517427 411QI 852192222617799999999999999 311 881542  699999999999999
161141120107103109125146167180179164137102 67 38 22 20 35 61 9412614916127 412QI 928181233316399999999999999 3511031634 1999999999999999
162154140127118116122133147160167165152130103 75 51 37 35 44 64 9011613727 413QI1016168999999999999999999999 4461161742 3499999999999999
151156153146137129125125130138147153154147133113 90 68 52 45 48 61 8210627 414QI 1 9156113615499999999999999 6291241912 4599999999999999
129146157160156146135124118116121130140148150144129108 85 64 50 47 56 7527 415QI 251160134515099999999999999 8431162046 4799999999999999
101128151166171165150132113100 96101115133150160160147124 96 69 50 44 5227 416QI 355171152716299999999999999 958 962157 4499999999999999
 73103136163179181169146118 93 76 72 83105132158175176162135102 70 48 4127 417QI 4381821637178999999999999991046 722252 4199999999999999
 53 79115151179192186165132 96 67 50 52 70102139171189190171139101 67 4727 418QI 5121921731192999999999999991126 492337 4399999999999999
 44 61 93133170194199183151109 69 40 28 38 66106149184200196173136 97 6527 419QI 54420018182019999999999999912 3 28999999999999999999999
 49 53 77114155188204197170129 82 41 17 14 33 70117162194205195167129 9127 420QI 61320419 120599999999999999 017 481238 1399999999999999
 65 57 69 98137175200204186149102 54 19  4 11 39 8213117319920318715611927 421QI 642205194220499999999999999 054 571311  399999999999999
 87 70 70 89121158189203196167124 75 32  6  1 17 52 9814518019819417414327 422QI 710204202019999999999999999 128 681344  099999999999999
110 87 78 86109142174195198180144 99 53 19  3  8 32 7011515518219018115827 423QI 737199205719099999999999999 2 1 781417  299999999999999
130105 91 90104129158182193185159121 78 40 16 10 22 51 8912816017717816627 424QI 8 5193213418099999999999999 232 891449 1099999999999999
144122104 98103120143167182183168139102 65 37 22 24 41 7010413615916816527 425QI 834185221416999999999999999 3 3 981524 2199999999999999
152134118108107115132151168175170151123 91 62 42 34 41 59 8511313715315827 426QI 9 517523 015899999999999999 33610616 2 3499999999999999
154143130119114116124138152162164155137113 88 66 53 49 57 73 9411613514627 427QI 941164999999999999999999999 4171141648 4999999999999999
150147140132124120121127136146151151144130111 92 76 66 63 68 81 9811513127 428QI 0 3150102915299999999999999 5181201749 6399999999999999
142147148143136129124121123128135140141138129116101 87 77 72 74 83 9711327 429QI 131148115114299999999999999 7 41211912 7299999999999999
129143151153149141130120114112115123131137139136126112 97 84 76 75 82 9627 430QI 251153135213999999999999999 8491122038 7599999999999999
114134150160162155141125109 98 96101113128141148147138122103 86 75 73 8127 5 1QI 341162152414999999999999999 949 952142 7299999999999999
 98121144162171169155134110 89 78 78 89109132151162161149128104 84 71 7127 5 2QI 4171721626163999999999999991029 762231 6999999999999999
 83106133159177181170147117 86 64 55 62 83112142166177173156129101 79 6827 5 3QI 44718117141789999999999999911 3 552313 6899999999999999
 73 91119151177190186164131 92 58 38 36 52 83122158183191182158126 96 7527 5 4QI 5161901757191999999999999991137 342352 6999999999999999
 69 79104137170192197182150107 63 30 16 23 49 90136175198201185155121 9127 5 5QI 5451981839202999999999999991211 15999999999999999999999
 74 74 91121156187203198171129 80 36  7  0 17 5410215118820720418215011527 5 6QI 616203192120899999999999999 030 721247  099999999999999
 89 78 85107140174199206191155106 55 14 -8 -6 20 6311516319720920117614327 5 7QI 64920620 520999999999999999 1 8 781325-1099999999999999
112 91 87 98124156187205202178137 86 37  2-12 -3 28 7412617019820519316727 5 8QI 723206205020599999999999999 147 8614 6-1399999999999999
137111 97 98112138169193203193164121 72 28  0 -8  7 40 8613317119319618327 5 9QI 8 1203214019799999999999999 228 951451 -899999999999999
160134114105109124148174192195181151110 66 29  7  4 20 53 9413616818518627 510QI 843196223418799999999999999 3131051540  399999999999999
174155134119113117131151171184184170142106 69 39 21 20 35 6410013516217627 511QI 931186233717899999999999999 4 61131635 1899999999999999
178169153136123117120130145161172172161139110 79 54 38 36 48 7210213315727 512QI1032173999999999999999999999 5141171738 3699999999999999
171174167154139125116115121133147158162157142119 94 71 56 51 59 7810413227 513QI 048174115616299999999999999 6421151852 5199999999999999
155170175169156139122108102105116132147157158150132110 87 70 63 67 8310727 514QI 158175134015999999999999999 81110220 8 6399999999999999
134158174179173156134111 93 84 86 99118140157165161146124100 81 71 74 8927 515QI 255179151216599999999999999 919 832117 7099999999999999
114142166182185174151123 94 72 63 67 84110139162174173158134108 87 77 8027 516QI 3421851623175999999999999991012 622216 7699999999999999
 97123152177190188170140105 72 50 43 52 76109144171185182165139111 90 8127 517QI 4221911721186999999999999991056 4223 6 8199999999999999
 87107135165188196186160123 83 50 30 28 44 76116154182193188167139111 9227 518QI 4581961810194999999999999991136 262351 8699999999999999
 86 96119150178196197179145102 61 29 15 21 45 8312716619119818816413410827 519QI 5321991853198999999999999991213 14999999999999999999999
 93 93107133164189200192165125 80 40 15  8 22 54 9714117719619718215612727 520QI 6 6200193319999999999999999 031 911248  899999999999999
105 96101120148176195198181148105 60 26  8 10 32 6911315518419719117214527 521QI 639199201119799999999999999 1 9 961323  699999999999999
120104100111133161185197191167129 85 45 18  9 20 47 8713016618719218116027 522QI 712197204719399999999999999 1441001357  999999999999999
135114104107122145171189193180151111 70 37 18 17 35 6610514317218618417027 523QI 745194212318799999999999999 2181041432 1599999999999999
148127112107115132155176188185166135 97 61 35 25 31 53 8512115317418017427 524QI 819189215918099999999999999 25210715 8 2499999999999999
158139122112112123141161177182174152121 87 58 40 36 47 7110213315817217427 525QI 855183223917599999999999999 3281111545 3699999999999999
165150133120114117128144161172173162140112 84 61 50 51 64 8711514116017027 526QI 934174232317099999999999999 4111141625 4899999999999999
168159145131120116119129143156164163151132108 86 69 62 65 7910012414616127 527QI1022165999999999999999999999 5 41161711 6199999999999999
168166157143130119114116124136148154154145130111 93 80 74 78 9010913014927 528QI 015168112515599999999999999 61411418 7 7499999999999999
163169166157143127115107107114126138147150145134118103 90 85 87 9811513527 529QI 112169125215099999999999999 7301071913 8499999999999999
153167172169157140121104 94 93101115131144152151143129113100 92 9310312027 530QI 2 7172142615399999999999999 838 922024 9199999999999999
140159173178172155133108 87 76 75 86106128148160163155140122106 96 9610727 531QI 256178154416399999999999999 931 742129 9599999999999999
125147168182184173150120 89 65 54 57 74101131157174177168150128109 98 9927 6 1QI 3401851645177999999999999991017 532227 9799999999999999
111132157179191188170139102 66 41 32 41 66101139170188191178156131110 9927 6 2QI 42019217381929999999999999911 0 322318 9999999999999999
102117142169191199190164125 81 43 18 14 30 6310715018420220118415813110927 6 3QI 5 11991827203999999999999991143 13999999999999999999999
101106125153181201205189155109 61 21  0  1 25 6611516219621120618615712927 6 4QI 542206191521199999999999999 0 71011227 -299999999999999
109103112135164193210208185144 94 44  6-11 -4 26 7212517220321520618315327 6 5QI 62521120 321599999999999999 0531031312-1199999999999999
126109106119144174201214207178134 81 32 -1-13 -1 33 8213517920721420217727 6 6QI 7 9214205121499999999999999 1391051359-1399999999999999
148123109110125151181205213202170125 73 28  0 -7  9 45 9314318320620919527 6 7QI 756214213921099999999999999 2271081448 -899999999999999
170142120109112129155183203208194162118 71 32  8  6 24 6010615118520320227 6 8QI 846209222820499999999999999 3171091538  499999999999999
187162137117109113129153179196199185155116 75 42 24 24 43 7711915818619827 6 9QI 940200231619899999999999999 4121091629 2299999999999999
195179156132114106110124147169185187175150118 84 57 44 46 64 9413016318527 610QI1040188999999999999999999999 5121061722 4399999999999999
193188172150127109100102115135156171175168149124 97 76 65 68 8411014016727 611QI 0 6193115317599999999999999 6191001819 6499999999999999
184190183167144120101 91 91102121141158166164152133112 94 85 8710012214827 612QI 057190131916799999999999999 728 901920 8499999999999999
170184188180162137112 91 79 78 8810712914916216615914512711010110211213127 613QI 149188145016699999999999999 835 77202810099999999999999
153173186188178157130101 78 64 63 74 9612114616417216815613812211211112027 614QI 240188161017299999999999999 935 62213611099999999999999
137158177188188175150119 88 63 49 50 65 9012115017118017716414612811711527 615QI 3291901714181999999999999991028 48223811499999999999999
124142163182191188171142107 73 48 36 41 60 9112715918018918416814712811727 616QI 41619218 6189999999999999991113 36233211599999999999999
117127147169187195187164130 92 57 34 27 37 63 9913817019019518616614312427 617QI 5 01951849195999999999999991155 27999999999999999999999
115117132154177194197183155116 76 43 24 23 40 7211215218219719718215913627 618QI 541197192719999999999999999 0171141233 2199999999999999
119113120138163186199196176142101 61 32 19 25 50 8712916619220019317414927 619QI 62120020 220099999999999999 0571131310 1999999999999999
127113113125147173194202192166128 85 48 25 20 34 6510514617919719818516227 620QI 658202203420099999999999999 1321121345 2099999999999999
137118111116133158183199201184152112 71 40 24 28 49 8412416218819819217427 621QI 73520221 619899999999999999 2 61111419 2399999999999999
149127113111121142168190200195172137 97 61 37 30 41 6810514417519319518327 622QI 810201213719699999999999999 2391101453 3099999999999999
161137118109113127150174192196184158122 86 57 41 42 59 9012616018519418927 623QI 84619722 819499999999999999 3141091526 3999999999999999
172150128113108115133155177189188171144111 80 58 51 58 8011114417318919227 624QI 925190224019299999999999999 35210816 0 5199999999999999
181162140120108107117135156174182177159133105 81 66 65 7710013015918019027 625QI10 7182231519199999999999999 4361061636 6499999999999999
187173153131114104105115133152167172166150128106 88 79 82 9611814416818427 626QI1058172235518899999999999999 5261031716 7899999999999999
188182166146124107 98 99110126145159164160148131113 99 94 9811113115317327 627QI12 5164999999999999999999999 625 9718 5 9499999999999999
184186178161139117 99 89 89 9911613515116016015313912511310811112213915827 628QI 041187133216199999999999999 729 8819 910899999999999999
175185185176157133108 88 76 75 8510412714716116716315313912712012012914327 629QI 13418615 416799999999999999 833 74202711999999999999999
161177187187176155127 98 73 58 57 70 9312114816817817716715213712712413127 630QI 233188162417999999999999999 934 56214712499999999999999
145163180192192179153120 85 56 39 39 55 8311915317919219218016214312912427 7 1QI 3311931728194999999999999991031 37225612499999999999999
130146167187200199183152112 70 37 20 22 43 7812116219220620418916614312727 7 2QI 4282021822207999999999999991124 18235412199999999999999
121129148173196210208187149103 56 20  3  9 36 7912817320521821219216513827 7 3QI 5222111911218999999999999991215  3999999999999999999999
121117128151180207221215189146 93 43  7 -7  3 36 8513818521522521418915827 7 4QI 614221195722599999999999999 04611713 5 -799999999999999
130114113128155188216228219188140 85 35  1 -9  7 45 9715219722322621018127 7 5QI 7 6228204022899999999999999 1341111353 -999999999999999
148120106109128159194221230217183133 78 32  3 -1 19 6111416720622522220127 7 6QI 756231212122799999999999999 2211051440 -399999999999999
169135110 99106128161196220226210174126 76 36 14 16 41 8313418121222321327 7 7QI 84622722 022399999999999999 3 8 991525 1299999999999999
188155123101 94103127160192213215198164121 79 47 34 41 6810915419221321627 7 8QI 937217223821799999999999999 356 9416 9 3399999999999999
201173141112 93 89100124155183200200185156120 87 65 59 70 9613317019721027 7 9QI1032202231521099999999999999 447 891652 5899999999999999
206187160129103 88 85 96119146170184184172151125101 87 85 9812115117919727 710QI1134186235320399999999999999 541 851737 8499999999999999
203195175149121 98 84 82 9111113415516817216515113411810911012013916218127 711QI1251172999999999999999999999 641 81182710899999999999999
193195185166142116 94 80 77 8510112114115716516415714613512812813514916527 712QI 038196142816699999999999999 748 77193212799999999999999
179188188179161138112 90 75 70 76 9111113315216517016715814814013714015027 713QI 13318916 517099999999999999 858 70205813799999999999999
163175184185177160136109 85 68 61 67 8210613215517217917716815514413813927 714QI 23918617151799999999999999910 3 61222413799999999999999
147160174184187179160133103 76 58 52 59 7910713716418318918517215514113327 715QI 34518718 4189999999999999991058 52232513299999999999999
134143159177189192181159128 94 65 47 43 55 8111514917819419718716914913327 716QI 4421921842198999999999999991143 43999999999999999999999
125129143164184197197182154118 81 52 37 39 58 9012916519120320018316013827 717QI 531199191520499999999999999 0101251222 3699999999999999
123119129148173195206201179144104 66 40 31 41 6810614718220320719617314727 718QI 612206194520899999999999999 0461191258 3199999999999999
125114117133158185206211199170130 87 52 32 32 51 8512716819721020518615827 719QI 650212201221199999999999999 1181131331 3099999999999999
131113108119141170197213212191156113 72 43 32 41 6810815118720821119717127 720QI 725215203821299999999999999 14810814 2 3299999999999999
141117104107124152182206215205178138 96 60 40 40 58 9213417420221320518327 721QI 75921521 421399999999999999 2191041432 3799999999999999
153124105 99109132162191209210193161121 83 56 46 55 8111915919321121119427 722QI 833212212921399999999999999 251 9915 1 4699999999999999
166135110 96 98113140170195206200177144107 77 60 60 7710814518020521220227 723QI 9 9207215521299999999999999 324 951529 5899999999999999
179149120 99 91 98118146174193198187162131101 80 72 8010213316619420820627 724QI 947198222220999999999999999 4 1 9116 0 7299999999999999
189163133107 91 89 99121147172186187174152126104 90 9010212515318019920427 725QI1032188225320499999999999999 442 881633 8899999999999999
196176149121 99 87 87 9912014416517617616614812911410611012214316618619727 726QI1129178233019999999999999999 530 85171310699999999999999
197186165140114 94 83 83 9411313515416616916415314012912512813815317018527 727QI1250170999999999999999999999 630 8118 712599999999999999
192190180160136111 90 78 75 8410112214316016917016415514614114014615616927 728QI 020193143817099999999999999 743 75193514099999999999999
180188188180162138111 86 69 62 68 8510913515817418218017216115114514515227 729QI 133189161818299999999999999 9 2 62212814499999999999999
164177188193187170143111 80 56 45 49 68 9713116318619719718617015414213927 730QI 2581931726198999999999999991014 45225213999999999999999
145159177195204199180148109 70 40 26 31 55 9113417320121421019417114813227 731QI 4132041816214999999999999991114 26235012899999999999999
128137156182206218214191152104 58 24 10 19 49 9414418821722721719416313527 8 1QI 51621918592279999999999999912 7 10999999999999999999999
118116130157190219233226197151 96 46 12  1 16 5310516020523123421618414827 8 2QI 611233193823699999999999999 0371151255  199999999999999
118102105126161199230243231197145 87 38  7  3 25 6912518022123923320716827 8 3QI 7 2243201424099999999999999 1211011340  199999999999999
129100 89 98125165207237245229190136 80 36 13 17 45 9315020023223922318927 8 4QI 751246204824099999999999999 2 4 891422 1199999999999999
147109 84 79 94126169210235238218178127 78 43 30 41 7412317421523523120727 8 5QI 838240212023699999999999999 246 7915 2 3099999999999999
168127 92 74 74 94129170206226224202164120 82 58 55 7210715219422222921627 8 6QI 925228215122999999999999999 328 721540 5499999999999999
186147110 82 69 75 97131167196209205184153120 93 80 8510513717420421921627 8 7QI1014210222022099999999999999 412 691616 8099999999999999
197166131 99 78 70 7910013016018119018617014712511010511313316018620420927 8 8QI11 9190225120999999999999999 458 70165110599999999999999
200179151121 95 79 75 8310212514816517317116214913612812813615217018719627 8 9QI1220173232819799999999999999 550 75173212799999999999999
196186167143118 98 84 80 86 9911713515116116416215715014614515015917018027 810QI14 7164999999999999999999999 655 80183414599999999999999
185184176162143122103 89 82 84 9310712514215616616916816315715315315616327 811QI 02218616 816999999999999999 819 82203715399999999999999
170176178175164147127106 89 79 77 84 9911914116117418017917116115214714727 812QI 154178171518199999999999999 943 76222614699999999999999
153163173180180171154130105 83 70 67 75 9512114917218719118617215614313627 813QI 3301811754191999999999999991045 66232113599999999999999
137147162178188189179157128 97 72 58 58 72 9813116318720019918616514512927 814QI 4351901824201999999999999991131 56235712499999999999999
124130147168189200199182154118 84 58 47 54 7611014818120320819917715112827 815QI 52420218512099999999999999912 8 47999999999999999999999
115116130154181203212204180143103 68 46 43 58 9013017020021421019016213227 816QI 6 3212191621599999999999999 0281141240 4299999999999999
111104113136166196216218202169127 85 54 40 47 7311215519321521820317414027 817QI 638220193921999999999999999 0561041310 4099999999999999
112 97 98116147181210224217192152108 69 46 43 61 9613918221222321318715227 818QI 71122420 122399999999999999 124 951338 4299999999999999
117 94 87 98125161196220225209175133 91 60 48 57 8412416820422322119916527 819QI 744225202322599999999999999 152 8714 5 4899999999999999
127 96 80 83103136174206222218194156115 80 60 59 7811215419321922421017927 820QI 817223204622599999999999999 221 791431 5799999999999999
141104 80 73 85112148185210217205176139104 78 70 7910514118021022321619127 821QI 85121721 922399999999999999 252 731458 7099999999999999
156118 87 71 72 91121158189207206189160128101 86 8710313216619721521620027 822QI 928209213421899999999999999 325 691526 8499999999999999
171135101 77 68 76 9812916218719719217515012510710110912815418220321120427 823QI101019822 121199999999999999 4 2 68155610199999999999999
183153120 92 74 70 8110213115817718518016614813112112113014716818820020127 824QI11 4185223420299999999999999 446 70163212099999999999999
190169142114 91 76 74 8310112514716417217116415414413914014715917318519227 825QI1225173232219299999999999999 543 73172213999999999999999
190181164141117 95 81 75 79 9211113215116417117116716115615315516016717627 826QI1435172999999999999999999999 7 5 75191215399999999999999
182184180168149126103 83 70 68 76 9411714216317818518417716815815215115627 827QI 052184162118699999999999999 843 67214115199999999999999
165177186188181164138108 80 59 51 57 7710714017119320220018817015213913527 828QI 24918917172039999999999999910 4 51225313599999999999999
142157177195204200180148109 72 44 33 41 6710614918621121921018916113612027 829QI 41320517582199999999999999911 5 33234011699999999999999
117129154183210223218193153105 60 30 20 34 6811616520622822921117914311327 830QI 5142241833231999999999999991154 20999999999999999999999
 97100121155194226239230198150 96 49 21 17 39 8113518722524023020116011827 831QI 6 723919 624099999999999999 021 961238 1599999999999999
 88 77 88118161206238249233195142 87 43 22 26 5610516121023924222118113427 9 1QI 655249193724499999999999999 1 0 771319 2099999999999999
 92 67 63 82120169214243248227185132 81 46 34 47 8413518722724323320115527 9 2QI 74124920 724399999999999999 139 621358 3499999999999999
107 70 52 57 83126176217240238212170122 81 57 56 7711616520823423721517627 9 3QI 825242203523999999999999999 217 511433 5499999999999999
129 85 56 47 59 90134179213227220194156117 89 77 8410914718821923122119227 9 4QI 9 922721 223199999999999999 255 4715 7 7699999999999999
151107 72 52 50 6810014017720220919917614611910210011313917120021821719927 9 5QI 954209212922099999999999999 334 491539 9999999999999999
168130 94 68 57 61 8010914217018618918016314312712012313815918320120719927 9 6QI1043190215620799999999999999 414 56161012099999999999999
178150119 92 74 68 74 9111413915816917216715714613913714215416918319119127 9 7QI1147172222719299999999999999 459 68164513799999999999999
181163141117 98 85 80 85 9711313014515616116215915515215115315916717417727 9 8QI1340162231517899999999999999 6 0 80174715199999999999999
176169157141124108 96 90 89 9510612013514915916616816616215815515415716027 9 9QI1559168999999999999999999999 732 89203815499999999999999
165167166160149135119103 92 86 88 9711213115016617617917516615614714214327 910QI 115167165417999999999999999 916 86222214299999999999999
149158167172170161145124103 86 77 78 9011013616017918918817816214513212727 911QI 3181721725190999999999999991023 7623 412799999999999999
131143159175184183170149121 95 75 66 71 9011714917719419919117214912811527 912QI 42518517511999999999999999911 8 66233411399999999999999
114125145169189198193174145111 81 62 58 71 9913416919520720318415712810727 913QI 5101981814208999999999999991142 58999999999999999999999
 99106127155184204210197170133 95 66 53 58 8111715719121221419716813410427 914QI 548210183621599999999999999 0 1 991213 5399999999999999
 87 88105136171201218215193158116 79 56 53 6910114318321222121018114310627 915QI 622219185722199999999999999 028 851241 5299999999999999
 80 72 84112150188216225212182141 99 68 55 62 8812817120622422019515711427 916QI 655225191822599999999999999 055 7213 8 5499999999999999
 80 62 64 87124167204225224202165123 86 64 63 8111515719722222620817212827 917QI 728227194022799999999999999 122 601335 6199999999999999
 86 59 51 65 97139182214225215187148109 81 70 7910514318321422621618714427 918QI 8 122520 322699999999999999 151 5114 2 7099999999999999
100 64 46 49 72110154193216218201170134102 85 8510213216920222122019816227 919QI 836220202722399999999999999 221 451430 8399999999999999
118 78 51 43 55 84123165196210206185156126104 9710512615618720921620517727 920QI 914211205321699999999999999 254 431459 9799999999999999
139 99 66 48 48 65 9513316719119819017114812711411512614717219420720418727 921QI 957198212120899999999999999 331 46153011399999999999999
158123 90 65 53 57 7410213416217918417716414813513013314416017819219619027 922QI1053184215619699999999999999 415 5316 713099999999999999
172147119 92 72 63 66 8010212714916417117016415614914614715416317318118327 923QI1222172224918399999999999999 515 6317 914699999999999999
178166147125103 84 73 70 78 9311313415216517217316916315815415215516016727 924QI1439173999999999999999999999 644 70194815299999999999999
172174169158140118 96 78 68 68 79 9812214716818218718317416114814013814327 925QI 04717416 418799999999999999 830 67214613899999999999999
154167178182175158133104 77 60 55 65 8711915218019820219317515213211811627 926QI 254182164920299999999999999 950 55224011599999999999999
126146170190200195175143106 71 48 43 56 86126166198214213195166133106 9227 927QI 4122011725216999999999999991047 432321 9199999999999999
 94113144178206219212186146101 63 40 38 58 96143187217227215185145106 7727 928QI 5102191757227999999999999991134 362359 6799999999999999
 67 78107148191222234222189143 94 56 38 43 72116166208231230206165117 7627 929QI 6 02341827234999999999999991216 37999999999999999999999
 51 49 69108157203233240222183134 88 55 45 59 95143191225236222186137 8727 930QI 646240185623699999999999999 036 471255 4599999999999999
 49 32 39 69115168212236236213172125 85 62 62 831231692102332302041601082710 1QI 730239192523599999999999999 112 321331 5999999999999999
 61 31 24 40 77127177214231224197158118 88 76 841111501912202292141791322710 2QI 812231195222999999999999999 148 2414 5 7699999999999999
 83 45 25 27 51 90138181210218206180146115 97 951091371722032202161921532710 3QI 854218201922199999999999999 224 231438 9399999999999999
108 67 39 29 39 661051471801992011871641381181101151321581852042091961692710 4QI 935202204621099999999999999 259 2915 911099999999999999
131 93 62 44 42 57 831171501731851831711531371261241321481691871961921762710 5QI1020185211419699999999999999 336 41154012399999999999999
149118 88 67 57 59 74 971231471631701681601501401361371441561691791821752710 6QI1117170214618299999999999999 417 56161913599999999999999
159138114 93 78 72 75 871031221391521591601581531481451451491551611661662710 7QI1249160223316799999999999999 510 72172914599999999999999
161150136119104 92 86 86 921031171311441541601621601561501461441451481522710 8QI1458162999999999999999999999 631 85201014499999999999999
155155150142130117104 94 89 90 971101261431581671711681601491391321301342710 9QI 02915516 117199999999999999 819 89214813099999999999999
141150157158154142127109 94 85 83 91107128150169179180172156139123115115271010QI 247158163518199999999999999 938 83223011399999999999999
123138154166171166152130107 88 77 77 90112139165184190184167144120102 96271011QI 4 017117 2190999999999999991028 7523 0 9699999999999999
102119142165181185175155127 99 78 69 75 95125157183198197180153122 95 80271012QI 44818517251999999999999999911 5 692328 7899999999999999
 80 96123154181196195179150117 87 69 67 81110145178201207194166129 94 69271013QI 5271981748207999999999999991138 662355 6199999999999999
 61 71 98134171198208200175140104 77 66 72 96131169199213206181142 99 64271014QI 6 320818112139999999999999912 8 65999999999999999999999
 46 48 70107151189212214197165127 93 72 70 86117156192214215195158112 68271015QI 638216183421899999999999999 023 441238 6899999999999999
 39 30 44 77122168203219213188152115 86 74 81105141179209219208176130 82271016QI 713220185921999999999999999 052 3013 8 7499999999999999
 42 22 25 49 90139183212219205176139106 86 84 99128164197216215191151103271017QI 749219192621899999999999999 123 201338 8399999999999999
 57 25 15 28 60106154192212212193162129104 93 99119149182206214202171127271018QI 827215195421499999999999999 156 151410 9399999999999999
 80 41 19 18 38 74119162193205199179151126109106116138165191206204185151271019QI 9 9206202520899999999999999 233 16144310599999999999999
109 68 37 23 28 51 86127163186193186168146128119120132151173191198190168271020QI 95719321 019899999999999999 314 23152211899999999999999
136100 66 43 34 41 63 94128157175180175162148136131133142156171182185176271021QI1058180214418599999999999999 4 3 34161213099999999999999
157131102 75 56 48 53 70 94122146163171171164154146140139143150160168171271022QI1225172225617199999999999999 5 6 48174313999999999999999
167154135112 90 71 61 61 71 90113137156169174171163153143135133135143153271023QI14 8174999999999999999999999 631 6020 013399999999999999
161164160148129107 85 70 63 68 83106132157174183181170154136121113114124271024QI 059164151918399999999999999 8 6 63212411299999999999999
140156169172165147122 95 73 61 63 79105136165186194188171145119 98 88 91271025QI 25117316 519499999999999999 922 602215 8799999999999999
107132159180189182162132 99 72 58 61 80112148180200204190162127 93 70 62271026QI 4 61891642204999999999999991021 572257 6299999999999999
 71 97132167194204196171135 99 70 58 65 89126165197212207182144101 64 42271027QI 5 320417152129999999999999911 9 582336 3899999999999999
 40 59 94138179207215203173133 96 70 62 75105145184211217201165119 72 36271028QI 5532151747218999999999999991152 62999999999999999999999
 20 27 55 99148191216219201168127 93 73 72 92126166201218213186142 91 45271029QI 639221181721999999999999999 013 201231 7099999999999999
 16  9 25 61110160199219216193158121 92 80 87111147184210217201165116 66271030QI 722220184821799999999999999 048  813 8 8099999999999999
 26  5  8 32 74124171203214205180146115 95 91104131165195211207182140 92271031QI 8 3214191821299999999999999 124  41343 9099999999999999
 47 16  6 17 47 911381772002041901651361131011041211481771992051911601182711 1QI 842205194820599999999999999 159  6141710099999999999999
 74 37 17 16 33 661071471771921901741521291141091171361601821951921721392711 2QI 922193201919699999999999999 234 14145110999999999999999
101 64 37 26 32 53 851201521731811751611421271181181281451651801841751542711 3QI10 3181205218499999999999999 310 26152611799999999999999
124 91 63 45 41 50 71 991281521661691631521381281231261351481621711701602711 4QI1050169212917299999999999999 349 41161012399999999999999
140115 90 70 58 57 67 851081301481581611571491391321281291351441531581572711 5QI1150161221815999999999999999 434 56171412899999999999999
148133114 95 80 72 71 79 931111291441541581561501421341291271291341411462711 6QI1311158234114799999999999999 533 71185812799999999999999
147142133119105 92 84 81 86 961111281431551611611551441331231161161201282711 7QI1428161999999999999999999999 652 81203711599999999999999
137143144139129116102 91 85 87 96111129147161168166157142124109100 991062711 8QI 143144152016899999999999999 818 852135 9899999999999999
119134146152150140125108 93 85 86 96114136157172177170154131107 88 79 822711 9QI 316152155617799999999999999 925 842215 7999999999999999
 96116138156165162149130108 91 82 85100122148171183183168142111 83 64 59271110QI 4171651627185999999999999991015 822249 5999999999999999
 69 92121150170179172154130105 86 80 88108136164185192183158122 85 55 40271111QI 5 41791656192999999999999991057 802321 3899999999999999
 42 62 95132165186190178154125 99 83 82 96121153181197195175139 96 56 28271112QI 5451911725199999999999999991134 802353 2099999999999999
 20 33 63105148182199197179149118 93 82 88108138171196204191160116 68 29271113QI 6242011755204999999999999991211 82999999999999999999999
  7  8 31 71120164196207198174142111 91 86 98123156187205203181140 91 43271114QI 7 3207182620799999999999999 027  51247 8699999999999999
  8 -5  5 37 84134177203208194166133106 92 94111139172197207197166120 69271115QI 74420919 020799999999999999 1 3 -51323 9199999999999999
 24 -4 -8 10 48 97147185204203185156127106 98105125153182202204185149102271116QI 826206193620599999999999999 142 -914 2 9899999999999999
 53 15 -5 -3 20 61109154186199194175149124108105115136162186199194172135271117QI 912199201619999999999999999 224 -7144410599999999999999
 90 47 15  2  8 34 73117156182191184166144124113113123141164182190183160271118QI10 219121 219099999999999999 310  1153211199999999999999
125 86 50 24 15 23 47 83121154175182176161142126117117125140158172178171271119QI1059182215717899999999999999 4 2 15163411699999999999999
151122 90 60 39 31 39 59 90122151169176172159143128118114119130145158164271120QI12 4176231216599999999999999 5 1 31175611499999999999999
161148126100 75 56 48 52 69 94123149166174171160144127113105105113127142271121QI1314174999999999999999999999 610 48192810499999999999999
153157151136115 92 73 63 64 76 98124149168177174161142120100 88 85 93109271122QI 052157141717799999999999999 726 622044 8599999999999999
129147158159149130108 87 74 72 82102129154174182177160135106 81 66 63 73271123QI 23516015 818299999999999999 841 712143 6299999999999999
 95121147164170162144120 97 81 78 87109136163182188178154122 87 58 42 42271124QI 355170155218899999999999999 946 772231 4099999999999999
 57 86120152174182174153127102 85 82 94117147174190191174143103 64 34 21271125QI 4581821632193999999999999991042 822314 2099999999999999
 26 49 85126162185191181157128102 87 87102128159184196190165126 82 41 14271126QI 5511911710196999999999999991131 852354  699999999999999
  6 18 49 92136173194196181154124100 89 93112140170192197183151106 60 22271127QI 6371971747198999999999999991215 89999999999999999999999
  0 -1 20 57104149183198195176147118 98 92101123153180196194171133 86 41271128QI 719199182219899999999999999 032 -31254 9299999999999999
  8 -6  2 30 72119161189197188165137111 96 96110135164187196185156113 67271129QI 758197185719699999999999999 1 8 -61331 9499999999999999
 27  2 -3 13 46 90134170190191177152126106 97103120146172189190172138 95271130QI 835193193219299999999999999 144 -414 7 9799999999999999
 53 20  4  7 29 651081471751861811631391171021001101301551761861791561212712 1QI 91018620 718699999999999999 219  31441 9999999999999999
 80 44 20 12 23 49 851241561751791691501281111021051181381591751781661402712 2QI 945179204317999999999999999 254 12151710299999999999999
106 71 42 26 26 42 691031361601721701581391211081041091231411581681661512712 3QI1021172212116999999999999999 330 24155710499999999999999
126 96 67 46 38 43 61 871171431611671621491321171071051111231391521581532712 4QI11 116722 515899999999999999 4 7 38164710599999999999999
138116 92 70 56 52 60 781021271471601621561441291151061031081181311421462712 5QI114616323 214699999999999999 448 52175110399999999999999
142130113 94 78 68 67 75 91112133149159160154141126111101 97 991081201302712 6QI1239161999999999999999999999 537 6619 7 9699999999999999
136136128116102 89 81 80 87100118136151160161153139122104 91 84 86 951082712 7QI 025137133616199999999999999 639 792019 8499999999999999
122132136134125113101 92 89 94106122140154163163154136114 92 75 67 69 812712 8QI 2 8136143016499999999999999 753 892117 6699999999999999
 99118134144144137125110 99 94 97109126144160169166152129101 74 54 46 522712 9QI 335145151816999999999999999 9 7 9422 5 4699999999999999
 69 95121143156158149134116102 95 99112131152169175169148117 82 51 31 26271210QI 43915916 1175999999999999991011 952247 2699999999999999
 38 63 97130157171171159139118101 95100116139162179182169140102 61 27  8271211QI 53017316421829999999999999911 4 952328  699999999999999
  9 28 63104143172185181164140115 99 94103123149174188186166129 83 38  5271212QI 6161851724190999999999999991151 94999999999999999999999
-10 -3 25 68115158185195186164136111 96 94107132161185196188160116 65 19271213QI 7 019518 519699999999999999 010-101235 9399999999999999
-12-22 -7 28 77128170195200186160130105 93 96114142172195201186151102 49271214QI 743200184920199999999999999 053-221318 9399999999999999
  4-22-25 -4 37 89140180200199181152122100 92 99120150180200201180141 90271215QI 827202193320399999999999999 137-2714 2 9299999999999999
 38 -3-24-21  5 50102151185200194172143115 96 92102125155183199195172131271216QI 911200202020099999999999999 223-261448 9299999999999999
 81 34 -1-16 -8 21 65115159187195185162134108 93 91103127155180192186161271217QI 955195211019299999999999999 3 9-171537 9099999999999999
122 77 36  8 -1 11 41 83128165185188176152125102 89 89101123149171180173271218QI104018922 518099999999999999 356 -11632 8799999999999999
151117 79 46 25 20 33 62100138167182181166143118 97 84 84 94114137156165271219QI112618323 916599999999999999 445 201734 8399999999999999
160143117 87 61 46 44 57 82114145167177173158136111 90 77 75 83101122140271220QI1213177999999999999999999999 538 431844 7499999999999999
150150140122100 80 68 67 77 98124148166173168153130105 83 68 63 69 84105271221QI 03115213 517399999999999999 636 661957 6399999999999999
125139146143131115 99 88 86 93109130150165170165149125 98 73 55 48 53 68271222QI 21014614 117099999999999999 746 8521 6 4899999999999999
 90114135147150143130115103 98102114132151165170164146119 89 61 40 32 37271223QI 346150145917099999999999999 9 5 9822 6 3299999999999999
 55 82111137155161155142125110103104115133152167172164143112 77 46 25 17271224QI 5 016115541729999999999999910191022258 1799999999999999
 26 48 81116146165171164147127110101103116135156172175163138102 64 31 10271225QI 55617116441769999999999999911201012343  699999999999999
  6 20 49 87126158176178167146123105 97102118141163178178161129 89 48 16271226QI 64017917301809999999999999912 9 97999999999999999999999
 -1  1 22 58100140170184180163139114 98 93102123149172183178154117 73 33271227QI 718184181218499999999999999 023 -21249 9399999999999999
  4 -6  3 32 73117156180186176154127103 90 92107132159180186173143101 57271228QI 752187185018699999999999999 1 1 -61325 8999999999999999
 19 -3 -5 13 48 92136169185183166140113 93 86 94115143169185184164128 84271229QI 823187192618799999999999999 136 -71357 8699999999999999
 41 10 -3  4 30 69114153178185174152124 99 86 86100125153176186176149110271230QI 85318520 118699999999999999 2 9 -41429 8499999999999999
 67 30  8  4 21 53 94135167182179161135108 88 81 88107134161178180164132271231QI 920183203518299999999999999 240  315 0 8199999999999999
