113107100 93 90 92101114129142149148141128113 96 82 71 66 66 73 83 9410527 1 1QN1028150999999999999999999999 4 7 901825 6599999999999999
111115114112109107109115125136145149147139126110 93 76 62 54 54 60 73 8727 1 2QN 12711511 914999999999999999 5 51071935 5399999999999999
102114122126125122118117120128137144147146138125108 88 68 52 43 43 52 6727 1 3QN 317126121014899999999999999 6441172030 4299999999999999
 87106123134138135129123119121127135143148147140125104 80 57 40 32 34 4727 1 4QN 4 6138132214899999999999999 8121192116 3199999999999999
 68 92116135145147140130121116118125135145151151141122 97 69 45 28 22 2927 1 5QN 439147142415299999999999999 9161162157 2299999999999999
 47 74102128146154150139126115111114124138151157154140116 86 56 32 17 1627 1 6QN 5 915415121579999999999999910 41112235 1599999999999999
 29 54 85116141155157147132117107105113128145158162154134104 72 42 20 1127 1 7QN 537158155216299999999999999104210523 9 1099999999999999
 16 35 66100131151159154139122107100102115134153165164150123 90 57 29 1227 1 8QN 6 41591628166999999999999991116 992342  899999999999999
  9 22 48 82117143157157146128110 97 94102120142160168161140109 75 43 2027 1 9QN 63015917 2168999999999999991148 94999999999999999999999
 10 15 35 66102132152158151135115 98 89 91105127149163165151126 94 61 3427 110QN 655158173616699999999999999 012  91220 8899999999999999
 17 15 28 54 88120145157155141122102 88 84 91110133152161156139111 80 5127 111QN 720157181116199999999999999 040 141252 8499999999999999
 30 21 27 47 77109136153156147129109 91 80 81 93113134150154145125 98 7027 112QN 745156184915499999999999999 1 7 211327 7999999999999999
 48 34 34 46 70 99127147155151137116 96 81 75 80 94114131142143132113 8927 113QN 8 9155193314499999999999999 133 3214 4 7599999999999999
 67 52 46 52 69 93118140152153143125105 86 74 72 78 9210912413213212210627 114QN 835154202713399999999999999 2 0 461448 7199999999999999
 88 72 63 64 73 91112132147152147134115 95 79 69 67 73 8510011312212311627 115QN 9 2152213712399999999999999 228 621544 6799999999999999
105 93 84 81 84 94109125140148149141126107 89 73 63 60 63 73 8710111111627 116QN 934150232111799999999999999 3 1 8117 0 6099999999999999
116111106102101103110121132142147145136122104 86 69 56 49 49 58 72 8810327 117QN1015147999999999999999999999 3471001826 4899999999999999
115121123122120118118121126134141145144136123105 85 64 46 34 32 41 57 7827 118QN 211123111514699999999999999 5371181942 3299999999999999
 99118131138139136130125124126132140146147142129109 84 57 33 18 15 24 4427 119QN 342139124414799999999999999 7541242046 1599999999999999
 71100125143152152145135126121122129139149154151137113 81 48 20  3 -1 1127 120QN 42715314 915499999999999999 9191212143 -199999999999999
 37 71106136156163159146132119113116126142156164161144114 76 39  8-10-1127 121QN 5 416315141659999999999999910151132235-1399999999999999
  6 37 78117148166168158140122108103109125146165174168146111 70 31  0-1627 122QN 53916916 81749999999999999910591032321-1799999999999999
-13 10 48 92131159171166149128107 94 92104126152172179169143105 63 25 -327 123QN 6111711656179999999999999991139 91999999999999999999999
-14 -4 25 67110146166169157135111 91 80 84101128155173177163134 97 57 2327 124QN 640170174217899999999999999 0 3-141217 8099999999999999
  2 -1 16 50 91130157168162143118 93 75 69 79101129154168168151123 88 5427 125QN 7 7168182717099999999999999 040 -31253 6999999999999999
 28 15 21 44 79116147163164150126100 77 64 63 77101127148157153137111 8227 126QN 731166191215899999999999999 113 151331 6299999999999999
 56 39 36 49 75108137157163155135110 85 66 58 62 77 9912113714213712210227 127QN 75416320 014299999999999999 142 351410 5799999999999999
 81 64 57 62 79104130151161157143121 96 75 61 57 63 77 9511212312612211127 128QN 816161205512699999999999999 2 7 571454 5799999999999999
 98 85 78 78 88105125144155157148131109 88 71 61 59 63 74 8710010911311127 129QN 838158221111399999999999999 228 771549 5899999999999999
106100 96 95 99108122136148153149138121103 86 73 63 60 62 68 78 88 9710327 130QN 9 5153999999999999999999999 243 941710 6099999999999999
107108109109111115121130139145145140130117103 89 75 65 58 56 60 68 78 9027 131QN 9391469999999999999999999991849 56999999999999999999999
101110117121123123124126129134137138135128119107 92 77 62 52 47 50 59 7227 2 1QN103813899999999999999999999920 8 47999999999999999999999
 88105119129133133129124122123127131134135132124111 93 73 55 42 37 41 5327 2 2QN 418134124413599999999999999 81012221 4 3799999999999999
 72 93115131141142136127119114115120128136140139130112 89 65 44 30 27 3527 2 3QN 436142141814199999999999999 9211142148 2799999999999999
 53 78105128144149144132119109105108118131143149146132108 80 53 31 20 2127 2 4QN 45714915111499999999999999910 21042225 1999999999999999
 35 60 91120142153151139122106 97 96105121139153157149128 99 67 39 20 1327 2 5QN 5191541551158999999999999991035 952258 1399999999999999
 21 43 75109137153156146128108 92 85 90107129150162161146118 85 53 27 1227 2 6QN 54015716261649999999999999911 5 852327 1199999999999999
 13 30 60 95128151159152134112 91 78 77 90113139159167159137105 70 40 1927 2 7QN 6 115917 0167999999999999991135 762355 1299999999999999
 12 22 48 83118146159157142119 94 75 67 74 94122148164166151123 90 58 3227 2 8QN 62216017341679999999999999912 5 67999999999999999999999
 19 22 41 73108139157160149126100 77 62 61 75101130153164158138109 77 5027 2 9QN 641161181016499999999999999 021 181234 5999999999999999
 32 28 40 66 99131153161154134108 82 61 53 59 79107134153157147125 97 7027 210QN 7 1161184815899999999999999 045 2713 5 5399999999999999
 49 40 45 64 93123148160158142117 90 66 51 49 61 84111134147147135113 8927 211QN 721161193014999999999999999 1 9 401338 4899999999999999
 69 57 56 68 90117141156158148127100 74 55 46 49 64 8610912813713512410627 212QN 741159201913899999999999999 133 551415 4699999999999999
 89 76 72 78 93113134150156151135112 87 65 51 45 50 64 8310211712512411627 213QN 8 4156212312699999999999999 156 7215 1 4599999999999999
105 96 90 92100113129142151150141124103 81 63 51 46 49 59 74 9010411311627 214QN 82915223 711699999999999999 218 9016 7 4699999999999999
114111109108112118126136143146143133118101 83 67 54 45 44 49 60 75 9010327 215QN 9 1146999999999999999999999 2331081746 4399999999999999
112119123125126127128131134137138137131121107 91 73 55 41 34 34 44 59 7827 216QN 9581389999999999999999999991925 33999999999999999999999
 98116129137140138133129126126128132135135131120102 78 54 34 21 19 28 4827 217QN 4 0140123513699999999999999 8331252040 1899999999999999
 74101125143151150142131121114113119129140146145133110 80 50 24  8  6 1927 218QN 421152142214799999999999999 9351132138  599999999999999
 45 78112139156160152136119105 98101113131149160159143114 78 43 14 -1  027 219QN 4471601524161999999999999991015 982226 -399999999999999
 19 52 91128154165161145122101 86 81 91112138160172168146112 73 36  9 -327 220QN 5121661615173999999999999991050 8123 7 -399999999999999
  4 31 70111146165167153129102 79 66 68 85114145169178169143106 66 32  927 221QN 53616917 0178999999999999991124 652344  499999999999999
  4 20 54 95134161170161138109 80 59 51 60 86120151172176162134 97 61 3227 222QN 6 01701743177999999999999991158 51999999999999999999999
 18 22 46 83122153169166148119 87 59 43 42 60 90124153168167150122 89 5927 223QN 621170182517099999999999999 016 171231 4099999999999999
 39 35 49 77113145165169155129 97 67 44 35 42 64 95126149158153135110 8427 224QN 64216919 715899999999999999 045 3413 4 3599999999999999
 63 53 58 78108137160168160139110 79 53 37 35 48 71 9912414014413712110127 225QN 7 1168195114499999999999999 110 531338 3499999999999999
 83 72 72 84106131152163161146122 93 67 47 38 42 56 77 9911712812912211127 226QN 721164203813099999999999999 132 711414 3899999999999999
 99 89 87 93107126144156158149131107 83 63 50 46 50 63 79 9510811511611327 227QN 741159214211699999999999999 150 861457 4699999999999999
107102100102110122136146151147135118 99 80 66 57 54 57 65 76 87 9710410827 228QN 8 4151999999999999999999999 2 01001559 5499999999999999
109110111112116122129136140140135124111 98 85 74 65 60 59 62 69 78 88 9727 3 1QN 8301419999999999999999999991746 59999999999999999999999
106113119122124124125127129130129126120112103 93 82 70 61 55 55 60 69 8227 3 2QN 9 91309999999999999999999991934 54999999999999999999999
 96110122130132130125121118118119121123123120112101 85 69 55 46 45 51 6527 3 3QN 357132122912399999999999999 8401172041 4599999999999999
 83103121134140137129119110106106112120127132130121104 83 62 45 36 37 4827 3 4QN 4 9140141613299999999999999 9221052127 3599999999999999
 67 91116135145145135120106 96 93 98110125137143139124102 76 52 35 28 3327 3 5QN 42614615 614399999999999999 951 9322 3 2899999999999999
 51 78107132148151142125106 89 81 83 95115136150153143122 94 65 40 26 2527 3 6QN 4451521545153999999999999991019 802235 2499999999999999
 39 64 96126148156150132109 87 71 67 77 99125148161158141114 82 53 32 2327 3 7QN 5 31561621162999999999999991046 6723 3 2399999999999999
 31 53 85119145159156140115 88 66 55 59 79108138160167157134103 71 45 2927 3 8QN 5211601656167999999999999991114 542330 2799999999999999
 29 46 75110141159162148123 93 65 47 43 57 85119149166167151124 92 62 4227 3 9QN 5391631732169999999999999991143 432357 3499999999999999
 34 44 69102134157164155132101 70 45 33 39 62 95130156167161141112 83 5927 310QN 55716418 9167999999999999991212 33999999999999999999999
 46 48 66 95127152165160141111 78 49 30 27 41 70105136156161151129103 7927 311QN 615165184816299999999999999 022 451242 2699999999999999
 63 59 69 92120146162163149123 90 59 35 24 28 48 78110137151151139119 9827 312QN 634164193115399999999999999 047 581314 2399999999999999
 81 73 77 93115139156162153133104 73 47 29 24 34 55 8311013014013912811327 313QN 654162202114199999999999999 111 731350 2499999999999999
 99 90 90 98114133149157154140117 90 64 43 31 30 40 59 8110311912712712127 314QN 716157212712899999999999999 134 891436 2999999999999999
113106104108116129141149150143128107 85 64 48 39 37 44 57 74 9110611511927 315QN 739150234011999999999999999 1531041541 3799999999999999
119118118119122128134139141139132120106 89 73 59 48 42 43 50 62 78 9310727 316QN 8 5141999999999999999999999 1551181724 4199999999999999
117124129131131130129129129129128126121113101 87 70 54 42 37 40 50 67 8627 317QN 3321319999999999999999999991911 37999999999999999999999
106123135141140135128120115113116121126129127117101 79 57 39 29 30 41 6227 318QN 32614113 912999999999999999 8541132026 2899999999999999
 88113134147150143130116103 96 96105119133143143132111 83 55 33 22 24 4027 319QN 346150143314499999999999999 926 952121 2199999999999999
 67 99128149157152137116 96 81 75 82100123144158157142115 83 52 29 19 2627 320QN 4 7157152915999999999999999 957 7522 5 1999999999999999
 49 82117145161161146122 95 72 58 58 74101131157169165145114 79 49 29 2427 321QN 4291631616170999999999999991029 562244 2499999999999999
 39 68104138161167156132101 70 48 39 47 72107141166175166141109 75 48 3427 322QN 45116716591759999999999999911 2 392318 3399999999999999
 38 60 93129157170164143111 77 47 29 28 45 78116149170173159133102 72 5227 323QN 5121701741174999999999999991134 262349 4699999999999999
 47 59 86120151169170153124 88 54 29 18 26 51 87124153167165148123 96 7327 324QN 53317118221689999999999999912 6 18999999999999999999999
 61 65 84113143164171161136102 67 37 19 17 32 61 97129151159153136113 9227 325QN 55317119 215999999999999999 017 611237 1699999999999999
 78 75 86108135157168164145116 83 52 29 19 24 44 7310412914514713912410727 326QN 614169194414899999999999999 042 7413 9 1999999999999999
 93 87 91106127148161163150127 98 69 44 29 27 37 57 8210712513513512711627 327QN 635164202913699999999999999 1 6 871342 2699999999999999
105 98 98107122138152157150134111 86 63 46 37 39 50 67 8710511812412411927 328QN 657157212712499999999999999 128 971420 3799999999999999
113108106110118130141147145136120100 81 64 53 48 51 59 71 86 9910911511727 329QN 721147232211799999999999999 1501061511 4899999999999999
117115115115118124130135136132123111 97 84 72 64 59 58 62 70 80 9110211027 330QN 747136999999999999999999999 2101151635 5899999999999999
116120122122122121122123124123121116109101 92 82 73 65 60 60 65 74 86 9927 331QN 239123 82012499999999999999 5101211831 6099999999999999
111122128130128123117113110111112115116115110102 91 78 66 57 55 59 70 8627 4 1QN 25713012 411699999999999999 8241101952 5599999999999999
103119131137136128117106 98 96 99106115122125121111 95 78 62 52 49 56 7227 4 2QN 317137135612599999999999999 855 962045 4999999999999999
 92114132142143135120103 89 81 83 92107123134137131115 95 73 56 46 47 5927 4 3QN 336144145013799999999999999 923 812125 4599999999999999
 81106129145150143126105 84 69 65 73 92114135147148136115 90 67 50 44 5127 4 4QN 354150153314999999999999999 950 652159 4499999999999999
 70 97124146155151134109 83 61 50 53 71 98127149159155137112 84 61 48 4827 4 5QN 4121551611159999999999999991018 492230 4699999999999999
 62 88118143158158143117 87 58 39 34 47 74109140161167156134105 79 59 5127 4 6QN 4301601649167999999999999991046 3423 1 5199999999999999
 59 81110139159164153128 95 61 35 21 26 48 83121152169168153127 99 76 6227 4 7QN 4491641728171999999999999991116 212330 6099999999999999
 61 76103132156167161140107 71 38 16 11 25 55 95132159170164145120 95 7727 4 8QN 51016718 8170999999999999991147 11999999999999999999999
 70 77 98125151166166150121 85 49 21  6  9 31 65104138159165156137114 9527 4 9QN 531168185116599999999999999 0 0 701220  599999999999999
 83 84 96119143161167158135102 66 34 13  5 15 40 7511013815315514512911127 410QN 554167193815699999999999999 029 821256  599999999999999
 99 94100115135153163160144118 87 55 29 14 12 24 49 8010913214314413612427 411QN 618163203314599999999999999 057 941337 1199999999999999
113106107115128143154156148131106 78 53 33 22 22 34 55 8010412213213413027 412QN 644157214713499999999999999 1271051427 2199999999999999
124118116118125134142147145136120100 79 59 43 34 33 42 57 76 9611212312827 413QN 714147234612999999999999999 2 21161535 3399999999999999
129128125124124126130133134132126116103 88 72 57 47 42 45 55 71 8810511927 414QN 755134999999999999999999999 32112417 7 4299999999999999
129133134131127122118117117119121121119113102 87 71 56 47 46 53 67 8610627 415QN 135134104812199999999999999 7211171841 4599999999999999
123135141139133122111102 98 99105114123128127117101 81 63 50 46 52 68 9027 416QN 218141131712999999999999999 819 971954 4699999999999999
113133145148141127109 92 80 76 82 96114131141141130111 88 66 51 47 56 7627 417QN 246148143114299999999999999 855 762048 4799999999999999
101127146154151136114 89 69 57 57 70 93119142154153139116 90 67 54 53 6627 418QN 312155152615599999999999999 929 562133 5299999999999999
 90118143158159147123 94 66 45 37 44 66 97129153164160142117 90 69 59 6327 419QN 33616116141659999999999999910 2 372213 5999999999999999
 82109137158166158136105 71 43 25 23 39 69106139162169161141114 89 72 6827 420QN 4 01661657169999999999999991036 222248 6899999999999999
 78101130154168166148119 83 49 23 12 19 43 79117148167169157135110 89 7827 421QN 42316917391709999999999999911 8 122321 7799999999999999
 80 96121147166170159133 98 62 31 12  9 23 53 91127154166163149127106 9027 422QN 4471711819167999999999999991141  82352 8599999999999999
 86 94114139160170165145114 79 45 20  9 14 35 6710313415416115413911910327 423QN 5111701858161999999999999991213  8999999999999999999999
 94 95109129151165166153128 96 63 35 18 14 25 49 8111213615015214312911427 424QN 536167193815299999999999999 021 931245 1399999999999999
102 99106121140156162156138111 81 53 33 22 25 39 63 9111613514314213312227 425QN 6 2162202114399999999999999 050 991319 2199999999999999
111105106115130144153153142123 98 73 51 36 32 38 53 74 9711713013513312627 426QN 629155211213599999999999999 1201041356 3299999999999999
118111109113121132142145141129111 90 70 54 45 44 50 63 81 9911412412912827 427QN 7 0145222012999999999999999 1551091441 4399999999999999
124119115114116122129133134129118104 88 74 62 55 54 59 70 83 9811112112627 428QN 736134235212799999999999999 2481131541 5499999999999999
127125122118115115116119121122119113104 93 82 72 65 62 65 72 83 9711012127 429QN 838122999999999999999999999 44311517 4 6299999999999999
128131129125118112107105106109113115114109101 91 81 72 67 67 73 84 9911427 430QN 1 8131111111599999999999999 7 61051831 6699999999999999
126134136133124112101 93 90 92100109117121119112101 88 76 69 68 74 8810527 5 1QN 151136131412199999999999999 8 2 901938 6799999999999999
122135142141132117 99 84 74 73 81 95111125132131122108 92 78 69 69 79 9627 5 2QN 221142142313399999999999999 838 722029 6899999999999999
116134146148141124102 80 62 55 59 74 97120137145143130112 93 78 71 74 8727 5 3QN 245149151414699999999999999 9 9 542113 7099999999999999
108130147155150134109 81 56 40 37 49 74104132151158151135113 93 79 75 8227 5 4QN 3 9155155915899999999999999 941 362152 7499999999999999
100124146159159146121 89 57 32 20 25 46 79115145163166156136113 93 82 8227 5 5QN 3331611642167999999999999991014 202229 8099999999999999
 95116141159166158135103 66 34 12  6 20 49 88126156171170155134111 94 8727 5 6QN 3581661726172999999999999991048  623 6 8799999999999999
 92109133155168167150120 83 45 15 -1  0 21 56 98135161172168151130110 9827 5 7QN 4261701810172999999999999991125 -32342 9599999999999999
 95105125148165171162138104 65 30  4 -6  2 27 6510514016116816114512711127 5 8QN 45517118571689999999999999912 5 -6999999999999999999999
103105118138157169168153125 90 53 22  2 -3  9 37 7311013915716015313912427 5 9QN 526170194816199999999999999 0181021248 -499999999999999
113109114128145160165159141113 81 49 23  7  6 20 47 8011113614915214513427 510QN 6 0165204415299999999999999 0561091335  599999999999999
123115114120132146155156148130106 78 51 30 19 19 33 56 8411013114214514027 511QN 639157214714599999999999999 1391141427 1799999999999999
131123117117121130139144144137123104 82 60 43 34 34 45 64 8711012713814127 512QN 729145225514199999999999999 2371161527 3299999999999999
137130123117114115120125130131128120107 90 73 58 49 48 56 71 9111112713827 513QN 853131235814199999999999999 4101141637 4799999999999999
141138130121112105102103108115121124122115103 88 73 63 60 65 79 9711613227 514QN1110124999999999999999999999 6111021752 6099999999999999
141144139128115101 90 84 84 91103115125129126116101 86 75 70 74 8710512427 515QN 04714413 412999999999999999 725 8319 2 7099999999999999
139148147138123104 85 71 64 66 78 96115130139137128113 96 84 79 83 9711627 516QN 128148142313999999999999999 814 6320 2 7999999999999999
135149154149135113 89 66 50 45 52 70 95120139149148137120103 90 86 9310827 517QN 2 3154152315099999999999999 855 452053 8699999999999999
128146157158148127 99 70 46 32 31 45 70100129149158155142123106 94 9310227 518QN 235159161315999999999999999 933 302138 9299999999999999
120140157164159142114 82 52 29 19 24 45 76109139158165158142123106 9810027 519QN 3 71641657165999999999999991010 192219 9799999999999999
112132151164166154131 98 65 35 17 13 25 51 8612114916416615613811910510127 520QN 3381671738167999999999999991045 12225710199999999999999
107122143160168164145116 82 49 24 11 13 32 63 9913215516616315013211510427 521QN 4 91691816166999999999999991120 10233310399999999999999
104114132152165168156132100 67 37 17 11 20 44 7711114015816315614112411027 522QN 4401681852163999999999999991154 11999999999999999999999
104108122141158166162145118 86 55 30 17 17 32 58 9112114515615614713211727 523QN 512166192915899999999999999 0 61041229 1599999999999999
107106114129147159162152132104 74 48 29 22 28 46 7310312814615214813812427 524QN 54416320 615299999999999999 04010513 4 2299999999999999
112106108119134148156154141119 93 67 46 33 31 41 61 8611113214414714113027 525QN 617157204614799999999999999 1151061340 3099999999999999
118109106111121134145148143129108 85 64 48 41 43 55 74 9611813414214213527 526QN 654148213014399999999999999 1551061417 4099999999999999
125115108107111120130137138132119102 83 67 55 51 56 68 8510412213514013927 527QN 740138221714099999999999999 2451071459 5199999999999999
132123114107105108114121126128123114100 86 74 65 63 68 79 9411112613614027 528QN 84412823 614099999999999999 3551051550 6399999999999999
138131121111103 99 99103110116120119114105 94 84 77 75 78 8810111713013927 529QN1022120235414299999999999999 528 981654 7599999999999999
142138130118105 94 87 85 89 98109117121120114105 95 88 85 87 9510812313627 530QN1213121999999999999999999999 646 8518 9 8499999999999999
144145139127111 94 79 70 68 76 90106120129131126117107 97 92 9410211513127 531QN 037146134613199999999999999 739 681919 9299999999999999
144150148138121 99 77 60 50 52 65 85108128140144139128115104 98 9910912427 6 1QN 117150145514499999999999999 821 492019 9899999999999999
140152156150134111 83 57 38 31 38 57 8511413815315715013712110910310511727 6 2QN 156156155015799999999999999 9 2 31211210299999999999999
133150160161150128 97 65 37 19 15 28 54 8812214916416615714112411110711127 6 3QN 234162164016799999999999999 943 1522 110799999999999999
125143159168164147118 83 47 19  3  4 23 55 9413115817217115914212511311027 6 4QN 3131681727173999999999999991026  2224711099999999999999
117133153168173164141107 69 32  6 -6  0 23 6010113816417517115713912311327 6 5QN 3531731814175999999999999991111 -7233211299999999999999
113123141161173174161134 97 58 23 -1 -9  1 29 6710914316517316715213512027 6 6QN 43417619 0173999999999999991158 -9999999999999999999999
113115128147165175172155125 89 52 20  0 -4  9 39 7711614616416816014512927 6 7QN 517175194716899999999999999 0161121245 -599999999999999
116111116131149164171165147118 84 51 23  7  7 23 53 8812214716016115213727 6 8QN 6 3171203216299999999999999 1 01111332  599999999999999
122111109115129145158162155138113 83 55 32 21 24 41 6910012814815715414427 6 9QN 654162211515799999999999999 1481081419 2099999999999999
129115106104110123136146150145131110 86 63 46 39 44 61 8511213514915414827 610QN 755150215615499999999999999 24210415 6 3999999999999999
136122108 99 97102111123133137135126111 93 76 63 59 65 8010112314115115127 611QN 914137223515299999999999999 348 971555 5999999999999999
144131115101 91 87 89 97108119127129125116103 90 81 79 84 9711513314615227 612QN1053129231415399999999999999 5 8 871650 7999999999999999
150140126109 93 81 74 75 82 94108120127128124115106 98 9510011112514015127 613QN1242129235615499999999999999 626 741754 9599999999999999
154150138121102 84 69 60 60 69 8410211813013513412811911110811112013314627 614QN1419136999999999999999999999 730 5919 310899999999999999
154156149136117 94 72 55 46 48 60 7910112213714514513812811911411712613827 615QN 042156152914699999999999999 822 46201011499999999999999
150157157149133110 84 60 42 35 40 55 7910512914715515314413212211712012927 616QN 131158161915599999999999999 9 7 3521 811799999999999999
142154161159148128101 72 47 31 27 36 57 8511414015616215714513112011612127 617QN 22016117 016299999999999999 949 27215911699999999999999
132146159164160144120 89 60 36 23 23 38 63 9512615016416515614112611611427 618QN 3 61641735166999999999999991029 21224211499999999999999
122135151164167158138109 77 48 27 19 24 44 7410713815916716315013311911127 619QN 34716718 81679999999999999911 7 19232011199999999999999
113124141158168167153128 96 65 38 22 19 30 55 8812114816316515614112411227 620QN 4251691840166999999999999991143 18235510799999999999999
107113128147163169163144116 84 54 32 21 24 42 7010313415516416014713011527 621QN 5 11691911164999999999999991217 20999999999999999999999
105105116134152165166155132103 73 47 30 25 35 57 8711914415816115213712027 622QN 537167194116199999999999999 0291041250 2599999999999999
107101106119138154163159144120 91 64 44 33 35 50 7510513215115915514312727 623QN 613163201115999999999999999 1 41011321 3299999999999999
111101 99107122139152156149132108 83 61 46 42 49 68 9412014215415614913427 624QN 652156204115799999999999999 141 981352 4299999999999999
118104 96 97107121136146147138122101 80 63 54 55 67 8711013214915615314127 625QN 738148211115699999999999999 222 961423 5399999999999999
126110 98 92 95104117129137137130116 98 82 71 67 72 8510412414115215514827 626QN 834138214315599999999999999 311 921457 6799999999999999
134118103 92 87 89 97109120129130125115102 91 84 83 8910111713414715415227 627QN 946131221815499999999999999 412 871537 8299999999999999
143128111 96 84 78 79 86 98111122127126120112104 99 9910411412714115115427 628QN1118127225815499999999999999 524 781634 9899999999999999
150139123105 88 74 66 66 73 8710411812813213012511911411211512213414515327 629QN13 9132234615599999999999999 633 65175711299999999999999
155150137119 99 78 61 51 50 60 77 9811813314214414013312612212212813814827 630QN1448144999999999999999999999 734 49192612199999999999999
156158151137117 92 66 45 34 34 47 69 9512114215415715314313312612513014027 7 1QN 043158155315799999999999999 829 32204312599999999999999
152160163156139114 83 53 30 18 20 36 63 9612715116516816114813612712513027 7 2QN 146163164416899999999999999 922 17214712599999999999999
142156167169161140110 74 41 16  5  9 30 6210013516117417416314813312412227 7 3QN 2461701728176999999999999991014  4224112299999999999999
130145162174176165140105 66 31  7 -4  4 29 6610814416917917416014212711727 7 4QN 34117718101799999999999999911 5 -4232911699999999999999
118129147167180180166137100 60 25  2 -5  7 36 7711915317317816915213311727 7 5QN 4321821849179999999999999991153 -5999999999999999999999
109113128150170182180163133 95 56 24  4  1 18 51 9213116017517416014012027 7 6QN 522183192517699999999999999 0131091238  099999999999999
105100108126150169179175156126 91 56 28 14 17 38 7211114416617316514812727 7 7QN 612179195817399999999999999 0551001320 1399999999999999
107 94 93104124146163170165147120 89 60 39 31 40 64 9612915516816815513527 7 8QN 7 4170202817099999999999999 138 921358 3199999999999999
113 95 85 87 99118138153158153137115 90 69 55 54 67 9111914516216716014427 7 9QN 8 1158205516799999999999999 223 841434 5399999999999999
123102 86 79 81 93110127139145141130113 96 82 76 80 9411513715516516415227 710QN 9 6145212316699999999999999 313 7815 8 7699999999999999
134113 94 80 74 76 86100114126132132126116106 99 9710311513214916016415827 711QN1027133215216499999999999999 414 741544 9799999999999999
145126107 89 76 69 70 77 8910311512412812712411911511512013014215316016027 712QN1221128222916199999999999999 528 69163111599999999999999
153139123104 87 73 64 62 68 79 9410912113013413513212912813013614515315727 713QN1438135231915899999999999999 645 62175612899999999999999
156150138122104 85 68 57 54 59 72 8910712413714414614313713313313714315027 714QN1547146999999999999999999999 753 54193713299999999999999
155155150139122102 80 61 49 46 53 68 8911113214715515414813913213013314027 715QN 033155162615599999999999999 849 46205713099999999999999
148155157153141122 97 73 53 41 39 49 69 9412014315816215714713512612412827 716QN 154157165716299999999999999 937 39215312499999999999999
137149158162156141117 89 63 43 33 35 50 7410413315516616515514012711811727 717QN 2551621725167999999999999991020 32223511799999999999999
125139154165167157137109 79 52 34 28 36 56 8611914716416916214713011611027 718QN 3421671752169999999999999991058 28231010999999999999999
113126144161171169154129 97 67 42 28 28 42 6910313515917016715413511810527 719QN 4211721818170999999999999991132 26234310399999999999999
103112130152168175167146117 85 56 35 27 34 56 8712115016717016014212210527 720QN 45717518421709999999999999912 3 27999999999999999999999
 96100115137159172173159134103 73 48 33 33 48 7610914016217016514912810827 721QN 53317419 617099999999999999 015 961232 3199999999999999
 94 90100119143162171166148121 91 65 46 39 47 68 9913015516816815613611327 722QN 6 9171192917099999999999999 046 901259 3999999999999999
 95 85 88102124146161165156136109 83 62 50 52 67 9212114716516916114312127 723QN 647165195116999999999999999 119 851324 4999999999999999
100 85 80 87104126145156156145125101 80 66 62 70 8911514015916816515113027 724QN 729158201416999999999999999 154 801349 6299999999999999
107 89 78 77 87105124141149147135118 99 84 77 80 9211113315316516615713927 725QN 819149203816799999999999999 232 761415 7799999999999999
117 96 81 73 75 85102119133140139130117104 95 94 9911212914615916516114827 726QN 91914121 616599999999999999 318 731444 9399999999999999
129108 89 76 69 71 80 9411012413213312912211511111211812814015216116215527 727QN1041134214016299999999999999 419 69152011199999999999999
141123103 86 72 64 63 70 83 9911512613213413213012812813113714515415915827 728QN1254134222715999999999999999 536 62162812899999999999999
152139122103 84 67 55 51 56 69 8710712313614414614514213913814014515115627 729QN1512146234515799999999999999 657 51185313899999999999999
157153143127106 83 61 44 37 41 55 7710212514415616015815114313813714114827 730QN16 5160999999999999999999999 8 9 37204413799999999999999
155161160151134109 80 53 32 23 27 44 7110213215516917116415214013212913427 731QN 126161164317199999999999999 913 23215112999999999999999
145158168171162141110 76 44 21 11 17 38 7110914316717817616314613112011927 8 1QN 24517117171799999999999999910 9 11223911899999999999999
128144163178181170145109 71 36 13  4 14 42 8112215617718217315513411610627 8 2QN 3461821749183999999999999991058  4232110599999999999999
108123146170186188174144106 66 32 10  6 22 56 98139169183180164140116 9927 8 3QN 4381891819184999999999999991142  52359 9299999999999999
 92 99121149175190189171139101 63 32 16 18 41 78120156178183171149122 9827 8 4QN 5271911846183999999999999991222 14999999999999999999999
 82 80 94120150175187183163132 96 63 39 30 41 6910614317018117715813110327 8 5QN 615187191218299999999999999 037 791258 3099999999999999
 81 70 74 92120148169178171152124 94 68 53 53 70 9913316117817916614211327 8 6QN 7 3178193518099999999999999 115 691329 5199999999999999
 87 69 63 72 92118143159164157140118 95 79 73 8010012715317217817115212627 8 7QN 754164195717899999999999999 154 631358 7399999999999999
 99 77 64 62 73 92114134146150144131116102 94 9510712614716517517315913827 8 8QN 850150202017599999999999999 237 611422 9399999999999999
114 91 74 64 65 74 9010712313313613412711911311211712814315816817016314827 8 9QN10 2136204517099999999999999 326 64144411199999999999999
129108 89 76 68 68 74 86 9911212212712912912712612813214015015916316215427 810QN1213130211616499999999999999 433 6715 312699999999999999
140125108 93 80 72 68 71 79 9110311512413213613813913914014314815315515327 811QN22 4155999999999999999999999 6 2 68999999999999999999999
147138126113 98 83 72 65 65 72 83 9811312814014714914714314013914114514827 812QN1554149235714999999999999999 730 64194113999999999999999
149147142132118100 82 67 58 58 65 79 9811813715115715514814013313013213727 813QN1616157999999999999999999999 837 5721 513099999999999999
144150152149138120 98 76 59 50 50 61 8010512915016116315614313112212012527 814QN 156152163816499999999999999 927 49215012099999999999999
135147157161155140117 91 67 49 42 46 63 8811714416216816314913311811011127 815QN 25716117 11689999999999999910 8 42222411099999999999999
121138155166168158137109 80 56 40 37 49 72103134159171169157137118104 9927 816QN 3401691723172999999999999991043 372255 9999999999999999
106123145165175172155129 98 68 46 36 40 59 89123152170174164144121102 9127 817QN 4171761744174999999999999991114 352324 8999999999999999
 92106130155174179170147117 85 58 41 38 51 78112144167176170152127103 8627 818QN 45217918 4176999999999999991142 372354 8099999999999999
 80 89111139164179178162135104 75 53 43 49 71102136162176174159135108 8627 819QN 52718018231779999999999999912 8 43999999999999999999999
 73 75 92119148170178171151122 93 69 54 54 69 96128156174177166143115 8927 820QN 6 2178184217899999999999999 023 721232 5299999999999999
 71 66 75 98127153170172161138111 87 69 63 71 93121150170178171151125 9727 821QN 64017319 117899999999999999 053 651256 6399999999999999
 74 62 63 79104132154165163149128105 87 77 79 9411714316417517315913410727 822QN 720166192117699999999999999 124 611319 7799999999999999
 82 64 58 65 84108132150157153139121105 94 9210011713815817117316414411927 823QN 8 7157194217499999999999999 158 581342 9199999999999999
 94 73 61 59 68 8610712714214714313312111110711012013515116417016615213227 824QN 9 314720 617099999999999999 239 5814 510799999999999999
109 87 71 61 61 68 8310111813113713613212712312312813614715716316415714427 825QN1026137203516499999999999999 334 60142712399999999999999
126106 88 73 63 60 64 75 8910511912913513713813813914114514915415715615127 826QN2120157999999999999999999999 458 60999999999999999999999
141128112 95 78 64 56 55 62 75 9211012613914815215215014714414414614915127 827QN1533152232515199999999999999 638 54193514499999999999999
151146137123103 82 62 48 43 47 62 8310713114916116416015214313613313514127 828QN1555164999999999999999999999 8 1 4321 513399999999999999
150157158151135111 83 57 38 30 36 54 8111214116217217116014513112011812427 829QN 143158162117399999999999999 9 6 30214911799999999999999
137154168173165145114 81 50 29 22 30 55 8912515617517917015213011210110227 830QN 256173164718099999999999999 958 22222710099999999999999
115138162180185175149114 77 45 24 20 35 66106144172184179161135110 90 8227 831QN 3511861712184999999999999991043 2023 2 8299999999999999
 90111142171190193178148110 73 43 27 29 52 88129163183185170144114 87 6927 9 1QN 4401941737186999999999999991122 252338 6699999999999999
 67 82112147177193192174142106 71 47 38 49 77115152178188179155123 91 6627 9 2QN 52619518 0188999999999999991158 38999999999999999999999
 54 59 82116151178190185164134102 74 57 58 76107143172186184165136102 7227 9 3QN 612190182118799999999999999 013 531230 5599999999999999
 51 46 58 85120151173180172152126100 81 74 83105135164182185173148116 8427 9 4QN 658180184218699999999999999 048 461258 7499999999999999
 59 45 47 64 91122148163167158141121103 93 9510913115617518317715813110127 9 5QN 74516719 318399999999999999 124 441323 9299999999999999
 74 55 48 54 72 9612114015115214513312011010811513014916717717616314211727 9 6QN 836153192517899999999999999 2 2 48134510899999999999999
 92 71 59 56 64 79 9811613013814013613012412112313214415716716916314913027 9 7QN 942140194917099999999999999 245 5614 412199999999999999
110 91 76 68 66 71 82 9510912012813213313213213213514114815515915815113927 9 8QN12 2133201715999999999999999 343 66141013299999999999999
125110 96 85 77 73 74 80 9010111212213013613914114114114214414714814614227 9 9QN21 1148999999999999999999999 515 73999999999999999999999
135127116105 93 82 75 72 74 82 9410812213514414914814514013613413513713927 910QN1525149999999999999999999999 7 1 72201113499999999999999
140139134125112 97 82 71 65 67 77 9211112914515415615114113112412112413027 911QN 0 1140154315699999999999999 814 6521 212199999999999999
138145147144133116 96 77 63 58 62 76 9612014215716315814613111811010911627 912QN 15814716 316399999999999999 9 4 58213410899999999999999
129144154158151136113 89 68 55 52 62 82108135156167166154135116101 9510027 913QN 252158162316899999999999999 943 5222 3 9599999999999999
115135154166166155133106 80 59 49 53 69 96126152169172161141118 97 84 8427 914QN 3331681642172999999999999991016 492231 8299999999999999
 97120145166175170152125 96 70 54 50 61 85116147168176169149123 96 77 7027 915QN 41017517 0176999999999999991046 492259 7099999999999999
 78100130158176180169145115 87 64 54 58 78108140165178175157130100 75 6027 916QN 4451811718179999999999999991113 532327 5899999999999999
 61 79108141168182179162135105 80 63 61 74101132161178179165139108 78 5627 917QN 5201831736181999999999999991139 602356 4999999999999999
 49 59 85119152174182173152124 98 78 70 76 97126155175181172149117 85 5927 918QN 55618217541819999999999999912 5 70999999999999999999999
 44 46 64 95129158175176163141116 95 82 83 96120148170180176158129 96 6727 919QN 634177181318199999999999999 025 431229 8199999999999999
 46 40 49 72104136159170166152132112 98 93101118142163177177164140110 8027 920QN 715170183317999999999999999 056 401253 9399999999999999
 56 42 42 56 80109136154160155142127113107109120137156170175168150125 9727 921QN 8 2160185517599999999999999 131 40131710699999999999999
 71 53 45 48 62 8410913014414914513712712112012513614916116816615613711527 922QN 9 2149191916899999999999999 213 44134011999999999999999
 92 71 57 52 54 66 8310212013213813913713313213413814515315816015514513127 923QN1039139194716099999999999999 310 5114 113299999999999999
113 95 79 66 59 58 64 76 9110812213213914214414414414414514714814814614127 924QN2034148999999999999999999999 438 57999999999999999999999
132121107 91 76 63 57 57 66 80 9811713314515215415214614013613313413714127 925QN1453154999999999999999999999 625 56201613399999999999999
143142135121103 82 64 52 49 56 73 9511914115616316115214012711811511912927 926QN 012143151616399999999999999 748 49205611599999999999999
142152156151135112 86 62 46 43 52 73101130154168170161143124106 96 9610727 927QN 158156153917199999999999999 848 422130 9599999999999999
126148165172165145116 86 59 43 42 56 83116147169177170151126101 82 74 8027 928QN 3 117216 217799999999999999 936 4022 4 7499999999999999
101129158178184174149117 84 58 45 49 69101136165180179162135103 76 58 5627 929QN 3521841626182999999999999991018 442238 5599999999999999
 71100136168187190175148114 83 61 54 64 90125158180185173147113 79 52 4027 930QN 4391911648186999999999999991055 542312 3999999999999999
 45 69105144174190189171142111 84 68 69 86116149175187182160126 90 57 352710 1QN 5241921711188999999999999991129 662347 3099999999999999
 30 44 74113150176187181162135109 88 81 89111141168185186170141105 70 422710 2QN 6 818717331889999999999999912 0 81999999999999999999999
 27 30 51 84121153173178170151128108 96 96110134160179186177154122 87 572710 3QN 651178175518699999999999999 021 261229 9599999999999999
 36 29 39 62 94126151165166157141124111106113129151170180178162136105 762710 4QN 736167181818199999999999999 055 29125510699999999999999
 52 39 39 51 74102127145154153145134123117118127143159171173164146121 952710 5QN 824155184217399999999999999 131 37132111699999999999999
 72 55 48 52 64 841051241371431431381311261241281371491591641601491321122710 6QN 92414419 816499999999999999 211 48134812499999999999999
 92 75 64 60 64 74 881041181291351371361331311311341401461511511471371242710 7QN11 4137193815299999999999999 3 2 60142813199999999999999
110 96 84 75 71 72 78 881001121231311361391381371351351361371391381361312710 8QN1328139202713999999999999999 419 71165913599999999999999
123114104 94 84 78 75 77 84 951091221331411451441401341281251241251281302710 9QN1420145234713199999999999999 6 3 75195112499999999999999
131129123114102 89 79 73 74 81 94110127141150152147137126116110110115123271010QN1448152999999999999999999999 726 73203310999999999999999
131137138133121106 90 76 69 70 80 97118137152158155144128111 99 94 98109271011QN 140139151115899999999999999 821 6921 4 9499999999999999
124139148149141125105 86 72 66 71 86108131151162162151133111 91 80 79 90271012QN 237150153116499999999999999 9 3 662132 7899999999999999
110132151160158145125102 81 68 67 77 98124148164169160140114 89 70 62 70271013QN 320161155016999999999999999 939 6622 1 6299999999999999
 90117144164170163145121 96 77 69 73 90116143164173168149121 91 65 50 50271014QN 35917016 9173999999999999991011 682229 4899999999999999
 67 96129158174176163141115 91 76 74 85109137161175175159131 98 66 43 35271015QN 4361771628177999999999999991041 732258 3599999999999999
 45 71107142169181176159134109 89 80 85103130156175180168143109 74 44 28271016QN 5141811648180999999999999991110 802329 2699999999999999
 28 47 80119153175181172151127105 91 89101123150171181175155123 86 53 29271017QN 55218117 9181999999999999991139 88999999999999999999999
 20 29 55 91129159175176163143122105 98102119142164178179164137103 68 39271018QN 632177173218199999999999999 0 1 2012 8 9899999999999999
 22 21 36 65101135159169167154136120109108118135156172177170150121 88 57271019QN 717170175717799999999999999 036 19123610799999999999999
 34 24 27 46 74106134153160156145132122117120131147162171170157136108 80271020QN 8 8160182417299999999999999 115 2313 611799999999999999
 55 38 31 37 54 79106128143150148141133127126131140151160163158145126103271021QN 913150185416399999999999999 2 1 31134112699999999999999
 80 61 47 42 47 60 80101121134142143141137134133136141146150150146136123271022QN1047143193415099999999999999 3 1 42144113399999999999999
106 88 72 60 53 54 63 78 96114129139144145142139135133132133135136136133271023QN1239145213113699999999999999 423 52175613299999999999999
127116102 86 72 61 58 63 75 92112129143150151146138129121115114118124132271024QN1339151999999999999999999999 556 58194311499999999999999
137137130117100 82 67 60 63 75 94116136151157155145130114101 93 94103117271025QN 030138141415899999999999999 715 602025 9299999999999999
134146150145131110 88 71 63 65 80102127148162164155137115 93 76 70 76 93271026QN 159150144216499999999999999 816 6221 2 7099999999999999
116140158164158140116 92 74 67 72 90116142162171166148122 93 68 52 50 64271027QN 3 016415 817199999999999999 9 5 672138 4999999999999999
 89121150169175166145119 95 78 74 84106134159174175161135102 69 44 32 37271028QN 352175153417799999999999999 948 742213 3299999999999999
 59 93129160178180168145119 97 84 85100125152173181173150116 80 47 26 20271029QN 43918116 0181999999999999991026 822248 2099999999999999
 33 63101139167182180165141117 99 92 98118144168182180163133 96 60 31 16271030QN 52318316261839999999999999911 2 922323 1499999999999999
 18 38 72111147171180174157135115102101113135159177183173149115 78 45 22271031QN 6 518016521839999999999999911351002357 1499999999999999
 14 24 49 84121152170174165148129113107111127149169179177160131 97 64 372711 1QN 64717417191809999999999999912 6107999999999999999999999
 21 21 36 63 97129152164164154139124114113121138157171175165144115 84 562711 2QN 728166174717599999999999999 032 19123711299999999999999
 36 28 33 51 77106132149156153144131121116119130145159167164151129102 762711 3QN 811156181616799999999999999 1 8 2813 911699999999999999
 55 42 39 47 65 88112132144148145137128121119124134146155157151137117 952711 4QN 9 0148184815799999999999999 146 38134611999999999999999
 75 60 51 51 60 76 951141291381411391341271231221261331401451441381261102711 5QN10 1141192614599999999999999 229 50143912299999999999999
 94 79 68 62 63 71 83 981141271351391381341291251221231261291321321281202711 6QN1117139202613299999999999999 323 62161812299999999999999
110 98 87 78 73 72 77 871001141271361401401361301231171141131161191221232711 7QN1230141224512399999999999999 435 72183711399999999999999
120115106 97 88 81 78 81 89102117130140145144138128116106 99 981021101182711 8QN1320145999999999999999999999 6 0 781943 9899999999999999
124127124116106 95 86 81 83 92106123137147150146135119102 88 81 82 911062711 9QN 056127135515199999999999999 712 812022 8099999999999999
121132137135126113 99 88 83 87 98115133148155154144125103 82 68 63 70 86271110QN 212137142215699999999999999 8 7 832054 6399999999999999
108129144149145133117101 89 86 92107127146158162153135109 82 59 47 48 63271111QN 3 5149144716299999999999999 852 862126 4599999999999999
 88116141157160153137118101 90 90101120141159167163146119 88 58 37 29 38271112QN 349161151216799999999999999 931 892158 2999999999999999
 62 95128154168168156137116100 93 98113135156170172159133100 64 35 18 18271113QN 43017015371739999999999999910 8 932231 1699999999999999
 36 67105140165175171155134114101 99108127150169177170149116 79 43 17  6271114QN 51117516 5177999999999999991044 9823 7  699999999999999
 14 39 76116150171177168150130113104106120141163177178163135 98 60 27  6271115QN 55217716341799999999999999911191032345  199999999999999
  2 16 46 86125155172173162144126113109115132153171179173152120 83 47 19271116QN 63617417 5179999999999999991154109999999999999999999999
  4  5 24 56 94130155167166154138124115115124141160173174163140108 73 41271117QN 722168173917599999999999999 026  2123111499999999999999
 18  8 14 34 66101131152160157147134123118120131146160167165151128 99 69271118QN 813160181616899999999999999 110  8131211899999999999999
 43 25 19 26 46 74104130146153150142131123120123132143153157153140121 97271119QN 91015319 115799999999999999 158 1914 212099999999999999
 72 51 37 33 40 58 82107128142148146139130123119120125133139142140132118271120QN101214820 714299999999999999 252 33151711999999999999999
100 81 64 52 48 54 68 88110129141147145138129120114111112117122128130128271121QN111314722 613099999999999999 355 48171111199999999999999
121109 94 79 68 63 67 78 95115132144148146137126113102 95 93 97106116125271122QN12 6148999999999999999999999 5 7 631848 9399999999999999
130128121109 95 83 76 78 87103122138149152147135119101 85 75 72 79 92109271123QN 018130125115299999999999999 622 761947 7299999999999999
125136139134123108 95 87 87 96113131147156156147130107 84 65 53 53 64 84271124QN 154139133115899999999999999 729 862032 5299999999999999
108130145151146134118103 95 95106123142156163159144121 92 65 44 34 38 56271125QN 3 315114 816399999999999999 826 942113 3499999999999999
 83112138156161155141123108100103115134152165168158137107 75 46 26 21 31271126QN 358161144416899999999999999 9161002152 2199999999999999
 55 87121148165168159142124110104110125144162172169153126 91 57 29 14 14271127QN 44416815181729999999999999910 01042229 1299999999999999
 31 60 97131157171170157139121109108117134154170174166143111 75 42 18  8271128QN 526172155217599999999999999104010723 6  899999999999999
 15 38 71109141163171166151133117109111124143162174173157130 95 60 31 13271129QN 6 417116261759999999999999911171082342  999999999999999
  9 22 50 85121149165168158142125112108115131151167173166145115 81 49 25271130QN 6401681659173999999999999991152108999999999999999999999
 13 16 35 65 99131153163160148132117109109120138156168168155131100 69 422712 1QN 716163173116999999999999999 017 12122610899999999999999
 24 19 28 50 80112137153157151138123112107112125142157163158142117 88 612712 2QN 75115718 516399999999999999 052 1913 010799999999999999
 40 29 30 43 67 95121141151151142129117108107114127142152154145128105 802712 3QN 828152184115499999999999999 126 28133910799999999999999
 59 44 38 44 59 82106128142147144135123113107108115126136143141132116 972712 4QN 9 6147192214399999999999999 2 0 38142410699999999999999
 77 61 52 51 59 75 951151321421441401301201101051061111191261311291221092712 5QN 948144201813199999999999999 237 50152610599999999999999
 95 80 69 64 65 74 88105122135142142137127117107101 991021071141191201162712 6QN1033143214512099999999999999 318 631655 9999999999999999
108 98 88 81 77 79 86 98113127138143142135125113102 93 88 88 941021101152712 7QN1119143234311799999999999999 411 771825 8799999999999999
116113107100 94 90 90 96106119132142145143134122106 91 79 72 72 80 931062712 8QN12 6145999999999999999999999 526 891925 7199999999999999
117123123119113105100 98103112125138146149144132115 95 75 60 53 57 70 882712 9QN 136124125014999999999999999 647 982010 5399999999999999
108124134136132124114107104108118132145153153145128105 79 55 40 35 44 63271210QN 252136133315499999999999999 7551042050 3599999999999999
 89114135147149143132119110107112124140153160157143120 90 60 34 20 20 35271211QN 346149141416099999999999999 8511072130 1899999999999999
 62 94124147159159150135121111110117132148162166159139109 74 40 15  4 10271212QN 431160145516699999999999999 9401092211  499999999999999
 31 64101135158168164151135120111112123140158170171158132 96 57 23  1 -6271213QN 51316815351729999999999999910261102254 -799999999999999
  5 32 71111144165171164149131117111115128148166176173154122 83 44 11 -8271214QN 55517116161779999999999999911 81112338-1299999999999999
-10  6 38 80120151168170160143126113110117134155171178170147112 73 35  6271215QN 6381711657178999999999999991151110999999999999999999999
-10 -7 14 49 90128155167165152135119109109119137157172174162137103 66 32271216QN 720168174117599999999999999 022-11123310899999999999999
  7 -3  4 28 63102135156163157143126112105107119137155166165152128 96 63271217QN 8 1163182716799999999999999 1 6 -4131710499999999999999
 35 15 10 21 46 80113140155157149134118105100103116132146154152140119 93271218QN 841158192015599999999999999 150 1014 610099999999999999
 66 44 30 29 43 67 96124144153151141125110 98 94 97107121132139139130114271219QN 920154202614099999999999999 233 2815 4 9499999999999999
 94 74 58 50 52 66 87111132147151146134118103 92 86 88 95105116124127123271220QN 957151215612799999999999999 317 491617 8699999999999999
114100 87 76 71 75 86104123139149150142129113 97 84 76 74 79 88100111119271221QN1035150235412199999999999999 4 5 711746 7499999999999999
121118111102 95 91 94103117132144150149140126108 90 75 64 59 63 73 88103271222QN1118151999999999999999999999 5 6 9119 4 5999999999999999
116124126124118111107107114125137147152149139124104 83 63 49 44 48 61 80271223QN 15812612 715299999999999999 62510620 4 4499999999999999
100118131138137131122116115119129140150154150140121 98 73 51 35 31 38 55271224QN 32213813 515499999999999999 7451142054 3199999999999999
 78104126142149147138127119116121131143153157153139117 90 61 37 23 21 32271225QN 41414914 315799999999999999 8521162139 2099999999999999
 54 83113137153157151139126117115120132146157161154137110 78 48 25 14 16271226QN 453157145416199999999999999 9461142220 1399999999999999
 33 60 93125148161160150134120112111120135151163164153130 99 65 36 16  9271227QN 52716215381659999999999999910311102258  999999999999999
 17 39 72107137157164157143126112106109122141158167164148120 86 52 25 10271228QN 55816416171689999999999999911 81052334  799999999999999
  9 23 52 87122148162161150132115103101110127148164169160137106 71 40 18271229QN 6281631652169999999999999991143100999999999999999999999
  9 15 36 69104135155161154139120104 96 99113134154166165150124 91 59 32271230QN 656161172716799999999999999 0 7  91215 9699999999999999
 17 15 28 55 89121146158156144126107 95 91100117139156163156137109 78 50271231QN 72215918 116399999999999999 037 141247 9199999999999999
