105102 96 88 83 82 86 96108120129133132124112 97 81 68 59 56 59 67 78 8927 1 1QO1114133999999999999999999999 443 821857 5699999999999999
 98104106105101 98 98101108116124131133131123110 93 76 60 50 45 48 57 7027 1 2QO 2 110612 313399999999999999 539 9720 7 4599999999999999
 85 99109115115113109107108111117124130133131122108 89 69 51 39 34 38 5027 1 3QO 33911613 813399999999999999 71910721 2 3499999999999999
 67 87105118124125120114110108110115123130134132122104 82 59 39 27 24 3127 1 4QO 431125141013499999999999999 8591082146 2499999999999999
 48 70 94114127132130122113106104106114124133137133119 98 72 46 26 15 1627 1 5QO 5 713215 21379999999999999910 11042225 1499999999999999
 29 52 78104124135136130119107100 98104115128137140132114 89 59 33 14  727 1 6QO 5381371546140999999999999991042 9823 0  799999999999999
 14 33 60 90115133139136124110 98 92 95105119134142141129106 76 45 19  427 1 7QO 6 61391625143999999999999991114 922333  299999999999999
  4 17 42 73103126138139130115100 89 87 94109126140145139122 94 62 31  927 1 8QO 63414017 1145999999999999991144 87999999999999999999999
  0  7 27 56 88116134140134120103 89 82 84 97114132144145134111 80 47 2027 1 9QO 7 0140173614699999999999999 0 4  01213 8199999999999999
  4  3 17 42 74104127138138126109 91 79 77 85101121137144140124 98 66 3627 110QO 725140181114599999999999999 035  21243 7799999999999999
 15  6 13 33 62 93119135139132116 97 81 73 76 88106125138141132112 85 5527 111QO 750139184714199999999999999 1 4  61315 7399999999999999
 31 17 16 29 53 82110130139136123104 86 73 70 76 91109126135134122101 7527 112QO 815139192513699999999999999 132 141351 6999999999999999
 50 32 26 32 50 75102124137139130113 94 77 68 67 76 92109123129125112 9227 113QO 84013920 812999999999999999 2 1 261431 6699999999999999
 70 51 41 41 51 71 95117132138134121103 85 70 63 65 75 9010511612011610527 114QO 9 513821 112099999999999999 231 391518 6399999999999999
 89 72 60 55 59 72 90110126135136128113 95 78 65 59 61 70 83 9610711111027 115QO 933137221411199999999999999 3 3 551616 5999999999999999
102 92 81 74 73 79 90105120130134132122107 89 73 60 53 53 60 72 85 9610427 116QO10 6134999999999999999999999 341 731728 5299999999999999
107105101 95 91 91 95103114123130132128119104 87 69 54 44 41 46 57 71 8627 117QO 0 8107105113299999999999999 434 901850 4199999999999999
100109113113110107105106110116123128130128119105 86 65 46 32 26 29 41 5927 118QO 22811412 313099999999999999 61110520 9 2699999999999999
 79 99115124127124119114110110114120127132132124109 86 60 36 17  8 11 2627 119QO 357127133113299999999999999 8301102115  899999999999999
 49 77103124136139134125115108106109118128137139131113 86 54 24  2 -8 -327 120QO 449139144513999999999999999 9531062210 -899999999999999
 16 46 80111134145146137123109100 98105118133145148138116 84 47 13-11-2027 121QO 5311471546148999999999999991044 982259-2099999999999999
-10 15 50 88121143151147133115 98 89 90101120139152155142116 79 39  4-1927 122QO 6 81521640155999999999999991125 882344-2499999999999999
-23 -8 22 61100131149152142122101 84 78 83100123144157157142112 73 32  027 123QO 64215317311599999999999999912 3 78999999999999999999999
-18-16  4 38 78115141152148131108 85 71 68 79100125146157154136104 66 2927 124QO 713152181915899999999999999 025-201241 6899999999999999
  2 -8  0 26 61 98129147150138116 91 71 60 62 77100125144152146126 95 6127 125QO 74115119 615299999999999999 1 3 -81319 5999999999999999
 31 13 11 25 53 86117140149143125101 77 59 53 60 77 99121137141133114 8727 126QO 8 7149195314199999999999999 137  91359 5399999999999999
 60 39 30 36 54 81109132145145133112 87 66 53 51 60 76 9611412612811910327 127QO 830147204112899999999999999 2 8 301441 5099999999999999
 83 64 53 52 62 81105126140144137121 99 77 60 51 51 60 75 9110511311410827 128QO 852144213811499999999999999 235 511529 5099999999999999
 97 84 74 71 75 87104121134141138128111 91 73 59 52 52 59 70 83 9310010327 129QO 91314123 110399999999999999 258 711626 5199999999999999
101 96 90 87 89 95105117128135136130119104 87 72 60 53 52 56 64 73 83 9127 130QO 938136999999999999999999999 316 871743 5299999999999999
 97100101101101103108114121127129128123114102 88 73 61 52 48 49 55 64 7527 131QO10131299999999999999999999991918 48999999999999999999999
 86 97105109112112112114115118120122122120113103 90 74 59 48 41 40 45 5627 2 1QO11351229999999999999999999992038 39999999999999999999999
 72 88102113119120118115111110110113117120121116106 91 72 53 38 30 29 3827 2 2QO 447120133812199999999999999 9181092133 2999999999999999
 54 74 95112123127124118110103100102108117124126121108 88 65 43 26 19 2227 2 3QO 5 412714511269999999999999910 81002214 1899999999999999
 35 57 82105122131130123111100 92 91 97109121130132124106 81 54 30 14 1027 2 4QO 5261321541132999999999999991038 912248 1099999999999999
 19 40 67 95118132135128115 99 87 82 86 98114129138136123100 70 41 17  527 2 5QO 54713516221389999999999999911 4 822319  599999999999999
  8 25 51 82110130138134120102 85 74 74 85103122138143137117 89 56 27  827 2 6QO 6 91381659143999999999999991130 732348  399999999999999
  3 14 38 69101125138139127107 86 70 65 72 89111131144145132107 75 43 1827 2 7QO 6301401734146999999999999991157 65999999999999999999999
  6 10 29 58 91119137142133114 91 70 58 60 73 95119138147142123 95 62 3327 2 8QO 65114218 914799999999999999 015  51225 5799999999999999
 15 12 25 50 82112134144140123 98 74 56 51 59 78102126141145134112 82 5327 2 9QO 711144184514599999999999999 042 111255 5199999999999999
 30 21 26 46 74105129143144131108 81 59 47 47 61 83108129140138124101 7327 210QO 731145192314199999999999999 1 8 211327 4599999999999999
 50 35 34 47 70 98123140145137117 92 66 48 41 47 64 88111127134129114 9227 211QO 75214520 513499999999999999 134 3314 2 4199999999999999
 70 54 48 54 70 93117135144140125103 77 55 42 40 49 67 8810812112511910627 212QO 813144205412599999999999999 2 0 481442 3999999999999999
 89 74 65 66 75 92112129139140131113 91 68 50 40 40 49 65 8310011111411127 213QO 834141215911499999999999999 228 641531 3999999999999999
102 92 84 81 85 95108122133136132121104 84 64 49 40 39 46 58 73 87 9810527 214QO 859136235310699999999999999 256 811637 3999999999999999
106104101 98 98102109117125129130125115101 84 67 51 40 35 38 46 58 73 8727 215QO 932130999999999999999999999 329 981811 3599999999999999
 99107111113113112113114117120122123121115105 90 72 54 38 28 25 30 43 6027 216QO10491239999999999999999999991951 25999999999999999999999
 80 98113122125124120115111110111115120123122114 99 79 55 33 17 10 15 3027 217QO 411125132012399999999999999 9 411021 7 1099999999999999
 53 79104123133135130120109101 98101110121130133126109 83 53 25  5 -3  427 218QO 443136144913399999999999999 959 9822 2 -399999999999999
 24 54 86114134143139127111 95 85 84 93109127141145136115 83 48 16 -5-1027 219QO 5121431552145999999999999991036 832248-1099999999999999
  2 29 64 99128145147136117 95 77 68 73 89111134150154142116 80 41 10 -827 220QO 5401481644154999999999999991111 682328-1099999999999999
 -8 11 44 81116141151145126100 75 58 54 65 88116141157157141111 73 36  927 221QO 6 71511732159999999999999991145 54999999999999999999999
 -2  6 31 66103133150150135109 80 55 43 46 63 91121145157154135103 67 3527 222QO 632152181815899999999999999 0 5 -31219 4299999999999999
 15 13 28 57 92124146153143120 89 60 40 33 43 65 95123144152145124 94 6327 223QO 65515319 215299999999999999 038 111254 3399999999999999
 39 29 35 56 85116140152148130102 71 45 31 31 45 70 98123138142132111 8627 224QO 716152194414299999999999999 1 7 291329 2999999999999999
 63 49 49 61 84110134148149137114 84 56 37 29 34 51 75 9911812912811810127 225QO 736151202813099999999999999 133 4714 4 2999999999999999
 83 69 64 71 86107128143147140123 98 71 49 35 33 41 57 78 9711111711510727 226QO 754147211611799999999999999 156 641443 3399999999999999
 95 85 79 81 91106122135142139127108 86 65 48 40 40 48 61 77 9110110510427 227QO 813142222110599999999999999 214 791528 3999999999999999
100 95 91 91 96106117127134134127115 98 81 65 53 47 47 52 61 72 82 90 9627 228QO 833135999999999999999999999 227 911630 4699999999999999
 99100100100103107113119124125123116107 95 82 69 59 52 49 51 56 64 73 8327 3 1QO 85312599999999999999999999918 7 49999999999999999999999
 92 99104108110111112113114114114113110105 97 87 75 64 54 47 45 48 55 6627 3 2QO 9201149999999999999999999991958 45999999999999999999999
 80 93105112116116113109106103103105108110109103 93 80 64 50 40 35 39 4927 3 3QO 425116131311099999999999999 93210321 5 3599999999999999
 65 84101114121122117109100 94 91 94101109116117111 98 80 59 41 29 26 3327 3 4QO 434122144111799999999999999 955 912149 2699999999999999
 49 71 93112125128122111 98 86 80 82 90103116125125116 98 74 50 30 20 2127 3 5QO 4511281533126999999999999991018 802223 1999999999999999
 35 57 83108125133129116 99 82 71 69 77 92111127134131117 93 65 39 21 1527 3 6QO 5101331614135999999999999991042 682253 1599999999999999
 24 45 72101124136136123103 81 64 57 61 77100122137142133112 84 54 29 1627 3 7QO 52813716511429999999999999911 7 562321 1599999999999999
 19 35 62 93120137141131111 85 62 47 47 60 83110133146145130104 73 44 2427 3 8QO 5471421727147999999999999991133 452348 1999999999999999
 20 31 54 85114136145139120 92 64 43 35 43 64 92120141149143123 94 63 3927 3 9QO 6 614518 41509999999999999912 1 35999999999999999999999
 27 31 50 78108133147145129102 71 44 28 28 44 71102129146148137113 84 5827 310QO 625148184114999999999999999 015 271230 2699999999999999
 41 38 50 73102128145149137113 82 51 29 20 28 49 79109133144142127104 7827 311QO 645149192114599999999999999 042 3713 2 2099999999999999
 59 50 55 72 96121140148143124 95 63 36 20 19 32 56 85112131138133117 9727 312QO 7 614820 413899999999999999 1 8 501336 1799999999999999
 78 66 65 75 93115134145144131108 79 50 29 19 22 37 61 8710912412812211027 313QO 727146205412899999999999999 135 641415 1899999999999999
 95 83 79 83 94110127138141134118 94 68 45 29 22 27 41 61 8210011211611327 314QO 74914122 311699999999999999 2 2 7915 4 2299999999999999
106 98 93 93 99108120130134132123107 87 66 47 34 28 31 41 56 73 8810010627 315QO 813135999999999999999999999 230 921611 2899999999999999
109108106105106110115120124125122115104 89 72 56 42 34 32 36 46 60 76 9027 316QO 0 7109 84512699999999999999 3 01051749 3299999999999999
102110114116115114113112113114115115113107 97 83 67 50 36 28 28 35 49 6727 317QO 3 8116103711599999999999999 7 51121934 2799999999999999
 87104117124125121114107101 99100106112117117110 96 76 54 35 22 18 26 4327 318QO 340125133211899999999999999 9 5 992049 1899999999999999
 66 91113127133130119106 93 84 82 88101115126130124107 82 55 31 15 13 2327 319QO 4 7133145513099999999999999 942 822142 1299999999999999
 46 74103125138138128110 89 72 64 67 81101122137143134113 84 53 27 12 1427 320QO 4321401554143999999999999991015 642226 1199999999999999
 30 58 90119139145137118 92 68 51 47 56 78105131148151139114 82 49 26 1627 321QO 4571451644152999999999999991048 4623 3 1699999999999999
 24 46 78110135148146129101 71 45 32 35 52 81112139154154138110 77 48 3027 322QO 5201491730156999999999999991121 312337 2699999999999999
 28 42 69101130148152139113 80 48 27 20 30 54 87119143155150131103 73 5027 323QO 5431521813155999999999999991154 20999999999999999999999
 40 45 65 94123145154147125 93 59 30 15 16 33 61 94124144150142121 95 7127 324QO 6 5154185515099999999999999 0 8 401226 1399999999999999
 56 55 67 90116139152151135107 73 41 19 11 19 41 70101126140141130111 9027 325QO 626153193614299999999999999 036 541259 1199999999999999
 73 67 73 88110132147150141119 88 57 31 16 15 28 51 7910412313212911810227 326QO 647151201613299999999999999 1 2 671332 1499999999999999
 87 79 80 90106125139146142126102 73 47 28 20 25 40 61 8410411712211810827 327QO 7 714621 012299999999999999 125 7814 7 2099999999999999
 97 89 87 92103117130138138129111 88 64 44 32 29 36 49 67 8510010911110927 328QO 729139215611199999999999999 148 871447 2999999999999999
103 97 94 96102111121128131126115 99 80 62 48 40 39 45 55 68 82 9310010427 329QO 751131233610499999999999999 2 9 941539 3999999999999999
104103101101103107113118120119114105 93 80 67 56 49 47 49 56 65 76 86 9427 330QO 816120999999999999999999999 2301011658 4799999999999999
101105107107107107107108108109108105101 94 85 74 64 56 50 49 52 60 70 8227 331QO 8521099999999999999999999991847 49999999999999999999999
 94104110113113109104100 97 96 98100103103100 93 82 70 58 49 45 47 55 6827 4 1QO 317113123710399999999999999 851 962010 4599999999999999
 84100112119119114106 96 88 83 84 90 98106110109101 88 72 56 44 39 43 5527 4 2QO 337120141811199999999999999 918 8321 3 3999999999999999
 73 93110122126121110 95 81 72 70 76 88103115121119107 90 69 50 38 36 4427 4 3QO 357126151412199999999999999 943 702142 3699999999999999
 62 84107124132129117 98 78 62 55 59 73 92112126132126110 87 64 45 35 3827 4 4QO 41613215591329999999999999910 9 552216 3599999999999999
 53 76101123136137126105 80 57 43 42 54 76101124138140129108 82 58 41 3827 4 5QO 4351381639141999999999999991035 412247 3799999999999999
 47 68 94120138143135114 86 57 36 27 34 55 83113136147144128103 76 54 4327 4 6QO 45514317181489999999999999911 3 272317 4399999999999999
 46 63 88115136147144126 96 63 35 17 16 32 60 93124145152144124 97 72 5527 4 7QO 5161481758152999999999999991133 152347 5199999999999999
 51 61 82108132147149136110 75 41 16  5 13 36 69103132149151139117 92 7227 4 8QO 53815018391529999999999999912 5  5999999999999999999999
 61 64 79102126144151144123 91 55 23  4  1 15 43 77110135147145131111 9027 4 9QO 6 1151192214899999999999999 018 611240  099999999999999
 76 72 80 97118137149147133107 73 39 13  1  4 22 50 8311213214013612310627 410QO 62615020 914099999999999999 048 721318  099999999999999
 91 83 85 96112129142146138120 92 61 32 12  4 11 29 56 8410812413012711627 411QO 65214621 513099999999999999 119 8314 2  499999999999999
105 96 93 97108121133139138127108 83 56 33 18 13 19 36 58 8110111412011927 412QO 720140221912099999999999999 153 931455 1399999999999999
114107103102106113122128131127117101 81 59 41 28 23 27 39 56 75 9210511327 413QO 755131999999999999999999999 23510216 4 2399999999999999
116115112109108109111115118119117111100 86 69 53 40 32 32 39 52 69 8610127 414QO 0 8116 85411999999999999999 4101081733 3199999999999999
112118120118113108104101102104108111111106 96 82 66 50 39 34 38 49 66 8527 415QO 150120113111199999999999999 72010119 4 3499999999999999
103117125126120111100 91 85 85 91 99109116116109 95 77 58 43 35 38 50 6927 416QO 238126133711799999999999999 830 852015 3599999999999999
 91111126132129118102 85 72 66 69 80 96112124128122106 84 62 45 37 41 5627 417QO 311133145312899999999999999 911 662110 3799999999999999
 79103124137138128110 87 65 51 47 56 74 97119135139131112 88 64 48 42 5027 418QO 339139155113999999999999999 948 472154 4299999999999999
 69 94119137145139121 95 66 43 31 33 49 74103128144146135114 89 66 52 5127 419QO 4 51451641147999999999999991022 302233 5099999999999999
 64 86112134148148133107 75 45 24 17 26 48 79111136150149135112 87 68 5927 420QO 4301491727151999999999999991056 1723 8 5999999999999999
 64 81105129147152143121 89 54 26 10 10 26 54 88119142151146130107 85 7227 421QO 45415218 9151999999999999991129  82340 6999999999999999
 69 79 99122142153150133104 69 36 12  3 11 33 64 98126144148140122102 8527 422QO 51915318501489999999999999912 2  3999999999999999999999
 77 81 95115135149152141117 85 51 23  6  5 19 44 76106129141141130113 9727 423QO 543152192814299999999999999 010 771234  499999999999999
 86 85 93108127142149144127100 68 38 17  8 13 31 57 8611112813513112010627 424QO 6 814920 713599999999999999 039 8413 8  899999999999999
 94 89 92103118132142143132112 85 57 32 18 15 24 43 68 9211212412712211227 425QO 634144204912799999999999999 1 7 891343 1499999999999999
101 94 94 99110122132137132119 99 74 51 33 24 25 36 54 75 9511011811911427 426QO 7 2137213811999999999999999 137 931422 2399999999999999
107100 97 98104113121127127121107 89 69 51 39 33 36 46 62 79 9410611211327 427QO 733128224311499999999999999 213 9715 9 3399999999999999
111106102100101105110115118117110 99 85 70 57 47 43 45 53 65 79 9310311027 428QO 811118999999999999999999999 3 910016 9 4399999999999999
112111108105102100101103106108107104 97 87 76 65 56 51 51 57 67 79 9210327 429QO 011112 92110899999999999999 5111001727 5199999999999999
111115115112106100 94 92 92 95 98102102100 93 84 73 63 56 55 59 68 81 9527 430QO 128116114710299999999999999 723 921849 5499999999999999
108117121120113103 92 83 79 79 85 93101107108103 93 80 68 59 56 60 71 8627 5 1QO 213121133910899999999999999 820 781955 5699999999999999
102117126127121109 93 78 67 63 68 79 93107116118113101 85 70 60 58 64 7827 5 2QO 243128144711899999999999999 856 632047 5899999999999999
 96114128134131118 98 77 58 48 48 59 77 98117128129121106 87 71 61 61 7127 5 3QO 3 9134154013099999999999999 928 472130 6099999999999999
 89109127138139128108 81 56 37 30 37 56 81108129140139127108 88 72 65 6827 5 4QO 33414016261419999999999999910 0 3022 9 6499999999999999
 82103124140146139120 91 60 33 17 16 31 57 89118140149144129108 87 74 7027 5 5QO 4 01461710149999999999999991033 152247 7099999999999999
 79 96118137149148133106 72 38 13  2  8 30 62 98128148153146128106 88 7827 5 6QO 42715017541549999999999999911 8  22323 7799999999999999
 79 91111131147153144122 89 52 19 -2 -7  6 34 69105134151153143124104 8927 5 7QO 4551531840154999999999999991146 -7999999999999999999999
 84 89104123142152151136109 73 36  7 -9 -8 10 40 7611013614914813712010327 5 8QO 526154192815099999999999999 0 0 841226-1199999999999999
 93 91100115132146152145126 96 61 27  2 -9 -4 17 47 8111113314314113111627 5 9QO 559152202014499999999999999 038 911311 -999999999999999
104 97 99108122136146146137116 87 54 25  5 -2  6 25 53 8411012813613412527 510QO 636147211613699999999999999 118 971359 -299999999999999
114105101104112123133139138127108 82 55 31 15 10 17 34 59 8510712212912827 511QO 719140222013099999999999999 2 61011454 1099999999999999
122113106103104110118125130128119104 83 61 41 28 23 29 43 64 8610511912627 512QO 814130232912799999999999999 3131031557 2399999999999999
126121113106101100102107114118119114104 89 71 54 42 37 40 52 69 8910611927 513QO 941119999999999999999999999 45210017 7 3799999999999999
126127121113103 94 89 89 93100107112114109 98 84 68 56 49 51 60 76 9411127 514QO 033127114311499999999999999 634 891819 4999999999999999
124130129122109 95 83 74 73 77 87 99110117117109 96 81 68 60 61 69 8410227 515QO 123131132911899999999999999 745 721927 5999999999999999
119131136132120102 83 66 57 56 64 78 96112123126120107 91 77 69 70 79 9427 516QO 2 3136144812699999999999999 836 552026 6899999999999999
112129139140131114 90 67 48 39 41 54 74 98118132135129114 98 84 76 78 8927 517QO 238141155013599999999999999 919 382118 7699999999999999
106124139146142127103 75 49 31 25 32 50 76104126140142134118101 88 82 8727 518QO 310146164114399999999999999 958 2522 3 8299999999999999
100117135147149139117 88 57 31 16 15 29 53 83112134146145134118101 90 8827 519QO 3411501726147999999999999991034 142243 8899999999999999
 95110128144151147131104 71 40 17  7 13 32 61 93121141148144131114 99 9227 520QO 41115218 71499999999999999911 9  72320 9199999999999999
 93104120137149151141119 88 55 26  8  5 17 41 72103128144147139124109 9727 521QO 4421521846147999999999999991143  42354 9399999999999999
 93 99112128143150147131105 73 41 17  5  8 25 52 8311213314314113111610327 522QO 5121511922144999999999999991217  5999999999999999999999
 95 96104119134145147139118 90 59 32 13  8 17 37 65 9411813413913412210927 523QO 543148195813999999999999999 026 941252  899999999999999
 98 95 99109123136143141128106 78 50 27 15 16 28 50 7710212213213312611427 524QO 616144203513499999999999999 059 951328 1499999999999999
103 96 96102113125135138132116 94 69 45 28 22 26 41 63 8710812312912711927 525QO 651138211512999999999999999 134 9514 5 2299999999999999
109100 95 97103114124130130122106 86 64 46 34 31 38 54 74 9411212312612327 526QO 729131215812699999999999999 216 951446 3199999999999999
115106 99 95 97103111118122121113 99 82 65 51 43 43 51 65 8310111512312527 527QO 815123224712599999999999999 312 951531 4299999999999999
121113105 98 94 94 98104110114113107 96 83 70 59 53 54 62 75 9110611812427 528QO 920114234012699999999999999 429 931623 5399999999999999
125121113104 95 89 87 89 95101106108106 99 89 78 69 64 64 71 83 9711112227 529QO1058108999999999999999999999 555 871724 6399999999999999
128128122112100 88 79 75 77 84 93102108110106 99 89 79 74 73 79 9010411727 530QO 030129124811099999999999999 7 7 751832 7399999999999999
128132131122108 91 75 64 60 64 75 88103113119117110 99 88 82 81 86 9711127 531QO 115133141511999999999999999 8 0 601938 8099999999999999
125134138132119 99 78 58 46 44 52 67 88107122130129120108 96 88 87 9310527 6 1QO 154138152113099999999999999 844 432039 8699999999999999
119133142142132112 87 60 39 27 28 41 64 90115133141139128114100 92 92 9927 6 2QO 231143161614199999999999999 925 262134 9199999999999999
113128142148144128102 71 41 19 10 16 35 64 96124143150146133117103 95 9627 6 3QO 3 714817 61509999999999999910 7 102223 9599999999999999
106121137149152143121 90 55 23  2 -3  8 33 67102131150155149134117104 9827 6 4QO 3451531756155999999999999991050 -323 9 9899999999999999
101113129145155154140113 77 40  9 -9-10  5 35 7110813615315614713211510327 6 5QO 4251561844156999999999999991135-12235310099999999999999
100105119136151158153134104 67 30  1-14-11  8 40 7711213915215314312711227 6 6QO 5 71581933154999999999999991221-15999999999999999999999
102101109123140153157149128 97 60 25  0-11 -5 16 49 8411613914914813712127 6 7QO 552157202015099999999999999 03810013 9-1199999999999999
108100101110124140150152143121 91 57 26  5 -2  7 29 59 9212013814514113027 6 8QO 64115321 614599999999999999 125 991357 -299999999999999
115103 97 99108121135144144135115 88 59 33 17 13 23 44 7210012313714113527 6 9QO 734145215114199999999999999 217 971446 1299999999999999
123110 99 93 95103114126134135127111 89 65 45 32 31 42 61 8510912713713827 610QO 837136223513999999999999999 318 931536 3099999999999999
130118105 93 87 87 94104115123125121109 93 75 59 51 51 61 78 9811713113827 611QO 954125231813899999999999999 429 871628 5099999999999999
136127114 99 87 79 77 82 91102112117117111100 87 75 69 70 79 9311012513527 612QO1131118999999999999999999999 545 771723 6999999999999999
139135125110 94 79 69 65 69 78 91103113118117110100 91 85 86 9310511813027 613QO 0 1139131611899999999999999 658 651824 8599999999999999
139141135123105 86 68 56 52 56 67 83 99114122124120112103 98 9710311312527 614QO 047141144712599999999999999 8 0 521933 9799999999999999
135142143135120 99 76 56 43 40 46 60 8010111813013312912111110510410811827 615QO 133143155513399999999999999 853 40204210499999999999999
129140146144133114 90 64 43 31 30 39 58 8210612613814013512511410710611127 616QO 218146164714099999999999999 938 29214210699999999999999
121134144148144129106 78 51 31 21 23 38 61 8911513414414413612411310610627 617QO 3 21481729145999999999999991019 20223110599999999999999
113125138148149141122 95 65 38 20 14 22 41 69 9912414114814413311910810327 618QO 34215018 6148999999999999991056 14231110399999999999999
106115129143150149136112 83 52 27 13 12 25 50 8010913214514713912611210227 619QO 4211511839148999999999999991132 11234510099999999999999
100106119134147151145128101 70 40 19 10 15 34 62 9211913814614313111710427 620QO 45815119111469999999999999912 7 10999999999999999999999
 97 99109124139149149139117 88 57 31 15 12 24 47 7610512814114313612210727 621QO 534150194214499999999999999 018 971241 1299999999999999
 97 94 99112128141148144129105 76 48 26 17 20 37 62 9011613414213912811327 622QO 610148201214299999999999999 050 941314 1699999999999999
 99 92 93101115130141144136119 94 67 43 27 24 33 52 7810512613814013311927 623QO 647144204214199999999999999 125 911347 2399999999999999
105 94 89 93103117130138137127109 85 61 43 34 36 49 70 9411713314013712727 624QO 726139211214099999999999999 2 4 891419 3399999999999999
112 99 90 87 92103116127132129118101 80 61 49 45 51 66 8710812613713913327 625QO 811132214413999999999999999 249 871453 4599999999999999
121106 94 86 85 90100111120124121112 97 81 67 59 59 68 8310212013313913727 626QO 9 5124221813999999999999999 342 841530 5899999999999999
129116101 89 81 79 84 93104113117116110 99 87 77 73 75 83 9711312713613927 627QO1019118225613999999999999999 445 791614 7399999999999999
135125111 96 83 74 71 75 84 95106113115113106 98 91 87 89 9610812113213827 628QO1158115234114099999999999999 553 711710 8799999999999999
139134123107 90 74 63 59 62 72 8610011211912011711110410010110611512513427 629QO1346121999999999999999999999 7 0 59182410099999999999999
140141134121102 81 62 48 43 48 60 78 9711412613112912311611010811111912827 630QO 033141151213199999999999999 8 2 43195110899999999999999
137143143135119 96 71 48 32 27 33 49 72 9712013514214013312311511111312027 7 1QO 131144161714299999999999999 858 27211111199999999999999
131141148148137117 90 60 33 15 11 20 41 7010012714415114813912611611111327 7 2QO 227149171015299999999999999 951 10221411099999999999999
121134147154153139115 82 48 19  1 -2 11 37 7110613415215715213912411210727 7 3QO 3211551757157999999999999991041 -323 510799999999999999
111122138153160157140112 75 38  8 -9 -9  8 39 7711314115715915013411810627 7 4QO 4141611841160999999999999991130-12235110299999999999999
102109124142158165159139107 69 31  2-13 -8 13 47 8612114715915714412610927 7 5QO 5 51651921160999999999999991217-13999999999999999999999
 98 97107125144160165157136102 64 28  2 -8  1 26 61 9913015115815113511527 7 6QO 557165195915899999999999999 034 9613 1 -899999999999999
 98 90 92105124144158162152130 97 61 30 10  6 19 45 7911313915315414212427 7 7QO 648162203315599999999999999 118 891344  599999999999999
104 89 83 88101121139151154144122 93 63 38 25 26 42 68 9912614515314813327 7 8QO 74215421 515399999999999999 2 4 831424 2499999999999999
113 94 81 77 83 97115131141143134116 92 69 52 45 51 68 9211713714915014027 7 9QO 839143213515199999999999999 254 7715 3 4599999999999999
123104 86 75 72 78 90106120129131125112 95 79 69 68 76 9211213014414914527 710QO 94413122 514999999999999999 350 721540 6799999999999999
133116 97 81 71 68 72 82 95108117121119112102 93 88 89 9811112513814614727 711QO11 9121223814799999999999999 454 681618 8899999999999999
141128111 94 78 67 62 65 73 85 9710811511811611210710510711312213214014527 712QO13 5118232214599999999999999 6 8 6217 610599999999999999
144137125109 91 75 62 56 57 63 75 8910311512212412312011711712012613313927 713QO15 3124999999999999999999999 724 55182811799999999999999
142142136124107 88 70 56 48 47 55 69 8610411912913313212812312112112413027 714QO 024143161313399999999999999 831 47202412099999999999999
137142142136124105 84 63 47 38 39 49 67 8811012713714013713012311811712027 715QO 137143165414099999999999999 925 37214311699999999999999
128137143144137122101 76 53 36 29 33 47 70 9511913614414413712611711111127 716QO 24014517271459999999999999910 9 29223011099999999999999
117128139147147137118 93 65 41 26 22 31 51 7810612914414814313211810810327 717QO 3311481756148999999999999991048 2223 410399999999999999
107117132145151148134111 82 53 30 18 20 35 61 90118139149147137122108 9827 718QO 4141521823149999999999999991122 172335 9799999999999999
 98106121138150154147128100 69 41 21 15 24 45 75105131146150142127110 9627 719QO 4521541848150999999999999991154 15999999999999999999999
 91 95109127144154154141118 88 56 31 18 19 35 61 92121141150147133115 9827 720QO 529156191315099999999999999 0 4 911225 1699999999999999
 87 86 96113133148155150132106 75 46 27 21 30 52 8111113514915014012210227 721QO 6 5155193615199999999999999 034 851253 2199999999999999
 87 81 85 99119137150152142121 93 65 42 30 32 48 7310212814515114513011027 722QO 641152195915199999999999999 1 5 811321 2999999999999999
 91 79 78 86103122139147145132110 84 60 44 40 49 69 9512114115115013811827 723QO 719148202215299999999999999 139 771348 4099999999999999
 98 82 74 76 88105123137142137122101 79 62 53 56 70 9111513614915114412827 724QO 8 0142204515299999999999999 216 741416 5399999999999999
107 88 75 71 76 88105121132134128115 97 81 70 68 75 9011013014415014713527 725QO 848134211015099999999999999 258 711445 6799999999999999
118 98 81 71 68 74 86101115124126122112 99 89 84 85 9410812413814714814127 726QO 950126213814899999999999999 349 681518 8399999999999999
128110 92 76 66 63 68 79 93106115120119114107102 9910210912013214114514427 727QO1121120221514599999999999999 451 6316 0 9999999999999999
136123106 88 72 61 56 59 68 81 9510711712112211911611411512012613313914227 728QO1335122231414299999999999999 6 8 56171011499999999999999
141135123106 87 68 54 45 45 53 67 8410211712813213212912512312312613113727 729QO1526133999999999999999999999 730 44192512399999999999999
141142138126108 86 63 44 31 29 37 54 7710112213714414313813012412012112727 730QO 045142162514499999999999999 843 29211712099999999999999
135143148145133112 85 56 32 16 13 24 46 7510513014715415014112811811311427 731QO 21014817 815499999999999999 943 13221611299999999999999
123136149156154140114 82 48 19  3  1 16 44 7911314015615915113612010710227 8 1QO 3181571745160999999999999991035  0225910299999999999999
107121140156165162144115 77 40 10 -5 -3 18 51 90125151163160146126106 9327 8 2QO 4151661819163999999999999991121 -72339 9199999999999999
 92102121144163172166145112 71 33  6 -5  4 30 67106138159164155135111 9027 8 3QO 5 817218501649999999999999912 3 -5999999999999999999999
 80 83 98122147166173165141106 67 32 10  6 21 50 88124151164161144119 9427 8 4QO 559173191916499999999999999 018 801243  599999999999999
 76 70 77 97123148165169158134100 65 37 23 26 45 7611114015916315213010327 8 5QO 648169194616399999999999999 057 701319 2299999999999999
 79 65 63 74 96121144158159148124 95 67 48 43 52 7410313115316215714011627 8 6QO 737160201016299999999999999 138 621352 4299999999999999
 90 69 59 61 74 95117136147147135116 94 75 65 67 8010112514615815914812827 8 7QO 829148203316099999999999999 220 581422 6499999999999999
103 80 64 57 61 74 92111126134133125111 97 87 85 9110512314015315715113727 8 8QO 926134205615799999999999999 3 7 571448 8499999999999999
117 95 76 64 59 63 73 8810211412112211811210510210411112213514615115014227 8 9QO1043122212115299999999999999 4 2 59151110299999999999999
128111 93 77 66 61 63 70 81 9310311111611711711511611812413113814314514227 810QO13 2117215414599999999999999 513 61152811599999999999999
135124110 94 80 68 62 61 64 73 83 9510711612212512612612612813113413613827 811QO23 6138999999999999999999999 644 60999999999999999999999
137132124112 97 82 68 58 54 56 64 77 9210812113013313313112712512412612927 812QO1625134999999999999999999999 811 54205012499999999999999
133135134127115 99 80 63 51 45 48 58 75 9511513013814013612912111611511827 813QO 113135164514099999999999999 912 45214911499999999999999
125133138139132117 97 75 54 40 36 42 58 8010412513914514213312111110510627 814QO 23413917 714599999999999999 956 36222110499999999999999
114126137145144134115 90 64 43 30 30 42 64 91117137147147138124109 98 9527 815QO 3271461729148999999999999991032 282249 9599999999999999
101115131145152148133108 79 52 32 24 30 49 76106131147151144128110 94 8627 816QO 4 915217511519999999999999911 4 242315 8699999999999999
 89102120140153157147126 98 66 40 25 24 38 64 95124144154150135114 94 8027 817QO 4461571812154999999999999991133 232342 7799999999999999
 78 88106129148159157142116 85 55 33 25 33 55 84115140154155142121 97 7827 818QO 52216018321569999999999999912 0 25999999999999999999999
 70 74 91114137155160153132103 72 47 33 34 50 77108135153158149129104 8127 819QO 557160185115899999999999999 010 701225 3199999999999999
 66 64 75 97122144157157144121 92 64 46 41 51 72101129150159155138113 8727 820QO 632159191116099999999999999 039 631250 4199999999999999
 67 58 63 79103128147155150134109 83 63 53 56 72 96123146158158146123 9727 821QO 7 9155193116099999999999999 1 9 581315 5299999999999999
 73 58 55 65 84109131145149141123101 81 68 66 76 9411814015515915113310827 822QO 748149195115999999999999999 143 541340 6599999999999999
 83 63 53 55 68 88110128139140131116 99 85 80 83 9611413414915615314011927 823QO 834141201215699999999999999 220 5314 6 8099999999999999
 96 74 58 53 57 70 88107121130130123113102 95 9510211412914215015114412927 824QO 932131203615299999999999999 3 5 521433 9499999999999999
110 89 71 58 53 57 67 82 9711011912212011611110911111712613514314614413627 825QO11 612221 614699999999999999 4 5 5315 310999999999999999
123107 89 72 60 53 53 59 71 84 9810911812212412312312412613013413813913827 826QO22 5139999999999999999999999 530 52999999999999999999999
133124111 94 77 61 49 44 47 56 70 8710411912913513513313012712612712913327 827QO1543136999999999999999999999 712 44201012699999999999999
136136131120102 81 60 42 32 31 41 59 8210612614014614413712812011511612127 828QO 033137161614699999999999999 833 30212711599999999999999
130140145143131110 83 56 33 19 18 31 55 8511413715115414713311810610010427 829QO 215145164515499999999999999 933 1722 710099999999999999
116132148157155141115 82 49 23  9 12 30 61 95127150160156142121101 88 8527 830QO 3221581713160999999999999991021  82243 8499999999999999
 94114137157168165147116 79 43 17  7 16 40 75112143161164152129103 81 7027 831QO 41816917401649999999999999911 3  72319 6999999999999999
 72 89115143165175169147112 74 40 18 15 30 60 97132157167161140111 82 6227 9 1QO 5 817518 6167999999999999991141 142355 5599999999999999
 55 65 88118148169176166141106 70 42 28 32 53 86121150166166151123 91 6327 9 2QO 5561761831168999999999999991216 27999999999999999999999
 47 47 62 89121149167170158132100 70 50 45 57 81112142162168159135104 7327 9 3QO 642171185416899999999999999 031 451248 4599999999999999
 49 39 45 65 93122146160159146122 96 75 65 68 84108135156166163146118 8727 9 4QO 728161191516799999999999999 1 8 391316 6499999999999999
 60 43 39 49 70 96121140148146133115 96 84 82 9110813014916116315213110327 9 5QO 815149193616499999999999999 146 391341 8299999999999999
 76 55 44 44 56 75 97116130135132123111101 9710111112714215415815313811727 9 6QO 9 7135195615899999999999999 227 4314 2 9799999999999999
 93 72 57 50 52 62 78 9410911912312211711210911011512513614515014914012627 9 7QO1016123201715099999999999999 313 50141810999999999999999
109 90 74 63 58 59 66 77 8910010811411711711711812012513013614014013713027 9 8QO2042141999999999999999999999 416 58999999999999999999999
119107 93 80 70 64 62 65 72 81 9110211111812212512612612712812912912912827 9 9QO2132129999999999999999999999 551 62999999999999999999999
125119110 99 87 75 66 60 60 64 74 8610011312413013213012612211811711812127 910QO1558132999999999999999999999 737 5921 511799999999999999
124125123117106 91 75 62 53 52 57 70 8710512213313713512911911110610511027 911QO 1 0125161113799999999999999 845 51213410599999999999999
118126132131124109 90 70 54 45 45 55 72 95116133142142134121107 97 93 9727 912QO 227132162914399999999999999 930 4322 0 9399999999999999
107121134141139127108 84 61 44 37 43 59 82108130144147140125107 91 82 8327 913QO 31914116481489999999999999910 5 372224 8199999999999999
 93111129144149143127102 75 51 37 36 48 71 99125144152147132110 88 73 6927 914QO 4 014917 7152999999999999991035 352249 6999999999999999
 78 96119140153155143121 92 64 44 36 42 62 90119142155154140116 90 69 5927 915QO 43715617251569999999999999911 3 362315 5899999999999999
 62 79103130150160156138111 82 56 42 42 57 83112139156159148125 96 69 5227 916QO 5121601744160999999999999991129 402342 4899999999999999
 49 61 85114140158162152129101 73 53 47 56 78106134154162155135105 75 5127 917QO 54716218 2162999999999999991154 47999999999999999999999
 40 45 65 94124148160159144119 92 69 57 60 76101128150162160144117 85 5627 918QO 623161182216399999999999999 011 401220 5799999999999999
 38 35 48 73103131151158151133110 87 71 68 78 97122145160162151128 97 6727 919QO 7 1158184116399999999999999 041 341245 6899999999999999
 43 32 36 54 80109133148151141124104 87 80 83 97117138154160155137111 8127 920QO 74215119 216099999999999999 114 321311 8099999999999999
 55 37 33 41 60 86111130140140131117103 94 93100115132147155154143123 9827 921QO 829142192415699999999999999 151 331336 9299999999999999
 72 51 38 37 47 64 8610612213013012411510810410711512713914714914413111327 922QO 931131194915099999999999999 237 3614 210499999999999999
 91 70 53 44 43 50 63 80 9711011912212111911611611912513113714114013412427 923QO1116122202014199999999999999 338 42143111699999999999999
110 93 76 61 51 46 48 57 70 85 9911112012512712712612612612712913013012927 924QO1433127213813199999999999999 5 9 4617 312699999999999999
124115102 86 70 56 46 43 47 58 74 9211012413313613513012411911511611912427 925QO1511136999999999999999999999 655 43202911599999999999999
128130126115 98 78 58 42 35 38 50 70 93116133143144138126114103 9810110927 926QO 050130153814599999999999999 815 352112 9899999999999999
122134141140128108 82 57 37 28 32 49 74102128145152147133114 96 83 80 8827 927QO 22214216 415299999999999999 912 282147 7999999999999999
104125143154153139114 83 54 33 26 35 57 87118143157156143120 95 73 61 6327 928QO 325155162915899999999999999 957 262221 6099999999999999
 79104131153165162144115 81 52 34 32 47 74106137157163154131101 71 50 4327 929QO 4181651654163999999999999991037 312256 4399999999999999
 53 76107138161171164143112 79 53 41 46 66 96128154166163144113 79 49 3227 930QO 5 61711718167999999999999991113 412330 3099999999999999
 32 49 78113144165171161137107 78 59 55 66 90120147165168155127 92 58 322710 1QO 5521711741169999999999999991146 54999999999999999999999
 22 29 52 84119147164165152129102 81 70 73 89114140160168162140108 73 422710 2QO 63616718 416999999999999999 0 5 221217 6999999999999999
 23 20 34 59 92123146157155141120100 86 83 92111133153165164149123 90 582710 3QO 720158182616699999999999999 040 191244 8399999999999999
 34 23 26 43 69 98123141147143130114100 94 98110127145157161152133106 772710 4QO 8 4147184816199999999999999 115 2213 9 9499999999999999
 51 34 29 37 54 77101120132135131121111104104110122136148153150138118 942710 5QO 851135191115399999999999999 152 29133210399999999999999
 70 51 41 40 48 64 821001141231251221161121101121191281371431431371251072710 6QO 951125193514499999999999999 234 39135511099999999999999
 88 71 57 51 51 57 69 83 961071141181181171161161181221271311331311251152710 7QO113611820 113399999999999999 328 50142011699999999999999
103 89 76 66 60 59 62 70 80 911011101161201211211201191191191201201201172710 8QO1424121205212099999999999999 447 59175211999999999999999
112105 95 85 75 67 62 62 66 75 87 991111201251271251201151101071071091132710 9QO1452127999999999999999999999 631 61203110799999999999999
115115111104 93 80 68 61 58 62 73 87103117128133131124114104 96 93 96103271010QO 031115151413399999999999999 752 5821 1 9399999999999999
112119123120111 97 81 66 57 55 61 75 93113128138138131117101 88 80 81 89271011QO 2 7123153513999999999999999 845 542128 7999999999999999
102117128133129116 98 78 62 53 54 65 84106126141145139123103 83 69 65 72271012QO 3 3133155514599999999999999 924 522153 6599999999999999
 87107126139142134117 95 73 57 52 58 75 99123141150147132109 83 62 52 54271013QO 346142161415199999999999999 957 522219 5199999999999999
 69 92117138150149136114 89 68 56 56 70 92117140153154141117 88 60 42 38271014QO 4251511633155999999999999991027 552246 3899999999999999
 49 72101129149157151133108 83 65 60 67 86111136154159150128 97 64 39 26271015QO 5 31571653159999999999999991056 602315 2699999999999999
 31 50 80113140157159148126101 79 68 69 83105131151161158139109 74 42 22271016QO 5401601715162999999999999991125 662345 1799999999999999
 17 30 57 90123148160157142119 96 80 75 82101124146160162149123 88 54 26271017QO 6181601737163999999999999991153 75999999999999999999999
 12 16 35 66100130150157150133112 94 84 86 98118139155161155135105 70 39271018QO 65915718 116199999999999999 018 121222 8399999999999999
 17 11 20 43 74105131146149141125108 96 93 99113131147157156143120 90 58271019QO 744150182615899999999999999 054 111252 9399999999999999
 32 17 15 28 51 79106127139140132120109102103111124138148152146131108 80271020QO 836140185415299999999999999 136 14132310299999999999999
 54 33 23 24 36 56 80102120129131126119112110112119128137143142135121101271021QO 943131192814399999999999999 225 2214 111099999999999999
 79 57 41 32 33 42 57 77 96111121125125122118117118121125130132131126116271022QO1121125201613299999999999999 328 31151111799999999999999
102 85 67 52 43 40 45 56 72 90105118125128127124120116114114116119121121271023QO1311128222912199999999999999 452 40182511499999999999999
117109 96 80 65 52 45 46 54 69 87105120130134132125116107100 98100107115271024QO14 7134999999999999999999999 624 441958 9899999999999999
121124120110 93 75 58 48 46 54 70 90111129139141134121105 90 80 78 85 97271025QO 057124144214199999999999999 740 462044 7899999999999999
113127135134123104 82 63 51 49 58 77100123140148144130110 87 68 58 60 73271026QO 223135151114899999999999999 839 482122 5899999999999999
 93116136146145133111 87 66 54 55 68 90115138152154142120 92 65 45 39 46271027QO 325147153815599999999999999 927 532158 3999999999999999
 67 94123145156153138114 89 69 61 66 82107132152160154134104 70 42 26 25271028QO 41815716 51609999999999999910 9 612234 2399999999999999
 39 67100131153162156138113 90 74 70 80100125148161162147119 84 49 23 12271029QO 5 61621631163999999999999991046 7023 9 1299999999999999
 18 40 72107138157162153134110 90 80 82 96118141158165156134101 64 31 11271030QO 5511631657165999999999999991121 792344  799999999999999
  7 20 47 81115142157158146127107 92 88 95111132152162161145117 82 47 20271031QO 6331591723163999999999999991153 88999999999999999999999
  7 10 29 58 91121143152149137119103 95 96107124142156160151130100 66 362711 1QO 715153174916099999999999999 018  61223 9499999999999999
 17 11 20 41 70 99124140145139127113102 99104117132146154151138114 85 562711 2QO 755145181715499999999999999 053 111252 9999999999999999
 33 20 20 32 54 80105124134135129118108103104111123135144146139123101 752711 3QO 837136184514699999999999999 129 18132210299999999999999
 52 35 28 32 45 65 87106120127127121114108105108115124132137135126111 922711 4QO 926128191713799999999999999 2 8 28135810599999999999999
 71 54 43 39 44 56 73 901061161221211181131091081101141201241261231151032711 5QO1028122195512699999999999999 254 39145510899999999999999
 88 73 60 52 50 54 64 77 911041141191201181151111081071081111131141131082711 6QO115012021 111499999999999999 350 50165810799999999999999
101 90 79 69 62 59 61 68 79 92104114121123122117111105100 98 991011051072711 7QO13 5123232910899999999999999 5 4 591911 9899999999999999
107104 97 88 78 70 65 65 71 82 95108119126128125117106 95 87 84 86 91 992711 8QO1351128999999999999999999999 626 6420 9 8499999999999999
107111111106 97 86 75 69 68 74 86100115127134133125111 95 80 71 69 74 862711 9QO 130112142413499999999999999 734 672045 6899999999999999
100112120122116104 90 78 71 71 79 93110126137140134119 99 78 61 53 55 67271110QO 240122145014099999999999999 828 702116 5299999999999999
 86106122132132123109 92 79 73 75 87104123138146143129107 80 56 40 37 46271111QO 331133151514699999999999999 912 722147 3699999999999999
 66 91116134143140128110 92 79 76 83 98117136149151140118 88 58 34 22 25271112QO 415143154015199999999999999 951 762218 2199999999999999
 42 69100127145151144128108 91 81 82 93111131148155150131101 67 36 14  8271113QO 45615116 6155999999999999991027 802251  899999999999999
 19 44 77110137153155144126106 90 85 90105125144156157144117 83 46 17  0271114QO 53715616341589999999999999911 2 852327 -199999999999999
  1 19 50 86119144156153140121103 92 90100117136153159153133102 65 30  4271115QO 61915617 4159999999999999991137 90999999999999999999999
 -6  1 24 57 94125146154148134116102 95 98110127145156157145121 88 51 19271116QO 7 4154173615899999999999999 0 5 -61212 9599999999999999
 -1 -6  6 32 65 99127143148141128113102 99105118133147154151135109 77 44271117QO 752148181115499999999999999 047 -61250 9999999999999999
 17  2  1 15 40 71101125138141134123111104104110122134144147141125101 72271118QO 844141185114899999999999999 132  0133310399999999999999
 43 22 10 12 26 49 76102122133134129120111106106111120129136137131117 97271119QO 942135194013899999999999999 223  9143010599999999999999
 73 49 32 23 25 37 57 80102119129131126119111106104106112119124126122113271120QO1047131205212699999999999999 320 23155710499999999999999
 98 79 61 46 38 39 48 65 85104119128130127119110102 97 96 98104111116117271121QO1151130224711799999999999999 425 371747 9599999999999999
113104 90 75 61 53 52 59 73 90108122131133128118106 93 84 80 81 88 98108271122QO1247133999999999999999999999 537 511912 8099999999999999
116118113103 89 76 66 63 69 81 98114128137137129115 97 80 67 61 64 74 89271123QO 050118133213899999999999999 650 632010 6199999999999999
105119126125116102 88 77 73 78 90107124137143140127107 84 62 47 42 48 64271124QO 222126141114399999999999999 756 732057 4299999999999999
 85107125135135126111 96 85 81 87100117134145148140121 95 67 43 29 27 38271125QO 330137144614999999999999999 854 812138 2699999999999999
 59 87113134144143133117101 90 88 95110128143152150136111 79 49 25 14 17271126QO 424145152015399999999999999 944 882217 1399999999999999
 34 61 93121142151147134117102 93 93103120137151155148127 97 63 32 11  5271127QO 5121511553156999999999999991027 922254  599999999999999
 14 37 69102130148153146131114101 95 99111129145155154140114 81 46 18  3271128QO 55415316261569999999999999911 6 952330  199999999999999
  3 18 46 79111136150150140125109 98 96104119136150155149129100 65 33 10271129QO 6331511658155999999999999991141 96999999999999999999999
  1  7 28 58 90120139148144132116103 96 99109125141151151139116 85 52 24271130QO 710148173115299999999999999 0 5  11214 9699999999999999
  7  5 17 41 71101125139142135122108 98 96102114129142148143127102 71 422712 1QO 74514318 414899999999999999 040  41246 9599999999999999
 21 11 14 30 55 83109128137135126113101 95 96105117131140141132114 89 622712 2QO 820137183814299999999999999 115 101321 9599999999999999
 38 23 19 27 45 69 94115128132128118106 98 94 97106118128134131121102 802712 3QO 856132191513499999999999999 150 1914 0 9499999999999999
 57 40 30 31 41 59 81103119127128122112103 96 94 97105114122124121110 942712 4QO 935129195712499999999999999 226 291451 9499999999999999
 76 58 46 41 44 56 73 92109121126125119110101 95 92 941001071121141111032712 5QO1018127205411499999999999999 3 6 4116 1 9299999999999999
 91 77 64 56 53 58 69 84100114123126124118108 99 91 87 87 91 971021051052712 6QO11 6126222410699999999999999 351 531729 8799999999999999
100 93 83 74 68 66 70 80 93106118125128125117106 95 84 78 76 79 86 931002712 7QO1157128999999999999999999999 447 661849 7699999999999999
104104100 93 85 79 77 80 88100111122129130126116102 86 72 64 62 66 76 882712 8QO 028104124613199999999999999 555 771948 6199999999999999
100108112110104 96 89 86 88 95105117127134134126112 93 73 56 47 46 54 692712 9QO 210112133113499999999999999 710 862034 4599999999999999
 87104117123122115105 96 92 93100111123134139136124104 80 55 37 28 31 45271210QO 318123141113999999999999999 819 912114 2899999999999999
 67 91113128135132122110100 95 96104117131141144137119 93 63 36 17 12 20271211QO 410135144914499999999999999 917 942154 1299999999999999
 40 68 98123139144138126112101 96 99110124139148147135111 79 45 17  0 -1271212QO 45614415271499999999999999910 7 962235 -399999999999999
 13 40 73106132147149141126111100 97103116132147153148130100 64 29  1-12271213QO 54115016 7153999999999999991051 972317-1399999999999999
 -9 11 43 80114139151150139123107 98 97106122139152156146123 90 51 16 -9271214QO 6251521648156999999999999991133 96999999999999999999999
-18-10 15 50 88121143152147134117103 96 98110127144155155142116 80 42  8271215QO 7 8152173115799999999999999 0 1-181214 9599999999999999
-13-17 -4 24 60 96126144149142127110 98 94 99112129145153151135107 73 37271216QO 752149181615499999999999999 045-181257 9499999999999999
  8 -8 -8  8 36 71104129143144134119103 93 91 98112128141147143127100 69271217QO 83414519 614799999999999999 130-101344 9199999999999999
 38 14  3  7 24 52 84112132140138127111 97 89 88 95107122133138133118 96271218QO 91614120 113899999999999999 215  31437 8799999999999999
 69 45 27 20 27 44 69 96119133137132120105 92 84 82 88 99111121126123112271219QO 95613721 912699999999999999 3 1 201541 8299999999999999
 95 75 57 44 41 48 64 86107124134135128115100 87 78 75 78 87 97107114115271220QO1036135223911599999999999999 349 411657 7599999999999999
109 98 85 72 64 62 69 83100116129135133125111 96 81 69 64 65 72 83 94104271221QO1119135999999999999999999999 440 621818 6499999999999999
110110106 97 89 83 81 87 97110122132136133124109 91 73 59 51 51 58 70 85271222QO 03511112 813699999999999999 541 811932 5099999999999999
 99110116116111104 98 96 98106116126134137134123106 85 64 47 38 37 45 61271223QO 22711713 113799999999999999 657 962034 3699999999999999
 80 99115125126122115108103104110119129137140135122101 76 53 34 24 25 37271224QO 346127135514099999999999999 8221032124 2399999999999999
 57 81105123134135129120111105105110120131140142135118 94 66 40 21 13 18271225QO 440136144514299999999999999 93310422 8 1399999999999999
 34 59 88113132141140131119108102103111123135144144133112 84 53 27 10  6271226QO 52214215311459999999999999910251022247  599999999999999
 16 38 67 98123139145139127113102 98101112127140147143128103 71 40 15  2271227QO 55714516121479999999999999911 5 982324  199999999999999
  3 19 47 79109132144144134119104 95 93101115132144148140120 90 57 27  6271228QO 6291451650148999999999999991138 932358 -199999999999999
 -1  7 29 60 92120138144138124108 94 88 92104120137146146132108 77 44 17271229QO 65914417261489999999999999912 9 88999999999999999999999
  3  3 18 44 76106129140140129113 97 86 85 92108125140145140122 95 63 34271230QO 72714218 114599999999999999 030  11240 8499999999999999
 13  6 13 34 62 93118135139133118101 87 80 83 95112128139141130110 82 53271231QO 753139183714299999999999999 1 0  61311 8099999999999999
