 97107111107 98 86 76 70 71 79 92108122133136132119102 83 66 54 48 49 5827 1 1R1 158111135613699999999999999 722 702117 4899999999999999
 70 85 97105106102 95 87 82 82 88 98111124133136131119101 80 61 46 38 3827 1 2R1 344106145313699999999999999 830 822227 3799999999999999
 47 61 78 95106111109103 95 88 86 90100112125135138132118 98 74 52 35 2727 1 3R1 513111155313899999999999999 950 862320 2699999999999999
 28 39 58 79 99113118116107 97 88 85 89100114128139141134116 92 65 40 2327 1 4R1 6101191646141999999999999991056 85999999999999999999999
 16 22 38 61 86108121125119107 93 84 81 88101119135145145134112 82 52 2627 1 5R1 651125173214699999999999999 0 3 161146 8199999999999999
 11  9 20 42 70 97118129128117101 86 77 78 88106127144152148131103 69 3727 1 6R1 724130181215299999999999999 039  81225 7699999999999999
 13  2  7 25 52 83110128134126110 91 76 71 77 93115137153157147123 90 5427 1 7R1 753134184915899999999999999 113  213 0 7199999999999999
 22  3 -1 11 36 67 99123135133119 99 80 68 67 79100126148160158141111 7427 1 8R1 822136192416199999999999999 144 -11332 6699999999999999
 38 11 -2  3 22 52 85114133137128109 87 69 62 68 85110136156163154130 9527 1 9R1 849138195816399999999999999 215 -214 5 6299999999999999
 58 25  5  1 13 39 71103127138135119 97 76 62 60 71 9312014415915914311427 110R1 916139203216199999999999999 244  01438 5999999999999999
 78 43 17  5 10 30 59 92119136139129109 85 66 57 61 7710112714715615012927 111R1 94314021 615699999999999999 312  51513 5799999999999999
 98 63 34 16 13 26 50 80110131141136120 97 75 60 56 64 8310713014514813727 112R11010141214314999999999999999 340 121550 5599999999999999
113 83 53 31 22 27 45 71 99123138140130110 87 68 56 56 67 8610812713813727 113R11039141222413999999999999999 4 9 211632 5499999999999999
123100 73 50 36 34 44 64 90114132140136122101 80 62 54 55 67 8510412012727 114R11111140231312799999999999999 439 331720 5399999999999999
124111 91 71 54 47 50 62 82103123135139131116 95 75 59 51 53 63 78 9510827 115R11148139999999999999999999999 514 461820 5199999999999999
115113104 90 75 65 61 66 78 94112126136136128112 92 72 56 47 46 53 66 8127 116R1 019115123513799999999999999 557 611936 4599999999999999
 95104107103 95 86 79 76 79 88100115127135136129114 94 72 53 40 34 38 5027 117R1 154107133713799999999999999 659 7621 4 3499999999999999
 66 83 98107109106 99 92 87 87 92101114127137140134120 98 72 47 28 19 2027 118R1 353109145414099999999999999 835 862222 1899999999999999
 32 52 75 96112119119111101 92 88 90 98112128142149144129103 71 39 14  127 119R1 52312016 9149999999999999991014 872326  099999999999999
  2 17 42 72101122132130120105 91 83 83 94112133151161157138106 67 29 -127 120R1 6211321714161999999999999991125 82999999999999999999999
-15-12  8 40 77110134143138122101 83 73 75 90113140163174168144106 60 1727 121R1 7 7143181117499999999999999 019-161220 7299999999999999
-14-27-19  7 45 87124146151140117 92 71 62 68 88117149174184175145101 5127 122R1 74715219 318499999999999999 1 7-2713 8 6299999999999999
  7-23-31-17 16 59103138156154135107 79 58 52 62 88122156181188174140 9227 123R1 824157195218899999999999999 151-311352 5299999999999999
 42  0-24-25 -4 34 79121150160151126 94 65 46 45 60 8912515918118416512827 124R1 9 0160203918599999999999999 232-271436 4399999999999999
 81 34  0-16 -9 18 58101137158159142113 80 53 39 42 61 9212615617317114927 125R1 934161212417599999999999999 311-161520 3899999999999999
113 70 32  7  1 15 45 83121148160153130 99 68 45 36 43 63 9212314715815227 126R110 7160221015999999999999999 347  116 4 3699999999999999
130 98 63 35 21 24 43 73106135153155142117 87 60 43 38 46 66 9111513313927 127R11039156225713999999999999999 420 201651 3899999999999999
132112 87 62 45 41 49 69 95121141150146130106 80 58 45 42 50 66 8510311627 128R11111151235111999999999999999 451 401742 4299999999999999
119113 99 82 68 60 61 72 90110128140143135119 98 77 59 49 47 52 63 76 8927 129R11145143999999999999999999999 521 591846 4799999999999999
 99102100 93 85 78 76 80 89102116128134134126113 96 78 63 53 49 50 56 6527 130R1 1 7102122713599999999999999 554 762016 4999999999999999
 76 85 92 96 95 93 90 90 92 97105114122127127122111 97 82 67 54 46 43 4727 131R1 323 96133212899999999999999 648 892158 4399999999999999
 55 66 79 91 99103103100 97 96 97102109116122125123115102 84 66 50 38 3427 2 1R1 53010315 612599999999999999 9 4 9623 7 3499999999999999
 37 47 62 80 96108113111106 98 93 91 95103113123129129121105 83 61 41 2727 2 2R1 6151131627130999999999999991047 912353 2399999999999999
 23 30 45 66 89107119121115104 92 84 83 89101117130138137125104 77 50 2827 2 3R1 6451211722139999999999999991141 83999999999999999999999
 15 16 28 50 77102121129125112 96 81 74 76 87106125141148143125 97 65 3527 2 4R1 71012918 514899999999999999 029 141218 7399999999999999
 14  7 14 34 63 93118133134122103 83 69 65 73 91115138153156144118 84 4927 2 5R1 734135184215799999999999999 1 0  71251 6499999999999999
 20  4  4 21 49 82112133140132113 89 68 57 59 75100128151162158138105 6727 2 6R1 757140191616399999999999999 129  21321 5699999999999999
 32  8  1 11 36 69104130144141124 99 73 54 49 59 81111140160166153125 8827 2 7R1 820145194816699999999999999 156  11352 4999999999999999
 50 19  4  6 26 58 93125145148136111 82 57 43 45 63 9112315016516214110827 2 8R1 843149202116699999999999999 221  21423 4299999999999999
 69 35 13  7 21 48 83117142152145124 94 65 44 37 46 7010213215416215112527 2 9R1 9 6152205516299999999999999 247  71455 3799999999999999
 90 54 27 15 20 42 73107136152152136108 77 50 35 35 51 7810913615215213627 210R1 930154213015599999999999999 312 141529 3399999999999999
107 75 46 28 26 39 66 97127147154145122 92 62 40 31 37 57 8411213414413927 211R1 955154221014499999999999999 338 2416 5 3199999999999999
120 93 66 45 37 43 62 88116139151149134108 78 52 35 31 41 61 8510912513127 212R11023152225513199999999999999 4 5 371647 3199999999999999
124106 85 65 53 52 63 82106127143148141122 97 71 49 36 34 43 60 80 9911227 213R11055148235511699999999999999 435 511739 3399999999999999
116111 99 85 73 68 70 81 97115130140141132116 94 71 51 39 36 41 53 69 8427 214R11137142999999999999999999999 510 671852 3699999999999999
 97103103 99 92 86 84 86 94104116127134135129116 98 77 58 42 34 34 40 5327 215R1 131104124013599999999999999 6 0 842034 3399999999999999
 68 84 96104106105101 97 96 97103111120128134133124108 87 64 43 27 21 2427 216R1 4 2106142313499999999999999 8 2 962211 2199999999999999
 36 55 76 96111119119113105 97 92 94101113127138143138122 97 68 38 16  527 217R1 53012016 2143999999999999991018 922319  599999999999999
  8 23 48 78105125133131119103 89 80 80 90108130149158154135104 66 30  327 218R1 6151341714159999999999999991128 79999999999999999999999
 -9 -3 19 52 88120141146136117 93 73 63 66 83109138162174167142104 59 1927 219R1 650146181017499999999999999 011 -91217 6399999999999999
 -9-17 -5 25 65106138155153134106 77 55 47 55 79113148174184173142 97 4927 220R1 723156185918499999999999999 054-1713 0 4799999999999999
  9-15-16  5 42 86127155164152124 90 57 37 33 49 80119156181187169133 8527 221R1 755164194518799999999999999 133-181340 3299999999999999
 39  3-12 -4 25 67111147167165143108 70 39 23 26 49 8512516018018015711827 222R1 825169202818399999999999999 2 9-121419 2299999999999999
 72 32  6  1 18 52 94134162170158128 89 52 25 16 26 53 9012815817116413927 223R1 854171211017299999999999999 242  01458 1699999999999999
101 62 31 17 22 46 82119151167165144110 72 39 19 17 32 60 9412714915514427 224R1 923169215215599999999999999 313 161537 1699999999999999
119 87 57 38 35 48 75107137158164152126 92 58 33 20 24 41 67 9612013513527 225R1 950164223413799999999999999 341 341616 2099999999999999
123102 78 59 51 56 73 98124145156152135109 79 52 34 28 34 50 71 9310911827 226R11016156232011899999999999999 4 7 511658 2899999999999999
116106 91 76 67 67 77 93113131143146137120 97 73 53 41 38 44 56 71 85 9627 227R11044146999999999999999999999 432 661747 3899999999999999
102101 96 88 82 79 83 92105118129135133124109 91 74 59 50 47 50 56 65 7527 228R1 023102111713599999999999999 455 7919 1 4799999999999999
 84 90 93 94 93 91 92 95100107115121123122116106 94 80 68 58 52 49 51 5727 3 1R1 244 9412 912399999999999999 522 9121 3 4999999999999999
 65 75 85 94100102102101100100102106110114116115110101 89 75 61 50 43 4227 3 2R1 527102141311699999999999999 824 992237 4299999999999999
 48 59 74 89102110113110103 97 92 92 95103111119122119110 95 76 57 41 3327 3 3R1 55411316 6122999999999999991038 912328 3299999999999999
 33 43 59 80100115122120111 98 87 80 80 88101116128133130116 95 70 47 3027 3 4R1 61612217 8133999999999999991128 79999999999999999999999
 23 28 45 68 94116129130121105 87 73 67 72 86106126141145136116 88 58 3327 3 5R1 638131175114599999999999999 0 4 2312 3 6799999999999999
 18 17 31 55 85113133139132114 91 70 57 56 69 91117140153153137109 75 4327 3 6R1 659139182815599999999999999 034 161233 5599999999999999
 20 12 20 43 74107133146144126100 72 51 43 50 72101131154162154130 96 5927 3 7R1 72014719 116299999999999999 1 1 1213 2 4399999999999999
 29 13 14 32 63 98130150153139112 80 51 34 34 50 80114145164165148117 7927 3 8R1 741154193516799999999999999 126 111332 3299999999999999
 44 20 13 25 53 88123149160151126 92 58 32 22 31 56 9112715516716013510027 3 9R1 8 316020 816799999999999999 151 1314 2 2299999999999999
 63 33 19 23 45 78114145162160141107 70 37 17 16 34 6610313715916314811927 310R1 826164204316499999999999999 217 181433 1499999999999999
 84 51 31 27 41 69104136159165153124 86 49 21 10 17 41 7511114015515213327 311R1 850165212015699999999999999 243 2615 7  999999999999999
103 72 48 37 42 63 93125151164160139105 68 35 14 10 23 50 8311413714513827 312R1 91716422 114599999999999999 310 361544  999999999999999
117 91 67 52 50 62 85113138156160148123 90 56 29 14 15 31 56 8511012713127 313R1 946160224813199999999999999 338 491626 1399999999999999
122105 86 70 63 67 82103125143152150135110 81 52 31 21 23 37 57 8010011327 314R11020153235211699999999999999 4 9 631718 2099999999999999
116111100 88 80 78 84 96112127139143139126105 81 58 40 30 30 38 52 69 8627 315R111 3143999999999999999999999 445 781832 2999999999999999
 98105106103 98 94 93 96102111121129133131123109 90 70 52 38 32 34 42 5627 316R1 140106121613399999999999999 545 932018 3299999999999999
 72 88101109112110106102 99 99102109117125130129120105 84 62 42 29 24 3027 317R1 4 4112142113099999999999999 832 982156 2499999999999999
 44 64 87107120125123114103 92 86 87 94108123136141136120 95 66 40 21 1427 318R1 5 812616 3141999999999999991025 8623 2 1499999999999999
 20 39 66 95120135139130114 94 77 68 69 82103127147156151131100 65 33 1127 319R1 5461391711157999999999999991122 672350  699999999999999
  6 17 43 77111138151148130104 77 56 48 54 74104135160170162136 99 58 2427 320R1 61815218 41709999999999999912 5 48999999999999999999999
  5  5 24 57 96132156162149121 87 55 34 30 44 72109145170177164132 91 4927 321R1 648162185117899999999999999 030  31245 2999999999999999
 18  6 14 41 80120153169164141104 65 33 16 19 41 76117153175177157122 7927 322R1 717170193517999999999999999 1 6  51322 1599999999999999
 42 18 15 32 65106143168174158125 83 43 15  5 16 44 8412415717316814410727 323R1 745174201617499999999999999 140 131359  599999999999999
 69 39 25 31 56 92130160175169143104 62 26  4  3 21 53 9212915516415312727 324R1 813175205616499999999999999 211 251435  199999999999999
 93 62 42 39 54 82116148168171155123 83 44 15  2  9 31 64 9912914714913427 325R1 840173213515099999999999999 240 371510  299999999999999
110 82 60 51 57 77105134157166160137103 66 34 13  9 21 44 7310212413513127 326R1 9 6167221513599999999999999 3 7 501545  999999999999999
117 96 77 64 64 76 96121143156156143118 86 56 32 20 21 35 56 7910111512027 327R1 933158225912099999999999999 333 631623 1999999999999999
115104 89 78 73 78 91110128142147142126103 77 53 37 31 35 47 63 80 9510527 328R110 1147235610899999999999999 4 0 7317 6 3199999999999999
108104 97 89 84 84 91102115127134135127113 95 75 58 47 43 46 54 65 77 8727 329R11034135999999999999999999999 429 8418 5 4399999999999999
 95 99100 98 95 93 94 98104112119123122117107 94 81 68 58 53 52 55 62 7127 330R1 142100112512399999999999999 515 931944 5299999999999999
 81 90 98103105104102 99 98100103108112114113109101 90 78 66 56 51 51 5627 331R1 4 4105131911499999999999999 756 982134 5099999999999999
 65 78 92104112115112106 98 92 89 91 97105112117117111 99 84 68 54 45 4427 4 1R1 45611515281189999999999999910 5 892239 4499999999999999
 51 65 83102116124124115103 89 79 76 80 90104118127128120105 84 63 46 3827 4 2R1 5251251639128999999999999991058 762321 3799999999999999
 39 52 72 95117131135128111 92 74 63 62 72 90111129139138126104 78 54 3727 4 3R1 5501351726140999999999999991134 612353 3299999999999999
 32 40 60 87114135144140123 99 73 54 46 52 70 96122142151145125 98 68 4327 4 4R1 61214518 61519999999999999912 5 46999999999999999999999
 30 32 49 76108135151152137110 79 51 34 32 47 74107136155158145119 86 5627 4 5R1 633154184215999999999999999 022 291236 3199999999999999
 35 30 41 66 99131154162151125 90 55 28 17 24 49 83120149163160139108 7427 4 6R1 656162191816499999999999999 050 2913 6 1799999999999999
 47 33 36 57 88123152167164142106 66 31  9  6 23 55 95132157166155128 9527 4 7R1 720168195516699999999999999 118 321338  499999999999999
 64 42 37 50 78112144167172157126 85 43 11 -3  3 28 6510614016016114411627 4 8R1 747172203416399999999999999 146 371412 -499999999999999
 84 58 45 49 69100132159173168145107 64 25  0 -7  7 37 7511314215515113127 4 9R1 816174211515699999999999999 216 451449 -799999999999999
104 77 59 54 66 89119147166171158129 90 49 16 -2 -2 15 46 8111413714513827 410R1 84717122 014599999999999999 247 541530 -599999999999999
119 96 77 66 68 83105131152164162145115 78 43 16  4  7 25 53 8311012713227 411R1 922165225413299999999999999 321 651616  399999999999999
126111 95 82 77 82 96115135150156151133106 75 46 24 15 19 33 55 8010111627 412R110 4156999999999999999999999 359 771713 1599999999999999
121118109 99 91 89 93103117130140144140126105 80 56 37 28 28 37 54 73 9227 413R1 0 5121105914499999999999999 450 891828 2799999999999999
107115117113107101 97 97102109119128133133125110 91 70 51 38 33 37 49 6627 414R1 146117122813499999999999999 628 9720 2 3399999999999999
 86104117123122117108 99 93 92 95104115125132131122105 83 61 44 34 35 4527 415R1 323124142413399999999999999 848 912127 3399999999999999
 63 86109126134133123109 93 81 75 78 89105123137141135117 93 67 45 32 3227 416R1 4221351555141999999999999991010 752230 3199999999999999
 45 67 95121140146141124101 79 62 55 61 77101126145153146125 97 67 43 3027 417R1 5 214617 11539999999999999911 4 552319 3099999999999999
 33 51 79110138154156142117 87 59 41 36 47 71103133155162152127 95 63 4027 418R1 5361571754162999999999999991147 362359 3299999999999999
 32 40 64 96130155166159136102 67 37 21 22 41 72108141162166151123 89 5827 419R1 6 71661841167999999999999991225 19999999999999999999999
 40 38 54 83118149169171154122 83 45 17  7 16 42 78117148166164144114 8127 420R1 637172192416799999999999999 035 3713 2  799999999999999
 55 44 50 72104138164175168142103 61 25  4  1 17 49 8712515216315613310327 421R1 7 617620 516399999999999999 1 9 441338 -199999999999999
 74 55 52 66 93125154172174156124 82 42 12 -2  3 26 60 9713015115514312027 422R1 735175204515699999999999999 140 521413 -399999999999999
 93 70 60 65 84112141163172165140104 64 29  6  1 13 39 7210613214614412927 423R1 8 4172212314799999999999999 211 601447  099999999999999
107 85 70 68 79101127150165165150122 86 50 22  8 10 27 53 8311113013713127 424R1 83316722 213799999999999999 240 671522  799999999999999
116 98 82 74 78 93113135152159153134105 73 44 24 17 24 42 66 9011112412627 425R1 9 3159224412799999999999999 310 741559 1799999999999999
120107 93 83 81 88103121137148149139119 94 67 45 32 30 38 54 74 9410911727 426R1 936150233611899999999999999 343 811640 2999999999999999
118112103 94 88 89 96108122133139137127109 88 67 51 42 42 50 63 78 9310527 427R11016140999999999999999999999 423 881730 4199999999999999
112114110104 98 94 95100108117125129126118105 89 73 60 53 52 57 66 79 9227 428R1 04811411 912999999999999999 525 941840 5299999999999999
103111115114110104 99 96 97101108115119120115106 94 81 69 61 57 59 67 7827 429R1 219115123712099999999999999 716 9620 7 5799999999999999
 92105115121121116108 99 92 89 91 97105114118118113102 88 75 64 58 59 6627 430R1 330122142911999999999999999 9 5 892123 5899999999999999
 80 96112125130128119106 91 80 75 78 87100114123126121110 93 77 63 56 5827 5 1R1 41413115531269999999999999910 9 752218 5699999999999999
 68 86106125137140133117 96 77 63 59 66 81101120133136130114 94 74 59 5427 5 2R1 4461401652136999999999999991053 5923 0 5499999999999999
 59 75 98122141150146130106 80 57 44 44 57 80106130144146135115 91 69 5627 5 3R1 5141501739147999999999999991129 422337 5399999999999999
 54 66 88115140156159146121 89 57 34 25 32 54 84116142155152136112 85 6427 5 4R1 54115918211569999999999999912 4 25999999999999999999999
 54 59 77105134157168162140105 67 34 13 10 26 56 93127152162154133105 7927 5 5R1 61016819 316299999999999999 011 541239  999999999999999
 61 57 69 93124152171174159127 86 45 13 -3  2 26 62102137159164151126 9827 5 6R1 640175194516499999999999999 044 561316 -499999999999999
 74 61 64 82110141167180174150112 67 26 -2-11  1 30 7011014316016014411827 5 7R1 714180202816299999999999999 119 601355-1199999999999999
 92 72 66 75 97126155176182169139 97 52 14 -8-11  6 38 7711514415715213527 5 8R1 750182211415799999999999999 155 661438-1399999999999999
111 89 75 74 87110137162177177160127 86 44 11 -6 -4 15 47 8311714014914427 5 9R1 83118022 514999999999999999 233 731524 -899999999999999
127107 89 80 83 97119142162173169150118 80 43 15  3  7 26 54 8611513514227 510R1 91617323 114299999999999999 316 801615  299999999999999
136122106 93 87 90103121140156164159141113 80 49 26 16 20 36 60 8811313027 511R110 8164999999999999999999999 4 7 871713 1699999999999999
136132122109 98 92 94103117132146152149135113 85 59 40 30 32 45 65 8911127 512R1 0 7136111315399999999999999 515 921819 2999999999999999
127135133125113101 94 92 96106119132141142134117 95 72 53 43 42 52 69 9127 513R1 119135123714399999999999999 648 921933 4199999999999999
112129138138130117102 90 83 84 92105120133139136124105 84 65 53 50 58 7427 514R1 228139141213999999999999999 825 832045 5099999999999999
 96118136146145134117 98 81 70 68 76 91110128140141132114 93 73 59 56 6427 515R1 324146153814299999999999999 941 682147 5699999999999999
 81105128147154150135113 88 66 53 52 62 81105128144147139120 98 77 63 6127 516R1 4101551648148999999999999991038 512240 6199999999999999
 71 91117141158162153131102 73 49 36 37 52 77106132149153143123 99 78 6627 517R1 4491621745153999999999999991125 352325 6599999999999999
 67 81104131154167166150122 88 55 32 22 28 49 79111139154156143120 96 7727 518R1 52616818341579999999999999912 6 22999999999999999999999
 69 75 93118145165173164141107 70 38 17 13 26 52 85119145157154138115 9227 519R1 6 0173191815899999999999999 0 5 691244 1399999999999999
 76 73 84106133157172173157128 90 53 23  9 11 30 60 9512714915714913010727 520R1 633175195815799999999999999 042 731321  899999999999999
 87 77 80 96120146166175168146112 73 38 14  7 16 40 7210613415115214112027 521R1 7 6175203615499999999999999 116 761356  799999999999999
 99 83 79 88107132155171173159132 96 59 28 11 11 26 53 8511613814814513027 522R1 739174211314999999999999999 149 791431  999999999999999
111 92 82 84 97118141161170166147117 81 48 24 15 21 40 67 9712313914313627 523R1 812171215014499999999999999 222 8115 6 1599999999999999
120103 89 84 90106127147162166156134103 71 43 27 24 34 55 8110712713713727 524R1 847166222913999999999999999 256 841543 2399999999999999
128113 98 89 88 97113132149158157144121 93 65 44 33 35 48 68 9211312813527 525R1 925159231113599999999999999 334 871621 3399999999999999
132122109 97 91 92102116132145151147133112 87 65 49 43 48 61 8010011712927 526R110 6151235913399999999999999 418 9017 3 4399999999999999
133129120108 98 94 95103115129138142137124106 86 68 57 54 59 72 8810612127 527R11056142999999999999999999999 515 931750 5499999999999999
130133129120109100 95 95101110121130133130120105 89 75 66 64 69 80 9511127 528R1 05413312 113399999999999999 628 941847 6399999999999999
124133136132122110 99 91 89 93101112122128127120108 95 82 73 71 75 8610027 529R1 152136132512899999999999999 751 891952 7199999999999999
116130139141135123108 93 82 78 81 91104117126129125115102 89 79 76 80 9127 530R1 244141145412999999999999999 9 4 782058 7699999999999999
106124139147147138121101 82 68 63 68 81 98116130136133123108 93 82 78 8327 531R1 32914816101369999999999999910 1 632156 7899999999999999
 96115134150157153138115 89 65 50 46 54 73 97120138145142129112 95 83 8027 6 1R1 4 91571710145999999999999991049 452247 8099999999999999
 88104126147162165156134104 72 45 30 29 44 69 99127147154149133113 94 8327 6 2R1 44816618 3154999999999999991132 282332 8199999999999999
 82 93114138160173173156127 90 54 26 12 17 37 69104135156161152133111 9227 6 3R1 5271751851161999999999999991215 12999999999999999999999
 82 85101125152173183177154118 76 37  9 -1  9 36 7211114316216415213110727 6 4R1 6 8183193916599999999999999 016 8213 0 -199999999999999
 89 83 90110136163184190178149108 63 23 -2 -7  8 39 7811814916516414912627 6 5R1 652190202616699999999999999 059 831345 -899999999999999
103 88 85 96118146172190192176143 99 53 16 -5 -6 12 45 8512415216516114427 6 6R1 738193211416599999999999999 143 841433 -999999999999999
121 99 87 87100124151176191190171136 92 49 15 -2  1 22 55 9412915316215627 6 7R1 82719322 316299999999999999 229 851522 -399999999999999
138116 97 87 89104127153175187184164129 88 49 20  8 13 35 6710213415415927 6 8R1 918188225215999999999999999 319 861611  799999999999999
151133113 96 87 90104125149169179175155124 88 55 31 22 29 50 8011113815427 6 9R11014179234315799999999999999 415 8717 3 2299999999999999
157147130111 95 87 89101119140158167164147121 91 64 45 39 47 66 9211914227 610R11116167999999999999999999999 518 861755 3999999999999999
155156146129110 94 85 85 94109127144154153141121 97 75 61 57 64 8110312727 611R1 035157122615599999999999999 630 841851 5799999999999999
146156156145128109 92 81 78 84 97114130142145138124105 88 76 72 79 9311327 612R1 127157134814599999999999999 749 781951 7299999999999999
133150159157146128107 87 73 68 72 84101119134141139129114 99 88 84 8910327 613R1 221159151614199999999999999 9 5 682054 8499999999999999
121140155162159146125102 80 63 56 60 72 91113131141142134121107 96 92 9727 614R1 3131621636143999999999999991011 562157 9299999999999999
109127146160166160144121 94 69 52 45 50 65 87112132145147139126110 99 9627 615R1 4 216617411479999999999999911 6 452253 9699999999999999
101115134152165169160141113 83 57 40 35 43 63 89116138150151141126110 9927 616R1 4481691833152999999999999991152 352341 9699999999999999
 97105121141159171171158134103 71 45 30 29 42 66 9612414515515213912210627 617R1 5311721916156999999999999991233 28999999999999999999999
 96 98109128149167175171153124 90 57 34 23 28 47 7510613415215715013411527 618R1 611176195315799999999999999 023 961310 2399999999999999
100 94100115137158174178168144112 76 45 26 22 33 57 8711814315615614412527 619R1 649178202815899999999999999 1 0 941346 2199999999999999
106 94 93104123146167179177162133 98 63 36 23 26 43 7010213015015715113527 620R1 72618021 015799999999999999 136 921420 2299999999999999
115 98 91 95110132155173180173152120 85 53 32 26 35 57 8611614015415514327 621R1 8 2180213215699999999999999 210 901453 2699999999999999
125106 93 90 98117140161175177165139107 73 47 33 34 49 7410312914815515027 622R1 83817822 415599999999999999 245 891526 3299999999999999
135116 99 90 91103123146164173170153126 95 66 46 39 47 65 9111814015215427 623R1 915174223615599999999999999 323 891559 3999999999999999
144128109 95 90 94108128148162167159140114 86 63 51 50 62 8210713014715427 624R1 954167231015499999999999999 4 3 901632 4999999999999999
151139122105 93 90 97111129146157158148129105 83 66 59 64 78 9812013915227 625R11036159234715599999999999999 449 9017 6 5999999999999999
154148134117102 92 90 97110126140148148138122102 84 73 71 78 9211113014627 626R11127149999999999999999999999 542 891745 7099999999999999
154154145130113 98 89 87 93104119132140140133119104 91 83 83 9010412113727 627R1 028155123214199999999999999 645 861832 8299999999999999
150156154144128110 94 83 80 84 95109123133136132123111100 94 9310011212727 628R1 114156135513699999999999999 755 801932 9399999999999999
142154159156144126106 87 73 68 72 83 9911613013713713012011010310110611727 629R1 2 7159152813899999999999999 9 6 68204610199999999999999
132147159164160146125100 77 60 53 56 70 9011213114214514012911710810410927 630R1 3 31641649145999999999999991010 53215910499999999999999
120136153166172166149123 93 65 45 36 41 58 8411113515115514913612110910427 7 1R1 4 017217541559999999999999911 7 3623 210499999999999999
109122141161176182174152121 85 52 28 20 28 50 8111514316016415513912110727 7 2R1 45618218471649999999999999912 0 20235810299999999999999
102108124147170187192181155117 75 39 14  8 20 47 8412115216817015813811627 7 3R1 5501921935171999999999999991251  7999999999999999999999
101 97107127153180198201187155112 66 28  4  1 18 51 9113116117517215613227 7 4R1 642202202017699999999999999 048 971339  099999999999999
109 95 93106130159187205207188152106 59 21  1  3 24 6010314216917917115027 7 5R1 73420821 317999999999999999 137 921426 -199999999999999
124101 88 89105132163192208206185146 99 54 21  6 12 38 7611715317517916727 7 6R1 825210214418099999999999999 225 861511  599999999999999
143115 93 82 86104132164190204200176138 94 54 26 18 29 57 9413216317917727 7 7R1 916205222418099999999999999 314 811555 1899999999999999
160134107 86 78 84103131160183194188164129 91 58 39 36 51 7911314617017927 7 8R110 819423 317999999999999999 4 5 781637 3599999999999999
172152126101 82 76 83101126151171179172151122 92 68 56 59 7510113015617327 7 9R111 3179234417699999999999999 459 761719 5599999999999999
176166145120 97 81 75 81 97118139155162157141119 98 81 75 81 9711914216127 710R112 4162999999999999999999999 558 7518 1 7599999999999999
172171159140117 96 81 75 79 90107125139146145135121107 96 9410011313014827 711R1 026173131814799999999999999 7 6 751849 9499999999999999
162169166155137116 96 81 73 74 82 9611212613613813512711711010811212213527 712R1 114169145413899999999999999 825 73195110899999999999999
149161166163153136115 95 79 69 67 73 8510211813113813913412712011611812527 713R1 211166163514099999999999999 945 67211211699999999999999
136148159165163153136115 93 74 62 59 65 78 9711713314314614113212311811827 714R1 3171651747146999999999999991051 59223011799999999999999
124135148160167165154136112 87 66 53 51 59 76 9912214115115214413312111427 715R1 4201671835153999999999999991143 50232911399999999999999
114122135151165172169155133105 77 55 44 45 58 8010713215015815514312711427 716R1 5141721911158999999999999991225 43999999999999999999999
108110122139158172178172153126 94 65 45 37 44 63 9011914415916215313611827 717R1 6 0178194216299999999999999 01310713 1 3799999999999999
105102109125147167181183172147115 81 52 36 35 49 7410513415616516114612627 718R1 640184201016699999999999999 0501011334 3499999999999999
107 97 98111133157178188185167136100 67 43 33 40 61 9012214916516715513527 719R1 717189203716899999999999999 124 9614 5 3399999999999999
113 97 91 98117142167186191181156122 85 55 38 37 51 7811014016217016414627 720R1 75219121 417099999999999999 157 911434 3599999999999999
123101 88 88102125152176189188171141106 72 49 40 47 69 9913015617017015627 721R1 826191212917299999999999999 230 8715 2 4099999999999999
134110 91 84 90108133160179187179157125 92 64 49 49 64 9012014816717316527 722R1 9 0187215517399999999999999 3 4 841530 4799999999999999
146122 99 84 82 93114140163178179166141111 82 62 55 64 8411113916217317127 723R1 936180222217499999999999999 340 821557 5599999999999999
157134110 91 81 83 97119143162171168152127101 79 67 68 8210413015316917327 724R11014172225017399999999999999 418 801625 6699999999999999
165147124101 85 79 85100120141156161155139118 97 83 78 8410012214416217127 725R11058161232317299999999999999 5 1 791656 7899999999999999
170158138116 96 82 78 84 99117134147150145132116101 93 9210111613415216527 726R11154150999999999999999999999 552 781732 9199999999999999
170165152133111 93 80 76 81 9210812413614113913112011110510611412614015427 727R1 0 3170131114199999999999999 657 76182210599999999999999
164168163150132111 92 77 70 72 81 9511212613513813613012311811712113014227 728R1 05616815 113899999999999999 818 70194111799999999999999
154164168165154136114 91 72 61 59 66 8110011913514414614113412712212212827 729R1 2 8168164614699999999999999 943 58212712199999999999999
139153165173173163143117 89 64 48 43 50 68 9311814015415715214112912011727 730R1 3301741753157999999999999991054 43225011799999999999999
123135153171183185175152120 84 53 33 27 37 60 9112415016616815914312511227 731R1 4421861841169999999999999991152 27235110899999999999999
108115133156179196199186158119 77 41 19 15 30 60 9813516417817616013811527 8 1R1 5442001922179999999999999991242 14999999999999999999999
100 97108132161189208211194160114 68 31 10 11 32 6811115017718717815512727 8 2R1 63821220 018799999999999999 042 961328  899999999999999
101 86 87103132167198217217195155107 59 24  9 17 44 8512916718919117414527 8 3R1 729220203619299999999999999 128 841410  999999999999999
113 87 74 79101134171203219215189146 98 54 25 18 32 6510814918119518916527 8 4R1 818220211019599999999999999 213 741450 1799999999999999
131 98 74 65 75101136172201213204176135 91 54 34 35 56 9113116719019518127 8 5R1 9 6213214419699999999999999 258 651527 3299999999999999
152117 86 66 62 75102135168192199187160123 87 61 51 59 8311615117919318927 8 6R1 954199221819499999999999999 343 6116 3 5199999999999999
169139106 79 63 63 78103132159177180168144116 90 74 72 8510913716418318827 8 7R11043181225118999999999999999 430 611637 7199999999999999
179157128 99 77 66 68 81102125146159160151133114 98 90 9410812815116918027 8 8R11137161232618199999999999999 521 651710 9099999999999999
179167146121 97 80 71 73 83 9811613114114313812811710910711312413915516727 8 9R11247144999999999999999999999 621 71174710799999999999999
172169157140119100 85 77 76 81 9210511712813313413012512212112413214215227 810R1 0 8172143713499999999999999 739 76184112199999999999999
160163161152139122105 90 80 75 76 83 9410812013013613713513112812813113727 811R1 1 7163164513799999999999999 917 75203412899999999999999
145153158158153142127109 92 78 70 69 75 8810412113514414614213512812412527 812R1 2371591748146999999999999991038 68222212499999999999999
130139150158162159148130109 88 70 61 60 70 8710812914515315214413212211627 813R1 4 41621823154999999999999991132 59232211599999999999999
117125138152164170166151129103 78 60 51 55 70 9311914215716115414012411127 814R1 5 51701851161999999999999991212 51999999999999999999999
106110123142161175179171151122 92 65 49 45 56 7810613515616616314913011127 815R1 551179191616799999999999999 0 31061245 4599999999999999
 99 97108128151172185185170144110 77 53 41 45 64 9312515216917116013911527 816R1 629187194017299999999999999 036 961314 4199999999999999
 96 88 93111137163184193186163131 94 63 44 41 54 8111414516817717015012427 817R1 7 419320 317799999999999999 1 8 881341 4099999999999999
 99 83 81 94118148175192194179150114 78 52 42 48 7110313716417917816113527 818R1 737196202518199999999999999 138 8014 7 4299999999999999
106 83 73 79 99129160184195189167133 97 66 48 48 65 9312715817818317214727 819R1 810195204818499999999999999 2 9 731431 4699999999999999
117 89 71 68 81107139168187191177150115 83 60 53 62 8611815017418518016027 820R1 843191211118699999999999999 241 671456 5399999999999999
130 99 75 64 68 88116147172184180161132101 76 62 65 8211014016718318417027 821R1 917185213518699999999999999 313 631521 6199999999999999
144113 85 66 61 72 95123150169175166145119 93 76 72 8210413115717618417727 822R1 95417522 218499999999999999 348 611547 7299999999999999
157129100 76 63 63 77100125148161163152133111 93 85 8810112314616617817827 823R11036164223218099999999999999 427 611616 8499999999999999
166145118 92 73 64 67 80100122139149149140126111101 9810411813615416817427 824R11130151231017499999999999999 514 631648 9899999999999999
171157137113 91 75 67 69 79 9511212713613813412711811311311812914115416427 825R11250139999999999999999999999 618 67173311299999999999999
168165154137116 96 79 69 67 72 83 9811312513313613413012612412613113914927 826R1 0 516815 213699999999999999 748 6719 512499999999999999
157163164158144126104 84 68 59 59 68 8310212113514414614313613012512513027 827R1 137164165014699999999999999 929 58212912599999999999999
140152164170169158138112 85 61 47 44 53 72 9812414515715915214012611611327 828R1 3211711743160999999999999991044 44225211399999999999999
118132151169182184173149116 81 51 33 30 43 6910213516017217015613511510027 829R1 4401851821173999999999999991140 292346 9799999999999999
 97106127153179197200185155114 73 40 22 23 43 77116152176184174151122 9727 830R1 5402011855184999999999999991226 20999999999999999999999
 81 81 97125159190210211191154108 63 31 17 25 53 9413617219119017013910427 831R1 632213192719399999999999999 031 7913 7 1799999999999999
 77 63 69 92127166199217213188146 98 55 28 22 39 7311715918919918815912127 9 1R1 720218195919999999999999999 114 631345 2199999999999999
 85 58 50 62 91131171202216207177134 89 52 33 37 6110014217820020017914327 9 2R1 8 6216203020299999999999999 155 501420 3299999999999999
103 67 45 43 61 94134172198206192161121 82 55 47 59 8812616319120219216427 9 3R1 85120621 120299999999999999 236 421454 4799999999999999
125 86 55 40 44 66 99135168187189173144111 82 66 67 8511514817719519517727 9 4R1 936191213119799999999999999 317 391526 6499999999999999
146109 75 51 43 51 73103133158171169154130105 87 81 8910913616218118918227 9 5R1102217222 118999999999999999 359 431556 8199999999999999
161131 98 71 55 51 61 80104127145153150138122106 98 9910912714816617717727 9 6R11112153223317899999999999999 444 511625 9799999999999999
166146120 95 75 63 62 70 8510211813113613512912011311011412313615016116627 9 7R11219137231016699999999999999 536 62165611099999999999999
163153136117 98 83 74 72 76 85 9610811812512812712512212112412913714515127 9 8R11417128999999999999999999999 649 72174512199999999999999
154152145134120105 92 82 76 76 80 88 9911112112913313313112812612713013527 9 9R1 0 8154163213399999999999999 838 75201812699999999999999
140145147145138127113 98 85 75 70 73 81 9411012513614214113512812111811927 910R1 2 21471721142999999999999991010 70221411899999999999999
125133143150151146135118 99 81 68 62 66 78 9711813614815114513412111010627 911R1 34815217501519999999999999911 6 6223 710699999999999999
108118133147158161155139117 92 71 58 55 64 83107131150159156143125108 9627 912R1 4511611815159999999999999991144 542344 9399999999999999
 93101118138157169171159137109 81 59 49 53 69 95124149164166154134110 9127 913R1 5351721838167999999999999991215 49999999999999999999999
 81 84100124149170180176157128 96 67 49 46 58 83114144166173166145117 9127 914R1 613180185917399999999999999 015 811243 4599999999999999
 73 69 81105134163182186174148114 81 56 45 51 73104137164178176157128 9627 915R1 647186192117999999999999999 045 6913 8 4599999999999999
 71 59 63 83114147174189185165134 98 68 50 49 65 9412916018018316914110727 916R1 719189194218499999999999999 115 581333 4799999999999999
 75 54 49 63 91126159182189178151117 83 60 51 61 8611915217718718015512027 917R1 75218920 518799999999999999 144 491358 5199999999999999
 84 56 42 46 68102137167184183164134101 74 59 61 8010914217018718616813627 918R1 826186202818999999999999999 215 411423 5899999999999999
 99 65 43 37 50 77112145170179171148119 91 72 67 7710113116018118717715227 919R1 9 2179205418899999999999999 248 371449 6699999999999999
117 81 52 37 39 57 87119148165168156133108 87 77 80 9612114817018318116427 920R1 940169212318499999999999999 323 361516 7699999999999999
135101 70 47 39 46 66 93121143155154142123104 91 88 9711413615717217717027 921R11025156215617799999999999999 4 3 391546 8899999999999999
150123 93 67 50 45 53 71 9311613314214113211910810110311112614215716716827 922R11123143223716899999999999999 451 45162210199999999999999
159141118 93 72 58 53 58 71 8810512013013212912311711411512113014115015727 923R11254132234215999999999999999 558 53171511499999999999999
158153140122102 82 67 58 58 64 77 9310912213113413312912412112112513113927 924R11510134999999999999999999999 735 57193212199999999999999
147153154147134115 93 74 59 52 54 65 8210312213714514513912911911311111727 925R1 135154162914699999999999999 915 52214211199999999999999
127141154162160149128102 75 54 43 43 56 79106132150158155143125108 96 9327 926R1 3231621712159999999999999991026 412247 9399999999999999
101117139160174176163138105 72 46 33 37 55 84118148167171160139113 89 7527 927R1 4371771746171999999999999991118 332334 7299999999999999
 74 87112142170188189172141102 65 38 29 38 63100137167182178158126 93 6627 928R1 53419018181839999999999999912 1 29999999999999999999999
 53 57 78112149180198196174137 95 58 35 31 48 81121159184191177146107 7027 929R1 624200184919199999999999999 016 521240 3099999999999999
 44 35 47 76115156187202194167128 86 53 37 43 67105145178196192167129 8627 930R1 710202191919799999999999999 056 351315 3799999999999999
 49 27 25 44 79121161189198185155116 79 54 47 61 911291661911981831511082710 1R1 754198195019899999999999999 135 231349 4799999999999999
 65 33 18 23 48 85126162184187170140105 76 61 64 841151501791951911681312710 2R1 838188202019699999999999999 213 171421 6099999999999999
 89 51 25 18 30 57 93129158173170152125 98 78 73 831061351641831891771492710 3R1 921174204918999999999999999 252 181452 7399999999999999
112 74 44 26 26 42 68 99129150158152136115 96 85 871011231471681791761592710 4R110 4158211918099999999999999 331 241521 8599999999999999
131 98 67 45 35 39 55 77102124139143137124110 99 951011151331511641681602710 5R11052143215116899999999999999 412 351552 9599999999999999
143118 91 68 52 48 53 66 831021171271301261191101051051121231351471541542710 6R11154130222915599999999999999 458 47162810499999999999999
146131111 91 75 64 60 63 72 84 971091181221231201161131131161231301371412710 7R11333123232714299999999999999 6 0 60172911299999999999999
141136126112 97 84 74 69 68 73 81 921031141221261261231191151141161201252710 8R11527126999999999999999999999 735 68195611499999999999999
130133133127118106 93 81 72 68 69 77 891031171281341331281191111051041082710 9R1 121134162613499999999999999 913 68214510499999999999999
115124132136135127114 97 82 69 63 65 74 90109127139143139128114100 92 91271010R1 31413617 0143999999999999991017 632238 9099999999999999
 97110124137145144134117 96 77 63 57 63 77 99122141151150139121100 84 76271011R1 42314517261529999999999999911 0 572316 7599999999999999
 78 91110131147155152137115 90 68 55 54 66 88114139156160151131106 81 65271012R1 5121551750161999999999999991134 532348 6099999999999999
 61 70 91117142159164155134107 79 59 51 58 77105134157168163144115 85 59271013R1 55116418121689999999999999912 4 51999999999999999999999
 47 50 68 97128154169168152125 95 69 53 53 68 95127155172173158129 93 61271014R1 627171183517599999999999999 018 461231 5199999999999999
 39 33 45 73107141165174166144113 83 61 53 62 86117148172180170144107 69271015R1 7 2174185918099999999999999 048 331258 5399999999999999
 38 22 26 48 82119152172174159131100 73 59 60 77106139166182180160125 84271016R1 737175192418499999999999999 119 211325 5799999999999999
 47 21 13 26 55 93130159172167147118 90 69 63 73 96127157178184173144105271017R1 814172195218599999999999999 152 131354 6399999999999999
 64 30 11 12 32 65102136159166156134107 84 71 73 89114143168181179160127271018R1 853166202318399999999999999 227  91424 7099999999999999
 87 49 22 11 18 41 74108137154155143122100 84 79 86104129153171177169146271019R1 936157205717799999999999999 3 6 111456 7999999999999999
112 76 43 22 17 27 50 80109132144143132116100 90 89 99116136155167168157271020R11026145213716999999999999999 350 171533 8899999999999999
134104 73 46 30 27 37 56 81105124134134126115105 99100108121136149157157271021R11130135222915899999999999999 443 261620 9899999999999999
147128103 77 55 41 37 44 58 78 98115126129127120112107106110118128138145271022R113 1129234814799999999999999 552 37174310699999999999999
147142129110 88 67 52 45 46 56 72 91110124132133128120112106104106114124271023R11438133999999999999999999999 720 44195710499999999999999
134142143136121101 79 60 48 46 53 68 89111129141143136124110 97 89 89 97271024R1 139143154414399999999999999 847 452132 8899999999999999
110127142149147134112 87 64 48 43 50 68 93120141153153141122 99 80 69 69271025R1 316150162815499999999999999 955 432231 6899999999999999
 80100125146159158144120 91 64 46 42 53 75105135157165159139111 82 59 47271026R1 42816017 5165999999999999991047 422317 4699999999999999
 50 68 96127154168167150122 89 62 45 45 61 89122152171174159130 94 60 36271027R1 5261701738175999999999999991131 432359 2799999999999999
 27 37 62 96132161175171150118 85 59 47 53 75107142169182175151114 73 38271028R1 6161761811182999999999999991210 47999999999999999999999
 17 14 30 62101139166177168144111 80 58 54 66 94127159181185169136 94 52271029R1 7 2177184318699999999999999 038 121246 5399999999999999
 20  4  8 32 68108144168173160133102 76 61 64 83113145172185180156118 74271030R1 746173191418699999999999999 117  31321 6099999999999999
 35  8  0 12 39 77115147164163147121 94 74 68 78100130158177182168138 99271031R1 828166194618299999999999999 154  01353 6899999999999999
 58 24  5  4 21 51 86120145156151133110 89 76 78 921151421641751721521202711 1R1 910156201817699999999999999 231  21426 7599999999999999
 82 47 21 10 15 35 64 95122140145137121102 87 82 881041261471631671581362711 2R1 951145205016799999999999999 3 9  91458 8299999999999999
105 71 42 24 20 30 49 75100121133134126112 98 89 89 971121301461561551432711 3R11036135212615799999999999999 347 201533 8899999999999999
121 94 66 45 33 33 44 61 82102118125125118108 99 94 951031151291401451422711 4R1112812622 614599999999999999 430 321616 9399999999999999
130111 89 68 52 45 46 55 70 86102114120121116109102 98 991041131231301332711 5R1123512123 113399999999999999 520 441721 9899999999999999
130121106 89 73 61 56 56 63 74 87101112119121119113106101 981001051121192711 6R11356121999999999999999999999 624 5519 6 9899999999999999
123123117107 94 81 70 63 62 66 75 88102114123127124117107 98 92 90 941012711 7R1 02712315 412799999999999999 745 622049 9099999999999999
109117121119112101 88 76 67 63 67 76 91107122131134129118103 89 79 76 812711 8R1 215121155113499999999999999 9 1 632154 7699999999999999
 91104116124126120107 92 77 67 63 67 80 97117133142141130113 92 74 63 612711 9R1 340126162514299999999999999 958 632239 6099999999999999
 69 85104121132134126111 92 75 64 62 70 87109131146151143125100 74 54 44271110R1 4401341654151999999999999991042 622316 4499999999999999
 47 62 85110131142141129110 89 71 61 64 78100125146158156140113 81 52 33271111R1 5271431722159999999999999991118 612349 2799999999999999
 28 38 61 91120141150145129105 82 66 61 70 90116142161166155129 95 58 29271112R1 6 81511750166999999999999991152 61999999999999999999999
 14 16 35 65100131151156145124 98 76 63 64 80105134158171168148114 73 36271113R1 647156181917299999999999999 023 121224 6299999999999999
  9  0 10 37 73111141157156140116 90 71 64 72 93122150171177165136 96 53271114R1 727158185217799999999999999 058  01257 6499999999999999
 17 -5 -7 11 43 83120146157151132107 84 69 69 83108137162177176157122 79271115R1 8 8158192717999999999999999 135 -81332 6799999999999999
 37  4-11 -6 17 52 91125147153144123100 81 72 77 95120147168178170146109271116R1 85115420 517899999999999999 215-1214 9 7299999999999999
 66 27  0 -9  0 26 60 97127144146135116 96 81 77 86104128151168172161135271117R1 938147204817399999999999999 259 -91449 7799999999999999
 99 59 25  4 -1 11 35 67100125139139128111 95 84 83 92109130149162163151271118R11030140213716499999999999999 347 -21537 8299999999999999
126 93 59 30 13 10 22 44 73100122134134125111 97 89 88 95108125141151152271119R11130135223715399999999999999 440 101637 8799999999999999
142121 93 64 40 26 23 33 52 76101120131132125113101 91 88 91100114128138271120R11237133235414299999999999999 541 2318 1 8899999999999999
142136120 98 74 53 39 35 42 58 79102121133135129117103 90 82 81 87 98113271121R11345135999999999999999999999 650 351940 8199999999999999
126134133123106 85 65 51 45 50 64 84106126138141134119101 84 71 66 70 82271122R1 127135144614199999999999999 8 2 4521 4 6699999999999999
 98116129134129115 95 75 59 52 56 70 90114134147148138119 95 72 55 48 52271123R1 259134153614999999999999999 910 5222 9 4899999999999999
 66 88111129139136123103 82 65 58 62 77 99124145156153138113 83 56 37 30271124R1 41713916201569999999999999910 9 5723 0 3099999999999999
 36 56 82110133144142128107 84 68 61 68 86111137156163155133102 68 38 19271125R1 52114517 0163999999999999991059 612345 1499999999999999
 15 26 51 83114138150146129106 84 68 65 76 97124149165167152124 87 50 20271126R1 6141501737168999999999999991143 65999999999999999999999
  4  5 23 52 88121144152145126102 81 69 70 85109136159170165144110 70 33271127R1 7 1152181417199999999999999 026  21223 6899999999999999
  6 -4  3 26 60 96128147151140119 95 77 70 77 96121147166171159132 94 54271128R1 744151184917199999999999999 1 5 -513 0 7099999999999999
 19 -2 -6  8 35 70105133147145131109 88 74 73 85106132155168167149117 78271129R1 824148192516999999999999999 142 -71335 7299999999999999
 40 10 -4 -1 18 48 83114136143137120 99 81 73 78 93116140159166158135101271130R1 9 214320 016699999999999999 219 -51410 7399999999999999
 64 30  8  1 10 33 63 94120135137127109 91 78 75 841011241451581591461202712 1R1 939138203516099999999999999 254  11445 7599999999999999
 87 53 26 11 11 25 48 77103123132130118101 86 77 79 901081281441521481322712 2R11016133211215399999999999999 330  91522 7799999999999999
106 76 47 27 19 24 40 63 88110124128123111 96 84 79 83 941101271391431362712 3R11055128215214399999999999999 4 7 1916 5 7999999999999999
119 95 69 47 33 30 38 55 76 97114124125118107 94 84 81 85 951091221301322712 4R11138125223813299999999999999 445 301658 8199999999999999
124108 88 67 51 42 43 52 67 85103117124123117106 94 85 81 84 921021131202712 5R11228124233712199999999999999 527 4118 7 8199999999999999
121114102 86 70 58 53 54 63 77 92108119125124117106 94 84 78 78 84 931022712 6R11322125999999999999999999999 616 521930 7799999999999999
110112109101 89 77 67 62 64 71 83 98112123128127119106 91 78 69 67 72 812712 7R1 058113141712999999999999999 717 622049 6799999999999999
 93103109110104 95 84 75 69 70 76 88103118129134130119103 84 67 56 53 582712 8R1 23411015 613499999999999999 826 692150 5399999999999999
 71 86101112115111102 91 80 73 73 80 93110126137140133117 95 71 51 38 372712 9R1 359115154914199999999999999 932 722239 3699999999999999
 46 63 85105118123119109 94 82 74 74 84100119136147147134112 83 54 31 19271210R1 5 31231629148999999999999991027 732321 1999999999999999
 21 36 60 88112128132126112 95 80 73 76 89109130148157152133103 68 35 11271211R1 55413217 9157999999999999991114 73999999999999999999999
  2 10 32 62 94121137139129111 92 77 72 78 96119143160165154128 91 51 16271212R1 639140174916599999999999999 0 2  21157 7299999999999999
 -6-11  3 31 67103131144143129108 87 73 72 83104131155170171153120 78 35271213R1 723146183117399999999999999 044-111239 7199999999999999
  0-19-18  2 36 75112138148142125102 81 70 73 88113141165177172149111 66271214R1 8 7148191517899999999999999 127-211321 7099999999999999
 22-10-24-18  7 44 85120143149139118 95 76 69 75 93120148170179170143102271215R1 85114920 117999999999999999 211-2514 4 6999999999999999
 56 15-13-22-11 17 55 94126145146133112 89 73 68 77 97124151170176163134271216R1 935148205017699999999999999 256-231451 6899999999999999
 94 50 13-10-14  1 30 67103131145142127106 85 71 68 78 98123147164167153271217R11021145214216899999999999999 342-141542 6899999999999999
125 88 49 18  1  1 17 46 80111134143138122101 82 69 67 77 95117138152154271218R111 7143223815599999999999999 430 -11640 6799999999999999
142117 85 53 28 16 19 36 62 92118136142135119 98 80 68 65 72 87106125137271219R11155142234314099999999999999 518 151746 6599999999999999
140131111 86 61 42 34 38 53 76101124138141133117 97 79 65 60 64 76 92109271220R11246141999999999999999999999 6 9 3419 3 6099999999999999
122127122109 90 72 57 51 55 68 88109127139141133116 96 76 61 52 53 61 76271221R1 1 2127134014299999999999999 7 6 512027 5299999999999999
 93108117118111 98 84 72 66 69 79 95114131141142133116 95 72 53 42 40 47271222R1 236119143714399999999999999 812 662144 3999999999999999
 61 81 99113119116107 94 83 76 77 86100118134144145135116 91 65 43 29 26271223R1 410119153314699999999999999 924 752247 2699999999999999
 34 51 74 97115124123114101 88 80 80 89104122138148147135113 84 55 31 16271224R1 5261251627149999999999999991031 792338 1399999999999999
 14 25 46 73100120130129118103 88 80 81 91108127144153150133107 74 42 17271225R1 6221311715153999999999999991126 79999999999999999999999
  5  7 23 49 79108128136131117 99 84 77 80 93113135151157150128 97 61 28271226R1 7 6136175815799999999999999 022  41212 7799999999999999
  6 -2  5 27 57 90118135138129111 92 77 73 81 98121143158160147120 84 47271227R1 744139183816199999999999999 1 1 -21251 7399999999999999
 16 -2 -4 10 37 70103127139136122101 82 71 72 84106131151162158139107 69271228R1 818140191616399999999999999 136 -61326 7099999999999999
 33  6 -5  0 21 52 86115134139130111 90 73 67 73 91115140157163152127 92271229R1 849139195216399999999999999 210 -514 0 6799999999999999
 54 21  2 -2 12 37 70102126138135120 99 79 66 65 77 98124146159158142112271230R1 919138202616199999999999999 242 -21434 6499999999999999
 76 41 15  4  9 28 57 89116133137128109 88 70 62 67 83106130148155148127271231R1 94713821 115599999999999999 312  415 9 6299999999999999
