 13 10  8  6  6  6  8 10 12 13 14 14 13 12 12 12 13 14 16 18 19 20 20 1827 1 1RZ1019 142112 2099999999999999 358  61425 1299999999999999
 16 12  9  6  4  3  4  5  7  9 11 13 14 14 14 15 15 16 17 19 20 21 22 2127 1 2RZ2140 22999999999999999999999 519  3999999999999999999999
 18 15 12  8  5  3  2  2  3  5  8 11 13 14 15 16 17 17 18 19 21 22 23 2327 1 3RZ2220 23999999999999999999999 625  1999999999999999999999
 21 18 15 11  7  4  1  0  1  2  5  8 11 14 16 17 18 18 19 19 20 22 23 2427 1 4RZ23 5 24999999999999999999999 718  0999999999999999999999
 23 21 18 14 10  6  2  0 -1  0  2  6  9 13 15 17 18 18 18 19 20 21 23 2427 1 5RZ2352 25999999999999999999999 8 3 -1999999999999999999999
 25 24 21 18 13  8  4  1 -1 -1  0  3  7 11 14 17 18 18 18 18 19 20 21 2427 1 6RZ9999999999999999999999999999 842 -1999999999999999999999
 25 25 24 21 17 12  6  2 -1 -2 -2  1  4  9 12 16 17 18 18 17 17 18 19 2227 1 7RZ 039 2617 6 1899999999999999 918 -21934 1799999999999999
 24 26 25 23 20 15  9  4  0 -2 -3 -2  2  6 10 14 16 17 17 17 16 16 17 1927 1 8RZ 123 261723 1899999999999999 952 -32025 1699999999999999
 22 24 25 25 22 18 12  7  2 -2 -3 -3 -1  3  8 12 15 16 17 16 15 15 15 1627 1 9RZ 2 6 251743 17999999999999991024 -42112 1599999999999999
 19 22 24 24 23 20 15  9  4  0 -3 -4 -2  1  5  9 13 15 16 15 14 13 13 1327 110RZ 247 2418 1 16999999999999991055 -42159 1399999999999999
 15 18 21 23 23 21 17 12  7  2 -1 -3 -3  0  3  8 11 14 15 15 14 12 11 1127 111RZ 328 231818 15999999999999991123 -32248 1199999999999999
 12 14 17 20 21 20 18 14  9  4  1 -2 -2 -1  2  7 10 13 15 15 13 12 10  927 112RZ 410 211835 15999999999999991150 -22338  999999999999999
  9 10 13 16 18 18 18 15 11  7  3  1  0  0  2  6 10 13 14 15 14 12 10  827 113RZ 456 181851 15999999999999991215 -1999999999999999999999
  8  8  9 11 14 15 16 15 13  9  6  4  2  2  3  6 10 13 15 16 15 13 11  827 114RZ 550 1619 5 1699999999999999 030  71236  299999999999999
  7  6  6  7  9 12 13 14 13 11  9  7  5  5  6  8 10 13 16 17 17 15 12  927 115RZ 7 1 141922 1799999999999999 126  61251  599999999999999
  7  5  4  4  5  7  9 11 12 12 11 10  9  8  9 10 12 14 17 18 18 18 15 1227 116RZ 837 121947 1899999999999999 230  41258  899999999999999
  9  5  3  2  1  2  4  7  9 10 11 12 11 11 11 12 14 15 17 19 20 20 19 1627 117RZ2025 20999999999999999999999 344  1999999999999999999999
 12  8  4  1  0 -1  0  1  4  7 10 11 13 13 14 14 15 16 18 20 21 22 22 2027 118RZ2119 22999999999999999999999 5 2 -1999999999999999999999
 17 13  8  3  0 -3 -4 -3 -1  2  6  9 12 14 15 16 17 17 18 19 21 23 24 2427 119RZ2225 24999999999999999999999 613 -4999999999999999999999
 22 18 13  8  2 -2 -5 -7 -6 -4  0  5  9 13 15 16 17 17 18 18 19 21 24 2627 120RZ2332 26999999999999999999999 718 -7999999999999999999999
 26 24 20 14  8  1 -4 -8 -9 -9 -6 -1  5 10 13 16 17 17 16 17 17 18 21 2427 121RZ9999999999999999999999999999 817 -9999999999999999999999
 27 27 25 21 15  7  0 -5 -9-11-10 -6  0  5 10 14 16 16 15 14 14 15 17 2027 122RZ 037 271632 1699999999999999 910-111950 1499999999999999
 24 27 27 25 21 14  7 -1 -7-11-12-10 -5  1  7 11 14 15 14 13 12 11 12 1427 123RZ 140 281655 1599999999999999 959-1221 2 1199999999999999
 18 23 26 27 25 20 13  5 -2 -7-10-11 -8 -3  3  9 13 15 14 12 10  8  8  827 124RZ 243 271721 15999999999999991044-1122 6  899999999999999
 11 16 21 24 24 23 18 12  4 -2 -6 -9 -8 -5  1  6 11 14 14 13 10  7  5  427 125RZ 347 251747 14999999999999991124 -923 5  499999999999999
  5  9 14 18 21 21 20 15 10  4 -1 -4 -6 -4  0  5 10 13 14 14 11  8  5  327 126RZ 450 211813 149999999999999912 1 -6999999999999999999999
  2  3  6 11 14 17 17 16 13  8  4  1 -1 -1  1  5  9 13 15 15 13 10  6  327 127RZ 554 171836 1599999999999999 0 2  21232 -199999999999999
  1  0  1  4  7 10 12 13 12 10  7  5  3  3  4  7 10 13 15 16 15 12  9  527 128RZ 7 1 131857 1699999999999999 1 0  01251  399999999999999
  2  0 -1  0  2  5  7  9 10 10  9  7  7  6  7  9 11 14 16 17 16 15 12  827 129RZ 822 101916 1799999999999999 2 3 -11243  699999999999999
  5  2  0 -1 -1  0  2  4  6  7  8  8  8  9 10 11 13 14 16 17 17 17 14 1227 130RZ1941 17999999999999999999999 319 -1999999999999999999999
  8  5  2  0 -1 -2 -1  0  2  4  6  8  9 10 11 12 13 15 16 17 18 18 17 1527 131RZ2020 18999999999999999999999 447 -2999999999999999999999
 12  8  5  2  0 -2 -3 -2 -1  1  4  6  8 10 12 13 14 15 16 17 18 18 18 1727 2 1RZ2120 18999999999999999999999 6 6 -3999999999999999999999
 15 12  8  5  2 -1 -3 -4 -3 -1  1  4  7 10 11 13 14 14 15 16 17 18 19 1927 2 2RZ2229 19999999999999999999999 7 6 -4999999999999999999999
 17 15 12  8  4  1 -2 -4 -5 -4 -1  2  5  8 11 12 13 13 13 14 15 16 18 1927 2 3RZ2332 19999999999999999999999 752 -5999999999999999999999
 19 17 15 11  7  3 -1 -4 -6 -6 -4 -1  3  7 10 12 13 12 12 12 12 14 15 1727 2 4RZ9999999999999999999999999999 831 -6999999999999999999999
 19 19 17 14 10  5  0 -3 -6 -7 -6 -3  1  5  8 11 12 12 11 10 10 11 12 1527 2 5RZ 028 191626 1299999999999999 9 4 -71945 1099999999999999
 17 19 18 16 13  8  3 -2 -5 -8 -8 -6 -2  2  6  9 11 11 10  9  8  8  9 1127 2 6RZ 118 191636 1199999999999999 934 -82037  899999999999999
 14 17 18 17 15 11  5  0 -4 -7 -8 -7 -4  0  5  8 10 11 10  8  6  6  6  727 2 7RZ 2 6 181648 119999999999999910 2 -82124  699999999999999
 11 14 16 17 16 13  8  3 -2 -6 -8 -8 -5 -1  3  7 10 10 10  8  5  4  3  427 2 8RZ 252 1717 1 10999999999999991029 -822 7  399999999999999
  6 10 13 15 16 14 10  5  0 -3 -6 -7 -5 -2  3  7  9 11 10  8  5  3  2  127 2 9RZ 338 161715 11999999999999991055 -72248  199999999999999
  2  6 10 13 14 14 12  8  3 -1 -3 -5 -4 -2  3  7 10 11 11  9  6  3  1 -127 210RZ 426 141728 11999999999999991119 -52329 -199999999999999
  0  2  5  9 11 13 12 10  6  2  0 -2 -2 -1  3  7 10 12 12 11  8  4  1 -127 211RZ 518 131741 12999999999999991141 -2999999999999999999999
 -2 -2  1  4  8 10 11 11  9  6  3  1  1  2  4  8 11 13 14 13 10  6  2 -127 212RZ 615 111754 1499999999999999 012 -21155  199999999999999
 -3 -3 -2  0  3  6  8  9  9  8  6  5  4  5  6  9 12 14 15 15 13 10  5  227 213RZ 723  91813 1599999999999999 1 1 -31154  499999999999999
 -1 -3 -4 -3 -1  1  4  6  8  8  8  7  7  7  9 10 13 15 17 17 16 13 10  527 214RZ 855  81844 1799999999999999 2 0 -41141  799999999999999
  1 -2 -4 -5 -5 -3 -1  2  4  6  7  8  9  9 10 12 13 15 17 18 18 17 14 1027 215RZ1932 18999999999999999999999 317 -5999999999999999999999
  6  2 -2 -5 -6 -7 -6 -4 -1  2  5  7  9 10 11 12 13 15 16 17 19 19 18 1527 216RZ2044 19999999999999999999999 446 -7999999999999999999999
 12  7  2 -2 -6 -8 -9 -8 -6 -3  1  5  8 10 11 12 13 13 14 15 17 18 19 1927 217RZ2212 19999999999999999999999 6 7 -9999999999999999999999
 17 13  8  3 -2 -7-10-11-11 -8 -4  1  5  8 10 11 12 12 12 12 13 15 18 2027 218RZ2332 20999999999999999999999 714-11999999999999999999999
 20 18 14  9  3 -3 -8-12-13-12 -9 -4  1  6  9 11 11 10  9  8  9 10 14 1727 219RZ1529 11999999999999999999999 8 9-1319 5  899999999999999
 20 20 19 15  9  2 -4 -9-13-14-12 -8 -2  3  7 10 10  9  7  5  5  5  7 1127 220RZ 046 201542 1099999999999999 858-142015  499999999999999
 16 19 20 19 15  9  2 -5-10-13-13-10 -5  1  5  9 10  9  6  3  1  0  1  427 221RZ 156 2016 3 1099999999999999 941-132114  099999999999999
  9 14 18 19 18 14  7  1 -5 -9-11-11 -7 -1  4  8 10 10  7  3  0 -2 -3 -227 222RZ 3 3 191626 10999999999999991020-1122 6 -399999999999999
  2  7 12 16 17 16 12  6  0 -4 -7 -8 -6 -2  3  7 10 11  9  5  1 -3 -5 -627 223RZ 4 5 171648 11999999999999991055 -82256 -699999999999999
 -4  0  5 10 13 14 13  9  5  1 -2 -4 -4 -1  3  8 11 12 11  8  3 -1 -5 -727 224RZ 5 4 1417 8 12999999999999991125 -42344 -799999999999999
 -7 -5 -1  4  7 10 11 10  7  4  2  0  0  1  4  8 11 13 13 10  6  2 -2 -527 225RZ 6 2 111726 13999999999999991146  0999999999999999999999
 -7 -7 -5 -2  2  5  8  9  8  6  4  3  3  4  6  9 12 14 14 13 10  6  1 -227 226RZ 7 3  91743 1499999999999999 033 -81151  399999999999999
 -5 -7 -7 -5 -2  1  3  5  6  6  6  5  5  6  8 10 12 14 15 14 12  9  5  127 227RZ 825  618 4 1599999999999999 126 -71119  599999999999999
 -2 -4 -6 -6 -5 -3 -1  2  4  5  6  6  7  8  9 11 12 14 15 15 14 12  9  527 228RZ1832 15999999999999999999999 232 -6999999999999999999999
  2 -1 -3 -5 -5 -5 -3 -2  0  2  4  6  7  8  9 11 12 13 14 15 14 13 11  927 3 1RZ1914 15999999999999999999999 4 1 -5999999999999999999999
  6  2  0 -3 -4 -5 -5 -4 -3  0  2  4  6  8  9 10 11 12 13 13 14 14 13 1127 3 2RZ2024 14999999999999999999999 530 -5999999999999999999999
  9  6  3  0 -3 -5 -6 -6 -5 -3  0  2  5  7  9  9 10 10 11 11 12 13 13 1227 3 3RZ2157 13999999999999999999999 636 -6999999999999999999999
 11  9  6  2 -1 -4 -6 -7 -7 -6 -3  0  3  6  8  9  9  8  8  8  9 10 12 1227 3 4RZ2318 13999999999999999999999 725 -7999999999999999999999
 12 11  9  5  1 -2 -6 -8 -8 -8 -5 -2  1  4  7  8  8  7  6  6  6  7  9 1127 3 5RZ1523  8999999999999999999999 8 2 -81912  699999999999999
 12 12 11  8  4  0 -4 -7 -9 -9 -7 -4  0  3  6  7  7  6  4  3  3  3  5  827 3 6RZ 025 121526  799999999999999 834 -920 0  399999999999999
 11 12 12 10  7  2 -2 -6 -8-10 -8 -6 -2  2  5  7  7  5  3  1  0  0  1  427 3 7RZ 123 121533  799999999999999 9 2-102041  099999999999999
  8 10 12 11  9  5  0 -4 -7 -9 -9 -6 -2  1  5  7  7  6  3  0 -2 -3 -3  027 3 8RZ 217 121543  799999999999999 929 -92119 -399999999999999
  4  8 10 11 11  8  3 -1 -5 -7 -8 -6 -3  1  5  7  8  7  3  0 -3 -5 -6 -427 3 9RZ 3 8 111555  899999999999999 956 -82157 -699999999999999
 -1  4  8 10 11 10  6  2 -2 -4 -6 -5 -3  2  6  8  9  8  5  1 -3 -6 -7 -727 310RZ 358 1116 7  9999999999999991023 -62234 -899999999999999
 -5  0  4  8 10 11  9  6  2 -1 -3 -3 -2  2  6  9 11 10  8  4 -1 -5 -8 -927 311RZ 447 111619 11999999999999991048 -32313 -999999999999999
 -8 -5  0  4  8 10 10  8  5  2  1  0  1  3  7 11 12 12 11  7  2 -3 -7 -927 312RZ 539 101632 139999999999999911 9  02355-1099999999999999
-10 -8 -5  0  4  7  9  9  7  5  4  3  4  5  8 11 14 14 13 10  6  1 -4 -727 313RZ 636  91652 14999999999999991114  3999999999999999999999
 -9-10 -8 -5 -1  3  5  7  8  7  6  6  6  7  9 12 14 16 15 14 10  5  0 -427 314RZ 746  81721 1699999999999999 044-101052  699999999999999
 -7 -9 -9 -8 -5 -2  1  4  6  7  7  7  8  9 10 12 14 16 16 16 14 10  6  127 315RZ18 1 16999999999999999999999 145 -9999999999999999999999
 -3 -6 -9 -9 -9 -7 -4 -1  2  4  6  7  8  9 10 12 13 14 16 16 16 14 11  627 316RZ19 1 16999999999999999999999 3 5 -9999999999999999999999
  2 -2 -6 -8-10-10 -9 -6 -3  0  3  6  7  9 10 10 11 12 13 14 15 15 14 1127 317RZ2033 15999999999999999999999 435-10999999999999999999999
  8  3 -1 -5 -9-11-11-10 -8 -4  0  3  6  8  8  9  9  9  9 10 12 13 14 1427 318RZ2217 15999999999999999999999 554-11999999999999999999999
 12  9  5  0 -5 -9-11-12-11 -8 -4  0  4  6  8  7  6  6  5  5  6  9 12 1427 319RZ1418  82348 1499999999999999 656-121824  599999999999999
 14 13 10  5  0 -5 -9-12-13-11 -7 -2  2  5  7  7  5  3  1  0  1  2  6 1027 320RZ1425  7999999999999999999999 748-131928  099999999999999
 13 14 13 11  6  0 -5 -9-11-11 -9 -4  1  4  7  7  6  2 -1 -3 -4 -4 -1  427 321RZ 1 9 141443  899999999999999 833-122021 -499999999999999
  9 12 14 13 10  5  0 -4 -8-10 -9 -5  0  4  7  8  7  4 -1 -4 -7 -8 -7 -327 322RZ 219 1415 3  899999999999999 913-102110 -899999999999999
  2  7 11 13 13  9  5  0 -3 -6 -7 -5  0  4  8  9  9  6  1 -3 -7-10-11 -927 323RZ 321 131523 1099999999999999 949 -72156-1199999999999999
 -4  1  6 10 12 11  8  4  1 -2 -3 -3  0  5  8 11 11  9  5 -1 -5 -9-12-1227 324RZ 418 121542 11999999999999991020 -32239-1299999999999999
 -9 -5  1  6  9 11 10  7  4  2  1  0  2  5  9 12 12 11  8  3 -2 -7-10-1227 325RZ 512 1116 0 12999999999999991044  02322-1299999999999999
-11 -9 -4  1  5  8  9  9  7  5  4  3  4  6 10 12 14 13 11  7  2 -3 -7-1027 326RZ 6 7  91620 14999999999999991059  3999999999999999999999
-11-10 -7 -3  1  4  7  8  7  6  6  5  6  8 10 13 14 15 13 10  6  1 -3 -627 327RZ 7 9  81643 1599999999999999 0 4-111056  599999999999999
 -9 -9 -8 -6 -3  1  4  6  6  7  7  7  7  8 10 12 14 15 14 12  9  5  1 -327 328RZ1710 15999999999999999999999 051 -9999999999999999999999
 -5 -7 -7 -7 -5 -2  0  3  4  6  6  7  8  9 10 12 13 14 14 13 11  8  5  127 329RZ1742 14999999999999999999999 146 -8999999999999999999999
 -2 -4 -6 -6 -6 -5 -3  0  2  4  5  6  8  9 10 11 12 13 13 13 12 10  7  527 330RZ1824 13999999999999999999999 3 2 -6999999999999999999999
  2 -1 -3 -5 -6 -6 -5 -3 -1  1  3  5  7  8  9  9 10 10 11 11 11 10  9  727 331RZ1931 11999999999999999999999 431 -6999999999999999999999
  5  2 -1 -3 -5 -6 -6 -5 -4 -1  1  4  6  7  8  8  8  8  8  8  9  9  9  827 4 1RZ2119  9999999999999999999999 540 -6999999999999999999999
  7  5  2 -1 -4 -5 -7 -7 -5 -3 -1  2  4  6  7  7  6  5  5  5  5  7  8  827 4 2RZ1412  723 6  899999999999999 632 -71826  599999999999999
  8  7  4  2 -2 -4 -6 -7 -7 -5 -2  1  3  5  6  6  4  3  2  1  2  3  5  727 4 3RZ14 8  6999999999999999999999 712 -71910  199999999999999
  8  8  7  4  1 -2 -5 -6 -7 -6 -3  0  3  5  6  6  4  2  0 -2 -2 -1  1  427 4 4RZ 029  81410  699999999999999 745 -71948 -299999999999999
  7  8  8  7  4  0 -3 -5 -6 -6 -3  0  3  6  7  6  4  1 -2 -4 -5 -5 -3  127 4 5RZ 133  81417  799999999999999 817 -62023 -599999999999999
  5  7  9  9  7  4  0 -2 -4 -5 -3  0  4  7  8  8  6  2 -2 -5 -7 -8 -7 -327 4 6RZ 228  91427  899999999999999 848 -52059 -899999999999999
  1  5  8 10 10  7  4  1 -1 -2 -2  1  5  8 10 10  8  4  0 -5 -8-10-10 -827 4 7RZ 319 101439 1099999999999999 919 -22136-1099999999999999
 -3  2  6 10 11 10  8  5  2  1  0  2  5  9 12 12 11  8  3 -3 -7-10-12-1127 4 8RZ 4 9 111453 1299999999999999 949  02215-1299999999999999
 -7 -2  3  7 10 11 10  8  6  4  3  4  6 10 13 15 14 12  7  1 -5 -9-12-1327 4 9RZ 5 0 111512 15999999999999991016  32256-1399999999999999
-11 -7 -1  4  8 10 11 10  8  7  6  6  8 11 14 16 17 15 11  6  0 -6-10-1227 410RZ 554 111538 17999999999999991034  62342-1399999999999999
-12-10 -6 -1  3  7 10 11 10  9  9  9  9 11 14 17 18 18 15 11  5 -1 -6 -927 411RZ 657 111611 18999999999999991021  9999999999999999999999
-12-12-10 -6 -2  3  6  9 10 10 10 10 11 12 14 16 18 19 18 15 10  5  0 -527 412RZ1652 19999999999999999999999 036-12999999999999999999999
 -8-11-11 -9 -6 -2  1  5  7  9  9 10 11 11 13 14 16 17 18 17 14 10  5  127 413RZ1745 18999999999999999999999 140-11999999999999999999999
 -4 -7 -9-10 -9 -7 -3  0  4  6  8  9 10 10 11 12 13 14 15 16 15 13 10  627 414RZ1859 16999999999999999999999 256-10999999999999999999999
  2 -2 -6 -8 -9 -9 -7 -4  0  3  6  8  9  9  9  9  9 10 11 12 13 14 13 1027 415RZ2044 14999999999999999999999 414 -9999999999999999999999
  7  3 -1 -4 -7 -9 -8 -7 -3  0  4  6  8  9  8  7  6  5  5  7  9 11 12 1227 416RZ1249  92239 1299999999999999 524 -91725  599999999999999
 11  8  4  0 -3 -6 -7 -7 -5 -2  2  5  8  8  8  6  4  2  1  1  2  5  8 1127 417RZ1259  8999999999999999999999 623 -81832  099999999999999
 12 11  9  5  2 -2 -4 -6 -5 -3  1  5  8  9  9  6  3  0 -2 -4 -4 -1  2  627 418RZ 015 121317  999999999999999 714 -61926 -499999999999999
 10 12 12 10  6  3  0 -3 -3 -2  1  5  8 10 10  8  4  0 -4 -6 -8 -7 -4  127 419RZ 132 121336 1099999999999999 758 -32014 -899999999999999
  6  9 12 12 10  7  4  1  0  0  2  5  9 11 12 11  7  2 -3 -6 -9-10 -9 -527 420RZ 237 121355 1299999999999999 836 -12058-1099999999999999
  1  6 10 12 12 10  8  5  3  2  3  6 10 13 14 13 11  6  0 -5 -8-11-11 -927 421RZ 334 121415 1499999999999999 9 9  22140-1199999999999999
 -4  1  6 10 12 12 10  8  7  6  5  7 10 13 15 16 14 10  4 -1 -6 -9-11-1127 422RZ 428 121437 1699999999999999 937  52220-1199999999999999
 -8 -3  2  7 10 12 12 11  9  8  8  8 11 14 16 17 16 14  9  3 -2 -6 -9-1027 423RZ 521 1215 2 1799999999999999 956  82259-1099999999999999
 -9 -6 -1  4  8 11 12 12 11 10  9 10 11 14 17 18 18 16 13  8  2 -3 -6 -827 424RZ 616 121530 189999999999999910 7  92339 -999999999999999
 -9 -7 -4  0  4  8 10 11 11 11 11 11 12 14 16 18 19 18 15 11  6  2 -3 -627 425RZ 724 1116 1 19999999999999991011 11999999999999999999999
 -7 -7 -5 -2  1  5  8 10 11 11 11 11 12 13 15 17 18 18 17 14 10  5  1 -227 426RZ1634 18999999999999999999999 022 -7999999999999999999999
 -5 -6 -5 -4 -1  2  5  7  9 10 11 11 12 12 14 15 16 17 17 15 12  8  5  127 427RZ17 9 17999999999999999999999 110 -6999999999999999999999
 -2 -4 -4 -4 -2  0  2  5  7  8 10 10 11 11 12 13 14 15 15 14 13 10  7  427 428RZ1751 15999999999999999999999 2 6 -4999999999999999999999
  1 -1 -3 -3 -3 -2  0  2  5  7  8 10 10 10 11 11 11 12 12 12 12 11  9  727 429RZ1853 12999999999999999999999 310 -3999999999999999999999
  4  2  0 -2 -2 -2 -1  1  3  5  7  9 10 10  9  9  8  8  8  9 10 10  9  827 430RZ1244 102040 1099999999999999 412 -21655  899999999999999
  6  4  2  0 -1 -2 -1  0  2  4  7  8  9  9  9  7  6  5  5  5  6  7  8  927 5 1RZ1235  92252  999999999999999 5 6 -21758  599999999999999
  8  7  5  3  1  0  0  0  2  4  6  8 10 10  9  7  5  3  2  1  2  4  6  827 5 2RZ1234 10999999999999999999999 553  01840  199999999999999
  9  9  8  6  4  2  1  1  2  4  7  9 11 11 10  7  4  1 -1 -2 -2  0  3  627 5 3RZ 027  91239 1199999999999999 636  11917 -299999999999999
  9 10 10  9  7  5  4  3  3  5  8 10 12 13 12  9  5  1 -2 -4 -5 -4  0  427 5 4RZ 135 111250 1399999999999999 717  31955 -599999999999999
  8 10 12 12 11  9  7  6  5  6  9 12 14 15 14 12  8  3 -2 -5 -7 -7 -5  027 5 5RZ 232 1213 5 1599999999999999 757  52033 -799999999999999
  5  9 12 14 14 12 11  9  8  8 10 13 16 18 18 16 12  6  0 -4 -7 -9 -8 -527 5 6RZ 325 141327 1899999999999999 834  82114 -999999999999999
  1  6 11 14 16 15 14 12 11 11 11 14 17 20 21 20 16 11  5 -1 -6 -9-10 -927 5 7RZ 418 161355 2199999999999999 9 7 112158-1099999999999999
 -4  1  7 12 15 17 16 15 14 13 13 15 18 21 23 23 21 17 10  3 -3 -7-10-1127 5 8RZ 513 171429 2399999999999999 933 132246-1199999999999999
 -8 -4  2  7 12 15 17 16 15 15 15 15 17 20 23 25 24 21 16 10  3 -3 -7-1027 5 9RZ 612 171510 2599999999999999 943 152337-1099999999999999
-10 -8 -3  2  7 12 15 16 16 16 16 16 17 19 22 24 25 24 21 16  9  3 -2 -627 510RZ1555 259999999999999999999999999999999999999999999999999
 -9 -9 -6 -2  3  7 11 14 15 15 15 16 16 17 19 22 24 24 23 20 15  9  4 -127 511RZ1649 24999999999999999999999 033 -9999999999999999999999
 -5 -7 -7 -5 -1  3  7 11 13 14 15 15 15 15 16 18 20 21 22 21 18 15 10  527 512RZ1752 22999999999999999999999 133 -8999999999999999999999
  0 -3 -5 -5 -4  0  4  7 11 13 14 14 14 13 13 13 15 16 18 19 18 17 14 1027 513RZ1037 141915 1999999999999999 237 -514 0 1399999999999999
  6  2 -1 -3 -3 -1  2  5  9 11 13 14 13 12 11 10 10 10 12 14 15 16 15 1427 514RZ1057 1421 9 1699999999999999 340 -31558 1099999999999999
 11  7  4  2  0  0  1  4  7 10 13 14 14 12 10  8  6  5  6  7 10 12 14 1427 515RZ1120 1423 4 1499999999999999 439  01719  599999999999999
 14 12  9  7  4  3  3  5  7 10 13 15 15 14 11  8  5  3  1  2  3  6 10 1227 516RZ1143 15999999999999999999999 534  31823  199999999999999
 14 14 13 11  9  7  6  6  8 11 14 16 17 16 13 10  6  2 -1 -2 -1  1  5  927 517RZ 037 1412 5 1799999999999999 623  61916 -299999999999999
 12 14 15 14 12 11 10  9 10 12 15 17 19 19 17 13  8  3  0 -3 -4 -3  0  427 518RZ 153 151227 1999999999999999 7 6  920 3 -499999999999999
  9 13 15 16 15 14 13 12 12 13 15 18 20 21 20 17 12  6  2 -2 -5 -5 -3  127 519RZ 258 161251 2199999999999999 743 122045 -599999999999999
  5 10 14 16 17 16 15 15 14 15 16 19 21 23 22 20 16 11  5  0 -3 -5 -5 -227 520RZ 355 171319 2399999999999999 812 142125 -599999999999999
  2  7 12 15 17 18 17 17 16 16 17 19 22 24 25 23 20 15  9  4  0 -3 -5 -427 521RZ 448 181350 2599999999999999 835 1622 4 -599999999999999
  0  4  9 13 17 18 18 18 17 17 17 19 21 24 26 25 23 19 14  8  3 -1 -3 -327 522RZ 537 181424 2699999999999999 856 172242 -499999999999999
 -2  2  6 11 15 17 18 18 18 18 18 19 21 23 25 26 25 22 18 13  7  3 -1 -227 523RZ 628 1915 0 2699999999999999 919 182321 -299999999999999
 -2  0  4  8 12 15 17 18 18 18 18 18 20 22 24 26 26 24 21 16 11  6  2  027 524RZ1536 269999999999999999999999999999999999999999999999999
 -1  0  2  6 10 13 16 17 18 18 18 18 19 20 22 24 25 24 22 19 14 10  5  227 525RZ1613 25999999999999999999999 0 0 -1999999999999999999999
  0  0  1  4  7 11 13 15 17 17 17 17 17 18 20 21 23 23 22 20 16 12  9  527 526RZ1652 23999999999999999999999 040  0999999999999999999999
  3  2  2  3  6  9 12 14 15 16 17 17 16 17 17 18 19 20 20 19 17 14 11  827 527RZ1736 20999999999999999999999 119  2999999999999999999999
  5  4  3  4  5  8 10 13 15 16 16 16 16 15 15 15 16 17 17 17 17 15 13 1127 528RZ1025 161836 1899999999999999 158  314 3 1599999999999999
  8  6  5  5  6  8 10 12 14 16 16 16 16 15 14 13 13 13 14 15 15 15 14 1327 529RZ1027 162014 1599999999999999 238  51552 1399999999999999
 11  9  8  7  7  8 10 12 14 16 17 17 16 15 13 11 10 10 10 11 12 14 14 1427 530RZ1034 172231 1499999999999999 318  717 4 1099999999999999
 14 12 11 10 10 10 11 13 15 17 18 19 18 16 13 11  9  7  7  7  9 11 13 1527 531RZ1046 19999999999999999999999 4 2 101755  799999999999999
 16 15 14 13 13 13 13 14 16 19 20 21 20 18 15 12  8  6  4  4  5  8 11 1427 6 1RZ 017 1611 5 2199999999999999 453 131840  499999999999999
 16 18 18 17 16 16 16 16 17 20 22 23 23 22 19 14 10  6  3  1  1  4  7 1227 6 2RZ 135 181130 2499999999999999 548 161925  199999999999999
 15 18 20 20 20 19 18 18 19 21 23 26 27 26 23 19 13  8  3  0 -1  0  3  827 6 3RZ 240 2012 2 2799999999999999 641 182011 -199999999999999
 13 17 20 22 22 22 21 21 21 22 24 27 29 30 28 24 18 12  6  1 -2 -3 -1  327 6 4RZ 340 221240 3099999999999999 725 212059 -399999999999999
  8 14 18 22 24 24 23 23 23 23 24 27 30 32 32 29 25 18 11  5  0 -3 -4 -227 6 5RZ 437 241323 3299999999999999 757 232149 -499999999999999
  3  9 14 19 23 24 24 24 23 23 24 26 29 33 34 33 30 25 18 11  4 -1 -4 -427 6 6RZ 529 241410 3499999999999999 823 232241 -499999999999999
 -2  3  9 15 20 23 24 24 24 23 24 25 27 31 34 35 34 30 25 18 10  4  0 -327 6 7RZ 619 2415 2 3599999999999999 857 232333 -499999999999999
 -3  0  5 10 16 20 23 24 23 23 23 23 24 27 30 33 34 33 30 24 17 11  5  127 6 8RZ 7 5 241558 3499999999999999 951 23999999999999999999999
 -2 -2  1  6 12 16 20 22 23 22 22 21 21 23 25 28 31 32 31 28 23 17 11  627 6 9RZ 747 231659 3299999999999999 025 -21112 2199999999999999
  3  1  1  4  9 14 18 21 22 22 21 20 19 19 20 22 25 27 28 28 25 22 17 1227 610RZ 825 221811 2899999999999999 117  11247 1999999999999999
  8  5  4  5  8 12 16 19 21 22 22 20 18 17 16 17 18 21 23 24 24 23 21 1727 611RZ 9 0 221940 2499999999999999 2 6  41417 1699999999999999
 14 11  9  8  9 12 15 19 21 23 23 21 19 17 15 14 13 14 16 18 20 21 21 2027 612RZ 932 232130 2199999999999999 253  81543 1399999999999999
 18 16 14 13 13 14 16 19 22 23 24 23 21 18 15 13 11 10 11 13 15 17 19 2027 613RZ10 1 242322 2099999999999999 337 1317 1 1099999999999999
 20 19 18 17 17 17 18 20 23 25 26 26 24 21 17 14 11  8  7  8 10 13 16 1927 614RZ1029 26999999999999999999999 417 1718 8  799999999999999
 20 21 21 20 20 20 20 22 24 26 27 28 27 25 21 17 13  9  7  6  6  9 12 1627 615RZ 112 211058 2899999999999999 448 2019 5  699999999999999
 19 21 22 23 23 23 23 23 25 27 29 30 30 28 25 20 16 11  8  5  5  6  9 1327 616RZ1129 309999999999999999999991953  5999999999999999999999
 17 20 23 24 24 24 24 25 25 27 29 31 32 31 29 25 20 15 10  7  5  5  7 1027 617RZ12 5 329999999999999999999992036  5999999999999999999999
 15 19 22 24 25 26 26 25 26 27 29 31 33 33 32 29 24 19 14  9  6  5  5  827 618RZ1244 339999999999999999999992116  5999999999999999999999
 12 17 21 24 26 26 26 26 26 27 28 30 33 34 34 32 28 23 18 13  9  6  5  627 619RZ1324 359999999999999999999992154  5999999999999999999999
 10 14 19 22 25 27 27 26 26 26 27 29 32 34 35 34 31 27 22 16 11  8  6  627 620RZ 540 2714 4 3599999999999999 8 9 262230  699999999999999
  8 12 16 20 24 26 27 26 26 26 26 28 30 32 34 35 33 30 25 20 14 10  7  627 621RZ 611 271444 3599999999999999 851 2623 5  699999999999999
  7 10 14 18 22 25 26 26 26 25 25 26 28 30 33 34 34 32 28 23 18 13  9  727 622RZ 642 261523 3499999999999999 933 252338  799999999999999
  7  9 12 16 20 23 25 26 25 25 24 24 25 27 30 32 33 32 29 25 21 16 12  927 623RZ 710 2616 2 33999999999999991021 24999999999999999999999
  8  9 11 15 18 22 24 25 25 25 24 23 24 25 26 28 30 30 29 27 23 19 15 1227 624RZ 733 251644 3099999999999999 0 9  81119 2399999999999999
 10 10 11 14 18 21 23 25 25 25 24 23 22 22 23 25 27 28 28 27 24 21 18 1527 625RZ 751 251732 2899999999999999 037 101227 2299999999999999
 13 12 13 15 18 21 23 25 26 25 24 23 22 21 21 21 23 24 25 25 24 23 20 1827 626RZ 8 8 261835 2599999999999999 1 4 121339 2199999999999999
 16 15 15 16 18 21 24 26 26 26 25 24 22 20 19 19 19 21 22 23 24 23 22 2127 627RZ 825 2720 9 2499999999999999 128 151453 1999999999999999
 19 18 18 18 20 22 25 27 28 28 27 26 23 21 19 17 17 17 18 20 22 23 23 2327 628RZ 846 282214 2399999999999999 148 1816 5 1799999999999999
 22 21 21 21 22 24 26 28 30 30 30 28 26 22 19 17 15 14 15 16 18 21 23 2427 629RZ 913 30999999999999999999999 2 5 2117 9 1499999999999999
 25 25 24 25 25 26 27 29 31 33 33 32 30 26 22 18 15 13 12 12 14 17 21 2327 630RZ 949 3399999999999999999999918 7 12999999999999999999999
 26 27 27 27 28 28 29 30 32 34 36 36 34 31 26 21 16 13 10  9 10 13 17 2127 7 1RZ1033 3699999999999999999999919 3  9999999999999999999999
 25 27 29 30 30 30 31 31 33 35 37 38 38 36 32 26 21 15 11  8  7  8 12 1627 7 2RZ1123 399999999999999999999991957  7999999999999999999999
 21 26 29 31 31 31 32 32 33 34 37 40 41 41 38 33 27 20 14  9  6  5  7 1127 7 3RZ1216 419999999999999999999992051  5999999999999999999999
 17 22 27 30 32 32 32 32 32 33 35 38 42 43 42 39 34 27 19 13  8  5  4  627 7 4RZ1311 439999999999999999999992144  4999999999999999999999
 11 17 23 28 31 32 32 31 31 31 32 35 39 42 44 43 40 34 27 19 12  7  4  427 7 5RZ 516 3214 8 4499999999999999 756 312234  499999999999999
  7 13 19 24 28 31 32 31 30 29 29 31 34 38 42 43 43 39 34 26 19 12  8  527 7 6RZ 546 3215 7 4399999999999999 9 8 292322  599999999999999
  6  9 15 21 26 29 31 31 29 28 27 27 29 32 36 40 41 41 38 32 25 19 13  927 7 7RZ 616 311610 41999999999999991026 27999999999999999999999
  8  9 13 18 23 28 30 31 29 27 26 25 25 26 29 34 37 38 38 35 30 25 19 1527 7 8RZ 646 311718 3899999999999999 0 7  81140 2499999999999999
 12 11 13 18 22 26 30 31 31 29 26 24 22 22 23 26 30 33 34 34 32 29 25 2127 7 9RZ 717 311833 3499999999999999 049 111249 2299999999999999
 18 16 16 19 23 26 29 31 32 31 28 25 23 21 20 21 23 26 28 30 31 30 28 2527 710RZ 746 321957 3199999999999999 126 1614 1 2099999999999999
 23 21 21 22 24 27 30 32 33 33 31 28 25 22 19 18 18 20 22 25 27 28 28 2827 711RZ 814 332141 2899999999999999 157 211519 1899999999999999
 26 26 25 26 27 29 31 33 35 35 34 31 28 24 21 19 17 17 18 20 22 25 27 2827 712RZ 843 35999999999999999999999 2 9 251640 1799999999999999
 28 28 28 29 29 31 32 34 36 37 36 35 32 28 24 21 18 16 15 16 18 21 24 2627 713RZ 918 379999999999999999999991754 15999999999999999999999
 28 29 30 31 32 32 33 35 36 38 38 38 36 32 28 24 21 17 15 15 16 18 21 2427 714RZ10 0 389999999999999999999991856 15999999999999999999999
 27 30 31 32 33 33 34 35 36 38 39 40 39 36 33 28 24 20 17 15 14 16 18 2227 715RZ1048 409999999999999999999991946 14999999999999999999999
 26 29 31 33 33 34 34 35 36 37 39 41 41 39 36 32 28 23 19 16 14 14 16 2027 716RZ1137 419999999999999999999992029 14999999999999999999999
 24 27 30 33 34 34 34 34 35 36 38 40 42 41 39 36 32 27 22 18 15 14 15 1727 717RZ1225 4299999999999999999999921 7 14999999999999999999999
 21 26 29 32 33 34 33 33 33 34 36 38 41 42 41 39 35 30 25 20 16 14 14 1627 718RZ1310 429999999999999999999992142 14999999999999999999999
 19 23 27 31 33 34 33 33 32 33 34 36 39 41 42 41 38 34 28 23 18 15 14 1427 719RZ 5 6 341354 4299999999999999 8 0 322213 1499999999999999
 17 21 25 29 32 33 33 32 31 31 32 33 36 39 41 41 39 36 31 26 21 17 15 1427 720RZ 525 331436 4199999999999999 851 312242 1499999999999999
 16 19 24 28 31 33 33 32 31 30 30 31 33 36 38 40 40 37 34 29 23 19 16 1527 721RZ 543 331519 4099999999999999 942 302310 1599999999999999
 16 19 23 27 30 32 33 32 31 29 28 28 29 32 35 37 38 38 35 31 26 22 19 1727 722RZ 559 3316 2 38999999999999991034 282335 1699999999999999
 17 19 22 26 29 32 33 33 31 29 28 27 27 29 31 34 36 36 35 33 29 25 22 1927 723RZ 614 331649 36999999999999991125 272358 1999999999999999
 19 20 23 26 30 32 33 33 32 30 28 26 26 26 28 30 33 34 34 33 31 28 25 2327 724RZ 629 341744 34999999999999991216 26999999999999999999999
 22 22 24 27 30 33 35 35 34 31 29 27 25 24 25 27 29 31 32 33 32 30 28 2627 725RZ 644 351850 3399999999999999 018 211310 2499999999999999
 25 25 26 28 31 34 36 36 36 34 31 28 26 24 23 24 25 27 29 31 31 31 30 2927 726RZ 7 1 362017 3199999999999999 032 2514 9 2399999999999999
 28 28 29 30 33 35 37 38 38 37 34 31 27 25 23 22 22 24 26 28 29 31 31 3127 727RZ 725 38999999999999999999999 034 281519 2299999999999999
 31 31 32 33 34 36 38 40 40 40 38 35 31 27 24 22 20 20 22 24 26 28 31 3227 728RZ 8 0 409999999999999999999991635 20999999999999999999999
 33 33 34 35 36 37 39 41 42 42 42 39 36 31 27 23 20 18 18 19 22 25 28 3127 729RZ 851 429999999999999999999991746 18999999999999999999999
 33 35 36 36 37 38 39 41 42 44 45 44 41 37 32 27 22 19 16 16 17 20 24 2827 730RZ 956 459999999999999999999991851 16999999999999999999999
 31 34 36 37 38 38 39 40 41 43 46 47 46 43 38 33 26 21 17 14 13 15 19 2327 731RZ11 4 479999999999999999999991950 13999999999999999999999
 28 32 35 37 38 38 38 38 39 41 44 47 48 47 44 39 33 26 20 15 12 12 14 1827 8 1RZ12 9 489999999999999999999992044 11999999999999999999999
 24 29 33 36 37 37 36 36 36 37 40 44 47 49 48 45 40 33 25 19 14 11 11 1427 8 2RZ 411 371312 4999999999999999 7 0 362133 1199999999999999
 20 25 31 34 36 36 35 34 33 33 35 38 43 47 49 48 45 40 32 25 18 14 12 1227 8 3RZ 430 371416 4999999999999999 819 332219 1199999999999999
 16 22 28 32 36 37 35 33 31 30 30 32 36 41 45 47 47 44 39 31 24 19 15 1427 8 4RZ 454 371522 4799999999999999 932 3023 1 1499999999999999
 15 20 26 31 35 37 36 34 30 28 27 27 29 33 39 43 45 45 42 37 31 25 21 1827 8 5RZ 519 371630 45999999999999991037 272339 1799999999999999
 18 20 25 30 34 37 37 35 32 29 26 24 24 26 31 36 39 41 42 39 35 30 26 2427 8 6RZ 545 371737 42999999999999991136 24999999999999999999999
 22 23 26 30 34 37 38 38 35 31 27 25 23 23 25 29 32 36 38 38 37 34 31 2927 8 7RZ 610 391846 3899999999999999 013 221235 2299999999999999
 27 27 28 32 35 38 40 40 38 34 31 27 24 22 22 24 26 30 32 34 35 35 33 3227 8 8RZ 634 4020 6 3599999999999999 040 271338 2299999999999999
 31 31 32 34 36 39 41 41 40 38 35 31 27 24 22 22 23 25 27 30 32 33 34 3427 8 9RZ 658 41999999999999999999999 049 311451 2299999999999999
 34 34 35 36 38 40 41 42 42 41 38 35 31 28 25 23 22 22 23 26 28 30 32 3427 810RZ 727 429999999999999999999991616 22999999999999999999999
 35 36 37 37 39 40 41 43 43 43 41 39 36 32 29 26 23 22 22 23 25 27 30 3327 811RZ 810 439999999999999999999991738 22999999999999999999999
 35 36 37 38 39 40 41 42 43 44 43 42 39 36 33 29 26 23 21 21 22 25 28 3127 812RZ 910 449999999999999999999991842 21999999999999999999999
 33 36 37 38 39 39 40 41 42 43 44 44 42 40 36 32 29 25 22 21 21 22 25 2927 813RZ1018 449999999999999999999991933 21999999999999999999999
 32 35 37 38 38 38 39 39 40 42 43 44 44 42 40 36 32 27 24 21 20 20 23 2627 814RZ1121 449999999999999999999992013 20999999999999999999999
 30 33 36 37 38 37 37 37 38 39 41 43 44 44 42 39 35 30 25 22 20 19 21 2427 815RZ 353 381215 4499999999999999 623 372048 1999999999999999
 28 32 35 37 37 37 36 35 35 36 38 41 43 44 43 41 38 33 28 23 21 19 20 2227 816RZ 359 3713 6 4499999999999999 725 352118 1999999999999999
 26 30 33 36 37 36 35 34 33 33 35 37 41 43 44 42 40 35 30 26 22 20 19 2127 817RZ 411 371354 4499999999999999 817 332145 1999999999999999
 24 29 32 35 36 36 35 33 32 31 32 34 37 40 42 43 41 38 33 28 24 21 20 2127 818RZ 424 371441 4399999999999999 9 5 312211 2099999999999999
 24 28 31 34 36 36 35 33 31 29 29 30 33 37 40 41 41 39 36 31 27 23 21 2127 819RZ 437 371529 4299999999999999 950 292236 2199999999999999
 23 27 31 35 37 37 36 33 31 29 27 27 29 33 36 39 40 40 38 34 30 26 24 2327 820RZ 450 371618 40999999999999991032 2723 0 2399999999999999
 24 28 32 35 37 38 37 35 31 29 27 26 26 29 33 36 38 39 39 36 33 29 27 2627 821RZ 5 3 3817 9 39999999999999991113 262322 2699999999999999
 26 29 32 36 38 39 39 37 33 30 27 25 25 26 29 32 35 37 38 37 35 32 30 2927 822RZ 516 3918 5 38999999999999991156 252337 2999999999999999
 29 30 33 37 40 41 41 39 36 32 29 26 25 24 26 28 32 34 36 37 36 35 33 3227 823RZ 529 4119 9 37999999999999991243 242334 3299999999999999
 32 33 35 38 41 42 43 42 39 36 32 28 26 24 24 25 28 30 33 35 36 36 35 3527 824RZ 549 432034 36999999999999991339 242314 3599999999999999
 35 36 37 39 41 43 44 44 42 39 36 31 28 25 24 23 24 26 28 31 33 35 36 3627 825RZ 618 449999999999999999999991450 23999999999999999999999
 37 37 39 40 42 43 45 46 45 43 40 36 32 28 25 23 22 22 24 26 29 32 34 3627 826RZ 7 3 469999999999999999999991615 22999999999999999999999
 37 38 39 41 42 43 44 46 46 46 44 41 37 33 28 25 22 20 20 22 24 28 31 3427 827RZ 811 469999999999999999999991734 20999999999999999999999
 36 38 39 40 41 42 43 44 45 47 47 45 43 38 33 28 24 20 18 18 19 23 27 3127 828RZ 938 479999999999999999999991841 18999999999999999999999
 34 37 39 39 39 39 40 41 42 45 47 48 47 44 40 34 28 23 19 16 16 18 22 2727 829RZ11 1 489999999999999999999991938 16999999999999999999999
 32 35 38 38 38 37 37 37 38 40 43 47 48 48 45 40 34 28 22 18 15 16 19 2427 830RZ 3 2 381215 4899999999999999 620 372027 1599999999999999
 29 33 36 38 37 36 34 33 33 34 37 42 46 48 48 45 40 34 27 22 18 16 17 2127 831RZ 313 381326 4899999999999999 735 332112 1699999999999999
 26 31 35 38 38 35 32 30 29 29 30 35 40 45 47 47 45 40 33 27 22 19 18 2027 9 1RZ 332 381436 4799999999999999 840 292154 1899999999999999
 25 30 35 37 38 37 33 29 27 25 25 27 32 38 43 45 46 44 39 33 28 24 21 2127 9 2RZ 354 381543 4699999999999999 937 252231 2199999999999999
 25 30 34 38 39 39 36 31 27 24 22 22 25 30 36 40 43 44 42 37 33 29 26 2527 9 3RZ 417 391646 44999999999999991030 2223 5 2599999999999999
 26 30 35 38 40 41 39 34 29 25 22 20 21 24 29 34 38 41 41 40 36 33 31 3027 9 4RZ 439 411747 41999999999999991121 202333 2999999999999999
 30 32 35 39 41 42 41 38 33 29 25 22 20 21 24 28 32 36 38 39 38 36 34 3327 9 5RZ 5 0 421853 39999999999999991214 202348 3399999999999999
 33 34 37 40 42 44 43 41 38 33 29 25 22 21 22 24 27 30 34 36 37 37 36 3627 9 6RZ 522 442020 37999999999999991310 212327 3699999999999999
 36 37 38 40 43 44 44 43 41 37 33 29 26 23 22 23 24 26 29 32 34 35 36 3727 9 7RZ 548 449999999999999999999991418 22999999999999999999999
 37 38 39 41 42 44 44 44 43 41 37 34 30 27 25 23 23 24 26 28 31 33 35 3627 9 8RZ 622 459999999999999999999991545 23999999999999999999999
 38 39 39 41 42 43 44 44 44 42 40 37 34 31 28 26 24 23 24 25 27 30 33 3527 9 9RZ 7 9 4499999999999999999999917 9 23999999999999999999999
 37 38 39 40 40 41 42 42 43 43 42 40 38 35 31 28 26 24 23 23 25 27 30 3327 910RZ 822 439999999999999999999991813 23999999999999999999999
 36 37 38 39 39 39 39 40 41 42 42 41 40 38 34 31 28 25 23 22 23 25 28 3127 911RZ 951 4299999999999999999999919 2 22999999999999999999999
 34 36 38 38 37 37 37 37 38 39 41 41 41 40 37 34 30 26 23 22 21 23 26 2927 912RZ 250 381110 4199999999999999 6 1 371941 2199999999999999
 32 35 37 37 36 35 34 34 35 36 38 40 41 41 39 36 32 28 25 22 21 22 24 2727 913RZ 248 371215 4199999999999999 658 342013 2199999999999999
 31 34 36 36 36 34 32 31 31 32 34 37 39 40 40 38 35 30 26 23 22 21 23 2627 914RZ 255 361313 4099999999999999 742 312041 2199999999999999
 30 33 35 36 35 33 31 29 28 28 30 33 37 39 40 39 37 33 29 25 23 22 23 2527 915RZ 3 4 3614 6 4099999999999999 822 2821 7 2299999999999999
 29 33 35 36 36 34 31 28 26 25 26 29 33 37 39 40 39 36 32 28 25 23 23 2527 916RZ 314 361456 4099999999999999 9 0 252133 2399999999999999
 29 33 36 37 37 35 31 28 25 24 23 25 29 33 37 39 39 38 34 31 28 26 25 2627 917RZ 325 371545 3999999999999999 938 2322 0 2599999999999999
 29 33 36 38 38 37 33 29 25 23 22 22 25 30 34 37 39 39 37 34 31 29 28 2827 918RZ 337 381634 39999999999999991016 222225 2799999999999999
 30 34 37 39 40 39 36 31 27 23 21 20 22 26 30 34 37 38 38 36 34 32 31 3027 919RZ 349 401725 39999999999999991054 202246 3099999999999999
 32 35 38 41 42 41 39 34 29 25 22 20 20 22 26 30 34 36 38 37 36 34 33 3327 920RZ 4 3 421821 38999999999999991136 202251 3399999999999999
 34 36 39 42 43 43 41 38 33 28 24 22 20 20 23 26 30 33 35 37 37 36 35 3527 921RZ 424 431928 37999999999999991223 202221 3599999999999999
 36 37 39 42 44 45 44 41 37 32 28 24 21 20 20 22 25 28 31 34 35 36 36 3727 922RZ 452 459999999999999999999991320 20999999999999999999999
 37 38 40 42 44 45 45 44 41 37 32 28 24 22 20 20 21 24 27 30 32 34 36 3627 923RZ 531 459999999999999999999991434 20999999999999999999999
 37 39 40 41 42 44 45 45 43 41 37 33 29 25 22 20 19 20 22 25 28 31 34 3527 924RZ 628 4599999999999999999999916 0 19999999999999999999999
 37 38 39 39 40 41 42 43 44 43 41 38 34 30 25 22 19 18 18 20 23 27 31 3327 925RZ 755 449999999999999999999991717 18999999999999999999999
 35 37 37 37 37 38 38 40 41 43 43 42 39 35 30 26 21 18 17 17 20 23 27 3127 926RZ 939 439999999999999999999991820 17999999999999999999999
 34 36 36 35 34 34 34 34 36 39 41 42 42 40 36 31 26 21 18 17 17 20 25 2927 927RZ 147 361113 4299999999999999 544 341914 1799999999999999
 32 35 35 34 32 30 29 29 30 33 37 40 42 42 40 36 31 26 22 19 17 19 22 2727 928RZ 152 351236 4299999999999999 651 2920 1 1799999999999999
 31 34 36 35 32 29 26 24 24 26 29 34 39 41 42 41 36 31 26 23 20 19 22 2627 929RZ 2 8 361350 4299999999999999 747 242044 1999999999999999
 31 34 36 36 34 29 25 22 20 20 22 27 33 38 41 42 40 36 31 27 24 22 23 2627 930RZ 228 361456 4299999999999999 839 202122 2299999999999999
 31 35 37 38 36 32 27 22 19 17 17 20 26 32 36 40 41 39 36 32 29 27 26 272710 1RZ 248 381557 4199999999999999 928 162157 2699999999999999
 31 35 38 39 39 35 30 25 20 17 15 16 19 25 31 35 38 39 38 35 33 31 29 292710 2RZ 3 9 391655 39999999999999991016 152226 2999999999999999
 32 36 39 41 41 39 34 29 23 19 16 15 16 20 25 30 34 37 38 37 35 33 32 322710 3RZ 331 411755 389999999999999911 3 152247 3299999999999999
 33 36 39 42 42 41 38 33 28 23 19 16 16 17 21 25 29 33 36 36 36 35 34 342710 4RZ 356 4219 2 36999999999999991150 162251 3499999999999999
 35 37 39 41 43 43 41 37 32 27 23 20 18 17 19 22 25 29 32 34 35 35 35 352710 5RZ 424 439999999999999999999991242 17999999999999999999999
 36 37 39 41 42 43 42 40 36 32 28 24 21 19 19 20 22 25 28 31 33 34 35 352710 6RZ 455 439999999999999999999991342 19999999999999999999999
 36 37 38 39 41 42 42 40 38 35 31 28 25 22 21 20 21 22 25 27 30 32 34 352710 7RZ 532 429999999999999999999991458 20999999999999999999999
 36 36 37 38 39 39 40 40 39 37 34 31 28 25 23 21 21 21 22 24 27 29 31 332710 8RZ 619 409999999999999999999991617 21999999999999999999999
 35 35 36 36 36 37 37 37 37 37 35 33 31 28 25 23 21 21 21 22 24 27 29 322710 9RZ 731 389999999999999999999991720 20999999999999999999999
 33 34 34 34 34 34 34 34 35 35 35 34 33 31 28 25 23 21 20 21 22 25 27 30271010RZ 142 34 917 3599999999999999 512 331810 2099999999999999
 32 33 33 32 31 31 30 30 31 33 34 34 34 32 30 27 24 22 21 20 21 23 26 29271011RZ 132 3311 2 3499999999999999 612 301848 2099999999999999
 31 32 32 31 30 28 27 26 27 29 31 33 34 33 32 29 26 24 22 21 21 23 25 28271012RZ 135 331221 3499999999999999 653 261921 2199999999999999
 31 32 32 31 29 26 24 23 23 25 27 30 32 34 33 32 29 26 23 22 21 22 25 28271013RZ 139 321323 3499999999999999 730 231951 2199999999999999
 31 32 33 32 29 26 23 21 20 21 23 27 30 33 34 34 31 29 26 24 23 23 25 28271014RZ 146 331416 3499999999999999 8 5 202021 2399999999999999
 31 33 34 33 30 26 22 19 17 17 19 23 27 31 34 35 34 31 29 27 25 24 26 29271015RZ 156 3415 6 3599999999999999 841 172052 2499999999999999
 32 35 36 35 32 28 23 19 17 15 16 19 23 28 32 34 35 34 32 29 28 27 27 29271016RZ 2 9 361555 3599999999999999 917 152122 2799999999999999
 33 36 37 37 35 31 26 21 17 15 14 15 19 24 29 33 35 36 34 32 30 29 29 30271017RZ 224 371644 3699999999999999 955 142149 2999999999999999
 33 37 39 39 38 35 30 24 19 15 13 13 15 20 25 29 33 35 35 34 33 32 31 32271018RZ 245 391737 35999999999999991036 1322 7 3199999999999999
 34 37 40 41 40 38 34 28 22 18 14 13 13 16 20 25 29 32 34 35 34 33 33 33271019RZ 311 411837 35999999999999991121 132147 3399999999999999
 34 37 40 42 42 41 38 33 27 21 17 14 13 14 16 20 24 28 31 33 34 34 34 34271020RZ 343 429999999999999999999991212 13999999999999999999999
 35 36 39 41 42 42 40 37 32 26 21 17 14 13 14 16 20 23 27 30 32 33 33 34271021RZ 423 429999999999999999999991311 13999999999999999999999
 35 36 37 39 40 41 41 39 36 31 26 22 18 15 14 14 16 19 22 26 29 31 32 33271022RZ 513 419999999999999999999991421 14999999999999999999999
 33 34 35 36 37 38 39 39 38 35 31 27 22 19 16 14 14 15 18 22 25 28 30 31271023RZ 623 399999999999999999999991536 14999999999999999999999
 32 32 32 32 33 34 35 36 37 36 34 31 28 23 20 17 15 14 16 18 22 25 28 30271024RZ 8 1 379999999999999999999991645 14999999999999999999999
 31 31 30 29 28 28 29 31 33 34 35 34 32 28 24 21 18 16 15 17 20 23 27 29271025RZ 014 31 957 3599999999999999 443 281745 1599999999999999
 31 30 29 27 25 24 23 24 26 29 32 34 34 32 29 25 22 19 17 17 19 22 26 29271026RZ 023 311138 3499999999999999 554 231838 1799999999999999
 31 31 29 26 23 20 19 18 19 23 27 30 33 34 33 30 26 23 21 19 19 22 25 29271027RZ 040 3113 1 3499999999999999 651 181925 1999999999999999
 31 32 31 28 24 20 16 14 14 16 20 25 29 33 34 33 31 27 25 23 22 23 25 29271028RZ 1 0 321410 3499999999999999 743 1420 7 2299999999999999
 32 34 33 31 26 21 16 13 11 11 14 19 24 29 32 34 33 31 28 26 25 25 26 29271029RZ 121 341512 3499999999999999 831 102044 2599999999999999
 33 35 36 34 30 25 19 14 11  9 10 13 18 24 29 32 34 33 31 29 28 27 28 30271030RZ 144 361610 3499999999999999 917  92116 2799999999999999
 33 36 37 37 34 29 23 17 13 10  8 10 14 19 24 29 32 33 33 31 30 29 29 30271031RZ 210 3717 6 339999999999999910 1  82140 2999999999999999
 33 36 38 39 37 33 28 22 16 12 10  9 11 15 20 25 29 32 33 32 31 31 30 312711 1RZ 240 3918 5 33999999999999991045  92156 3099999999999999
 33 35 38 39 39 36 32 26 21 16 12 10 11 13 17 21 25 29 31 32 32 31 31 312711 2RZ 312 391913 32999999999999991129 1022 3 3199999999999999
 32 34 37 38 39 38 35 30 25 20 16 13 12 12 14 18 22 25 28 30 31 31 31 312711 3RZ 347 399999999999999999999991215 12999999999999999999999
 32 33 35 37 38 38 36 33 28 24 20 16 14 13 14 16 18 22 25 27 29 30 30 302711 4RZ 423 3899999999999999999999913 5 13999999999999999999999
 31 32 33 34 35 36 35 33 30 27 23 19 17 15 14 15 17 19 22 24 26 28 29 292711 5RZ 5 2 3699999999999999999999914 0 14999999999999999999999
 30 30 31 31 32 33 33 32 31 28 25 22 19 17 16 15 16 17 19 22 24 26 27 282711 6RZ 546 339999999999999999999991457 15999999999999999999999
 28 28 28 28 29 29 30 30 29 28 26 24 22 19 17 16 16 17 18 20 22 24 26 272711 7RZ 649 302359 27999999999999991552 16999999999999999999999
 27 27 26 26 25 25 26 26 27 27 26 25 23 21 19 18 17 17 18 19 21 23 25 262711 8RZ 831 272359 2799999999999999 440 251641 1799999999999999
 27 26 25 24 23 22 22 22 23 24 25 25 25 23 22 20 19 18 18 19 21 23 25 262711 9RZ1046 25999999999999999999999 541 211725 1899999999999999
 27 26 25 23 20 19 18 18 19 21 23 25 25 25 24 22 21 20 19 19 21 23 25 27271110RZ 0 1 271219 2599999999999999 624 1818 6 1999999999999999
 28 27 25 23 20 17 15 14 15 17 20 23 25 26 26 25 23 22 21 21 21 23 26 28271111RZ 0 9 281325 2699999999999999 7 1 141847 2199999999999999
 29 29 27 24 20 16 13 12 11 13 16 20 24 26 28 27 26 24 23 23 23 24 27 29271112RZ 021 291422 2899999999999999 738 111927 2299999999999999
 31 31 30 26 22 17 13 10  9  9 12 17 21 25 28 29 29 27 26 25 24 25 27 30271113RZ 039 311514 2999999999999999 816  920 5 2499999999999999
 32 33 33 30 25 20 15 11  8  7  8 12 17 22 26 29 30 29 28 27 27 26 28 30271114RZ 1 2 3316 5 3099999999999999 856  72039 2699999999999999
 33 35 35 33 29 24 18 12  8  6  6  8 13 18 23 27 30 31 30 29 28 28 28 30271115RZ 131 361657 3199999999999999 939  621 5 2899999999999999
 33 36 37 37 34 29 22 16 11  7  5  5  8 13 18 23 27 30 30 30 29 29 29 30271116RZ 2 5 371753 30999999999999991024  52112 2999999999999999
 32 36 38 38 37 33 28 21 15 10  6  4  5  9 13 19 23 27 29 30 29 29 29 30271117RZ 244 399999999999999999999991114  4999999999999999999999
 31 34 37 38 38 36 32 27 20 14  9  6  5  6  9 14 18 23 26 28 28 28 28 29271118RZ 329 3999999999999999999999912 6  5999999999999999999999
 29 31 33 36 37 37 35 31 25 19 14  9  6  5  6 10 14 18 22 25 27 27 27 27271119RZ 420 3799999999999999999999913 3  5999999999999999999999
 27 28 29 31 34 35 35 33 29 24 19 14 10  8  7  8 11 14 18 22 24 26 26 26271120RZ 521 352147 269999999999999914 1  7999999999999999999999
 25 25 25 26 28 30 31 31 30 28 24 19 15 12 10  9 10 12 16 19 22 24 25 25271121RZ 637 312214 2599999999999999 1 6 2515 0  999999999999999
 24 23 22 22 22 23 25 27 28 28 26 24 20 17 14 12 11 12 14 18 21 23 25 25271122RZ 821 282240 2599999999999999 3 8 221558 1199999999999999
 24 22 20 18 17 17 18 20 23 25 26 25 24 21 18 16 15 14 15 17 20 23 25 26271123RZ1020 2623 4 2699999999999999 436 171654 1499999999999999
 25 23 20 17 14 13 12 14 16 19 22 24 25 24 22 20 19 17 17 18 20 23 26 27271124RZ12 1 252329 2799999999999999 545 121747 1799999999999999
 27 25 22 18 14 11  9  8 10 13 17 21 24 25 25 24 22 21 20 20 21 24 26 28271125RZ1325 252354 2999999999999999 644  81835 2099999999999999
 29 28 25 21 16 11  8  6  6  8 12 16 20 24 26 26 25 24 23 22 23 24 27 29271126RZ1437 26999999999999999999999 735  51917 2299999999999999
 31 31 28 24 19 14  9  6  4  4  7 11 16 21 25 26 27 26 25 24 24 25 27 30271127RZ 023 311539 2799999999999999 823  41953 2499999999999999
 32 33 32 28 24 18 12  8  4  3  4  7 12 17 22 25 27 27 26 26 25 25 27 29271128RZ 056 331634 2799999999999999 9 8  32022 2599999999999999
 32 34 34 32 28 22 16 11  7  4  3  5  9 14 19 23 26 27 27 26 26 26 26 28271129RZ 132 341723 2799999999999999 951  32047 2699999999999999
 31 33 34 34 31 26 21 15 10  6  4  4  6 10 15 20 23 26 27 26 26 25 26 27271130RZ 210 3418 9 27999999999999991033  42112 2599999999999999
 29 31 34 34 33 30 25 19 14  9  6  4  5  8 12 16 20 24 25 26 25 25 25 252712 1RZ 248 341856 26999999999999991113  42141 2599999999999999
 27 29 32 33 33 31 27 22 17 12  8  6  5  6  9 13 17 21 23 24 25 24 24 242712 2RZ 327 331943 25999999999999991152  52215 2499999999999999
 25 27 29 31 31 31 28 25 20 15 11  8  6  6  8 11 15 18 21 22 23 23 23 232712 3RZ 4 6 312030 23999999999999991229  623 1 2399999999999999
 23 24 25 27 28 29 28 25 22 18 14 10  8  7  8 10 13 16 19 21 22 22 22 222712 4RZ 446 2921 7 229999999999999913 4  7999999999999999999999
 21 21 22 23 25 26 26 24 22 19 16 13 10  9  9 10 12 14 17 19 21 21 21 212712 5RZ 530 262128 2199999999999999 011 211337  999999999999999
 20 19 19 20 21 22 22 22 21 19 17 15 13 11 10 11 12 14 16 18 20 21 21 202712 6RZ 626 222140 2199999999999999 146 1914 9 1099999999999999
 19 18 17 17 17 17 18 19 19 19 18 16 15 13 12 12 13 14 16 18 20 21 21 212712 7RZ 755 192153 2199999999999999 325 171441 1299999999999999
 20 18 16 14 14 13 14 15 16 17 18 17 17 16 15 14 15 15 17 19 21 22 23 222712 8RZ1015 182210 2399999999999999 442 131515 1499999999999999
 21 19 16 13 12 10 10 11 13 15 16 18 18 18 17 17 17 17 18 19 21 23 24 242712 9RZ1210 182234 2499999999999999 539 101556 1799999999999999
 23 20 17 14 11  8  7  7  9 11 14 17 19 20 20 19 19 19 19 20 22 24 26 26271210RZ1337 2023 3 2699999999999999 626  71652 1999999999999999
 26 23 20 16 11  8  6  4  5  7 11 14 18 20 22 22 22 21 21 21 22 24 27 28271211RZ1447 222338 2899999999999999 710  41759 2199999999999999
 28 27 24 19 14  9  5  3  2  3  6 11 15 19 22 23 23 23 23 23 23 24 27 29271212RZ1544 23999999999999999999999 756  21854 2399999999999999
 31 30 28 24 18 12  7  3  0  0  2  6 11 16 20 23 24 24 24 24 24 24 26 29271213RZ 018 311633 2499999999999999 842  01933 2499999999999999
 32 33 32 29 23 17 10  5  1 -2 -2  1  6 11 17 21 24 25 24 24 24 24 25 27271214RZ 1 1 331716 2599999999999999 930 -220 4 2499999999999999
 31 33 34 32 29 23 16  9  3 -1 -3 -3  1  6 12 17 21 23 24 24 23 23 24 25271215RZ 148 341756 24999999999999991020 -32040 2399999999999999
 28 31 34 34 32 28 22 15  8  2 -2 -4 -3  1  7 12 17 21 23 23 22 22 22 22271216RZ 239 341833 239999999999999911 9 -42132 2299999999999999
 24 27 31 33 33 31 27 21 13  7  2 -2 -3 -1  3  8 13 18 21 22 21 20 20 20271217RZ 333 3319 9 22999999999999991158 -32245 2099999999999999
 20 22 25 29 31 31 29 25 19 13  7  2 -1 -1  1  5 10 15 18 20 21 20 18 17271218RZ 432 311943 21999999999999991245 -1999999999999999999999
 17 17 19 22 25 27 27 26 23 18 12  8  4  2  2  4  8 12 16 19 20 20 18 16271219RZ 539 272015 2099999999999999 0 9 171331  299999999999999
 15 14 14 15 18 21 23 23 23 20 17 13  9  7  5  6  8 12 15 18 20 20 19 17271220RZ 7 1 232046 2099999999999999 132 141415  599999999999999
 15 12 11 10 11 13 16 18 19 19 18 16 14 11 10  9 10 12 15 18 20 21 21 19271221RZ 842 202117 2199999999999999 254 101457  999999999999999
 16 13 10  8  7  7  9 11 14 16 17 17 16 15 14 13 13 14 16 19 21 22 23 21271222RZ1037 172147 2399999999999999 416  71534 1399999999999999
 19 15 12  8  6  4  4  5  8 11 14 16 17 17 17 17 17 17 18 19 21 23 24 24271223RZ1241 172222 2499999999999999 532  416 0 1799999999999999
 22 19 15 10  7  4  2  2  3  6  9 13 16 18 19 19 19 19 19 20 22 23 25 26271224RZ23 0 26999999999999999999999 637  1999999999999999999999
 25 23 19 14  9  5  2  0  0  2  5  9 13 17 19 20 20 20 20 21 21 23 25 27271225RZ2343 27999999999999999999999 733  0999999999999999999999
 27 26 23 18 13  8  4  1 -1 -1  2  6 10 14 18 20 21 21 21 21 21 22 24 26271226RZ9999999999999999999999999999 822 -1999999999999999999999
 28 28 26 22 18 12  7  3  0 -1 -1  3  7 12 16 19 21 21 21 20 20 21 23 25271227RZ 028 281656 2199999999999999 9 6 -11927 2099999999999999
 27 29 28 26 21 16 10  5  1 -1 -2  0  4  9 13 17 20 21 21 20 20 20 21 23271228RZ 112 291719 2199999999999999 946 -22012 2099999999999999
 25 28 29 27 24 20 14  8  4  0 -2 -1  1  6 10 14 18 20 20 19 19 18 19 20271229RZ 155 291746 20999999999999991023 -22055 1899999999999999
 23 25 27 28 26 22 17 12  6  2 -1 -2  0  3  7 12 15 18 19 19 18 17 17 18271230RZ 237 281813 19999999999999991057 -22138 1799999999999999
 19 22 25 26 26 24 20 15  9  4  1 -1 -1  1  5 10 13 16 18 18 17 16 15 15271231RZ 319 261834 18999999999999991127 -12227 1599999999999999
