 14 12  9  7  7  7  8 10 12 13 14 14 13 13 13 13 13 15 17 19 21 21 21 1927 1 1S01021 142115 2199999999999999 411  714 7 1399999999999999
 17 14 11  8  6  5  5  6  7  9 11 13 14 15 15 16 17 18 19 21 22 23 23 2227 1 2S02143 23999999999999999999999 532  4999999999999999999999
 20 17 14 10  7  5  3  3  4  6  9 12 14 16 17 18 19 20 21 22 23 24 25 2527 1 3S02219 25999999999999999999999 635  3999999999999999999999
 23 21 17 13 10  6  3  2  2  4  7 10 13 15 17 19 20 21 21 22 23 24 25 2627 1 4S023 3 26999999999999999999999 723  2999999999999999999999
 25 23 20 17 12  8  5  2  1  2  4  8 11 15 17 19 20 21 21 22 23 24 25 2627 1 5S02351 27999999999999999999999 8 4  1999999999999999999999
 27 26 23 20 16 11  6  3  1  0  2  5  9 13 16 18 20 20 20 21 21 23 24 2627 1 6S09999999999999999999999999999 841  0999999999999999999999
 27 27 26 23 19 14  9  4  1 -1  0  2  6 10 14 17 18 19 19 19 19 20 22 2427 1 7S0 040 27999999999999999999999 917 -1999999999999999999999
 26 27 27 25 21 17 11  6  1 -1 -2 -1  3  7 11 15 17 18 18 17 17 18 19 2127 1 8S0 127 271726 1899999999999999 952 -21943 1799999999999999
 23 25 26 26 23 19 14  8  3 -1 -3 -3  0  4  8 12 15 16 16 16 15 15 16 1727 1 9S0 211 261740 16999999999999991027 -32030 1599999999999999
 20 22 24 25 24 21 16 10  5  0 -3 -4 -3  1  5  9 13 15 15 15 14 13 13 1427 110S0 251 251759 15999999999999991059 -42118 1399999999999999
 16 18 21 23 23 21 17 12  7  2 -2 -4 -4 -1  3  7 11 13 14 14 13 12 11 1227 111S0 329 231820 14999999999999991130 -42213 1199999999999999
 12 14 17 20 21 20 18 14  9  4  0 -2 -3 -2  1  5  9 12 14 14 13 11 10 1027 112S0 4 7 211839 14999999999999991157 -32318 1099999999999999
 10 11 13 16 18 18 17 14 11  7  3  0 -1 -1  1  5  9 12 13 14 13 12 10  927 113S0 448 181855 14999999999999991221 -1999999999999999999999
  8  8  9 11 14 15 15 14 12  9  6  3  2  2  3  6  9 12 14 15 15 13 11  927 114S0 537 1619 9 1599999999999999 026  81238  299999999999999
  7  6  6  8 10 12 13 13 12 11  9  7  6  5  6  8 10 13 15 17 16 15 13 1027 115S0 643 131924 1799999999999999 131  61244  599999999999999
  8  6  5  5  6  7  9 11 12 12 11 10  9  9 10 11 13 15 17 18 19 18 16 1327 116S0 828 121946 1999999999999999 238  41237  999999999999999
 10  7  4  3  2  3  5  7  9 11 12 12 12 12 13 14 15 17 19 20 21 21 19 1727 117S02021 21999999999999999999999 351  2999999999999999999999
 13  9  6  3  1  0  0  2  5  8 10 12 14 15 16 17 17 19 20 21 23 23 23 2127 118S02112 23999999999999999999999 5 7  0999999999999999999999
 18 14  9  5  1 -2 -3 -3  0  3  7 10 13 15 17 18 19 19 20 21 23 24 25 2527 119S02221 25999999999999999999999 617 -3999999999999999999999
 23 20 15 10  4 -1 -4 -6 -6 -3  1  6 10 14 16 18 19 19 20 20 22 23 25 2727 120S02334 27999999999999999999999 720 -6999999999999999999999
 27 25 21 16 10  3 -3 -7 -9 -8 -5  0  6 11 14 17 18 18 18 18 19 20 23 2527 121S09999999999999999999999999999 819 -9999999999999999999999
 28 28 26 22 16  9  2 -4 -9-11-10 -6  0  6 11 14 16 16 16 15 15 16 18 2127 122S0 043 281647 1699999999999999 913-111921 1599999999999999
 25 28 29 27 22 16  8  0 -6-10-12-10 -6  1  7 11 14 15 14 13 12 12 13 1527 123S0 146 2917 2 159999999999999910 2-122030 1299999999999999
 19 24 27 28 26 21 14  6 -1 -7-11-11 -9 -3  3  8 12 14 14 12 10  9  9  927 124S0 246 281722 14999999999999991047-122144  899999999999999
 12 16 21 24 25 23 19 12  5 -2 -7 -9 -9 -6  0  6 10 13 14 12 10  7  6  527 125S0 344 251746 14999999999999991128 -92258  599999999999999
  6  9 14 18 21 21 19 15  9  3 -1 -5 -6 -5 -1  5 10 13 14 13 11  8  5  327 126S0 442 211810 149999999999999912 3 -6999999999999999999999
  3  3  6 11 14 17 17 15 12  8  3  0 -1 -1  1  5  9 13 15 15 13 10  7  427 127S0 542 171835 1599999999999999 0 6  31233 -299999999999999
  2  1  2  4  8 10 12 13 12 10  7  5  3  3  4  7 10 13 16 16 15 13 10  627 128S0 652 131858 1699999999999999 110  11250  399999999999999
  4  1  0  1  2  5  7  9 10  9  8  8  7  7  8  9 12 14 16 17 17 16 13 1027 129S0 820 101921 1899999999999999 216  01219  799999999999999
  6  4  1  0  0  1  3  5  6  8  8  9  9 10 11 12 14 16 17 18 19 18 16 1327 130S01945 19999999999999999999999 330  0999999999999999999999
 10  7  4  1  0 -1  0  1  3  5  7  9 10 12 13 14 16 17 18 19 19 19 18 1627 131S02015 19999999999999999999999 454 -1999999999999999999999
 13 10  7  4  1  0 -1 -1  1  3  5  8 10 12 14 15 16 17 18 19 20 20 20 1827 2 1S021 7 20999999999999999999999 611 -1999999999999999999999
 16 14 10  7  4  1 -1 -2 -1  0  3  6  9 11 13 15 16 17 17 18 19 19 20 2027 2 2S02223 20999999999999999999999 7 8 -2999999999999999999999
 19 17 14 10  6  3  0 -2 -3 -2  0  4  7 10 12 14 15 15 16 16 17 18 19 2027 2 3S02334 20999999999999999999999 753 -3999999999999999999999
 20 19 16 13  9  5  1 -2 -4 -4 -2  1  4  8 11 12 13 14 14 14 15 16 17 1927 2 4S09999999999999999999999999999 832 -4999999999999999999999
 20 20 18 16 12  7  2 -2 -5 -6 -5 -2  2  5  9 11 12 12 12 11 12 12 14 1627 2 5S0 033 201637 1299999999999999 9 6 -619 3 1199999999999999
 18 20 19 17 14  9  4 -1 -5 -7 -7 -5 -2  3  7  9 11 11 10  9  9  9 10 1227 2 6S0 123 201637 1199999999999999 937 -71958  999999999999999
 15 18 19 18 16 12  6  1 -4 -7 -8 -7 -4  0  5  8  9 10  9  8  6  6  7  827 2 7S0 2 7 191647 109999999999999910 6 -82050  699999999999999
 11 15 17 18 16 13  8  3 -2 -6 -8 -8 -6 -2  3  7  9 10  9  7  5  4  4  527 2 8S0 248 1817 0 10999999999999991034 -82142  499999999999999
  7 10 14 16 16 14 10  5  0 -4 -6 -7 -6 -3  2  6  9 10  9  7  5  3  2  227 2 9S0 329 161714 10999999999999991059 -72232  299999999999999
  3  6 10 13 14 14 11  8  3 -1 -4 -5 -5 -2  2  6  9 10 10  9  6  3  1  027 210S0 411 141726 10999999999999991122 -52322  099999999999999
  0  2  5  9 12 13 12  9  6  2  0 -2 -2 -1  2  6 10 11 12 10  8  4  1 -127 211S0 459 131737 12999999999999991139 -2999999999999999999999
 -2 -1  1  5  8 10 11 10  8  5  3  2  2  2  4  8 11 13 13 13 10  7  3  027 212S0 557 111750 1399999999999999 011 -21146  199999999999999
 -2 -3 -2  1  4  7  9  9  9  8  6  5  5  6  7  9 12 14 15 15 13 10  6  227 213S0 713  91810 1599999999999999 1 4 -31135  599999999999999
 -1 -3 -3 -3 -1  2  5  7  8  9  8  8  8  9 10 12 14 16 17 17 16 14 10  627 214S01839 17999999999999999999999 2 5 -3999999999999999999999
  2 -1 -3 -4 -4 -2  0  3  5  7  8  9 10 11 12 13 15 16 18 19 19 17 15 1127 215S01923 19999999999999999999999 320 -4999999999999999999999
  7  3 -1 -3 -5 -6 -5 -2  0  3  6  8 10 12 13 14 15 16 17 19 19 19 18 1627 216S02037 20999999999999999999999 446 -6999999999999999999999
 13  8  4  0 -4 -7 -8 -7 -5 -2  2  6  9 11 12 14 14 15 16 17 18 19 20 2027 217S02213 20999999999999999999999 6 8 -8999999999999999999999
 18 14 10  5 -1 -5 -9-10-10 -7 -3  1  6  9 11 12 13 13 13 14 15 17 19 2127 218S02339 21999999999999999999999 717-10999999999999999999999
 21 19 16 11  5 -1 -7-11-12-12 -8 -3  2  6  9 10 11 10 10 10 10 12 15 1827 219S01551 11999999999999999999999 814-121837 1099999999999999
 21 21 20 16 11  4 -3 -8-12-13-12 -8 -2  3  7  9 10  9  7  6  6  6  8 1227 220S0 050 211551 1099999999999999 9 3-131951  699999999999999
 17 20 21 20 16 10  3 -4 -9-12-13-11 -5  1  5  8  9  8  6  4  2  2  2  527 221S0 154 2116 4  999999999999999 945-132059  299999999999999
 10 15 19 20 18 14  8  1 -5 -9-11-11 -7 -1  4  8 10  9  7  4  0 -1 -2 -127 222S0 254 201621 10999999999999991023-1122 0 -299999999999999
  2  8 13 16 17 16 12  6  0 -4 -7 -8 -6 -2  4  8 11 11  9  6  1 -2 -4 -527 223S0 353 171642 11999999999999991056 -82257 -599999999999999
 -4  0  6 10 13 14 13  9  5  1 -2 -4 -4 -1  4  8 11 12 12  9  4  0 -4 -627 224S0 454 1417 3 12999999999999991124 -42350 -699999999999999
 -6 -5 -1  4  8 10 11 10  7  4  2  1  0  2  5  9 12 14 14 12  8  3 -1 -427 225S0 556 111725 14999999999999991143  0999999999999999999999
 -6 -6 -5 -1  3  6  8  9  8  6  5  4  4  5  7 10 13 15 15 14 11  7  3 -127 226S0 7 4  91744 1599999999999999 042 -71132  499999999999999
 -4 -5 -6 -4 -1  1  4  6  7  7  7  7  7  8  9 11 14 15 16 15 14 11  7  327 227S018 3 16999999999999999999999 136 -6999999999999999999999
  0 -3 -4 -4 -3 -2  1  3  5  6  7  8  9 10 11 13 14 16 16 16 15 13 10  727 228S01820 16999999999999999999999 238 -5999999999999999999999
  4  1 -2 -3 -4 -3 -2  0  2  4  6  7  9 10 12 13 14 15 16 16 16 14 13 1027 3 1S01844 16999999999999999999999 357 -4999999999999999999999
  7  4  1 -1 -3 -3 -3 -3 -1  1  4  6  8 10 11 12 13 14 15 15 15 15 14 1227 3 2S01942 15999999999999999999999 528 -4999999999999999999999
 10  7  5  2 -1 -3 -4 -4 -3 -1  1  4  6  8 10 11 12 12 13 13 14 14 14 1427 3 3S02151 14999999999999999999999 638 -4999999999999999999999
 12 10  7  4  1 -2 -4 -6 -5 -4 -2  2  4  7  8  9 10 10 10 10 11 12 13 1427 3 4S02321 14999999999999999999999 727 -6999999999999999999999
 13 12 10  7  3 -1 -4 -6 -7 -6 -4 -1  2  5  7  8  8  8  7  7  8  9 10 1227 3 5S01537  8999999999999999999999 8 6 -71828  799999999999999
 13 13 12  9  5  1 -3 -6 -8 -8 -6 -3  0  4  6  7  7  6  5  4  4  5  7  927 3 6S0 025 131527  799999999999999 837 -81926  499999999999999
 12 13 13 11  8  3 -1 -5 -8 -9 -8 -5 -1  2  5  6  6  5  3  2  1  1  3  527 3 7S0 118 131529  799999999999999 9 6 -92016  199999999999999
  9 11 12 12  9  6  1 -3 -6 -8 -8 -6 -2  2  5  6  7  5  3  0 -1 -2 -1  127 3 8S0 2 5 121537  799999999999999 932 -921 2 -299999999999999
  5  9 11 12 11  8  4 -1 -4 -7 -7 -6 -3  1  5  7  8  6  4  0 -2 -4 -4 -327 3 9S0 251 121547  899999999999999 957 -72145 -499999999999999
  0  5  9 11 11 10  7  3 -1 -4 -5 -5 -3  2  6  8  9  8  6  2 -2 -5 -6 -627 310S0 339 111558  9999999999999991022 -52226 -799999999999999
 -4  0  5  9 11 11  9  6  2 -1 -2 -2 -1  2  6 10 11 10  8  4  0 -4 -7 -827 311S0 430 111611 11999999999999991043 -223 9 -899999999999999
 -7 -4  1  5  9 10 10  8  6  3  2  1  2  4  7 11 13 13 11  8  3 -2 -6 -827 312S0 527 101628 13999999999999991056  12354 -999999999999999
 -9 -7 -4  1  5  8  9  9  8  6  5  5  5  6  9 12 14 15 14 11  7  2 -3 -627 313S0 631 101650 15999999999999991048  5999999999999999999999
 -8 -9 -7 -4  0  4  7  8  9  8  7  7  8  9 10 13 15 16 16 14 11  6  2 -327 314S0 746  91718 1699999999999999 046 -91030  799999999999999
 -6 -8 -8 -7 -4 -1  2  5  7  8  8  9  9 11 12 13 15 17 17 16 14 11  7  227 315S01757 17999999999999999999999 148 -9999999999999999999999
 -2 -5 -7 -8 -8 -6 -3  0  3  5  7  8  9 11 12 13 14 15 16 17 16 15 12  827 316S01857 17999999999999999999999 3 3 -8999999999999999999999
  3 -1 -4 -7 -9 -9 -7 -5 -2  1  4  6  8 10 11 12 12 13 14 15 16 16 15 1327 317S02037 16999999999999999999999 432 -9999999999999999999999
  9  5  1 -3 -7 -9-10 -9 -7 -3  1  4  6  8  9 10 10 10 11 12 13 14 15 1527 318S02223 16999999999999999999999 557-10999999999999999999999
 14 10  6  2 -3 -7-10-11-10 -7 -3  1  4  7  8  8  7  7  7  7  8 10 13 1527 319S01443  82349 1699999999999999 7 3-1118 2  799999999999999
 16 14 11  7  2 -3 -7-10-11-10 -6 -2  3  5  7  7  6  4  3  2  2  4  7 1127 320S01433  7999999999999999999999 755-111914  299999999999999
 14 15 14 12  7  2 -3 -7-10-10 -8 -3  1  5  7  7  6  3  1 -1 -2 -2  1  527 321S0 1 1 151439  799999999999999 838-102013 -299999999999999
 10 13 15 14 11  7  1 -3 -7 -8 -7 -4  1  5  8  9  8  5  1 -3 -5 -6 -5 -227 322S0 2 7 151453  999999999999999 915 -821 7 -699999999999999
  3  9 12 14 13 10  6  1 -2 -5 -5 -3  1  6  9 11 10  7  3 -2 -6 -8 -9 -727 323S0 310 141512 1199999999999999 948 -52156 -999999999999999
 -3  3  8 11 13 12  9  5  2  0 -2 -1  2  6 10 12 13 11  7  1 -4 -8-10-1027 324S0 411 131534 13999999999999991016 -22242-1099999999999999
 -8 -3  2  7 10 11 11  8  6  3  2  2  4  7 11 14 15 13 10  6  0 -5 -8-1027 325S0 510 111556 15999999999999991036  22326-1099999999999999
-10 -7 -3  2  6  9 10 10  8  6  6  6  6  8 12 14 16 15 13  9  4 -1 -5 -827 326S0 6 9 101618 16999999999999991038  5999999999999999999999
 -9 -9 -6 -2  3  6  8  9  9  8  8  8  9 10 12 15 16 16 15 12  8  3 -1 -527 327S0 713  91639 1699999999999999 010 -910 5  899999999999999
 -7 -8 -7 -4 -1  2  5  7  8  8  9  9 10 11 13 15 16 16 16 14 11  7  3 -127 328S01658 16999999999999999999999 057 -8999999999999999999999
 -4 -5 -6 -5 -3 -1  2  4  6  7  8  9 10 12 13 14 15 16 16 15 13 10  6  327 329S01718 16999999999999999999999 150 -6999999999999999999999
  0 -2 -4 -4 -4 -3 -1  1  4  5  7  8 10 11 12 13 14 14 14 14 13 11  9  627 330S01745 14999999999999999999999 256 -4999999999999999999999
  3  1 -2 -3 -4 -4 -3 -1  1  3  5  7  8 10 11 11 12 12 12 12 12 12 10  827 331S01846 12999999999999999999999 420 -4999999999999999999999
  6  4  1 -1 -3 -4 -4 -4 -2  0  3  5  7  8  9  9  9  9 10 10 10 11 10 1027 4 1S02115 11999999999999999999999 539 -4999999999999999999999
  8  6  3  1 -2 -4 -5 -5 -4 -2  1  3  5  7  7  7  7  7  6  7  7  8  9 1027 4 2S01423  823 2 1099999999999999 634 -51755  699999999999999
  9  8  6  3  0 -3 -4 -5 -5 -3 -1  2  5  6  7  6  5  4  3  3  4  5  7  827 4 3S014 6  7999999999999999999999 714 -51849  399999999999999
  9  9  8  5  2 -1 -3 -5 -5 -4 -2  1  4  6  7  6  5  3  1  0  0  1  3  627 4 4S0 017  914 2  799999999999999 747 -51932  099999999999999
  8 10  9  8  5  2 -1 -3 -4 -4 -2  1  4  7  8  7  5  2  0 -2 -3 -3 -1  327 4 5S0 117 1014 5  899999999999999 816 -42012 -399999999999999
  6  9 10 10  8  5  2 -1 -2 -3 -1  2  5  8  9  9  7  3  0 -4 -6 -6 -5 -127 4 6S0 212 101414  999999999999999 844 -32051 -699999999999999
  3  7 10 11 10  8  5  2  0 -1  0  2  6  9 11 11  9  6  1 -3 -7 -8 -8 -627 4 7S0 3 6 111427 1199999999999999 911 -12130 -999999999999999
 -1  4  9 11 12 11  9  6  4  3  2  4  7 11 13 14 12  9  5 -1 -6 -9-10 -927 4 8S0 4 1 121445 1499999999999999 937  22210-1099999999999999
 -6  0  5  9 12 13 12  9  7  6  5  6  8 12 15 16 16 13  9  3 -3 -8-10-1127 4 9S0 456 1315 9 1699999999999999 956  52254-1199999999999999
-10 -5  1  6 10 12 13 12 10  9  8  9 10 12 16 18 18 16 13  8  2 -4 -8-1127 410S0 553 131538 189999999999999910 0  82342-1199999999999999
-11 -9 -4  1  6  9 11 12 12 11 10 11 12 13 16 18 19 19 17 13  7  1 -4 -827 411S0 655 121612 1999999999999999 948 10999999999999999999999
-10-11 -8 -4  1  5  8 10 11 11 11 12 12 14 15 17 19 20 19 16 12  7  1 -327 412S01654 20999999999999999999999 037-11999999999999999999999
 -7 -9-10 -8 -4 -1  3  6  9 10 10 11 12 13 14 15 17 18 19 18 16 12  7  227 413S01749 19999999999999999999999 141-10999999999999999999999
 -2 -5 -8 -9 -7 -5 -2  2  5  7  9 10 11 12 12 13 14 15 16 17 16 15 12  827 414S019 9 17999999999999999999999 254 -9999999999999999999999
  4  0 -4 -6 -8 -7 -5 -2  1  4  7  8 10 10 10 10 11 11 12 13 14 15 14 1227 415S02053 15999999999999999999999 414 -8999999999999999999999
  9  5  1 -2 -5 -7 -7 -5 -2  1  4  7  8  9  9  8  7  7  7  8 10 12 13 1327 416S01315  92236 1499999999999999 528 -71714  799999999999999
 12 10  6  2 -1 -4 -5 -5 -4  0  3  6  8  9  8  7  5  4  3  3  4  7 10 1227 417S013 3  9999999999999999999999 629 -61827  399999999999999
 13 12 10  7  4  0 -2 -4 -3 -1  3  6  9 10  9  7  5  2  0 -2 -1  1  4  827 418S0 0 5 1313 8 1099999999999999 717 -41924 -299999999999999
 11 13 13 11  8  5  2  0 -1  0  3  7 10 12 11 10  6  2 -1 -4 -5 -5 -2  327 419S0 122 131322 1299999999999999 757 -12013 -599999999999999
  8 11 13 13 11  9  6  4  2  2  4  8 11 14 14 13  9  5  0 -4 -7 -8 -6 -327 420S0 231 131342 1499999999999999 831  22059 -899999999999999
  3  8 12 13 14 12 10  7  6  5  6  9 12 15 17 16 13  9  3 -2 -6 -8 -9 -727 421S0 334 1414 6 1799999999999999 859  52141 -999999999999999
 -2  4  9 12 14 14 13 11  9  8  9 10 13 16 18 18 17 13  8  2 -3 -7 -9 -927 422S0 432 141432 1999999999999999 920  82221 -999999999999999
 -5  0  5 10 13 14 14 13 12 11 11 12 14 17 19 20 19 16 12  6  0 -4 -7 -827 423S0 525 141459 2099999999999999 928 1123 1 -899999999999999
 -7 -4  1  6 10 13 14 14 13 13 13 13 15 17 19 20 20 19 15 10  5  0 -4 -627 424S0 618 141526 2199999999999999 922 132341 -799999999999999
 -7 -5 -1  3  7 11 13 14 14 13 14 14 15 17 18 20 21 20 17 14  9  4 -1 -427 425S01553 219999999999999999999999999999999999999999999999999
 -5 -5 -3  0  4  7 10 12 13 13 13 14 15 16 17 19 20 19 18 16 12  7  3  027 426S01621 20999999999999999999999 024 -5999999999999999999999
 -3 -4 -3 -1  1  4  7  9 11 12 12 13 14 15 16 17 18 18 18 16 13 10  6  327 427S01652 18999999999999999999999 112 -4999999999999999999999
  0 -2 -2 -2 -1  2  4  7  9 10 11 12 13 13 14 15 15 16 16 15 14 12  9  627 428S01732 16999999999999999999999 2 6 -3999999999999999999999
  3  1 -1 -2 -1  0  2  4  6  8 10 11 11 12 12 12 13 13 13 13 13 12 10  827 429S01841 13999999999999999999999 3 8 -2999999999999999999999
  6  3  1  0 -1 -1  1  2  4  7  8 10 10 11 10 10 10 10 10 10 11 11 10  927 430S01254 112039 1199999999999999 411 -11631 1099999999999999
  8  6  4  2  1  0  0  2  4  6  8  9 10 10  9  8  7  7  7  7  8  9 10 1027 5 1S01231 102240 1099999999999999 5 6  01747  799999999999999
  9  8  6  4  3  2  1  2  3  6  8 10 11 11 10  8  6  4  3  3  4  6  8 1027 5 2S01224 11999999999999999999999 552  11832  399999999999999
 10 10  9  7  6  4  3  3  4  6  9 11 12 12 11  8  6  3  1  0  1  3  6  827 5 3S0 013 101226 1299999999999999 631  31911  099999999999999
 11 12 12 11  9  7  6  5  6  7 10 13 14 14 13 10  7  3  0 -2 -3 -1  2  627 5 4S0 124 121236 1599999999999999 7 7  51949 -399999999999999
 10 12 14 14 12 11  9  8  8  9 11 14 17 17 16 14 10  5  0 -3 -5 -5 -3  227 5 5S0 228 141254 1799999999999999 740  82028 -599999999999999
  7 11 14 16 16 14 13 11 11 11 13 16 18 20 20 18 14  8  3 -2 -6 -7 -6 -327 5 6S0 326 161320 2099999999999999 811 112110 -799999999999999
  3  9 13 16 17 17 16 14 14 14 14 16 20 22 23 22 18 13  7  1 -4 -8 -9 -727 5 7S0 421 181352 2399999999999999 836 142155 -999999999999999
 -2  4 10 14 17 18 18 17 16 16 16 17 20 23 25 25 23 19 13  6 -1 -6 -9 -927 5 8S0 515 191429 2599999999999999 852 162244 -999999999999999
 -7 -2  4 10 14 17 18 18 17 17 17 18 19 22 25 26 26 23 18 12  5 -1 -6 -927 5 9S0 610 181512 2699999999999999 9 0 172337 -999999999999999
 -9 -6 -1  5 10 14 16 17 17 17 17 18 19 21 23 25 26 25 23 18 11  5 -1 -527 510S016 1 269999999999999999999999999999999999999999999999999
 -8 -8 -5 -1  4  9 13 15 16 16 16 17 17 18 20 22 24 25 24 21 17 11  5  027 511S01658 25999999999999999999999 034 -8999999999999999999999
 -4 -6 -6 -4  0  4  8 12 14 15 15 15 16 16 17 18 20 22 23 22 20 16 11  627 512S018 6 23999999999999999999999 135 -6999999999999999999999
  2 -2 -4 -4 -2  1  5  8 11 13 14 14 14 14 14 14 15 17 18 19 19 18 15 1127 513S01927 20999999999999999999999 238 -4999999999999999999999
  8  4  1 -1 -2  0  3  6  9 12 13 14 14 13 12 11 11 11 13 15 16 17 16 1527 514S01116 1421 7 1799999999999999 341 -21555 1199999999999999
 12  9  6  3  2  2  3  5  8 11 13 14 14 13 11  9  8  7  7  9 11 13 15 1527 515S01121 142256 1599999999999999 441  11719  799999999999999
 15 13 11  8  6  5  5  6  9 12 14 16 16 15 12 10  7  5  3  3  5  8 11 1427 516S01134 16999999999999999999999 533  51824  399999999999999
 15 15 14 13 11  9  9  9 10 13 16 18 18 17 15 11  8  4  2  0  1  3  7 1127 517S0 034 151153 1899999999999999 617  91917  099999999999999
 14 16 16 16 15 13 12 12 13 15 17 20 21 21 18 15 10  6  2 -1 -2 -1  2  727 518S0 159 161216 2199999999999999 653 1220 3 -299999999999999
 11 15 17 18 17 17 16 15 15 16 18 21 23 23 22 19 14  9  4  0 -2 -3 -1  327 519S0 311 181243 2499999999999999 720 152045 -399999999999999
  8 13 16 18 19 19 18 18 18 18 20 22 24 26 25 23 19 14  8  3 -1 -3 -2  027 520S0 4 9 191314 2699999999999999 739 182124 -399999999999999
  5 10 15 18 20 20 20 19 19 20 20 22 25 26 27 26 22 18 12  7  2 -1 -2 -127 521S0 457 201347 2799999999999999 756 1922 2 -299999999999999
  2  7 12 16 19 21 21 20 20 20 21 22 24 26 27 27 25 22 16 11  5  1 -1 -127 522S0 539 211422 2899999999999999 815 202240 -299999999999999
  0  4  9 14 17 20 21 21 20 20 21 22 23 25 27 28 27 24 20 15  9  4  1 -127 523S01457 289999999999999999999992320 -1999999999999999999999
  0  2  6 10 14 18 19 20 20 20 20 21 22 24 25 27 27 25 22 18 13  8  4  127 524S01534 279999999999999999999999999999999999999999999999999
  0  1  4  7 11 15 17 18 19 19 19 20 20 22 23 24 25 25 23 20 15 11  7  427 525S01611 25999999999999999999999 0 2  0999999999999999999999
  2  1  3  5  8 12 14 16 17 18 18 18 19 19 20 22 23 23 22 20 17 13 10  627 526S01651 23999999999999999999999 044  1999999999999999999999
  4  3  3  4  7  9 12 14 16 16 17 17 17 17 18 19 20 20 20 20 18 15 12  927 527S01736 20999999999999999999999 126  2999999999999999999999
  6  5  4  4  6  8 11 13 15 16 16 16 16 16 16 16 16 17 18 18 17 16 13 1127 528S01042 161838 1899999999999999 2 7  41410 1699999999999999
  9  7  6  6  7  8 10 13 15 16 16 16 16 15 14 13 13 14 14 15 15 15 15 1327 529S01029 172014 1699999999999999 245  61552 1399999999999999
 12 10  9  8  8  9 11 13 15 17 18 18 17 15 14 12 11 10 11 12 13 14 15 1527 530S01030 182225 1599999999999999 320  817 2 1099999999999999
 14 13 12 11 11 12 13 14 16 18 19 20 19 17 14 12  9  8  8  8 10 12 14 1627 531S01037 20999999999999999999999 354 111753  899999999999999
 16 16 16 15 14 14 15 16 18 20 22 22 21 19 16 13  9  7  5  5  6  9 12 1527 6 1S0 019 161053 2299999999999999 432 141837  599999999999999
 18 19 19 19 18 18 18 18 20 22 24 25 25 23 20 16 11  7  4  2  3  5  9 1327 6 2S0 146 191119 2599999999999999 517 181921  299999999999999
 17 20 21 22 21 21 21 21 22 23 26 28 28 27 24 20 15  9  5  1  0  1  4  927 6 3S0 256 221153 2899999999999999 6 5 2120 6  099999999999999
 15 19 22 24 24 24 23 23 23 25 27 29 31 31 29 25 20 14  7  2 -1 -2  0  427 6 4S0 353 241235 3199999999999999 648 232055 -299999999999999
 10 16 20 24 25 25 25 24 24 25 27 29 32 33 33 31 26 20 13  6  1 -3 -3 -127 6 5S0 442 251322 3499999999999999 724 242146 -399999999999999
  4 10 16 21 24 25 26 25 25 25 26 28 30 33 35 34 31 26 20 12  5  0 -3 -427 6 6S0 529 261414 3599999999999999 756 252240 -499999999999999
 -1  4 11 16 21 24 25 25 24 24 25 26 28 31 34 35 34 31 26 19 11  5  0 -327 6 7S0 615 251510 3599999999999999 830 242334 -499999999999999
 -3  0  5 11 16 20 23 23 23 23 23 23 24 27 30 33 34 33 30 25 18 11  5  127 6 8S0 7 1 2316 8 3499999999999999 913 23999999999999999999999
 -2 -2  1  6 12 16 20 22 22 21 21 21 21 22 25 28 30 31 31 28 23 17 12  627 6 9S0 746 221710 3199999999999999 028 -21027 2199999999999999
  3  1  1  4  9 13 17 20 21 21 20 20 19 19 20 21 24 27 28 28 25 22 17 1227 610S0 825 211819 2899999999999999 120  11249 1999999999999999
  8  6  4  5  8 12 15 18 20 21 21 19 18 17 16 16 18 20 22 24 24 23 20 1727 611S0 858 211941 2499999999999999 210  41422 1699999999999999
 14 11  9  9  9 12 15 18 21 22 22 21 19 17 15 14 13 14 16 18 20 21 21 2027 612S0 927 222126 2199999999999999 256  91547 1399999999999999
 18 16 15 13 13 14 17 19 22 23 24 23 21 19 16 13 11 10 11 13 15 18 19 2027 613S0 954 242328 2099999999999999 337 1317 5 1099999999999999
 20 20 19 18 18 18 19 21 23 25 26 26 24 22 18 15 12  9  8  9 11 13 17 1927 614S01020 26999999999999999999999 410 181811  899999999999999
 21 22 22 22 22 22 22 23 25 27 29 29 28 25 22 18 14 10  8  7  8 10 13 1727 615S01049 2999999999999999999999919 5  7999999999999999999999
 20 22 24 24 24 25 25 25 27 28 30 31 31 29 26 22 17 13  9  7  6  8 11 1527 616S01122 319999999999999999999991951  6999999999999999999999
 19 22 24 26 26 26 27 27 28 29 31 32 33 32 30 26 21 17 12  8  6  6  8 1227 617S01159 339999999999999999999992032  6999999999999999999999
 17 21 24 26 27 28 28 28 28 29 31 33 34 34 33 30 26 21 15 11  8  6  7 1027 618S01240 349999999999999999999992110  6999999999999999999999
 14 19 23 26 27 28 28 28 28 29 30 32 34 35 35 33 29 24 19 14 10  7  6  827 619S01323 359999999999999999999992149  6999999999999999999999
 11 16 20 24 26 28 28 27 27 28 29 30 32 34 35 34 32 28 23 17 12  8  7  727 620S014 6 359999999999999999999992227  6999999999999999999999
  9 13 17 22 25 26 27 27 26 26 27 28 30 32 34 34 33 30 26 20 15 11  8  627 621S01448 3499999999999999999999923 5  6999999999999999999999
  7 10 14 19 22 24 26 26 25 25 25 26 28 30 32 33 33 31 28 23 18 13  9  727 622S0 631 261528 3399999999999999 856 252342  799999999999999
  7  8 12 16 19 22 24 25 24 24 24 24 25 26 28 30 31 31 28 25 20 16 12  927 623S0 7 1 2516 8 3199999999999999 942 24999999999999999999999
  8  8 10 14 17 20 23 24 24 23 23 22 23 24 25 27 28 29 28 25 22 18 14 1127 624S0 729 241648 2999999999999999 017  81051 2299999999999999
 10  9 10 13 16 19 22 23 23 23 22 22 21 21 22 23 25 26 26 25 23 20 17 1427 625S0 753 231734 2699999999999999 048  91227 2199999999999999
 12 12 12 14 16 19 22 23 24 24 23 22 21 20 20 20 21 23 24 24 23 21 19 1727 626S0 812 241835 2499999999999999 114 121349 2099999999999999
 16 15 15 16 18 20 22 24 25 25 24 23 21 19 18 18 18 19 21 22 22 22 21 2027 627S0 826 2520 9 2299999999999999 134 1515 1 1899999999999999
 19 18 18 18 20 22 24 26 27 27 26 25 22 20 18 16 16 16 17 19 21 22 23 2327 628S0 841 272227 2399999999999999 145 1816 8 1699999999999999
 22 22 22 22 23 24 26 28 29 30 29 28 25 22 19 16 14 14 14 16 18 21 23 2427 629S0 9 4 30999999999999999999999 147 2217 8 1499999999999999
 25 25 25 25 26 27 28 30 31 33 33 32 29 26 22 18 14 12 11 12 14 17 21 2427 630S0 937 3399999999999999999999918 4 11999999999999999999999
 26 27 28 28 29 29 30 31 33 35 36 35 34 30 26 21 16 12 10  9 10 13 17 2227 7 1S01021 369999999999999999999991858  9999999999999999999999
 25 28 30 30 31 31 32 32 34 35 37 38 38 36 32 26 21 15 10  7  7  8 12 1727 7 2S01115 389999999999999999999991953  7999999999999999999999
 22 26 29 31 32 32 32 32 33 35 37 39 41 40 37 33 27 20 14  8  5  5  6 1127 7 3S01214 419999999999999999999992048  4999999999999999999999
 17 22 27 30 32 32 32 32 32 33 35 38 41 42 42 39 34 27 19 12  7  4  3  627 7 4S01315 429999999999999999999992142  3999999999999999999999
 11 17 23 27 30 31 31 30 30 31 32 34 38 41 43 42 39 34 26 19 11  6  3  327 7 5S0 519 311415 4399999999999999 741 302235  399999999999999
  6 11 18 23 27 29 30 29 28 28 28 30 33 36 40 42 41 38 33 25 18 11  6  427 7 6S0 546 301515 4299999999999999 842 282325  399999999999999
  4  8 13 19 24 27 28 28 27 26 25 26 27 30 34 38 40 39 36 31 24 17 12  827 7 7S0 614 291616 4099999999999999 959 25999999999999999999999
  6  7 11 16 22 25 28 28 27 25 24 23 23 24 27 31 35 36 36 33 29 23 18 1427 7 8S0 643 281719 3699999999999999 012  61135 2399999999999999
 11 10 11 15 20 24 27 28 28 26 24 22 21 20 21 24 28 31 32 32 30 27 23 1927 7 9S0 712 281830 3299999999999999 054 101256 2099999999999999
 17 15 15 17 21 24 28 29 30 28 26 23 21 19 18 19 21 24 26 28 29 28 26 2427 710S0 741 301957 2999999999999999 132 151410 1899999999999999
 22 20 20 21 23 26 29 31 32 31 29 26 23 20 18 17 17 18 21 23 25 26 27 2627 711S0 810 322150 2799999999999999 2 2 201526 1799999999999999
 26 25 25 25 26 28 30 32 33 34 33 30 27 24 20 18 16 15 17 18 21 23 25 2727 712S0 840 34999999999999999999999 212 251643 1599999999999999
 27 28 28 29 29 30 32 34 35 36 35 34 31 28 24 20 17 15 15 16 18 20 23 2627 713S0 914 369999999999999999999991754 15999999999999999999999
 28 29 30 31 32 33 34 35 36 37 38 37 35 32 28 24 20 17 15 15 15 18 21 2427 714S0 955 389999999999999999999991853 15999999999999999999999
 27 30 31 32 33 34 35 35 37 38 39 39 38 35 32 28 24 20 17 15 15 16 19 2227 715S01043 399999999999999999999991941 15999999999999999999999
 26 29 31 33 34 34 35 35 36 37 39 40 40 38 36 32 28 23 19 16 15 15 17 2027 716S01135 409999999999999999999992023 14999999999999999999999
 24 28 31 32 33 34 34 34 35 36 38 39 40 40 38 35 31 26 22 18 15 14 15 1827 717S01226 4099999999999999999999921 2 14999999999999999999999
 22 26 29 31 33 33 33 33 33 34 36 37 39 40 40 38 34 30 24 19 16 14 13 1527 718S01315 409999999999999999999992139 13999999999999999999999
 19 23 27 30 31 32 32 31 31 32 33 35 37 39 40 39 36 32 27 22 17 14 13 1327 719S0 5 3 3214 0 4099999999999999 732 312214 1399999999999999
 16 20 24 28 30 31 31 30 29 29 30 32 34 37 39 39 38 34 30 24 19 15 13 1227 720S0 517 311443 3999999999999999 820 292246 1299999999999999
 14 17 22 26 28 30 30 29 28 27 28 29 30 33 36 37 37 35 32 27 22 17 14 1327 721S0 535 301523 3799999999999999 910 272316 1399999999999999
 13 16 20 24 27 29 29 29 27 26 26 26 27 29 32 35 35 35 32 29 24 20 17 1527 722S0 555 2916 3 359999999999999910 8 262343 1499999999999999
 14 16 19 23 26 29 29 29 28 26 25 24 25 26 28 31 33 33 32 30 26 23 19 1727 723S0 613 291646 33999999999999991113 24999999999999999999999
 17 17 20 23 26 29 30 30 29 27 25 24 23 23 25 27 30 31 31 30 28 25 23 2127 724S0 629 301736 3199999999999999 0 6 171216 2399999999999999
 20 20 21 24 27 30 31 31 31 29 26 24 23 22 22 24 26 28 29 30 29 27 26 2427 725S0 642 321844 3099999999999999 022 201316 2299999999999999
 23 24 24 26 29 31 33 33 33 31 28 26 23 22 21 21 23 25 27 28 29 29 28 2727 726S0 655 332024 2999999999999999 026 231416 2199999999999999
 27 27 28 29 31 33 35 36 35 34 32 29 25 23 21 20 20 21 24 26 28 29 30 3027 727S0 716 36999999999999999999999 013 271521 2099999999999999
 30 30 31 32 33 35 37 38 38 37 35 32 29 25 22 20 18 18 20 22 25 27 29 3127 728S0 749 389999999999999999999991631 18999999999999999999999
 32 33 34 34 35 36 38 39 40 40 39 37 33 29 25 21 18 17 16 18 20 24 27 3027 729S0 838 409999999999999999999991741 16999999999999999999999
 32 34 35 36 36 37 38 39 41 42 42 41 39 35 30 25 21 17 14 14 15 18 23 2727 730S0 946 429999999999999999999991846 14999999999999999999999
 31 33 35 36 37 37 38 39 40 42 43 44 43 41 36 31 25 19 15 12 11 13 17 2227 731S011 2 449999999999999999999991947 11999999999999999999999
 27 31 34 35 36 36 36 36 38 39 42 44 46 45 42 37 31 25 18 13 10  9 12 1627 8 1S01214 469999999999999999999992043  9999999999999999999999
 22 27 31 33 34 34 34 34 34 35 38 41 44 46 46 43 38 31 24 17 12  9  9 1127 8 2S0 420 341319 4799999999999999 648 332135  899999999999999
 17 23 28 31 33 33 32 31 30 31 32 35 40 44 46 46 43 37 30 23 16 11  9  927 8 3S0 432 331420 4699999999999999 756 302222  999999999999999
 13 19 25 29 32 33 31 29 28 27 27 29 33 38 42 45 44 41 36 29 22 16 13 1127 8 4S0 451 331521 4599999999999999 9 8 2723 4 1199999999999999
 12 17 23 28 31 33 32 30 27 25 24 24 26 30 35 40 42 41 39 34 28 22 18 1527 8 5S0 514 331623 42999999999999991027 242343 1599999999999999
 15 17 22 27 31 33 34 32 29 25 23 21 21 23 27 32 36 38 38 36 32 27 24 2127 8 6S0 538 341730 38999999999999991137 21999999999999999999999
 19 20 23 27 32 34 35 34 32 28 24 22 20 20 21 25 29 32 34 35 33 31 28 2627 8 7S0 6 4 351845 3599999999999999 017 191242 2099999999999999
 25 25 26 29 33 35 37 37 35 32 28 24 22 20 19 20 23 27 29 31 32 32 31 3027 8 8S0 630 372013 3299999999999999 044 241347 1999999999999999
 29 29 30 31 34 37 38 39 38 36 32 29 25 22 20 19 20 22 25 27 29 31 32 3227 8 9S0 657 39999999999999999999999 049 291456 1999999999999999
 32 33 33 34 36 38 39 40 40 39 36 33 29 26 23 21 20 20 21 23 26 29 31 3227 810S0 728 409999999999999999999991615 20999999999999999999999
 33 35 36 36 37 39 40 41 41 41 39 37 34 30 27 24 21 20 20 21 23 26 29 3127 811S0 8 8 419999999999999999999991734 20999999999999999999999
 33 35 36 37 38 39 40 40 41 41 41 40 37 34 31 28 24 22 20 20 21 23 27 3027 812S0 9 6 419999999999999999999991838 20999999999999999999999
 32 34 36 37 38 38 39 40 40 41 42 41 40 38 35 31 27 24 21 20 20 21 24 2827 813S01018 429999999999999999999991929 20999999999999999999999
 31 33 35 36 37 37 37 38 39 40 41 42 42 40 38 34 30 26 22 20 19 19 22 2527 814S01125 429999999999999999999992011 19999999999999999999999
 29 32 34 35 35 35 35 35 36 37 39 41 42 41 40 37 33 28 24 20 18 18 19 2227 815S01221 429999999999999999999992047 18999999999999999999999
 26 30 32 34 34 34 33 33 33 34 36 38 40 41 41 39 35 31 26 22 19 17 17 2027 816S0 359 341310 4299999999999999 652 332119 1799999999999999
 24 28 31 32 33 33 32 31 30 31 33 35 38 40 41 40 37 33 28 23 19 17 17 1827 817S0 4 3 331355 4199999999999999 742 302148 1799999999999999
 21 26 29 31 32 32 31 29 28 28 29 31 34 37 39 40 38 35 30 25 21 18 17 1827 818S0 414 321438 4099999999999999 833 282215 1799999999999999
 20 24 28 31 32 32 31 29 27 26 26 27 30 33 37 38 38 36 32 28 24 20 19 1827 819S0 428 321520 3899999999999999 925 262240 1899999999999999
 20 24 28 31 33 33 32 29 27 25 24 24 26 29 33 36 37 36 34 30 26 23 21 2027 820S0 442 3316 4 37999999999999991016 2423 2 2099999999999999
 21 24 28 31 33 34 33 31 28 25 23 23 23 26 29 33 35 35 35 32 29 26 24 2427 821S0 455 341654 359999999999999911 6 232319 2399999999999999
 24 25 29 32 35 35 35 33 30 26 24 22 22 23 25 29 32 34 34 34 32 29 28 2727 822S0 5 6 351754 34999999999999991154 222323 2799999999999999
 27 28 30 33 36 37 37 35 33 29 26 23 22 21 23 25 29 31 33 34 33 32 31 3027 823S0 519 3719 9 34999999999999991245 2123 9 3099999999999999
 30 31 33 35 37 39 39 38 36 32 28 25 23 21 21 22 25 28 30 32 33 33 33 3327 824S0 539 399999999999999999999991342 21999999999999999999999
 33 34 35 37 39 40 41 40 39 36 32 28 25 23 21 20 21 24 26 29 31 33 34 3427 825S0 6 7 419999999999999999999991449 20999999999999999999999
 35 36 37 38 39 41 42 42 42 40 37 33 29 25 22 20 19 20 22 24 27 30 32 3427 826S0 651 4299999999999999999999916 8 19999999999999999999999
 35 37 38 39 40 41 42 43 43 43 41 38 34 30 26 22 19 18 18 19 22 26 29 3227 827S0 8 3 439999999999999999999991729 18999999999999999999999
 34 36 37 38 39 39 40 41 42 43 44 42 40 36 31 26 22 18 16 15 17 20 25 2927 828S0 939 449999999999999999999991840 15999999999999999999999
 32 34 36 37 37 37 37 38 40 42 44 45 44 41 37 32 26 21 16 14 14 16 20 2427 829S011 7 459999999999999999999991939 13999999999999999999999
 29 32 34 35 35 34 34 34 35 37 40 43 45 45 42 38 32 25 20 15 13 13 16 2027 830S0 316 351220 4599999999999999 6 2 342030 1399999999999999
 26 30 33 34 33 32 31 30 30 32 34 39 43 45 45 42 38 31 25 19 15 13 14 1727 831S0 315 341325 4599999999999999 713 302116 1399999999999999
 23 28 32 33 33 32 29 27 26 26 28 32 37 42 44 44 42 37 31 24 19 16 15 1727 9 1S0 326 341428 4499999999999999 821 262156 1599999999999999
 21 27 31 34 34 33 30 26 23 22 22 24 29 35 40 42 42 40 36 30 25 21 19 1927 9 2S0 344 341532 4399999999999999 927 222232 1899999999999999
 21 26 32 35 36 35 32 28 24 21 19 19 22 27 33 37 40 40 38 34 30 26 24 2327 9 3S0 4 5 361638 40999999999999991028 1923 5 2399999999999999
 24 27 32 36 38 38 36 32 27 22 19 18 18 21 26 31 35 37 38 36 33 30 28 2727 9 4S0 428 381746 38999999999999991125 172330 2799999999999999
 27 29 33 37 39 40 39 36 31 26 22 19 17 18 21 25 29 33 35 36 35 33 32 3127 9 5S0 453 401858 36999999999999991220 172337 3199999999999999
 31 32 34 37 40 41 41 39 35 31 26 22 20 18 19 21 24 28 31 33 34 34 34 3427 9 6S0 519 419999999999999999999991317 18999999999999999999999
 34 35 36 38 40 42 42 41 39 35 31 27 24 21 20 20 22 24 27 30 32 33 34 3527 9 7S0 545 429999999999999999999991421 20999999999999999999999
 36 37 38 39 40 41 42 42 41 38 35 31 28 25 23 21 21 22 24 26 29 31 33 3527 9 8S0 613 429999999999999999999991536 21999999999999999999999
 36 37 38 39 40 41 41 41 41 40 38 35 32 29 26 24 22 22 22 24 26 29 31 3327 9 9S0 652 4199999999999999999999917 1 22999999999999999999999
 35 37 38 38 39 39 40 40 40 40 39 38 35 33 29 26 24 22 21 22 23 26 29 3127 910S0 816 409999999999999999999991811 21999999999999999999999
 34 35 36 37 37 37 38 38 39 39 39 39 37 35 32 29 26 23 21 21 21 23 26 2927 911S0 956 3999999999999999999999919 2 21999999999999999999999
 32 34 35 35 35 35 35 35 36 37 38 39 39 37 35 32 28 24 22 20 20 21 24 2727 912S01114 399999999999999999999991942 20999999999999999999999
 30 32 33 34 33 32 32 32 33 34 36 38 38 38 36 34 30 26 23 20 19 19 22 2527 913S0 250 341215 3999999999999999 624 322014 1999999999999999
 28 31 32 33 32 31 29 29 29 30 32 35 37 38 37 35 32 28 24 21 19 19 20 2327 914S0 247 3313 6 3899999999999999 712 292042 1999999999999999
 27 30 32 32 32 30 28 26 26 26 28 31 34 37 37 36 34 30 26 23 20 19 20 2327 915S0 251 321353 3799999999999999 758 2621 7 1999999999999999
 26 30 32 33 32 30 27 25 23 23 24 27 31 34 36 37 35 33 29 25 22 21 21 2327 916S0 3 0 331440 3799999999999999 842 232132 2199999999999999
 26 30 33 34 33 31 28 25 22 21 21 23 27 31 35 36 36 35 32 28 25 23 23 2427 917S0 311 341528 3699999999999999 925 212154 2399999999999999
 27 30 34 35 35 33 30 26 22 20 19 20 23 27 32 35 36 36 34 31 28 26 26 2627 918S0 323 351620 369999999999999910 7 192214 2599999999999999
 28 31 35 37 37 36 33 28 24 21 19 18 19 23 28 32 34 36 35 33 31 29 29 2927 919S0 337 371717 36999999999999991049 182222 2999999999999999
 30 32 36 38 39 38 35 32 27 22 19 18 18 20 24 28 32 34 35 35 33 32 31 3227 920S0 355 391819 35999999999999991133 172213 3199999999999999
 32 34 36 39 40 40 38 35 30 26 22 19 17 18 20 24 28 31 33 34 34 34 33 3427 921S0 417 401931 34999999999999991223 1722 0 3399999999999999
 34 36 37 39 41 41 40 38 34 30 25 21 19 18 18 20 23 27 30 32 33 34 34 3527 922S0 446 429999999999999999999991322 17999999999999999999999
 36 37 38 39 41 42 42 40 38 34 30 26 22 19 18 18 19 22 25 28 30 32 33 3527 923S0 523 429999999999999999999991432 17999999999999999999999
 36 37 38 39 40 41 42 41 40 38 35 30 26 23 20 18 17 18 20 23 26 29 31 3327 924S0 621 429999999999999999999991554 17999999999999999999999
 35 36 37 37 38 39 40 40 41 40 38 35 32 28 23 20 17 16 16 18 21 25 28 3127 925S0 8 0 419999999999999999999991716 16999999999999999999999
 33 34 35 35 35 35 36 37 39 40 40 39 37 33 28 24 20 17 15 15 17 21 25 2827 926S0 946 409999999999999999999991824 15999999999999999999999
 31 32 33 33 32 32 32 32 34 36 39 40 40 37 34 29 24 19 16 15 15 18 22 2627 927S0 2 6 331115 4099999999999999 526 311918 1599999999999999
 30 32 32 31 30 28 27 27 28 31 34 38 40 40 38 34 29 24 20 17 16 17 20 2527 928S0 154 321230 4099999999999999 637 2720 4 1699999999999999
 29 32 32 32 29 26 24 23 22 24 27 32 37 39 40 38 34 29 24 21 18 18 20 2427 929S0 2 0 321338 4099999999999999 737 222044 1899999999999999
 29 32 34 33 31 27 23 20 18 18 20 25 31 36 38 39 37 34 29 25 22 21 21 2427 930S0 214 341445 3999999999999999 833 182119 2199999999999999
 29 33 36 36 34 30 25 20 17 15 15 18 24 30 35 37 38 37 34 30 27 25 25 262710 1S0 234 361551 3899999999999999 926 152150 2599999999999999
 30 34 37 38 37 34 29 23 18 15 13 14 17 23 29 33 36 37 36 33 31 29 28 292710 2S0 258 381655 37999999999999991017 132214 2899999999999999
 31 34 38 40 40 38 34 28 22 17 14 13 14 18 23 28 32 35 36 35 33 32 32 322710 3S0 325 401758 369999999999999911 6 132222 3299999999999999
 33 35 38 41 41 40 37 33 27 22 17 15 14 15 19 24 28 32 34 35 34 34 34 342710 4S0 352 4119 7 35999999999999991154 142146 3499999999999999
 35 36 38 40 42 41 40 36 31 26 22 18 16 16 17 20 24 28 31 33 34 34 34 352710 5S0 419 429999999999999999999991245 16999999999999999999999
 36 37 38 40 41 41 40 38 35 30 26 23 20 18 18 19 21 24 27 30 32 33 34 352710 6S0 446 419999999999999999999991342 17999999999999999999999
 36 37 37 39 39 40 40 39 37 33 30 26 23 21 19 19 20 21 24 26 29 31 32 342710 7S0 512 409999999999999999999991449 19999999999999999999999
 35 36 36 37 37 38 38 38 37 35 32 30 27 24 22 20 19 20 21 23 26 28 30 322710 8S0 547 3899999999999999999999916 7 19999999999999999999999
 33 34 35 35 35 35 35 36 36 35 34 32 29 27 24 22 20 19 19 21 23 25 28 302710 9S0 717 369999999999999999999991718 19999999999999999999999
 31 32 33 33 32 32 32 33 33 34 33 33 31 29 26 24 21 20 19 19 21 23 26 28271010S0 919 349999999999999999999991810 19999999999999999999999
 30 31 31 31 30 29 29 29 30 31 32 32 32 31 28 26 23 21 19 19 20 22 24 27271011S0 138 311056 3299999999999999 559 291849 1999999999999999
 29 30 30 29 28 26 26 25 26 28 30 31 32 32 30 28 25 22 20 19 19 21 24 27271012S0 128 3012 8 3299999999999999 639 251920 1999999999999999
 29 30 30 29 27 25 23 22 22 24 26 29 31 32 31 30 27 24 22 21 20 21 24 27271013S0 127 3013 7 3299999999999999 718 221947 2099999999999999
 29 31 31 30 27 24 21 19 19 20 22 26 29 31 32 31 30 27 24 23 22 22 24 27271014S0 132 3114 2 3299999999999999 756 192013 2299999999999999
 30 32 33 31 29 25 21 18 16 16 18 22 26 30 32 33 32 30 27 25 24 24 25 28271015S0 142 331455 3399999999999999 833 162038 2499999999999999
 31 34 35 34 31 27 22 18 15 14 15 18 23 27 31 33 33 32 30 28 27 26 27 29271016S0 156 351548 3399999999999999 911 1421 0 2699999999999999
 32 35 37 36 34 30 25 20 16 13 13 14 18 24 28 32 34 34 33 31 29 29 29 30271017S0 215 371641 3499999999999999 950 122114 2999999999999999
 33 36 38 38 37 34 29 23 18 14 12 12 14 19 24 29 32 34 34 33 31 31 31 32271018S0 239 391736 34999999999999991032 122117 3199999999999999
 33 36 39 40 39 37 33 27 21 16 13 11 12 15 20 25 29 32 33 33 33 32 32 33271019S0 3 8 401836 33999999999999991119 112115 3299999999999999
 34 36 38 40 41 39 36 32 26 20 16 13 11 12 15 19 24 28 30 32 32 32 33 33271020S0 342 419999999999999999999991212 11999999999999999999999
 34 35 37 39 41 40 39 35 31 25 20 16 13 12 12 15 19 23 26 29 30 31 32 33271021S0 422 419999999999999999999991313 12999999999999999999999
 34 35 36 37 39 39 39 38 34 30 25 20 17 14 12 12 14 18 21 24 27 29 30 31271022S0 514 399999999999999999999991421 12999999999999999999999
 32 33 33 34 35 37 37 37 36 34 30 26 21 18 15 13 13 14 17 20 23 26 28 29271023S0 629 379999999999999999999991536 12999999999999999999999
 30 31 31 31 31 32 33 34 35 35 33 30 26 23 19 15 13 13 14 17 20 23 26 28271024S0 810 359999999999999999999991648 13999999999999999999999
 29 29 29 28 27 27 28 29 31 33 33 33 30 27 24 20 17 15 14 15 18 22 25 27271025S0 045 29 955 3399999999999999 436 271749 1499999999999999
 29 29 27 26 24 23 23 23 25 28 31 32 32 31 28 25 21 18 17 16 18 21 25 28271026S0 030 291129 3399999999999999 552 231840 1699999999999999
 29 29 28 26 23 20 18 18 19 22 26 30 32 32 31 29 26 23 20 19 19 21 25 28271027S0 034 301251 3399999999999999 651 181922 1999999999999999
 31 31 30 27 24 20 16 14 14 16 19 24 29 32 33 32 30 27 24 23 22 23 26 29271028S0 048 3214 4 3399999999999999 743 141958 2299999999999999
 33 34 33 31 27 21 17 13 11 11 13 18 24 29 32 33 32 31 28 26 25 26 27 30271029S0 110 341513 3399999999999999 832 112028 2599999999999999
 34 36 36 34 31 25 19 14 11  9  9 13 18 24 29 32 33 33 31 29 28 28 29 31271030S0 136 371615 3399999999999999 918  92050 2899999999999999
 34 37 38 38 35 30 24 18 13 10  8 10 14 19 25 29 32 33 33 32 31 30 31 32271031S0 2 6 381712 339999999999999910 2  821 0 3099999999999999
 34 37 39 39 38 34 29 22 17 12  9  9 11 15 20 25 29 32 33 32 32 31 32 322711 1S0 237 4018 8 33999999999999991046  92059 3199999999999999
 34 36 39 40 39 37 33 27 21 16 12 10 10 13 17 21 26 29 31 32 32 32 32 332711 2S0 310 409999999999999999999991130 10999999999999999999999
 34 35 37 39 39 38 35 31 25 20 16 13 11 12 14 18 22 25 28 30 31 31 31 322711 3S0 342 399999999999999999999991216 11999999999999999999999
 33 34 35 37 37 37 36 32 28 24 19 16 14 13 13 15 18 22 25 27 28 29 30 312711 4S0 415 3799999999999999999999913 6 13999999999999999999999
 31 32 33 34 35 35 35 33 30 26 22 19 16 14 14 14 16 19 21 24 26 27 28 292711 5S0 449 359999999999999999999991359 14999999999999999999999
 30 30 31 31 32 32 32 32 30 27 24 21 19 16 15 14 15 17 19 21 23 25 26 272711 6S0 529 329999999999999999999991455 14999999999999999999999
 28 28 28 28 29 29 29 29 29 27 25 23 21 19 17 15 15 16 17 19 21 24 25 262711 7S0 635 299999999999999999999991551 15999999999999999999999
 27 27 26 26 25 25 25 26 26 26 25 24 23 21 19 17 16 16 17 18 20 23 24 262711 8S0 019 27 824 2699999999999999 445 251641 1699999999999999
 26 26 25 24 22 22 22 22 23 24 25 25 24 23 21 19 18 17 18 19 20 23 25 262711 9S0 0 2 261032 252358 279999999 544 221722 1799999999999999
 27 26 25 23 21 19 18 18 19 21 23 24 25 24 23 22 20 19 19 20 21 23 25 27271110S012 8 25999999999999999999999 625 181758 1999999999999999
 28 27 25 23 20 17 15 15 15 17 20 23 25 25 25 24 23 22 21 21 22 24 27 29271111S0 0 2 281321 2699999999999999 7 1 151830 2199999999999999
 30 29 27 24 21 17 14 12 12 14 17 20 24 26 27 27 26 25 24 23 24 25 28 30271112S0 013 301423 2799999999999999 737 1219 1 2399999999999999
 32 32 30 27 23 18 14 11  9 10 13 17 22 25 28 29 28 27 26 26 26 27 29 31271113S0 031 321518 2999999999999999 814  91929 2699999999999999
 34 34 33 31 26 21 15 11  8  7  9 13 18 23 27 29 30 30 29 28 27 28 29 32271114S0 056 341610 3099999999999999 854  71953 2799999999999999
 35 36 36 34 30 25 19 13  8  6  6  8 13 19 24 28 30 31 30 29 29 29 30 32271115S0 128 3717 0 3199999999999999 936  52011 2999999999999999
 34 37 38 37 34 30 23 17 11  7  4  5  8 13 19 24 28 30 30 30 29 29 30 31271116S0 2 4 381751 30999999999999991023  42026 2999999999999999
 33 36 38 39 37 34 28 22 15  9  6  4  5  8 13 19 24 27 29 29 29 29 29 30271117S0 246 399999999999999999999991114  4999999999999999999999
 31 34 36 38 38 37 33 27 20 14  9  5  4  5  8 13 18 22 25 27 27 27 28 29271118S0 334 3999999999999999999999912 8  4999999999999999999999
 29 31 33 35 37 37 35 31 26 19 14  9  6  4  5  9 13 18 21 24 25 26 26 27271119S0 427 3799999999999999999999913 5  4999999999999999999999
 27 28 29 31 33 34 34 33 29 24 19 14 10  7  6  7 10 13 17 21 23 24 25 25271120S0 529 3499999999999999999999914 4  6999999999999999999999
 25 25 25 26 28 29 31 31 30 27 23 19 15 11  9  8  9 11 15 18 21 23 24 24271121S0 643 312240 249999999999999915 3  8999999999999999999999
 24 23 22 22 22 23 25 27 27 27 26 23 20 17 14 12 11 12 14 17 20 22 24 24271122S0 817 272247 2499999999999999 3 8 2216 0 1199999999999999
 24 22 20 19 18 18 19 20 23 24 25 25 23 21 18 16 15 14 15 17 20 23 25 26271123S01010 2523 2 2699999999999999 440 181653 1499999999999999
 25 23 21 18 15 14 13 14 16 19 22 24 24 24 22 21 19 18 18 19 21 24 26 28271124S01158 242323 2899999999999999 552 131739 1899999999999999
 28 26 23 19 15 12 10  9 11 14 17 21 24 25 25 24 23 22 21 22 23 25 28 30271125S01333 252348 3199999999999999 650  91818 2199999999999999
 31 29 26 22 18 13  9  7  7  9 12 17 21 24 26 26 26 25 25 24 25 26 29 31271126S01455 26999999999999999999999 741  71849 2499999999999999
 33 33 30 26 21 16 11  7  5  5  8 12 18 22 25 27 28 27 27 26 27 27 29 32271127S0 019 3316 0 2899999999999999 826  51911 2699999999999999
 34 35 34 30 26 20 14  9  6  4  5  9 14 19 23 26 28 28 28 28 28 28 29 31271128S0 054 351649 2899999999999999 9 9  41932 2799999999999999
 34 36 36 34 30 25 19 13  8  5  4  6 10 15 20 24 27 28 28 28 28 28 29 30271129S0 131 361730 2899999999999999 951  41956 2899999999999999
 33 35 36 35 33 29 23 17 11  7  5  5  7 11 17 21 25 27 28 28 27 27 28 29271130S0 210 369999999999999999999991032  4999999999999999999999
 31 33 35 35 34 31 26 20 15 10  6  5  6  8 13 17 22 25 26 26 26 26 27 272712 1S0 249 359999999999999999999991113  5999999999999999999999
 29 30 32 34 34 32 28 23 18 13  9  6  5  7 10 14 18 21 24 25 25 25 25 252712 2S0 328 349999999999999999999991153  5999999999999999999999
 26 28 29 31 32 31 29 25 20 15 11  8  6  6  8 11 15 18 21 22 23 23 23 232712 3S0 4 6 329999999999999999999991233  6999999999999999999999
 24 25 26 27 29 29 28 25 22 18 14 10  8  7  7  9 12 15 18 20 21 22 22 222712 4S0 443 299999999999999999999991312  7999999999999999999999
 22 22 23 24 25 25 25 24 22 19 16 13 10  9  8  9 11 14 16 19 20 21 21 212712 5S0 523 262153 21999999999999991347  8999999999999999999999
 20 20 20 20 21 22 22 22 21 19 17 14 12 11 10 10 12 14 16 18 20 21 21 212712 6S0 615 222157 2199999999999999 154 201417 1099999999999999
 20 19 18 17 17 18 18 19 19 18 17 16 15 13 13 12 13 14 16 18 20 21 22 212712 7S0 739 1922 3 2299999999999999 340 171441 1299999999999999
 20 19 17 15 14 14 15 15 16 17 17 17 17 16 15 15 15 16 18 19 21 23 23 232712 8S010 6 172213 2399999999999999 456 141458 1599999999999999
 22 20 17 15 13 11 11 12 13 15 17 18 18 18 18 18 18 18 19 21 23 24 25 252712 9S02230 25999999999999999999999 548 11999999999999999999999
 24 22 19 15 12 10  8  8 10 12 15 17 19 20 20 20 21 21 21 22 24 26 27 28271210S02256 28999999999999999999999 632  8999999999999999999999
 27 25 22 17 13  9  7  5  6  8 12 16 19 21 22 23 23 23 23 24 25 27 29 30271211S02331 30999999999999999999999 713  5999999999999999999999
 30 29 25 21 16 11  7  4  3  4  8 12 17 20 23 24 25 25 25 25 26 27 29 31271212S09999999999999999999999999999 756  3999999999999999999999
 32 32 30 25 20 14  8  4  1  1  3  7 12 17 21 24 25 26 25 25 26 27 28 31271213S0 013 33999999999999999999999 841  0999999999999999999999
 33 34 33 30 25 19 12  6  1 -1 -1  2  7 13 18 22 24 25 25 25 25 26 27 29271214S0 1 1 34999999999999999999999 929 -2999999999999999999999
 32 34 35 34 30 24 17 10  4 -1 -3 -3  1  7 13 18 22 24 24 24 24 24 25 26271215S0 152 351756 24999999999999991019 -320 5 2499999999999999
 29 32 35 35 33 29 23 16  8  2 -2 -4 -3  1  7 13 17 21 22 22 22 22 22 23271216S0 246 351834 23999999999999991111 -42051 2299999999999999
 25 28 31 33 34 32 28 21 14  7  1 -2 -4 -2  2  8 13 17 20 21 20 20 20 20271217S0 341 341911 219999999999999912 1 -42153 2099999999999999
 21 22 25 29 31 31 29 25 19 13  7  2 -1 -2  0  4  9 14 17 19 19 19 18 17271218S0 438 311946 19999999999999991250 -22348 1799999999999999
 17 18 19 22 25 27 28 26 22 17 12  7  4  1  1  3  7 12 15 18 19 19 18 16271219S0 540 282018 19999999999999991336  1999999999999999999999
 15 15 15 16 18 21 23 23 22 20 16 12  9  6  5  5  8 11 15 18 19 20 19 17271220S0 654 232047 2099999999999999 134 141419  599999999999999
 15 13 12 11 12 14 16 18 19 19 18 16 14 12 10 10 10 13 15 18 20 21 21 19271221S0 831 192116 2199999999999999 3 2 111457 1099999999999999
 17 14 12  9  8  8 10 12 14 16 17 17 16 16 15 14 14 15 17 19 22 23 24 22271222S01038 172146 2499999999999999 426  81524 1499999999999999
 20 17 13 10  7  6  5  6  9 11 14 16 17 18 18 18 18 19 19 21 23 25 26 26271223S02220 26999999999999999999999 543  5999999999999999999999
 24 21 17 13  9  6  3  3  4  7 10 14 17 19 20 20 21 21 22 23 24 26 27 28271224S02259 28999999999999999999999 646  3999999999999999999999
 27 25 21 17 12  8  4  2  2  3  7 11 15 18 20 21 22 23 23 23 24 26 28 29271225S02343 29999999999999999999999 738  2999999999999999999999
 29 28 25 21 16 11  6  3  1  1  4  8 12 16 19 21 23 23 23 24 24 25 27 29271226S09999999999999999999999999999 824  1999999999999999999999
 30 30 28 25 20 15  9  5  2  0  1  4  9 14 18 21 22 23 23 23 23 24 25 27271227S0 029 30999999999999999999999 9 6  0999999999999999999999
 29 30 30 28 24 19 13  7  3  0  0  2  6 10 15 19 21 22 22 22 22 22 23 25271228S0 115 30999999999999999999999 945  0999999999999999999999
 27 29 30 29 26 22 16 10  5  1 -1  0  2  7 12 16 19 20 21 20 20 20 21 22271229S0 2 0 301748 21999999999999991022 -12015 2099999999999999
 24 27 28 29 27 24 19 13  7  3  0 -1  0  3  8 13 16 18 19 19 18 18 18 19271230S0 242 291811 19999999999999991058 -12058 1899999999999999
 21 23 25 27 27 24 21 15 10  5  1 -1 -1  1  5 10 13 16 17 18 17 16 16 16271231S0 323 271833 18999999999999991131 -12149 1699999999999999
