  7  4  2  1  0  1  2  4  6  7  8  8  7  7  7  7  8  9 11 13 14 14 14 1227 1 1S21025  82057 1499999999999999 4 1  01350  799999999999999
 10  7  4  1 -1 -2 -2 -1  1  3  5  7  8  8  9 10 11 12 13 14 16 16 16 1527 1 2S22123 16999999999999999999999 524 -2999999999999999999999
 13 10  7  3  0 -3 -4 -4 -2  0  2  5  7  9 11 12 13 14 14 15 17 18 18 1827 1 3S222 3 18999999999999999999999 626 -4999999999999999999999
 16 14 11  7  3 -1 -4 -5 -4 -3  0  3  6  9 11 13 14 15 15 16 17 18 19 1927 1 4S22254 19999999999999999999999 716 -5999999999999999999999
 19 17 15 11  7  2 -2 -4 -5 -4 -2  2  5  8 11 14 15 15 16 16 17 18 19 2027 1 5S22349 21999999999999999999999 8 0 -5999999999999999999999
 21 20 18 15 11  6  1 -2 -5 -5 -3  0  3  7 10 13 15 16 16 15 15 16 18 1927 1 6S29999999999999999999999999999 841 -5999999999999999999999
 21 21 20 18 14 10  5  0 -4 -5 -5 -3  1  5  8 12 14 15 15 14 14 14 15 1727 1 7S2 044 211718 1599999999999999 921 -520 9 1499999999999999
 19 21 21 19 17 13  7  2 -3 -6 -7 -5 -3  1  6  9 12 14 14 13 12 12 12 1427 1 8S2 135 211735 1499999999999999 959 -72055 1299999999999999
 16 18 20 19 18 14 10  4 -1 -6 -8 -8 -6 -2  2  6  9 12 13 12 10  9  9 1027 1 9S2 221 201757 13999999999999991034 -82134  999999999999999
 12 15 17 18 17 15 11  6  0 -5 -8-10 -9 -6 -2  2  6  9 10 10  9  7  6  627 110S2 3 4 181820 119999999999999911 7-102211  699999999999999
  8 11 13 15 16 14 11  7  2 -4 -8-11-11 -9 -5 -1  3  6  8  8  7  5  3  327 111S2 344 161842  8999999999999991135-112246  399999999999999
  4  6  9 11 13 13 11  8  3 -2 -7-10-11-10 -7 -3  1  4  6  7  6  4  2  027 112S2 425 131857  7999999999999991159-112324  099999999999999
  1  2  4  7  9 10 10  8  4  0 -5 -8-10 -9 -7 -4  0  3  5  6  5  3  1 -127 113S2 5 8 1019 5  6999999999999991218-10999999999999999999999
 -2 -1  0  2  5  7  7  7  5  2 -2 -5 -7 -7 -6 -3  0  3  6  7  6  4  2 -127 114S2 559  71910  799999999999999 0 7 -21233 -799999999999999
 -3 -4 -3 -2  1  3  4  5  5  3  1 -1 -3 -3 -2  0  3  5  8  9  8  7  4  127 115S2 7 6  51919  999999999999999 1 1 -41243 -399999999999999
 -2 -4 -5 -4 -3 -1  1  3  4  4  3  2  1  1  2  4  6  8 10 12 12 11  8  527 116S2 844  41939 1299999999999999 215 -51245  199999999999999
  2 -2 -4 -5 -6 -5 -3 -1  1  3  4  5  5  5  6  7  9 11 13 15 16 15 14 1127 117S22012 16999999999999999999999 345 -6999999999999999999999
  7  3 -1 -4 -6 -7 -6 -5 -2  1  4  6  8  9 10 11 12 14 16 17 19 19 19 1727 118S221 4 19999999999999999999999 5 9 -7999999999999999999999
 14  9  5  0 -4 -7 -8 -8 -6 -2  1  5  8 11 13 14 15 16 17 18 20 21 22 2227 119S22214 22999999999999999999999 619 -8999999999999999999999
 20 16 12  7  1 -4 -7 -9 -9 -6 -2  2  7 10 13 15 17 17 17 18 19 21 23 2427 120S22330 24999999999999999999999 721 -9999999999999999999999
 24 22 19 14  8  2 -4 -8-10-10 -7 -2  3  8 12 15 17 17 17 16 17 18 20 2327 121S21644 17999999999999999999999 818-1019 3 1699999999999999
 25 25 24 20 15  9  2 -5 -9-11-10 -7 -2  4  9 13 16 17 16 15 14 14 16 1927 122S2 044 251656 1799999999999999 911-112013 1499999999999999
 22 25 25 24 21 15  8  1 -6-10-11-10 -6  0  5 10 14 16 15 13 11 10 11 1327 123S2 153 251717 169999999999999910 1-112110 1099999999999999
 16 20 23 24 23 20 14  7 -1 -7-10-11 -9 -4  1  7 11 14 14 12  9  7  6  727 124S2 259 241740 14999999999999991046-1122 3  699999999999999
  9 13 17 20 22 20 17 12  5 -2 -7-10 -9 -7 -2  4  8 12 13 12  9  5  3  227 125S2 4 2 2218 3 13999999999999991127-102255  299999999999999
  3  6 10 14 17 18 17 14  9  3 -3 -6 -8 -6 -3  2  6 10 12 12  9  6  2 -127 126S2 5 2 181825 129999999999999912 1 -82349 -199999999999999
 -1  0  3  7 10 13 14 13 10  6  1 -2 -4 -4 -2  2  6  9 12 12 11  7  3 -127 127S2 6 2 141845 12999999999999991227 -4999999999999999999999
 -3 -3 -2  1  4  7  9 10  9  7  4  1 -1 -1  0  3  6 10 12 13 12  9  6  227 128S2 7 6 1019 2 1399999999999999 047 -31241 -199999999999999
 -2 -4 -4 -3 -1  1  4  5  6  6  5  4  3  3  4  5  8 11 13 14 13 12  9  527 129S2 824  61918 1499999999999999 154 -41234  399999999999999
  1 -2 -4 -4 -4 -3 -1  1  3  4  5  5  5  5  6  8 10 12 14 15 15 14 12  927 130S21938 15999999999999999999999 316 -4999999999999999999999
  5  2 -1 -3 -4 -5 -4 -2 -1  1  3  4  6  7  8 10 11 13 14 15 16 16 14 1227 131S220 8 16999999999999999999999 448 -5999999999999999999999
  9  6  3  0 -3 -4 -5 -5 -3 -1  1  3  5  7  9 11 12 13 14 15 16 16 16 1527 2 1S221 0 16999999999999999999999 6 7 -5999999999999999999999
 13 10  7  4  0 -3 -5 -6 -5 -4 -1  2  4  7  9 11 12 13 14 14 15 16 16 1627 2 2S22217 16999999999999999999999 7 7 -6999999999999999999999
 15 13 11  7  3 -1 -4 -6 -7 -6 -3 -1  3  6  8 10 12 12 12 12 13 14 15 1627 2 3S22335 16999999999999999999999 754 -7999999999999999999999
 16 15 13 10  6  2 -2 -6 -8 -8 -6 -3  0  4  7  9 10 11 10 10 10 11 12 1427 2 4S21639 11999999999999999999999 834 -81923 1099999999999999
 15 15 14 12  9  4 -1 -5 -8-10 -9 -7 -3  1  4  7  9  9  8  7  7  7  8 1127 2 5S2 041 151641  999999999999999 910-102010  799999999999999
 13 14 14 13 10  6  1 -4 -9-11-11-10 -7 -3  1  5  7  8  7  5  4  3  4  627 2 6S2 136 141655  899999999999999 943-122048  399999999999999
  9 12 13 13 11  8  3 -3 -8-12-13-13-10 -6 -2  2  5  6  5  3  1  0  0  227 2 7S2 223 131713  6999999999999991014-132123  099999999999999
  5  8 11 12 11  9  5 -1 -7-11-14-14-12 -9 -5  0  3  4  4  3  0 -2 -3 -227 2 8S2 3 8 121730  5999999999999991042-142158 -399999999999999
  0  4  7 10 10  9  6  1 -4 -9-13-14-13-10 -6 -2  1  3  4  2  0 -3 -5 -527 2 9S2 351 101742  49999999999999911 5-142233 -699999999999999
 -4 -1  3  6  8  9  7  4 -1 -6-10-12-12-10 -6 -2  1  4  4  3  0 -3 -6 -727 210S2 436  91748  4999999999999991125-122310 -799999999999999
 -7 -5 -1  3  6  7  7  5  2 -2 -6 -8 -9 -7 -4 -1  3  5  6  5  2 -1 -5 -827 211S2 523  71752  6999999999999991139 -92351 -899999999999999
 -8 -7 -5 -1  2  5  6  6  4  1 -2 -4 -5 -3 -1  2  6  8  9  8  5  2 -2 -627 212S2 618  61759  9999999999999991150 -5999999999999999999999
 -8 -8 -7 -5 -2  1  4  5  5  4  2  0  0  1  3  6  9 11 12 12 10  6  2 -227 213S2 728  51814 1299999999999999 042 -81154  099999999999999
 -6 -7 -8 -7 -5 -2  0  3  4  5  5  4  4  5  7  9 12 14 16 16 14 12  8  327 214S2 914  51837 1699999999999999 147 -81139  499999999999999
 -1 -4 -6 -7 -7 -6 -3 -1  2  4  5  6  7  8 10 12 14 16 18 18 18 16 14 1027 215S21914 18999999999999999999999 316 -7999999999999999999999
  5  1 -3 -5 -7 -8 -7 -5 -2  1  4  6  8 10 12 13 15 16 18 19 20 19 18 1527 216S22017 20999999999999999999999 452 -8999999999999999999999
 12  8  3 -1 -5 -8 -9 -8 -6 -3  1  5  8 10 12 14 15 15 16 17 18 19 20 1927 217S22155 20999999999999999999999 612 -9999999999999999999999
 17 14 10  5  0 -5 -8-10-10 -7 -3  1  5  9 11 13 14 14 14 14 15 17 18 2027 218S22334 20999999999999999999999 717-10999999999999999999999
 20 18 15 11  6  0 -6 -9-11-10 -8 -3  2  6 10 12 13 12 11 10 10 11 14 1727 219S21557 13999999999999999999999 813-111922 1099999999999999
 19 20 19 16 12  6 -1 -7-10-12-11 -7 -2  3  7 10 11 11  9  6  5  5  7 1127 220S2 059 2016 8 1199999999999999 9 2-122019  599999999999999
 15 18 19 19 16 11  5 -2 -7-11-12-10 -5  0  4  8 10 10  8  4  1  0  1  427 221S2 213 191625 1099999999999999 946-1221 9  099999999999999
  8 12 16 18 17 15 10  3 -3 -8-10-10 -7 -3  2  6  9 10  8  4  0 -3 -4 -327 222S2 320 181645 10999999999999991026-102157 -499999999999999
  1  5 10 14 16 15 13  8  2 -3 -7 -8 -7 -3  1  6  9 10  9  6  1 -3 -6 -727 223S2 422 1617 5 109999999999999911 0 -82245 -799999999999999
 -5 -1  4  8 12 13 13 10  6  1 -3 -5 -5 -2  1  6  9 11 11  8  4 -1 -6 -827 224S2 520 141724 11999999999999991127 -52333 -899999999999999
 -8 -6 -2  2  7 10 11 11  8  5  1 -1 -1  0  3  7 10 12 12 11  7  2 -3 -627 225S2 617 111741 13999999999999991145 -1999999999999999999999
 -8 -8 -6 -3  1  5  7  9  8  7  4  3  2  3  5  8 11 13 14 13 11  6  2 -327 226S2 717  91757 1499999999999999 023 -81150  299999999999999
 -6 -7 -7 -5 -2  1  4  6  7  7  6  5  5  6  7 10 12 14 15 15 13 10  6  227 227S2 828  71814 1599999999999999 119 -71139  599999999999999
 -2 -4 -5 -5 -4 -2  0  2  4  5  6  6  6  7  9 11 13 15 16 16 15 13 10  627 228S21833 16999999999999999999999 229 -6999999999999999999999
  2  0 -3 -4 -4 -4 -3 -1  1  3  5  6  7  8 10 11 13 14 15 15 15 14 12  927 3 1S219 0 15999999999999999999999 359 -4999999999999999999999
  6  3  1 -2 -3 -4 -4 -3 -2  0  2  4  6  8  9 11 12 13 13 14 14 14 13 1127 3 2S21950 14999999999999999999999 531 -5999999999999999999999
  9  6  4  1 -2 -4 -5 -6 -5 -3  0  2  4  7  8 10 10 10 11 11 11 12 12 1127 3 3S22145 12999999999999999999999 640 -6999999999999999999999
 10  8  6  3  0 -3 -6 -7 -7 -6 -4 -1  2  5  7  8  8  8  7  7  8  8 10 1027 3 4S21554  82328 1099999999999999 729 -81853  799999999999999
 10  9  8  5  1 -3 -6 -9-10 -9 -7 -4 -1  2  4  6  6  5  4  3  3  4  6  827 3 5S21539  6999999999999999999999 8 9-101932  399999999999999
  9  9  8  6  3 -1 -6 -9-11-12-10 -7 -4 -1  2  4  4  3  2  0 -1  0  2  427 3 6S2 042  91545  499999999999999 842-1220 4 -199999999999999
  7  8  8  7  5  1 -4 -8-12-13-12-10 -7 -3  0  2  3  2  0 -3 -4 -4 -3  027 3 7S2 139  81558  399999999999999 913-132035 -499999999999999
  3  6  8  8  6  3 -2 -7-11-13-13-12 -9 -5 -1  1  2  2 -1 -4 -6 -8 -7 -427 3 8S2 230  81610  299999999999999 942-1321 7 -899999999999999
 -1  3  6  8  7  5  1 -3 -8-11-13-12 -9 -5 -2  1  2  2  0 -4 -7 -9-10 -827 3 9S2 318  81620  29999999999999910 8-132141-1099999999999999
 -5  0  4  7  8  7  5  1 -4 -8-10-10 -8 -5 -1  2  4  4  2 -2 -6-10-11-1127 310S2 4 7  81626  4999999999999991030-102217-1199999999999999
 -8 -4  1  5  7  8  7  4  1 -3 -6 -6 -5 -2  1  5  6  7  5  1 -3 -8-11-1227 311S2 457  81633  7999999999999991048 -62255-1299999999999999
-11 -7 -3  2  5  8  8  7  5  2 -1 -2 -1  1  4  8 10 10  9  6  1 -4 -8-1127 312S2 552  81644 109999999999999911 2 -22338-1199999999999999
-11-10 -6 -2  2  6  8  9  8  6  4  3  3  5  8 11 13 14 13 11  6  1 -4 -827 313S2 653  917 0 14999999999999991112  3999999999999999999999
-10-10 -8 -5 -1  3  6  8  9  8  7  7  7  9 11 14 16 18 17 15 12  7  2 -327 314S2 811  91722 1899999999999999 029-101114  799999999999999
 -7 -8 -9 -7 -5 -1  2  5  7  9  9  9 10 11 13 15 18 19 20 19 16 12  8  327 315S21750 20999999999999999999999 132 -9999999999999999999999
 -2 -5 -7 -7 -7 -5 -2  1  4  7  9 10 11 12 14 15 17 19 19 19 18 16 13  927 316S21829 20999999999999999999999 256 -7999999999999999999999
  4  0 -3 -6 -7 -7 -6 -3  0  3  6  9 10 12 13 14 15 16 17 18 18 17 16 1327 317S21946 18999999999999999999999 431 -7999999999999999999999
 10  6  2 -2 -5 -7 -8 -7 -4 -1  3  6  9 11 12 13 13 13 13 13 14 15 16 1527 318S222 2 16999999999999999999999 554 -8999999999999999999999
 14 11  7  3 -1 -5 -8 -9 -8 -5 -1  3  6  9 10 11 10  9  8  8  9 10 12 1427 319S21449 112357 1599999999999999 659 -91842  899999999999999
 15 14 12  8  4 -1 -5 -8 -9 -8 -5 -1  3  7  9  9  8  6  4  2  2  4  7 1027 320S21451  9999999999999999999999 753 -91934  299999999999999
 13 14 14 12  9  4 -1 -5 -8 -8 -6 -3  1  5  7  8  8  5  2 -1 -3 -3  0  427 321S2 127 1415 4  899999999999999 839 -82019 -399999999999999
  8 11 14 14 12  9  4 -1 -5 -7 -6 -4  0  4  7  8  8  6  2 -3 -6 -7 -6 -327 322S2 241 141520  999999999999999 920 -721 3 -799999999999999
  2  7 11 13 14 12  8  4 -1 -4 -4 -3  0  4  7  9 10  8  4 -1 -6 -9-10 -827 323S2 345 141539 1099999999999999 955 -42146-1099999999999999
 -4  1  6 10 13 13 12  8  4  1 -1 -1  1  5  8 11 12 10  7  2 -4 -8-11-1127 324S2 444 131558 12999999999999991025 -12230-1199999999999999
 -8 -4  1  6 10 13 13 11  8  5  3  2  3  6  9 12 14 13 11  7  1 -5 -9-1127 325S2 539 131618 14999999999999991048  22314-1199999999999999
-10 -7 -3  2  7 10 12 12 11  8  6  5  6  8 11 14 16 16 14 11  6  0 -5 -827 326S2 633 121638 169999999999999911 3  5999999999999999999999
 -9 -8 -5 -1  3  7 10 11 11 10  9  8  8 10 12 15 17 17 17 14 10  5  0 -427 327S2 728 121658 1799999999999999 0 0 -91110  899999999999999
 -6 -7 -6 -3  0  4  7  9 10 10 10  9 10 11 13 15 17 18 18 16 13  9  4  027 328S2 833 111719 1899999999999999 049 -711 7  999999999999999
 -3 -4 -5 -4 -2  1  4  6  8  9 10 10 10 11 13 14 16 17 17 16 14 11  8  427 329S21739 17999999999999999999999 146 -5999999999999999999999
  1 -2 -3 -3 -3 -2  0  3  5  7  8  9 10 10 12 13 14 14 15 14 13 12  9  627 330S218 0 15999999999999999999999 3 0 -3999999999999999999999
  3  1 -1 -3 -3 -3 -2 -1  1  3  5  7  8  9 10 11 11 11 11 11 11 10  9  727 331S21827 11999999999999999999999 426 -4999999999999999999999
  5  3  0 -2 -4 -5 -5 -4 -2  0  2  4  6  7  8  8  8  8  7  7  8  8  8  727 4 1S215 4  8999999999999999999999 541 -5999999999999999999999
  6  4  2 -1 -3 -5 -7 -7 -6 -4 -1  1  3  5  6  6  5  4  3  3  3  4  5  627 4 2S21426  62315  699999999999999 637 -71855  399999999999999
  5  5  3  0 -2 -5 -7 -8 -8 -7 -4 -1  1  3  4  4  2  1 -1 -2 -1  0  2  427 4 3S21424  4999999999999999999999 720 -81919 -299999999999999
  5  5  4  2 -1 -4 -7 -9 -9 -8 -6 -3 -1  1  2  2  1 -1 -4 -5 -6 -5 -2  127 4 4S2 039  51429  399999999999999 755 -91944 -699999999999999
  3  5  5  4  2 -1 -5 -7 -9 -9 -7 -4 -1  1  2  2  1 -2 -5 -8 -9 -8 -6 -327 4 5S2 144  51434  299999999999999 827 -92013 -999999999999999
  1  4  6  6  5  3 -1 -4 -6 -7 -6 -4 -1  2  3  4  2  0 -4 -8-11-11-10 -627 4 6S2 242  61440  499999999999999 856 -72046-1199999999999999
 -2  3  6  8  8  7  4  0 -3 -4 -4 -2  1  4  6  6  5  3 -2 -6-10-12-12 -927 4 7S2 338  81450  699999999999999 923 -42122-1299999999999999
 -5  0  5  8 10 10  8  6  3  0  0  1  4  7  9 10  9  7  3 -2 -8-11-13-1127 4 8S2 434 1015 5 1099999999999999 946  022 1-1399999999999999
 -8 -3  2  7 10 12 12 10  8  5  4  5  7 10 13 14 14 12  8  3 -3 -8-11-1227 4 9S2 530 121525 149999999999999910 7  42244-1299999999999999
-10 -6 -1  4  9 12 14 14 12 10  9  9 10 13 16 18 18 17 14  9  3 -3 -8-1027 410S2 627 141549 18999999999999991026  92331-1199999999999999
-10 -8 -4  1  6 10 13 15 15 14 12 12 13 15 18 20 22 21 19 15  9  3 -3 -727 411S2 730 151616 22999999999999991041 12999999999999999999999
 -9 -8 -6 -3  2  7 10 13 15 15 15 14 15 17 19 21 23 23 22 19 14  9  3 -227 412S2 844 151647 2399999999999999 023 -91051 1499999999999999
 -5 -7 -7 -5 -2  2  6 10 13 14 15 15 15 16 18 20 21 22 22 20 18 14  9  427 413S21722 22999999999999999999999 125 -7999999999999999999999
  0 -3 -5 -5 -4 -2  2  5  9 11 13 14 15 15 16 17 18 19 19 19 18 16 13  927 414S21810 19999999999999999999999 239 -5999999999999999999999
  5  1 -2 -4 -4 -4 -2  1  5  8 10 12 13 14 14 14 14 14 15 15 15 15 14 1227 415S21959 15999999999999999999999 4 2 -4999999999999999999999
  9  6  3  0 -3 -4 -4 -2  1  4  7 10 11 12 12 11 10  9  9  9 10 11 12 1227 416S21312 122235 1299999999999999 519 -41756  999999999999999
 11 10  7  4  1 -2 -3 -3 -1  2  5  8 10 11 10  9  7  5  3  3  4  6  8 1027 417S21316 11999999999999999999999 624 -31848  399999999999999
 11 12 10  8  5  2 -1 -2 -2  0  3  6  9 10 10  9  6  2 -1 -2 -2 -1  3  627 418S2 034 121328 1099999999999999 718 -21930 -399999999999999
  9 11 12 12  9  6  3  1  0  1  3  6  9 11 11 10  7  2 -2 -5 -7 -6 -3  127 419S2 2 4 121343 1199999999999999 8 3  02011 -799999999999999
  6  9 12 13 13 11  8  5  3  3  4  7 10 12 13 12  9  5  0 -5 -8 -9 -7 -427 420S2 315 1314 2 1399999999999999 841  32051 -999999999999999
  1  6 10 13 15 14 12  9  7  6  7  8 11 14 15 15 13  9  4 -2 -7 -9 -9 -727 421S2 414 151423 1599999999999999 914  62133-1099999999999999
 -3  3  8 12 15 16 15 13 11 10  9 10 13 15 17 18 17 14  9  3 -3 -7 -9 -827 422S2 5 8 161449 1899999999999999 941  92215 -999999999999999
 -5 -1  5 10 14 16 17 16 14 13 12 13 14 17 19 20 20 18 14  9  3 -3 -6 -727 423S2 558 171516 209999999999999910 4 122257 -799999999999999
 -6 -3  2  7 11 15 17 18 16 15 14 14 15 17 20 22 22 21 18 13  8  2 -2 -527 424S2 645 181544 22999999999999991024 142341 -599999999999999
 -5 -3  0  4  9 13 15 17 17 16 15 15 16 17 19 21 22 22 20 17 12  7  2 -227 425S2 732 171612 22999999999999991041 15999999999999999999999
 -3 -3 -1  2  6  9 13 15 16 16 15 15 15 17 18 20 21 21 20 18 14 10  5  127 426S2 822 161639 2199999999999999 026 -31058 1599999999999999
 -1 -2 -2  0  3  6  9 12 14 14 14 14 14 15 16 17 18 19 19 17 15 11  7  427 427S217 4 19999999999999999999999 113 -2999999999999999999999
  1 -1 -2 -1  0  3  5  8 10 12 12 13 13 13 14 14 15 15 15 15 13 11  8  527 428S21730 15999999999999999999999 2 6 -2999999999999999999999
  2  0 -1 -2 -2  0  2  4  7  8 10 10 11 11 11 11 11 11 11 11 11  9  8  627 429S218 9 11999999999999999999999 3 7 -2999999999999999999999
  3  1 -1 -2 -3 -2 -1  1  3  5  7  8  8  8  8  8  7  7  7  7  7  7  7  627 430S21224  92041  799999999999999 411 -31746  699999999999999
  4  2  0 -1 -2 -3 -3 -1  1  3  5  6  7  7  6  5  4  3  2  2  3  4  5  527 5 1S21228  72253  599999999999999 5 9 -31817  299999999999999
  5  4  2  1 -1 -2 -3 -2 -1  1  4  5  6  6  5  4  2 -1 -2 -2 -1  1  3  527 5 2S21231  6999999999999999999999 558 -31843 -299999999999999
  6  6  5  4  2  0 -1 -1  0  1  4  6  7  7  6  4  1 -2 -4 -5 -5 -3  0  327 5 3S2 034  61234  799999999999999 640 -11912 -599999999999999
  6  7  8  7  6  4  2  1  2  3  5  7  9  9  8  6  3 -1 -5 -7 -8 -6 -3  127 5 4S2 157  81245  999999999999999 716  11945 -899999999999999
  5  8 10 11 10  9  7  6  5  6  8 10 12 13 12 10  7  2 -3 -7 -9 -8 -6 -227 5 5S2 3 6 1113 4 1399999999999999 750  52022 -999999999999999
  3  8 11 14 14 14 12 11 10 10 11 13 15 17 17 15 12  7  2 -4 -7 -9 -8 -427 5 6S2 4 7 141330 1799999999999999 823  921 4 -999999999999999
  1  6 11 15 17 18 17 16 14 14 14 16 19 21 22 21 18 14  8  2 -4 -7 -8 -627 5 7S2 5 3 1814 2 2299999999999999 854 142149 -899999999999999
 -2  3  9 14 18 20 21 20 19 17 18 19 21 24 25 26 24 20 15  9  2 -3 -6 -727 5 8S2 557 211437 2699999999999999 925 172238 -799999999999999
 -5  0  5 11 16 20 22 23 22 20 20 21 22 25 27 29 28 26 21 15  9  2 -3 -527 5 9S2 649 231516 2999999999999999 955 202329 -699999999999999
 -5 -3  2  7 13 17 21 23 23 22 21 21 23 25 27 29 30 28 26 21 15  9  3 -227 510S2 741 231556 30999999999999991027 21999999999999999999999
 -4 -3 -1  3  8 13 18 21 22 22 22 21 22 23 25 27 28 28 27 24 20 14  8  327 511S2 833 221639 2899999999999999 023 -411 3 2199999999999999
  0 -2 -2  1  4  9 13 17 20 21 21 20 20 20 21 23 24 25 25 24 21 18 13  827 512S2 925 211729 2599999999999999 120 -21152 2099999999999999
  4  1  0  0  2  5  9 13 16 18 19 19 18 18 18 18 19 20 20 21 20 18 16 1227 513S21012 191842 2199999999999999 220  01335 1899999999999999
  8  5  3  2  2  4  6 10 13 16 17 17 17 16 15 14 13 14 14 15 16 16 16 1427 514S21048 172052 1699999999999999 323  21621 1399999999999999
 12 10  7  5  4  4  6  8 11 14 16 16 16 15 13 11  9  8  8  9 10 12 13 1427 515S21115 162314 1499999999999999 427  41742  899999999999999
 14 13 11  9  8  7  7  8 10 13 15 16 16 15 13 10  7  5  3  3  4  7 10 1227 516S21136 17999999999999999999999 527  71834  399999999999999
 14 14 14 13 12 11 10 10 11 13 16 17 18 17 15 12  8  4  1 -1  0  2  5  927 517S2 122 151156 1899999999999999 620 101917 -199999999999999
 12 15 16 17 16 15 14 13 14 15 17 19 20 20 18 15 11  6  1 -2 -3 -2  1  627 518S2 251 171218 2099999999999999 7 4 131958 -399999999999999
 10 14 17 19 19 19 17 17 16 17 19 21 22 23 22 19 15 10  5  0 -2 -3 -1  327 519S2 356 191245 2399999999999999 741 162039 -399999999999999
  8 12 16 19 21 22 21 20 19 20 21 23 24 26 25 23 20 15 10  4  0 -2 -2  127 520S2 447 221317 2699999999999999 814 192120 -299999999999999
  5 10 15 19 22 23 23 23 22 21 22 24 26 27 28 27 25 21 15  9  4  1  0  127 521S2 530 241354 2899999999999999 846 2122 3  099999999999999
  4  8 13 17 21 24 25 24 23 23 23 24 26 28 29 29 28 25 20 15  9  4  2  127 522S2 6 8 251432 2999999999999999 919 232246  199999999999999
  3  6 11 15 19 23 25 25 24 23 23 23 25 27 29 30 29 27 24 19 13  8  4  227 523S2 644 251510 3099999999999999 952 232328  299999999999999
  2  4  8 12 17 20 23 24 24 23 22 22 23 25 27 28 29 28 25 21 17 11  7  427 524S2 719 241546 29999999999999991026 22999999999999999999999
  3  3  6  9 13 17 20 22 23 22 21 21 21 22 24 25 26 26 25 22 18 13  9  527 525S2 754 231621 2799999999999999 0 9  311 1 2199999999999999
  3  3  4  6 10 13 17 19 20 20 20 19 19 19 20 22 23 23 23 21 18 14 10  627 526S2 831 201655 2399999999999999 047  31140 1999999999999999
  4  2  3  4  7 10 13 15 17 18 18 17 16 16 17 17 18 19 19 18 17 14 11  727 527S2 9 8 181735 1999999999999999 124  21232 1699999999999999
  5  3  2  3  4  7 10 12 14 16 16 15 14 14 13 14 14 15 15 15 15 13 11  927 528S2 940 161838 1599999999999999 2 0  214 8 1399999999999999
  6  4  3  3  4  6  8 10 12 14 14 14 13 12 11 10 10 10 11 11 12 12 11 1027 529S210 2 142027 1299999999999999 235  316 8 1099999999999999
  8  6  5  5  5  6  8 10 12 13 14 14 13 11 10  8  7  6  7  8  9 10 11 1127 530S21017 142229 1199999999999999 312  51712  699999999999999
 10  9  8  8  8  8  9 11 13 14 15 15 14 13 10  8  5  4  3  4  6  8 10 1227 531S21030 16999999999999999999999 353  81756  399999999999999
 13 13 13 12 11 11 12 13 15 17 18 19 18 16 13 10  6  3  1  1  3  5  9 1227 6 1S2 038 131050 1999999999999999 439 111836  199999999999999
 14 16 17 17 16 16 16 17 18 20 22 23 22 21 18 14  9  5  2  0  0  3  7 1127 6 2S2 239 171119 2399999999999999 529 161918  099999999999999
 15 18 20 21 21 21 20 21 22 23 25 27 27 26 24 20 15 10  5  1  0  1  4  827 6 3S2 348 211155 2799999999999999 620 2020 4  099999999999999
 14 18 22 24 25 26 25 25 25 26 28 30 32 32 30 27 22 16 10  5  1  0  2  527 6 4S2 440 261238 3299999999999999 711 242053  099999999999999
 11 16 21 25 28 29 29 28 28 28 30 32 34 36 35 33 29 24 17 11  5  2  1  327 6 5S2 524 291326 3699999999999999 8 1 282145  199999999999999
  7 13 18 24 28 30 31 31 30 29 30 32 34 37 38 38 35 31 25 18 11  5  2  227 6 6S2 6 4 311416 3899999999999999 850 292237  299999999999999
  4  9 14 20 25 29 31 32 31 30 30 31 33 35 38 39 38 35 31 25 17 11  6  327 6 7S2 642 3215 8 3999999999999999 939 292329  399999999999999
  3  6 10 16 22 26 30 31 31 30 28 28 30 32 34 37 38 37 34 29 23 17 11  627 6 8S2 718 3116 2 38999999999999991029 28999999999999999999999
  4  5  7 12 17 22 26 29 30 29 27 26 26 28 30 32 34 35 34 31 27 22 16 1127 6 9S2 753 301658 3599999999999999 020  41126 2699999999999999
  7  6  7 10 14 19 23 26 28 28 26 25 24 23 24 26 28 30 30 30 28 24 20 1527 610S2 825 2818 4 3099999999999999 1 7  61236 2399999999999999
 12  9  9 10 13 16 20 24 26 27 26 24 22 21 20 20 21 23 24 25 25 24 22 1927 611S2 855 271932 2699999999999999 153  91411 2099999999999999
 16 14 12 12 13 16 19 22 25 26 26 24 22 20 18 16 16 17 18 20 21 22 22 2127 612S2 922 262127 2299999999999999 235 121554 1699999999999999
 19 18 16 16 16 17 20 22 24 26 26 25 23 21 18 15 13 12 12 14 16 18 20 2127 613S2 946 262358 2199999999999999 313 161714 1299999999999999
 21 21 20 20 20 20 22 23 25 27 28 27 26 23 20 16 13 10  9 10 11 14 17 2027 614S21010 28999999999999999999999 345 201814  999999999999999
 22 23 24 24 24 24 24 26 27 29 30 30 29 27 23 19 15 11  9  8  8 11 14 1827 615S21038 3099999999999999999999919 3  8999999999999999999999
 21 23 25 27 27 27 27 28 29 31 32 33 32 31 28 24 19 15 11  8  8  9 12 1627 616S21111 339999999999999999999991948  8999999999999999999999
 20 23 26 28 30 30 30 30 31 32 34 35 35 35 32 29 25 19 14 11  9  9 11 1427 617S21152 359999999999999999999992031  8999999999999999999999
 18 22 26 29 31 32 32 32 32 33 34 36 37 37 36 34 30 25 19 14 11 10 10 1327 618S21237 379999999999999999999992114  9999999999999999999999
 16 21 25 28 31 33 33 32 32 33 34 35 37 38 38 37 34 30 24 19 14 11 10 1127 619S2 539 331324 3999999999999999 754 322156 1099999999999999
 14 19 23 27 30 32 33 32 32 32 32 34 36 38 39 38 36 33 28 23 17 13 11 1127 620S2 559 331411 3999999999999999 845 322237 1199999999999999
 12 16 20 24 28 31 32 32 31 30 30 31 33 35 37 38 37 34 31 26 20 15 12 1027 621S2 622 321456 3899999999999999 931 302316 1099999999999999
 11 13 17 21 25 28 30 31 30 29 28 28 30 32 34 35 36 34 32 27 22 17 13 1027 622S2 648 311538 36999999999999991014 282350  999999999999999
  9 11 14 18 22 25 28 29 29 27 26 26 26 28 30 32 33 32 31 28 23 18 14 1027 623S2 715 291618 33999999999999991055 26999999999999999999999
  9  9 11 15 18 22 25 27 27 26 24 23 23 24 25 27 29 30 29 27 24 19 15 1127 624S2 741 271658 3099999999999999 021  91137 2399999999999999
  9  9 10 13 16 20 22 24 25 25 23 22 21 21 22 23 25 26 26 25 23 20 17 1327 625S2 8 3 251746 2699999999999999 046  91225 2199999999999999
 11 10 10 12 15 18 21 23 24 24 23 21 19 18 18 19 20 22 23 23 23 21 18 1627 626S2 819 241849 2399999999999999 1 8 101327 1899999999999999
 14 12 13 14 16 19 21 23 24 24 23 21 19 18 17 16 17 18 19 21 21 21 20 1927 627S2 829 252021 2199999999999999 125 121448 1699999999999999
 17 16 16 17 18 20 23 25 26 26 25 23 21 18 16 15 14 15 16 18 19 21 21 2127 628S2 841 262220 2299999999999999 139 1616 8 1499999999999999
 21 20 20 21 22 24 26 28 29 30 29 27 25 21 18 16 14 13 13 15 17 20 22 2327 629S2 9 2 30999999999999999999999 142 201712 1399999999999999
 24 25 25 25 26 27 29 31 33 34 34 33 30 27 23 19 15 12 11 12 14 17 21 2427 630S2 936 3499999999999999999999918 8 11999999999999999999999
 26 28 29 30 30 31 32 34 36 37 38 38 36 33 29 24 19 15 12 11 12 14 18 2327 7 1S21021 3899999999999999999999919 1 11999999999999999999999
 27 30 32 33 34 35 35 36 38 40 41 42 42 40 36 31 26 20 15 11 10 12 15 2027 7 2S21115 439999999999999999999991955 10999999999999999999999
 25 29 33 35 37 37 37 37 38 40 42 45 46 45 43 39 33 27 20 15 11 10 12 1627 7 3S21214 469999999999999999999992049 10999999999999999999999
 21 27 31 35 38 39 39 38 38 39 41 44 46 48 47 45 40 34 27 20 14 11 11 1327 7 4S2 519 391315 4899999999999999 728 382142 1199999999999999
 17 23 28 33 37 39 39 38 37 37 39 41 44 47 48 48 45 41 34 27 20 14 11 1127 7 5S2 542 391416 4899999999999999 834 372234 1199999999999999
 14 18 24 30 34 38 39 38 37 35 35 37 39 42 45 47 47 44 40 33 26 19 14 1227 7 6S2 6 8 391518 4799999999999999 934 352322 1299999999999999
 12 15 20 26 31 35 37 38 36 34 32 32 34 37 40 43 44 44 42 37 31 25 19 1527 7 7S2 635 381620 45999999999999991032 32999999999999999999999
 14 15 18 23 28 33 36 37 36 33 31 29 29 31 33 36 39 41 41 39 35 29 24 1927 7 8S2 7 1 371724 4199999999999999 0 5 141133 2999999999999999
 17 16 18 22 26 31 34 36 36 34 31 28 26 26 27 30 32 35 36 36 35 32 28 2427 7 9S2 726 361836 3799999999999999 043 161239 2699999999999999
 21 20 20 23 26 30 33 35 36 35 32 29 26 24 24 24 26 28 31 32 33 32 30 2827 710S2 750 3620 0 3399999999999999 115 201357 2499999999999999
 26 24 24 25 28 31 34 36 37 36 34 31 28 25 23 22 22 23 25 27 29 30 30 3027 711S2 812 372148 3099999999999999 136 241524 2199999999999999
 29 29 28 29 31 33 35 37 38 38 37 35 31 28 24 22 20 20 21 23 25 27 29 3027 712S2 834 39999999999999999999999 133 281647 2099999999999999
 31 32 32 33 34 35 37 39 40 41 40 38 35 32 28 24 21 19 19 20 22 24 27 3027 713S2 9 2 419999999999999999999991756 19999999999999999999999
 32 33 35 36 37 38 39 40 42 42 43 42 40 37 33 29 25 21 19 18 19 22 25 2827 714S2 939 439999999999999999999991853 18999999999999999999999
 31 34 36 37 39 39 40 41 42 44 44 44 43 41 38 34 29 25 21 19 19 20 23 2627 715S21029 449999999999999999999991941 19999999999999999999999
 30 33 36 38 39 40 40 41 42 43 45 46 45 44 42 38 34 29 24 21 19 19 21 2527 716S21125 469999999999999999999992026 19999999999999999999999
 28 32 35 38 39 40 40 40 41 42 43 45 46 46 44 42 38 33 28 23 20 19 20 2227 717S21222 4699999999999999999999921 7 19999999999999999999999
 26 30 33 37 39 40 39 39 39 39 41 43 45 46 45 44 41 36 31 26 22 19 19 2027 718S2 514 401315 4699999999999999 737 392146 1999999999999999
 23 27 31 34 37 38 38 37 37 37 38 39 42 44 45 44 42 39 34 28 23 19 18 1827 719S2 525 3914 5 4599999999999999 832 372222 1799999999999999
 20 24 28 32 35 37 37 36 35 34 34 35 38 40 42 43 42 39 35 30 24 20 17 1627 720S2 544 371451 4399999999999999 917 342255 1699999999999999
 17 20 25 29 32 35 36 35 33 32 31 32 33 36 39 40 40 39 36 32 26 21 17 1627 721S2 6 6 361534 4199999999999999 959 312323 1599999999999999
 16 18 22 26 30 32 34 34 32 30 29 28 30 32 34 37 38 38 36 32 28 23 19 1627 722S2 627 341617 38999999999999991039 282347 1699999999999999
 16 17 20 24 28 31 33 33 32 30 27 26 26 28 30 33 35 36 35 33 29 25 21 1827 723S2 645 3317 1 36999999999999991119 26999999999999999999999
 17 18 20 23 27 30 32 33 32 30 27 25 24 25 27 29 31 33 33 33 31 27 24 2127 724S2 655 331753 3399999999999999 0 5 1712 3 2499999999999999
 20 20 22 25 28 31 33 34 33 31 28 26 24 23 24 25 28 30 31 32 31 30 27 2527 725S2 7 1 341858 3299999999999999 019 201255 2399999999999999
 24 24 25 27 30 33 35 36 36 34 31 28 25 23 23 23 24 26 28 30 31 31 30 2927 726S2 7 8 362030 3199999999999999 028 2414 3 2399999999999999
 28 28 29 31 34 36 38 39 39 38 35 32 28 25 23 22 22 23 25 27 30 31 32 3227 727S2 724 40999999999999999999999 029 281526 2299999999999999
 32 33 33 35 37 39 41 43 43 43 40 37 33 29 26 23 22 21 22 24 27 30 32 3427 728S2 753 439999999999999999999991645 21999999999999999999999
 35 36 37 39 40 42 44 46 47 47 46 43 40 35 31 27 23 21 20 21 24 27 31 3427 729S2 840 479999999999999999999991753 20999999999999999999999
 36 38 40 41 42 44 45 47 48 50 50 49 46 42 37 32 27 23 20 19 20 23 27 3227 730S2 944 509999999999999999999991854 19999999999999999999999
 36 39 41 43 44 44 45 46 48 50 52 52 51 49 44 39 33 27 22 19 18 20 23 2827 731S21057 529999999999999999999991950 18999999999999999999999
 33 37 41 43 44 44 44 44 46 48 50 52 54 53 50 46 40 33 27 21 18 18 20 2427 8 1S212 9 549999999999999999999992043 18999999999999999999999
 29 34 39 42 44 44 43 42 42 44 46 49 52 54 53 51 46 40 33 26 21 18 18 2027 8 2S2 440 441318 5499999999999999 728 422133 1899999999999999
 25 30 36 40 42 43 42 40 39 39 40 43 47 51 53 52 50 46 39 32 25 20 18 1927 8 3S2 457 431426 5399999999999999 833 392219 1899999999999999
 22 27 32 37 41 42 42 40 37 35 35 37 40 45 48 50 50 48 44 38 31 25 21 2027 8 4S2 518 421532 5199999999999999 932 3523 1 2099999999999999
 21 25 30 35 39 42 42 40 37 34 32 32 34 37 42 45 47 48 46 42 36 30 26 2327 8 5S2 541 421638 48999999999999991029 322338 2299999999999999
 22 25 29 33 38 41 42 41 38 34 31 29 29 31 34 38 42 44 45 43 40 35 30 2727 8 6S2 6 4 421745 45999999999999991126 29999999999999999999999
 26 27 30 34 38 41 43 43 40 37 32 29 27 27 29 32 36 39 41 41 40 38 35 3227 8 7S2 626 431855 4199999999999999 0 8 261228 2799999999999999
 30 31 32 35 39 42 44 44 43 40 36 31 28 27 26 28 30 33 36 38 39 39 37 3627 8 8S2 646 452017 3999999999999999 027 301337 2699999999999999
 35 35 36 38 40 43 45 46 46 43 40 36 32 29 27 26 27 29 31 34 36 37 38 3827 8 9S2 7 7 46999999999999999999999 030 351457 2699999999999999
 38 38 39 41 43 45 47 48 48 47 44 40 36 33 30 27 26 26 28 30 32 35 37 3827 810S2 730 489999999999999999999991623 26999999999999999999999
 39 40 42 43 44 46 48 49 49 49 47 45 41 38 34 31 28 26 26 27 29 32 35 3727 811S2 8 3 499999999999999999999991740 26999999999999999999999
 39 41 43 44 45 46 48 49 49 50 49 48 45 42 38 35 31 28 26 26 27 29 32 3527 812S2 854 509999999999999999999991842 26999999999999999999999
 38 41 43 44 45 46 46 47 48 49 50 49 48 46 42 39 34 30 27 25 25 27 30 3327 813S210 4 509999999999999999999991931 25999999999999999999999
 36 39 42 43 44 44 45 45 46 47 48 49 49 47 45 42 37 33 29 26 24 25 27 3027 814S21116 499999999999999999999992013 24999999999999999999999
 34 37 40 42 43 43 42 42 42 44 45 47 48 48 46 44 40 35 30 26 24 23 24 2727 815S2 423 431219 4899999999999999 649 422049 2399999999999999
 31 34 37 40 41 41 40 39 39 40 41 44 46 47 46 44 41 37 32 27 23 21 22 2427 816S2 421 411313 4799999999999999 742 392123 2199999999999999
 27 31 35 37 39 39 38 36 35 35 37 39 42 44 45 44 42 38 33 28 24 21 20 2127 817S2 434 3914 2 4599999999999999 825 352153 2099999999999999
 24 28 32 35 37 38 37 35 33 32 33 35 37 41 43 43 42 39 35 30 25 21 19 2027 818S2 452 381448 4399999999999999 9 4 322221 1999999999999999
 22 26 30 33 36 37 36 34 31 30 29 30 33 36 39 41 41 40 37 32 27 23 20 2027 819S2 510 371533 4199999999999999 942 292246 2099999999999999
 21 24 28 32 35 36 36 34 31 29 27 27 29 32 36 38 40 39 38 34 30 26 23 2127 820S2 525 361619 40999999999999991020 2723 6 2199999999999999
 22 25 28 32 35 36 37 35 32 29 26 26 26 29 32 35 38 39 38 36 33 29 26 2527 821S2 534 371710 39999999999999991059 262321 2599999999999999
 25 27 30 33 36 38 38 37 34 31 27 25 25 26 29 32 35 37 38 37 36 33 30 2927 822S2 538 3818 8 38999999999999991142 252331 2999999999999999
 29 30 33 36 39 41 41 40 38 34 30 27 25 25 26 29 31 34 36 37 37 36 34 3327 823S2 545 411923 37999999999999991233 252334 3399999999999999
 33 34 37 39 42 44 45 44 42 38 34 30 27 26 25 26 28 31 33 35 37 37 37 3727 824S2 558 459999999999999999999991338 25999999999999999999999
 37 38 40 43 45 47 48 48 46 43 39 35 31 28 26 25 26 28 30 33 35 37 38 3927 825S2 620 4899999999999999999999915 2 25999999999999999999999
 40 41 43 45 47 49 51 51 50 48 45 41 36 32 29 26 25 25 26 29 32 35 37 3927 826S2 657 519999999999999999999991630 25999999999999999999999
 41 43 44 46 48 49 51 52 52 52 50 47 43 38 33 29 26 24 24 25 28 31 35 3827 827S2 757 529999999999999999999991744 23999999999999999999999
 41 43 44 46 47 48 49 50 52 53 53 51 48 44 39 34 29 25 23 22 24 27 31 3527 828S2 925 539999999999999999999991845 22999999999999999999999
 39 42 44 45 45 45 46 47 48 50 52 53 52 49 45 40 34 28 24 21 21 23 27 3127 829S21056 539999999999999999999991939 21999999999999999999999
 36 40 42 44 44 43 42 42 43 45 48 51 52 52 49 45 40 34 28 23 21 21 23 2727 830S2 335 441217 5299999999999999 632 422027 2099999999999999
 32 37 40 42 43 41 39 38 38 39 42 46 49 51 51 49 45 39 33 27 23 21 22 2527 831S2 341 431331 5199999999999999 738 382112 2199999999999999
 29 34 38 41 42 41 38 35 33 33 35 39 43 47 49 50 48 44 39 32 27 23 22 2427 9 1S2 357 421441 5099999999999999 834 332153 2299999999999999
 28 32 37 40 42 41 39 35 31 29 29 32 36 41 45 47 48 47 43 38 32 28 25 2527 9 2S2 417 421549 4899999999999999 927 292230 2599999999999999
 28 32 36 40 42 43 41 37 32 28 26 27 29 34 39 43 45 46 45 42 37 33 30 2927 9 3S2 439 431656 46999999999999991019 2623 1 2999999999999999
 30 33 37 41 43 44 43 40 35 30 27 25 26 28 32 37 41 43 44 43 41 37 34 3327 9 4S2 5 0 4418 2 44999999999999991113 252323 3399999999999999
 33 35 38 42 45 46 46 44 40 34 30 26 25 25 28 32 36 39 41 42 42 40 38 3727 9 5S2 522 461912 42999999999999991211 252334 3699999999999999
 37 38 40 43 46 48 48 47 44 39 34 30 27 26 26 28 31 34 37 40 41 41 40 4027 9 6S2 543 482033 41999999999999991315 262326 3999999999999999
 40 41 42 45 47 49 50 49 47 44 39 35 31 29 27 27 29 31 33 36 38 40 41 4127 9 7S2 6 5 509999999999999999999991431 27999999999999999999999
 41 42 44 46 48 49 50 50 49 47 44 40 36 33 30 28 28 28 30 32 35 37 39 4127 9 8S2 630 509999999999999999999991556 28999999999999999999999
 42 43 44 46 47 48 49 50 49 48 46 43 40 37 33 31 28 27 28 29 31 34 37 3927 9 9S2 7 6 509999999999999999999991717 27999999999999999999999
 41 42 44 45 46 46 47 48 48 48 47 45 43 40 36 33 30 27 26 27 28 31 33 3627 910S2 810 489999999999999999999991820 26999999999999999999999
 39 41 42 43 43 43 44 44 45 46 46 45 44 42 39 35 31 28 25 25 25 27 30 3327 911S2 948 4699999999999999999999919 7 24999999999999999999999
 36 38 40 41 40 40 40 40 41 42 43 44 43 42 40 36 32 28 25 23 23 24 26 3027 912S2 325 411112 4499999999999999 617 401944 2399999999999999
 33 35 37 38 38 37 36 35 36 37 39 41 42 41 40 37 34 29 25 22 21 21 23 2627 913S2 312 381217 4299999999999999 7 4 352017 2199999999999999
 30 33 35 36 36 34 33 31 31 32 34 37 39 40 40 38 35 30 26 22 20 19 21 2427 914S2 318 361311 4099999999999999 739 312046 1999999999999999
 27 30 33 34 34 33 31 28 27 28 30 33 36 38 39 38 36 32 28 23 20 19 19 2227 915S2 331 3514 1 3999999999999999 813 272114 1999999999999999
 25 29 32 33 34 32 30 27 25 24 26 28 32 35 37 38 37 34 30 26 22 20 20 2127 916S2 344 341450 3899999999999999 847 242139 2099999999999999
 24 28 31 33 34 33 30 27 24 22 23 25 28 32 35 37 37 36 33 30 26 23 22 2327 917S2 356 341541 3899999999999999 922 2222 2 2299999999999999
 25 29 32 34 35 35 32 29 25 22 21 22 25 28 33 36 37 37 36 33 30 27 25 2627 918S2 4 4 351635 3899999999999999 959 212220 2599999999999999
 28 30 34 36 38 37 35 32 27 23 21 21 22 25 29 33 36 38 38 36 34 31 30 3027 919S2 412 381734 38999999999999991039 212235 2999999999999999
 31 33 37 39 41 41 39 36 31 27 23 21 21 23 26 30 34 36 38 38 37 35 34 3427 920S2 423 411842 38999999999999991124 212244 3399999999999999
 35 37 40 42 44 44 43 40 36 31 26 23 22 22 24 27 30 33 36 37 38 38 37 3727 921S2 440 4520 7 38999999999999991217 222244 3799999999999999
 38 40 42 45 47 48 47 44 41 36 31 27 24 22 23 24 26 30 33 35 37 38 39 3927 922S2 5 2 489999999999999999999991323 22999999999999999999999
 40 41 44 46 48 49 49 48 45 41 36 32 27 24 23 23 23 26 28 31 34 37 38 3927 923S2 531 499999999999999999999991446 22999999999999999999999
 41 42 44 46 47 49 49 49 48 45 41 37 32 28 25 23 22 22 24 27 30 33 36 3827 924S2 614 509999999999999999999991612 22999999999999999999999
 40 41 42 44 45 46 47 48 48 47 45 41 37 33 29 25 22 21 21 23 26 29 33 3627 925S2 730 489999999999999999999991726 20999999999999999999999
 38 40 41 41 41 42 43 44 45 45 45 44 42 38 34 29 25 21 19 20 22 25 29 3327 926S2 928 469999999999999999999991826 19999999999999999999999
 36 38 39 39 38 37 37 38 39 41 43 44 44 42 38 34 29 24 21 19 19 22 26 3027 927S2 224 391111 4499999999999999 546 371917 1999999999999999
 33 36 37 37 35 33 32 31 32 35 38 41 43 43 41 38 34 29 24 21 19 20 23 2827 928S2 220 371237 4399999999999999 650 3120 2 1999999999999999
 32 35 36 36 35 32 29 26 26 28 31 35 39 42 42 41 38 34 29 24 22 21 23 2627 929S2 230 361354 4299999999999999 741 262043 2199999999999999
 31 34 36 37 35 32 28 24 22 22 24 28 33 38 41 42 41 38 34 29 26 24 24 2727 930S2 247 3715 5 4299999999999999 829 222119 2499999999999999
 30 34 37 38 37 35 30 25 21 19 20 22 27 32 37 40 41 41 38 34 31 28 27 292710 1S2 3 7 381612 4199999999999999 917 192152 2799999999999999
 31 35 38 40 40 38 34 29 23 19 18 19 22 27 32 36 39 41 40 38 35 32 31 312710 2S2 329 401717 419999999999999910 6 182218 3199999999999999
 33 36 40 42 43 42 39 34 28 23 19 18 19 23 27 32 36 39 40 40 38 36 34 342710 3S2 353 431819 40999999999999991057 182237 3499999999999999
 36 38 41 44 45 45 43 39 33 28 23 20 19 21 24 28 32 35 38 39 39 38 37 372710 4S2 418 451924 40999999999999991151 192247 3799999999999999
 37 39 42 44 46 46 45 42 38 33 28 24 22 21 22 25 28 32 35 37 38 38 38 382710 5S2 444 469999999999999999999991250 21999999999999999999999
 38 40 42 44 46 46 46 44 41 37 33 28 25 23 23 23 25 28 31 33 36 37 37 382710 6S2 511 469999999999999999999991358 23999999999999999999999
 38 39 41 42 44 45 45 44 42 39 36 32 28 26 24 23 23 25 27 29 32 34 35 362710 7S2 539 459999999999999999999991515 23999999999999999999999
 37 38 39 40 41 42 42 42 41 39 37 34 31 28 25 23 22 22 23 25 28 30 32 342710 8S2 614 429999999999999999999991631 22999999999999999999999
 35 36 36 37 37 38 38 38 38 38 36 35 32 29 27 24 22 21 20 22 24 26 29 312710 9S2 725 389999999999999999999991734 20999999999999999999999
 32 33 34 34 33 33 33 33 34 34 34 34 32 30 27 24 22 19 18 18 20 22 25 27271010S2 225 34 930 3499999999999999 531 331822 1899999999999999
 29 30 31 30 29 28 28 28 29 30 31 32 31 30 28 25 22 19 17 16 17 19 22 25271011S2 154 3111 3 3299999999999999 622 281859 1699999999999999
 27 28 29 28 26 25 23 23 24 25 27 29 30 30 28 26 23 20 17 15 15 17 20 22271012S2 154 291214 3099999999999999 653 231930 1599999999999999
 25 26 27 26 25 22 20 19 19 21 23 26 28 29 29 27 25 21 18 16 15 16 18 21271013S2 2 0 271313 2999999999999999 722 191959 1599999999999999
 24 26 27 26 24 21 18 16 15 17 19 23 26 28 29 29 27 24 21 18 17 17 19 21271014S2 2 7 271410 2999999999999999 752 152025 1799999999999999
 24 26 27 27 25 22 19 15 13 14 16 19 23 27 29 30 30 28 25 22 20 19 20 23271015S2 214 2715 6 3099999999999999 825 132051 1999999999999999
 25 28 29 29 28 25 21 16 13 12 13 16 20 25 28 31 32 31 29 26 24 23 23 25271016S2 225 3016 5 3299999999999999 9 1 122114 2399999999999999
 28 30 32 33 31 28 24 19 15 12 12 14 17 22 26 30 32 33 32 31 28 27 27 28271017S2 241 3317 6 3399999999999999 940 122135 2799999999999999
 30 33 35 36 36 33 29 24 19 14 12 13 15 19 23 28 31 33 34 34 32 31 30 31271018S2 3 1 3618 8 34999999999999991024 122153 3099999999999999
 33 36 38 40 40 38 34 29 24 18 15 13 14 16 20 24 28 32 34 35 35 34 33 33271019S2 326 401915 35999999999999991113 1322 9 3399999999999999
 35 37 40 42 43 41 39 34 29 23 18 15 14 14 17 20 24 28 31 34 35 35 34 35271020S2 354 4399999999999999999999912 7 14999999999999999999999
 36 38 40 42 44 43 42 38 34 28 23 18 15 14 15 17 20 24 27 30 33 34 34 35271021S2 427 449999999999999999999991311 14999999999999999999999
 35 37 39 41 42 43 42 40 37 33 28 23 19 16 15 15 16 19 23 26 29 31 33 33271022S2 5 6 439999999999999999999991425 15999999999999999999999
 34 35 36 37 39 40 40 39 38 35 32 27 23 19 16 15 14 16 18 21 25 28 30 31271023S2 559 409999999999999999999991541 14999999999999999999999
 32 32 33 33 34 34 35 36 36 35 33 31 27 23 20 17 15 14 15 18 21 24 27 29271024S2 738 369999999999999999999991652 14999999999999999999999
 30 30 30 29 28 28 29 30 31 32 33 32 30 27 24 20 17 15 15 16 18 21 24 27271025S2 043 30 951 3399999999999999 449 281752 1499999999999999
 28 29 28 26 24 23 22 23 24 27 29 31 31 30 28 25 21 18 16 16 17 20 23 26271026S2 043 291140 3199999999999999 6 1 221843 1699999999999999
 28 28 27 25 22 19 17 17 18 20 24 27 30 31 30 28 26 22 19 18 18 20 23 26271027S2 054 281312 3199999999999999 651 171927 1899999999999999
 28 29 29 26 23 19 15 13 12 14 18 22 27 30 31 31 30 27 24 22 21 21 23 26271028S2 110 291431 3199999999999999 737 1220 5 2199999999999999
 29 31 31 29 26 21 16 12 10 10 13 17 22 27 30 32 32 31 28 26 24 24 25 28271029S2 130 311540 3299999999999999 821  92039 2499999999999999
 31 33 33 32 30 25 19 14 10  9 10 13 18 23 27 31 33 33 32 30 28 27 27 29271030S2 154 331641 3399999999999999 9 7  921 9 2799999999999999
 32 35 36 36 34 30 25 19 13 10  9 10 14 19 24 28 32 34 34 33 31 30 30 31271031S2 223 361737 3499999999999999 954  92135 2999999999999999
 33 35 38 38 37 35 30 24 18 14 11 10 12 16 20 25 29 32 34 34 33 31 31 322711 1S2 255 381830 34999999999999991042 102157 3199999999999999
 33 35 38 39 39 38 34 30 24 18 14 12 12 14 17 22 26 29 32 33 33 32 31 322711 2S2 328 401921 33999999999999991133 122219 3199999999999999
 33 34 37 39 39 39 36 33 28 23 18 15 13 13 15 18 22 25 28 31 32 31 31 312711 3S2 4 2 392013 32999999999999991225 132239 3199999999999999
 31 33 34 36 37 38 36 34 30 26 21 17 15 14 14 16 18 21 24 27 29 29 29 292711 4S2 435 389999999999999999999991320 14999999999999999999999
 29 30 31 33 34 34 34 33 30 27 23 19 16 14 13 14 15 17 20 23 25 26 27 272711 5S2 5 9 349999999999999999999991418 13999999999999999999999
 27 27 27 28 29 30 30 29 28 26 23 20 17 15 13 12 13 14 16 18 21 22 23 242711 6S2 548 309999999999999999999991517 12999999999999999999999
 24 24 24 24 24 24 25 25 25 24 22 20 18 15 13 12 11 11 13 14 17 19 20 212711 7S2 655 252344 21999999999999991614 11999999999999999999999
 21 21 20 20 19 19 19 20 20 21 20 19 18 16 14 12 10 10 10 12 14 16 18 192711 8S2 858 212358 1999999999999999 5 0 1917 4 1099999999999999
 19 19 18 17 15 14 14 15 16 17 18 18 17 16 15 13 11 10 10 10 12 14 16 182711 9S21044 18999999999999999999999 551 141746 1099999999999999
 18 18 17 15 13 11 10 10 11 13 15 17 17 17 16 15 13 11 10 11 12 14 16 18271110S2 0 6 181212 1799999999999999 624 101822 1099999999999999
 18 18 17 15 12  9  7  6  7  9 12 15 17 18 18 17 16 14 13 12 13 15 17 19271111S2 013 181329 1899999999999999 655  61854 1299999999999999
 20 20 18 16 13  9  6  4  4  6  9 13 17 19 20 20 20 18 16 15 15 17 19 21271112S2 025 201438 2199999999999999 727  41924 1599999999999999
 22 23 22 19 16 11  7  4  3  4  7 11 15 19 22 23 23 22 21 19 19 19 21 23271113S2 043 231541 2399999999999999 8 3  31954 1999999999999999
 25 26 26 24 20 16 10  6  3  2  4  8 13 17 21 24 26 26 25 23 22 22 24 26271114S2 1 8 261639 2699999999999999 844  22024 2299999999999999
 28 30 30 29 25 21 15 10  5  3  3  5  9 14 19 23 26 28 28 27 26 25 26 28271115S2 140 301735 2899999999999999 928  22054 2599999999999999
 30 32 34 33 31 27 21 15  9  5  3  4  6 11 16 21 25 28 29 29 28 27 27 28271116S2 215 341827 29999999999999991017  32125 2799999999999999
 31 33 35 36 35 32 27 21 15  9  5  3  4  7 12 17 21 25 28 29 29 28 27 28271117S2 254 361918 299999999999999911 9  32156 2799999999999999
 30 32 35 36 36 35 31 26 20 14  8  5  4  5  8 12 17 21 25 27 28 27 27 27271118S2 335 3720 7 289999999999999912 2  42232 2799999999999999
 28 30 32 34 35 35 33 29 24 19 13  8  5  4  5  8 12 16 20 23 25 26 25 25271119S2 420 352055 26999999999999991258  42319 2599999999999999
 25 26 28 29 31 32 32 30 27 22 17 12  8  6  5  6  9 12 16 19 22 23 24 23271120S2 512 322137 24999999999999991356  5999999999999999999999
 22 22 23 24 25 27 27 27 26 23 20 16 12  9  7  6  7 10 13 16 19 21 22 21271121S2 621 272211 2299999999999999 033 221456  699999999999999
 20 19 19 19 19 20 21 22 23 22 21 19 16 13 10  9  8  9 11 14 17 19 20 20271122S2 812 232238 2199999999999999 257 191556  899999999999999
 20 18 16 15 14 13 14 15 17 19 19 19 18 16 14 13 11 11 11 13 16 18 20 21271123S21021 2023 2 2199999999999999 449 131654 1199999999999999
 20 18 16 13 10  9  8  9 11 14 16 18 19 19 18 17 15 14 14 14 16 18 20 22271124S21227 192325 2299999999999999 554  81748 1499999999999999
 22 20 17 14 10  7  4  4  5  8 12 15 18 20 21 20 19 18 17 17 18 20 22 23271125S21411 212350 2499999999999999 645  41835 1799999999999999
 24 23 21 17 12  8  4  2  2  4  7 12 16 19 22 23 23 22 21 20 20 21 23 25271126S21525 23999999999999999999999 731  11915 2099999999999999
 26 26 25 21 17 11  6  2  1  1  4  8 13 17 21 24 25 25 24 23 22 23 25 27271127S2 021 271622 2599999999999999 815  11951 2299999999999999
 28 29 28 26 22 17 11  6  2  1  2  5 10 15 19 23 25 26 26 25 24 24 25 27271128S2 057 2917 8 2699999999999999 9 1  12025 2499999999999999
 29 31 31 30 27 22 16 10  6  3  2  4  7 12 17 21 24 26 27 26 25 25 25 27271129S2 136 311748 2799999999999999 947  22059 2599999999999999
 29 31 32 32 30 26 22 16 10  6  3  3  5  9 13 18 22 25 26 26 25 24 24 25271130S2 219 321824 26999999999999991033  32135 2499999999999999
 27 29 31 32 31 29 25 20 14  9  5  4  4  6 10 14 18 22 24 25 24 23 22 232712 1S2 3 1 321858 25999999999999991119  42211 2299999999999999
 24 26 28 30 30 29 26 22 17 12  7  4  3  4  7 11 14 18 21 22 22 21 20 202712 2S2 342 301931 229999999999999912 2  32249 2099999999999999
 21 22 24 26 27 27 25 22 18 13  9  5  3  3  4  7 10 14 17 19 20 19 18 172712 3S2 421 2720 4 20999999999999991242  32331 1799999999999999
 17 18 19 21 22 23 22 20 18 14  9  6  3  2  2  4  7 10 13 15 16 16 16 142712 4S2 5 0 232036 16999999999999991319  2999999999999999999999
 14 14 15 16 17 18 18 17 16 13 10  6  3  2  1  2  4  7  9 12 13 14 13 122712 5S2 543 1821 6 1499999999999999 023 141352  199999999999999
 11 11 11 11 12 12 13 13 13 11  9  7  4  2  2  2  3  5  7  9 11 12 12 112712 6S2 643 132130 1299999999999999 144 111423  299999999999999
 10  8  8  7  7  7  8  9  9  9  8  7  5  4  3  3  3  4  6  8 10 11 11 102712 7S2 819 102148 1199999999999999 336  71453  399999999999999
  9  8  6  4  3  3  4  5  6  7  8  8  7  6  5  5  5  5  7  8 10 11 12 112712 8S21014  822 5 1299999999999999 452  31526  599999999999999
 10  8  6  4  2  0  0  1  3  5  7  8  9  9  8  8  8  8  9 10 11 13 14 142712 9S21227  92227 1499999999999999 542  016 7  899999999999999
 13 11  8  5  2 -1 -2 -2  0  2  5  8 10 11 12 12 11 11 12 12 14 15 17 17271210S22257 17999999999999999999999 623 -2999999999999999999999
 17 15 12  8  4  0 -3 -4 -3 -1  3  7 10 13 14 15 15 15 15 15 16 18 20 21271211S22334 21999999999999999999999 7 5 -4999999999999999999999
 21 19 17 13  8  3 -1 -4 -5 -3  0  4  9 13 16 18 19 19 18 18 19 20 22 24271212S21627 19999999999999999999999 749 -51848 1899999999999999
 25 24 22 19 14  8  3 -2 -5 -5 -3  1  6 11 15 18 21 21 21 20 20 21 23 25271213S2 017 2517 6 2199999999999999 836 -51938 2099999999999999
 27 28 27 24 20 15  8  2 -3 -5 -5 -2  2  8 13 17 20 22 23 22 21 21 22 24271214S2 1 5 281743 2399999999999999 926 -52026 2199999999999999
 27 29 30 29 26 21 15  8  1 -3 -5 -5 -2  3  9 14 18 21 23 22 21 20 21 22271215S2 156 301817 23999999999999991017 -52114 2099999999999999
 25 28 30 30 29 25 20 14  7  0 -4 -5 -4 -1  4 10 15 18 21 22 21 19 18 19271216S2 248 301850 229999999999999911 7 -522 3 1899999999999999
 21 24 27 29 29 27 24 19 12  5 -1 -4 -5 -4  0  5 10 15 18 20 19 18 16 16271217S2 342 291921 20999999999999991155 -52255 1699999999999999
 16 18 21 24 26 26 24 21 16 10  4 -1 -3 -4 -2  2  6 11 15 17 18 17 15 13271218S2 437 261950 18999999999999991240 -42355 1399999999999999
 13 13 15 17 20 21 22 20 17 13  8  3  0 -2 -2  1  4  8 12 15 16 16 14 12271219S2 539 222017 16999999999999991322 -2999999999999999999999
 10  9 10 11 13 15 16 17 16 14 11  7  4  2  1  2  4  7 10 13 15 15 14 12271220S2 655 172042 1599999999999999 112  914 0  199999999999999
  9  7  6  6  6  8 10 11 12 13 12 10  8  6  5  5  6  8 10 13 15 16 15 13271221S2 838 1321 7 1699999999999999 250  61434  599999999999999
 11  8  5  3  2  2  3  5  7  9 10 11 10 10  9  9  9 10 12 14 16 17 17 16271222S21055 112133 1799999999999999 426  215 0  999999999999999
 13 10  7  3  1 -1 -1  0  2  5  8 10 11 12 13 13 13 13 14 16 17 18 19 19271223S222 4 19999999999999999999999 540 -1999999999999999999999
 17 14 10  6  2 -1 -3 -3 -2  1  5  8 11 13 15 16 16 16 17 17 19 20 21 21271224S22244 21999999999999999999999 638 -3999999999999999999999
 20 18 15 11  6  2 -2 -4 -4 -2  1  5  9 13 16 18 18 19 19 19 20 21 22 23271225S22331 24999999999999999999999 729 -4999999999999999999999
 23 22 20 16 11  6  1 -2 -4 -3 -1  3  7 11 15 18 19 20 20 20 20 21 22 24271226S29999999999999999999999999999 817 -4999999999999999999999
 25 25 23 21 16 11  6  1 -2 -4 -3  0  4  9 13 17 19 20 20 20 19 20 21 23271227S2 023 251720 2099999999999999 9 2 -41955 1999999999999999
 25 26 25 24 20 16 10  5  0 -3 -3 -2  2  6 10 14 17 19 19 19 18 18 18 20271228S2 116 261738 2099999999999999 946 -32042 1899999999999999
 22 24 25 25 23 19 14  8  3 -1 -3 -3 -1  3  7 11 15 17 18 17 16 15 15 16271229S2 2 8 251759 18999999999999991028 -42126 1599999999999999
 19 21 23 24 23 20 16 11  5  0 -3 -4 -4 -1  3  8 11 14 16 16 14 13 12 12271230S2 255 241822 169999999999999911 6 -422 7 1299999999999999
 14 16 19 21 21 19 17 12  7  1 -3 -5 -6 -4 -1  4  8 11 13 13 12 10  9  8271231S2 340 211844 13999999999999991139 -62246  899999999999999
