 84 77 73 72 77 88102116128133131123109 93 77 63 54 51 54 61 70 79 86 9027 1 1SD 913134999999999999999999999 237 7217 1 5199999999999999
 91 90 88 87 88 93102114125133135131122107 90 72 57 46 41 42 49 60 71 8327 1 2SD 0 0 92 95213599999999999999 311 871816 4199999999999999
 92 98100100 99 99103110119127133135131121106 87 67 49 37 31 32 41 54 7027 1 3SD 223100104613599999999999999 422 991917 3199999999999999
 86 98107110110107106107112119127133135131121104 83 60 40 26 21 25 37 5427 1 4SD 315111115113599999999999999 6 410620 5 2199999999999999
 74 93108116118115110107107111118127134137132120100 75 50 29 16 13 21 3727 1 5SD 349118125413799999999999999 7311062047 1399999999999999
 59 82103117123122116109104104109118129137140133117 93 66 39 19  8  9 2127 1 6SD 418123134714099999999999999 8331032125  799999999999999
 42 68 92112123126121112103 98100108120133142142131111 83 54 27  9  3  927 1 7SD 446126143214399999999999999 918 9822 0  399999999999999
 27 52 79103119126124115105 96 93 97109124138145141126101 71 41 17  3  227 1 8SD 513126151214599999999999999 955 932233  199999999999999
 15 37 65 92113124126119107 96 88 88 97112129141145137117 89 58 30 10  227 1 9SD 5391261549145999999999999991029 8723 4  299999999999999
  8 27 52 80104120126122111 98 87 82 86 99116132142141128104 75 46 22  927 110SD 6 312616251439999999999999911 3 822332  799999999999999
  8 21 43 70 95115125124115101 88 78 77 86101118132138132116 91 63 38 2027 111SD 62612617 2138999999999999991137 772359 1499999999999999
 14 21 38 62 88110123126120107 91 78 72 75 86102118129130121103 79 55 3627 112SD 6491261740131999999999999991214 72999999999999999999999
 25 26 38 59 82105121127124113 97 82 70 67 72 84100114121120110 92 71 5327 113SD 710128182312299999999999999 025 241254 6799999999999999
 40 37 44 59 79100118128128119105 88 73 64 62 69 81 94106112109100 85 7027 114SD 732129191311299999999999999 050 371340 6299999999999999
 58 52 54 64 80 98115127130125113 96 79 65 57 57 63 73 85 96101100 93 8427 115SD 754130202010199999999999999 115 511437 5699999999999999
 75 69 68 73 84 98113125131130121107 90 73 59 51 49 53 62 73 84 91 93 9227 116SD 82013122 8 9399999999999999 140 671548 4999999999999999
 89 85 84 85 91100111122130132128118103 86 68 53 42 38 40 48 59 72 83 9127 117SD 852132999999999999999999999 2 4 841710 3899999999999999
 96 98 99 99101105112120127132133128118103 85 65 46 32 24 24 32 46 62 7827 118SD 9371339999999999999999999991828 23999999999999999999999
 92103109112112112114118123128133134131122107 86 62 39 20 10  9 17 34 5627 119SD10511349999999999999999999991935  8999999999999999999999
 78 97111119122120117116117121127134138137129112 88 59 31  8 -4 -5  7 2827 120SD 357122122113999999999999999 7 31162033 -699999999999999
 55 82104120127126121115111112117126136144145136116 88 54 22 -2-15-13  327 121SD 423127133714699999999999999 8271112123-1699999999999999
 29 60 90113126130125116107102103111125139150151141118 85 48 15 -9-19-1327 122SD 450130143815299999999999999 92010122 7-1999999999999999
  8 38 71101121130128118105 94 89 93106124142153154141114 80 42 10-11-1527 123SD 51613015331559999999999999910 4 892247-1699999999999999
 -4 22 54 87113128130121106 90 79 76 84101122141152150135107 72 38 10 -427 124SD 5401301623153999999999999991045 762323 -699999999999999
 -3 15 43 76105124131126111 92 74 64 65 77 97119137146141124 97 65 36 1627 125SD 6 21311711146999999999999991126 632355  999999999999999
  9 18 40 69 98121133131119 99 78 61 53 57 72 92113129134128111 87 61 4027 126SD 62313417581349999999999999912 9 53999999999999999999999
 28 29 44 67 94118133136127109 87 66 51 47 53 68 87105117119112 98 79 6127 127SD 644137184712099999999999999 023 271253 4799999999999999
 48 45 53 70 93115132139135120100 77 58 46 44 51 65 80 94103104 99 88 7627 128SD 7 7140194010599999999999999 048 451342 4499999999999999
 66 61 64 76 93112129139139130112 92 71 55 46 44 50 60 72 83 90 92 89 8427 129SD 7321402052 9299999999999999 1 8 611440 4499999999999999
 79 76 77 83 94109124135139135123106 87 70 55 47 44 47 54 64 72 79 84 8627 130SD 8 0139999999999999999999999 121 761554 4499999999999999
 87 87 88 91 98107118127133134128117102 86 71 57 47 42 43 47 55 64 73 8127 131SD 8351349999999999999999999991727 42999999999999999999999
 88 94 97100102106112119125128128123115103 88 72 57 45 37 35 39 47 59 7227 2 1SD 9271299999999999999999999991852 35999999999999999999999
 84 95103107108108109111115119123124122116105 90 72 54 39 29 27 31 42 5827 2 2SD10581249999999999999999999991952 27999999999999999999999
 76 92105112114112108105105108114120124125120108 90 68 47 30 20 19 27 4327 2 3SD 352114123712599999999999999 7311052037 1899999999999999
 63 84102114118116110103 98 98103112121129130123108 86 60 37 19 11 14 2827 2 4SD 4 7118134213099999999999999 833 972114 1199999999999999
 49 73 95112120120113103 93 89 91100113126134134124104 77 49 25 10  7 1627 2 5SD 426121142913699999999999999 912 892147  699999999999999
 35 60 86107120123116104 92 82 80 87101118132139135120 95 65 37 16  5  827 2 6SD 445123151014099999999999999 945 802216  599999999999999
 24 49 76101118125120108 92 79 71 74 86104124137141132111 83 53 27 11  827 2 7SD 5 41251548141999999999999991016 712244  799999999999999
 18 40 68 95115126124113 96 78 65 62 70 88109128139138124100 70 43 22 1327 2 8SD 5221271625140999999999999991048 6223 9 1399999999999999
 18 35 61 89112126128119101 81 64 54 57 70 91113130137131113 87 60 37 2427 2 9SD 54012917 2137999999999999991119 542333 2299999999999999
 23 35 57 84108125131125108 87 66 51 47 54 72 94115128130120101 77 54 3827 210SD 5581311741131999999999999991152 472356 3399999999999999
 33 40 58 81105124133130116 95 72 53 42 43 54 73 95113122121109 91 71 5527 211SD 6161331823123999999999999991227 41999999999999999999999
 47 49 62 81103122133134124105 81 59 43 37 41 54 73 92106113110 99 85 7127 212SD 634135191011399999999999999 017 4713 6 3799999999999999
 63 62 69 84102120132136130114 93 71 51 38 35 40 53 69 85 96101 99 92 8427 213SD 653136201110199999999999999 037 611354 3599999999999999
 77 75 79 89103118130136134123106 85 65 48 37 34 37 47 60 73 84 90 91 9027 214SD 7161362157 9199999999999999 052 751458 3499999999999999
 88 88 90 96105116126133134129118102 84 65 49 38 31 32 38 48 60 71 81 8827 215SD 744135999999999999999999999 045 881628 3199999999999999
 93 97100104109115122127131130125116103 88 70 53 38 27 22 25 33 46 61 7627 216SD 82513199999999999999999999918 8 22999999999999999999999
 89100107111113115117119122125126125120111 96 77 56 35 20 11 12 21 37 5727 217SD10 61269999999999999999999991927 10999999999999999999999
 78 96109116118116113110110113118124128128121106 83 57 31 11  1  2 14 3527 218SD 351118122712999999999999999 7341102025  099999999999999
 61 85106118122118111103 97 97102113125135137131113 86 54 25  4 -6 -1 1627 219SD 358122135013899999999999999 834 962111 -699999999999999
 43 72 98116124122112 98 86 80 82 93110128141145136115 84 50 20  0 -5  527 220SD 414125144914599999999999999 916 802151 -599999999999999
 28 58 89113126126116 99 81 67 63 70 86109131145148136111 79 45 18  3  527 221SD 432128154114899999999999999 954 632225  299999999999999
 21 49 80108126131122104 81 61 49 48 61 83109132145144129103 72 42 21 1427 222SD 4511311628146999999999999991031 472256 1499999999999999
 23 45 74104126135130113 89 63 43 34 39 57 82109129139135118 93 66 43 3027 223SD 51013517131399999999999999911 8 342324 2999999999999999
 31 47 72100124138138124100 72 47 30 26 36 57 82107124129122106 84 63 4827 224SD 5291401756129999999999999991146 262348 4499999999999999
 44 53 73 98122138143134113 86 58 36 24 25 38 59 82102115116109 95 78 6527 225SD 5501431841117999999999999991224 23999999999999999999999
 58 62 76 96118135144140124101 74 49 32 25 30 43 62 81 96104104 97 87 7727 226SD 612144192810599999999999999 0 9 5813 5 2599999999999999
 71 71 80 95113130140141132113 90 66 46 34 31 36 48 62 76 87 93 93 89 8427 227SD 6371422029 9399999999999999 027 701351 3199999999999999
 81 81 85 95108122133137133121103 83 64 49 40 38 41 50 60 70 78 83 86 8727 228SD 7 3137999999999999999999999 036 801451 3899999999999999
 87 88 91 97105114123129129123112 97 82 67 55 47 43 43 47 54 62 71 78 8427 3 1SD 7341309999999999999999999991622 42999999999999999999999
 89 94 97100104108114118120119115107 97 85 73 61 50 43 40 42 47 56 66 7727 3 2SD 8171209999999999999999999991811 40999999999999999999999
 88 96102105105105106107109111112111108101 91 78 63 50 39 34 34 41 52 6727 3 3SD10 51129999999999999999999991924 33999999999999999999999
 82 96105109109105101 98 97100105110113113107 96 80 61 44 31 26 28 39 5527 3 4SD 321110122511399999999999999 738 972012 2599999999999999
 74 92106113113107 99 91 86 87 93102112119119112 97 77 55 36 23 20 27 4327 3 5SD 330114133612099999999999999 823 862048 2099999999999999
 64 86104115117111100 87 77 74 79 90105118126125114 94 70 46 27 17 20 3327 3 6SD 344117142512799999999999999 856 742119 1799999999999999
 54 78101116121116103 86 71 63 63 74 91111126133128112 88 61 37 22 18 2727 3 7SD 35912115 613399999999999999 926 622148 1899999999999999
 46 71 96115124121108 88 69 54 49 56 74 96118133136126105 79 52 32 22 2627 3 8SD 415124154513699999999999999 955 492214 2299999999999999
 42 66 92114127127115 94 70 50 39 40 54 77103125136134120 96 70 47 32 3027 3 9SD 4311281623137999999999999991025 372239 2999999999999999
 41 62 88112128132122102 76 51 33 27 35 56 83109128135129111 87 64 46 3927 310SD 44713217 1135999999999999991055 2723 4 3999999999999999
 45 62 85110128135130112 85 57 34 21 22 36 60 88112127130120102 81 62 5227 311SD 5 51351741130999999999999991127 192326 5199999999999999
 53 65 85107127137136121 97 68 41 22 15 21 40 65 91111121120110 94 78 6627 312SD 52313818241229999999999999912 1 152347 6399999999999999
 63 71 86105124137139130109 82 54 31 17 15 25 44 67 89105112109100 89 7927 313SD 5421401913112999999999999991240 14999999999999999999999
 75 78 89105121134140135120 97 71 47 28 18 19 29 45 65 82 95100 99 94 8927 314SD 6 4140201710099999999999999 0 5 751326 1799999999999999
 85 87 93104118129136136127111 89 67 47 31 23 23 31 43 58 72 83 89 92 9227 315SD 629137999999999999999999999 016 851429 2299999999999999
 93 94 98105114123129132129120105 88 70 53 39 29 26 29 37 48 61 73 82 9027 316SD 65913299999999999999999999916 2 26999999999999999999999
 95100103107111115119122123121114105 93 79 63 47 34 26 24 29 39 52 67 8127 317SD 7461239999999999999999999991749 24999999999999999999999
 93102108109109108108108110112114114110103 90 73 54 36 23 18 21 33 50 6927 318SD 317109102611499999999999999 55810819 7 1899999999999999
 87102111113110104 97 93 92 96103111118119114101 81 57 35 20 14 19 34 5627 319SD 253113124812099999999999999 741 9220 2 1499999999999999
 79 99112118114104 91 80 74 74 83 97112124129124108 84 57 33 18 15 24 4427 320SD 3 311814 112999999999999999 823 732045 1599999999999999
 69 94113122120108 90 72 58 53 59 73 94115131136129110 83 55 33 21 23 3827 321SD 319123145613699999999999999 9 0 532122 2099999999999999
 62 89112126127116 96 72 50 37 36 48 69 95120136139129107 80 54 35 30 3827 322SD 336128154513999999999999999 936 352154 3099999999999999
 58 84110128134126106 79 51 30 20 25 43 70 99123136136123101 76 54 42 4427 323SD 3551341630138999999999999991011 202224 4199999999999999
 58 81107129139136119 91 61 33 15 11 22 44 73102123133129114 94 73 58 5327 324SD 4161401713133999999999999991046 102251 5399999999999999
 61 80104127141143130106 75 44 19  7  9 25 50 79104120125119105 87 72 6427 325SD 4381441754125999999999999991121  62316 6499999999999999
 67 80100122139145139119 91 60 32 13  7 15 33 58 83103114116108 96 84 7527 326SD 5 11451837116999999999999991156  72339 7399999999999999
 73 81 97116133143142129106 77 49 27 15 14 24 43 64 84 99106105 99 91 8327 327SD 5261441922107999999999999991233 13999999999999999999999
 80 84 94109125136140133116 93 68 45 29 22 24 35 50 68 83 93 98 97 93 8927 328SD 5521402020 9899999999999999 0 0 801314 2199999999999999
 86 87 93103115126132131121104 84 63 47 35 31 34 43 54 67 78 86 90 92 9227 329SD 620133999999999999999999999 017 8614 5 3199999999999999
 91 92 94100107116121123119110 96 80 65 53 44 40 41 46 54 63 73 81 87 9127 330SD 6511239999999999999999999991518 40999999999999999999999
 94 96 98 99102106110112112109102 93 82 71 60 51 45 43 45 51 59 69 79 8827 331SD 73211399999999999999999999917 1 43999999999999999999999
 95100102102100 99 99100102103102100 95 87 78 66 55 46 41 42 47 57 70 8327 4 1SD 215102 92210399999999999999 533 991828 4199999999999999
 94103106105101 95 90 87 88 92 97101103101 95 84 70 55 44 38 39 46 60 7627 4 2SD 21710712 410399999999999999 717 871923 3799999999999999
 91104111110104 94 84 76 73 77 85 95105110109101 87 69 53 40 35 39 51 6827 4 3SD 229111132311199999999999999 756 7320 4 3599999999999999
 87104114116109 96 81 67 59 60 68 83 99112119116105 87 66 49 38 37 45 6227 4 4SD 243116141511999999999999999 827 582038 3699999999999999
 82102116121116101 82 62 48 43 49 65 86106121127121105 84 63 47 40 43 5727 4 5SD 259121145912799999999999999 857 4321 9 3999999999999999
 78100117126123109 87 62 41 29 30 43 66 92115129131121103 80 61 48 47 5627 4 6SD 315126154013299999999999999 927 282139 4699999999999999
 75 97117130130118 95 67 41 21 15 22 43 71100123134132118 98 77 61 54 5927 4 7SD 333132162113599999999999999 958 1522 7 5499999999999999
 74 95116132136128107 78 47 21  6  6 21 47 78107127134128113 94 76 65 6527 4 8SD 35313717 2134999999999999991030  42233 6499999999999999
 75 93114131140137120 92 60 29  7 -2  4 24 53 84110126129121106 90 78 7327 4 9SD 41414117461299999999999999911 5 -22259 7399999999999999
 78 92111129141142131108 77 44 17  0 -3  8 31 59 87109120120113101 89 8327 410SD 4371431833121999999999999991143 -42323 8299999999999999
 84 93108125138144138121 95 64 35 12  1  2 15 37 62 86103111111105 97 9127 411SD 5 21441928112999999999999991225 -12345 8999999999999999
 89 94105119132140140130111 85 58 33 15  7 10 22 41 62 81 94102103100 9727 412SD 5301412043103999999999999991315  7999999999999999999999
 95 97103112123132135132121103 81 58 38 24 17 19 28 42 59 74 87 95 98 9927 413SD 6 3135999999999999999999999 0 5 951418 1799999999999999
 99 99102106113119124125121112 99 82 65 48 35 27 26 31 41 55 70 83 92 9927 414SD 6461259999999999999999999991543 26999999999999999999999
102103103102103105108111112111107100 89 75 60 46 36 31 33 41 54 69 84 9627 415SD 8111129999999999999999999991714 31999999999999999999999
104107106102 97 93 91 92 95100104106105 99 87 72 55 42 35 35 43 58 75 9227 416SD 11510711 810699999999999999 615 911827 3499999999999999
104111112106 96 85 76 71 73 79 90101110113109 97 80 62 46 38 40 50 67 8727 417SD 133113125911399999999999999 718 711922 3899999999999999
104115119113100 83 67 55 51 55 67 85102116121118104 85 65 50 44 48 62 8227 418SD 15311914 712299999999999999 8 0 5120 6 4499999999999999
102118126123110 89 66 46 34 32 42 61 84106122128123107 87 68 55 52 61 7827 419SD 21512615 012899999999999999 838 322044 5299999999999999
 99119131132122100 73 46 26 16 20 36 60 88112128132123107 87 70 61 63 7627 420SD 237133154813299999999999999 914 162119 6199999999999999
 96117133140133114 86 55 28 10  5 15 36 65 94118130131121104 86 73 69 7627 421SD 3 1140163213299999999999999 949  52151 6999999999999999
 92113132143142128102 70 38 13  0  1 17 43 73101121129126115 99 85 77 7827 422SD 3261441714130999999999999991024 -12222 7699999999999999
 90107127141146138117 87 55 25  5 -2  5 25 52 81105120125120108 95 85 8227 423SD 3531461755125999999999999991058 -22251 8299999999999999
 88102119136145143129104 73 42 18  4  3 15 36 62 87107117118112102 92 8627 424SD 4211461836119999999999999991134  12320 8699999999999999
 88 97111127139143135116 90 61 35 16  8 12 27 48 71 91105111111105 97 9127 425SD 4501431920112999999999999991210  82350 8999999999999999
 89 93104117130137135124104 79 54 34 21 17 24 38 57 75 91102106104100 9527 426SD 5211372012106999999999999991249 17999999999999999999999
 92 92 98108118127129125112 93 72 52 37 28 28 35 47 62 77 90 98101101 9827 427SD 553130212110299999999999999 022 911334 2799999999999999
 96 94 96100107115119119113101 86 69 55 43 38 38 43 53 65 78 89 9610010127 428SD 630120225310199999999999999 1 5 941430 3799999999999999
100 98 96 96 99102107109109104 95 84 72 60 51 46 45 49 57 67 79 89 9810227 429SD 721109999999999999999999999 230 961542 4599999999999999
104103100 96 93 92 93 95 98 99 98 94 87 78 68 59 52 50 52 59 70 82 9410327 430SD 0 2104 9 1 9999999999999999 456 9217 2 5099999999999999
108108105 98 90 83 80 80 83 89 94 97 97 93 85 75 65 57 53 55 63 75 8910127 5 1SD 0391091127 9899999999999999 627 7918 9 5399999999999999
110114111103 91 78 68 64 66 73 83 94102105102 94 82 69 60 57 60 70 84 9927 5 2SD 1 411413 110599999999999999 713 6419 1 5799999999999999
112119118110 95 77 61 50 47 53 66 83 99110115111100 86 72 63 61 67 80 9627 5 3SD 12711914 211599999999999999 749 471945 6199999999999999
112122125119103 81 59 40 31 32 44 64 87107120124118105 89 75 68 69 78 9427 5 4SD 149126145112499999999999999 823 302024 6799999999999999
111125132128114 90 63 37 20 14 21 40 67 94116129130121106 91 79 74 79 9227 5 5SD 211132153713199999999999999 857 1421 0 7499999999999999
109125136137126104 74 43 17  2  2 16 41 72101123134132121106 92 83 83 9127 5 6SD 236138162213499999999999999 932  02134 8299999999999999
106124138144138120 91 57 25  1 -9 -4 16 46 78107126134130119105 94 89 9227 5 7SD 3 314417 8134999999999999991010 -922 6 8999999999999999
103120136147147134110 77 42 12 -8-13 -3 20 51 83109125130125115103 95 9427 5 8SD 3321481756130999999999999991050-132238 9499999999999999
101115131144150145127100 66 33  6-10-10  3 27 57 86108121124119110102 9727 5 9SD 4 41501848124999999999999991134-122311 9799999999999999
100109122136146148139119 90 59 29  7 -5 -2 12 35 61 8610511511711310610127 510SD 4401491945117999999999999991220 -52348 9999999999999999
 99103113125136143141130110 84 57 32 13  5  9 22 42 65 8610211011210910427 511SD 5201432048112999999999999991312  5999999999999999999999
100 99104112121129134131120103 82 60 39 25 18 21 33 50 69 8710110811010727 512SD 6 9134215111099999999999999 038 991410 1899999999999999
103 99 97 99104111117121119112100 84 66 50 38 32 34 43 58 75 9110311011127 513SD 714121224511199999999999999 156 971515 3299999999999999
108102 96 91 90 92 96102106108106100 89 76 63 51 45 46 54 67 83 9810911427 514SD 859108232711599999999999999 354 901623 4599999999999999
114109 99 89 80 75 75 78 85 94100104103 97 87 75 64 57 57 65 78 9310711727 515SD1119104999999999999999999999 539 741728 5699999999999999
121118108 94 79 66 58 56 61 72 85 97106109106 97 85 74 67 68 76 8910511827 516SD 0 212113 210999999999999999 644 561826 6799999999999999
126127120105 85 65 48 39 39 47 62 81 98111117115105 93 82 76 78 8710111727 517SD 035128141211799999999999999 732 381916 7599999999999999
129135131118 97 72 49 31 23 26 39 59 83104118124121110 98 87 83 87 9811327 518SD 1 813515 712499999999999999 814 2220 2 8399999999999999
128138140131112 86 58 32 16 11 19 37 62 88111125129124112100 91 89 9510827 519SD 141141155412999999999999999 853 112045 8999999999999999
123137145142127103 73 43 19  5  5 18 41 69 97118129130123111100 93 9410227 520SD 214145163713199999999999999 930  42125 9299999999999999
117132144147139119 91 59 30  9  1  6 24 50 79104122130128120108 98 94 9827 521SD 24814817171319999999999999910 7  122 2 9499999999999999
109124139148146132108 78 47 21  5  2 12 33 60 88110124128124114104 96 9527 522SD 3221481755128999999999999991043  12238 9599999999999999
102115130143147141123 96 66 37 16  5  8 22 45 71 96114123124118108 99 9527 523SD 3561471833124999999999999991119  52313 9599999999999999
 97106120134143143132111 84 56 32 16 11 18 34 57 81101115120118111103 9627 524SD 4311441912120999999999999991155 112349 9499999999999999
 94 99109122134139135121100 75 50 31 20 20 29 47 68 88105114117114107 9927 525SD 5 61391953117999999999999991232 19999999999999999999999
 94 95100110122130131125110 90 68 48 34 28 31 42 58 77 9410711411511010427 526SD 544132203511599999999999999 030 941310 2899999999999999
 97 94 94100108117122121114100 83 65 50 40 38 42 54 69 8510011011411410927 527SD 626123211911599999999999999 121 931351 3899999999999999
102 96 92 92 96102108112111105 94 80 67 56 49 49 54 65 78 9310511311611427 528SD 72111222 211699999999999999 230 911438 4899999999999999
108100 93 87 85 87 92 98102103100 93 83 73 65 60 60 65 75 8710011111811927 529SD 843103224411999999999999999 359 851533 5999999999999999
115107 97 87 78 74 75 80 87 94 99 99 96 90 83 75 71 70 75 84 9610811812327 530SD1042100232112399999999999999 521 741636 7099999999999999
122115104 90 76 65 59 60 68 78 90 99104105100 93 86 81 80 84 9310511712527 531SD1234105235712899999999999999 619 591741 8099999999999999
128124113 97 78 60 47 42 46 57 73 90104113115111104 95 89 88 9310311512627 6 1SD1352115999999999999999999999 7 5 421840 8899999999999999
133133125109 87 63 42 28 25 33 49 71 93111122125120112102 97 9610211212527 6 2SD 032134145012599999999999999 748 251933 9699999999999999
135140137124102 74 46 23 11 11 23 46 73 9911913013212611610710210311012227 6 3SD 1 8140154213399999999999999 830  9202110299999999999999
135145147139120 92 60 30  7 -3  1 19 46 7610412513513612811811010610811827 6 4SD 145147163113799999999999999 913 -321 610699999999999999
131144152151139115 83 48 17 -4-11 -3 18 49 8110912813613512711711010811227 6 5SD 226153171913799999999999999 958-11214910799999999999999
124138151157153136109 74 39  9-10-13 -2 23 54 8611212913413112311410810827 6 6SD 3 815718 7135999999999999991044-14223110799999999999999
115127142154158151131102 67 33  6 -9 -9  6 31 62 9111412713112611710910427 6 7SD 3531581852131999999999999991131-11231510499999999999999
106114128143153155145125 96 63 33 10 -1  2 18 43 71 9711612612612011110327 6 8SD 4401551934127999999999999991217 -2999999999999999999999
 99102111125138146146136117 91 62 37 18 11 17 33 57 8210411912512311510527 6 9SD 531148201212599999999999999 0 5 9913 3 1199999999999999
 96 93 96105117128135135126110 88 65 45 31 28 35 51 72 9411212312512011027 610SD 629136204612599999999999999 1 2 931348 2899999999999999
 99 90 86 87 95104114121122116104 88 71 56 47 47 55 70 8810712112712611827 611SD 738123211912899999999999999 210 851433 4699999999999999
106 93 83 77 76 81 90 99107110108102 92 80 70 64 65 73 8710311812913212727 612SD 9 9110215413299999999999999 332 761521 6499999999999999
117103 88 75 66 64 67 75 85 95102105104 99 91 84 80 82 8910111512813513527 613SD1112105223313699999999999999 456 641614 8099999999999999
129116100 82 66 54 50 53 61 74 87 98106109108102 96 93 9510111212413514027 614SD13 8109231714099999999999999 6 7 501714 9399999999999999
138130115 95 74 55 42 37 41 51 67 8410011111711711210610210310911913013927 615SD1426118999999999999999999999 7 5 37181910299999999999999
143140129111 88 64 44 30 27 32 47 66 8710611912512411811210710811412413527 616SD 0 5143152012699999999999999 754 26192310799999999999999
143146141128106 80 54 33 21 19 29 47 70 9411412713112812111310810911612727 617SD 05414616 313199999999999999 837 18202110899999999999999
138147148141123 98 70 43 23 14 16 30 52 7810312213213412811911110710911727 618SD 142149164013499999999999999 918 13211010799999999999999
130142150149138117 89 59 33 16 10 17 36 61 8811212813513312511510710410927 619SD 226151171513599999999999999 956 10215310499999999999999
120134146152148132108 78 49 25 12 11 23 45 72 9811913113412911910910210227 620SD 3 71521747134999999999999991033 10223110199999999999999
109123138149151143124 97 67 40 21 13 17 34 58 84108125132130122112102 9727 621SD 34615218181329999999999999911 8 1223 7 9799999999999999
101111126140149147135113 86 58 34 20 18 28 47 72 96116128131125115104 9627 622SD 4241491848131999999999999991141 172344 9499999999999999
 94101113128140145140124101 75 51 33 24 28 42 63 86108123130128120108 9827 623SD 5 11451917130999999999999991213 24999999999999999999999
 92 93101114127136138130113 91 68 48 36 34 41 58 7910011712813012411410227 624SD 540138194413099999999999999 023 911244 3399999999999999
 92 88 91 99111123129128119103 83 65 51 44 47 58 75 9411212513112912010827 625SD 623130201213199999999999999 1 8 881314 4499999999999999
 96 87 84 87 96106115120118110 96 81 67 59 57 63 75 9110812213113212611627 626SD 715121203913399999999999999 2 0 841345 5799999999999999
102 90 82 78 81 88 98106111111104 95 84 76 71 72 79 9110511913013413212427 627SD 82311221 913599999999999999 3 2 781420 7199999999999999
111 97 84 74 70 71 78 88 97104106104 99 93 88 85 87 9410511712813513713127 628SD10 0106214213799999999999999 413 7015 3 8599999999999999
121106 90 75 64 58 59 66 77 89 9910610810810510110010110711612613413913827 629SD1213109222314099999999999999 521 5716 310099999999999999
132119102 83 65 50 43 44 53 67 83 9810911611811711411111211612413213914327 630SD14 1118231314399999999999999 623 43172011199999999999999
142133118 98 75 53 36 28 29 40 58 79 9911512512912712312011912212913714427 7 1SD15 7129999999999999999999999 719 27184111999999999999999
148146136118 94 66 40 21 13 16 31 53 7910312213313713412812312212413114127 7 2SD 012149155713799999999999999 813 13195412199999999999999
150155152140118 89 57 28  9  1  7 25 52 8210912913914113612812212012313227 7 3SD 113155164014199999999999999 9 4  1205412099999999999999
144155161157143117 84 49 19  0 -6  3 25 56 8811513314214013312311611512027 7 4SD 210161171914299999999999999 953 -6214511599999999999999
132147160166160143114 79 43 14 -4 -7  7 32 64 9612213714113612611510810827 7 5SD 3 51661754141999999999999991039 -7223110799999999999999
116130147161166159140109 74 40 13 -1  1 18 46 78107129139138129116104 9727 7 6SD 3571661825140999999999999991123 -22317 9799999999999999
 99110127145158162153133103 70 40 18 10 16 36 64 94119135139133120105 9227 7 7SD 45016218531399999999999999912 3 10999999999999999999999
 87 91104121139150153144124 97 69 44 29 27 38 59 86112131140138127111 9427 7 8SD 542153191814199999999999999 0 4 871240 2699999999999999
 82 78 83 96113129139140131115 93 71 54 45 48 62 8310712814114313512010227 7 9SD 638141194314399999999999999 055 781313 4599999999999999
 85 74 71 76 88102116125126120107 92 77 67 65 72 8610612514014714313211427 710SD 740126201014799999999999999 151 711345 6499999999999999
 96 79 68 65 69 78 91103111113111104 95 87 83 84 9310712313814714914112827 711SD 858113204014999999999999999 255 651414 8299999999999999
110 91 75 64 59 61 69 79 90 99105107106102 99 9810210912113314414914813927 712SD11 4107211615099999999999999 411 591447 9899999999999999
125108 89 72 60 53 53 59 69 81 9210210811211211111111412012813814514814627 713SD134511222 514899999999999999 530 53153811199999999999999
138124107 88 70 55 47 45 51 62 76 9110411412012212112012012413013714414727 714SD1459122231114799999999999999 641 45171811999999999999999
145138124106 85 65 49 39 38 45 58 76 9411112312912912612312112312813514227 715SD1535130999999999999999999999 739 3719 112199999999999999
147146139125104 81 58 41 31 32 42 59 8010212013113513312712111711912413327 716SD 02514716 413599999999999999 828 30201511799999999999999
143149149140123 99 73 49 32 25 29 43 64 8911112813713813112311511111412327 717SD 128150163213899999999999999 910 2521 511199999999999999
135146153151139118 91 63 40 25 21 30 49 7410012213514013612611510710511127 718SD 219153165814099999999999999 947 21214510599999999999999
123138151156151135110 81 53 31 21 23 37 60 87112131140138130117106 9910027 719SD 3 31561723140999999999999991021 202220 9999999999999999
110126143154156147126 99 69 44 27 22 30 50 75102124137140134121107 96 9227 720SD 3421571746141999999999999991052 212254 9299999999999999
 98112130146155153139115 87 59 38 27 29 44 67 93117134141138126111 96 8727 721SD 42015518 8141999999999999991121 262328 8699999999999999
 88 98115133146151145128103 76 53 38 34 43 62 87111131141141132116 99 8627 722SD 4571511829142999999999999991147 34999999999999999999999
 81 86 99116133143144134116 92 69 52 44 48 62 83107127141144137123105 8927 723SD 535145184914499999999999999 0 3 811212 4499999999999999
 79 77 84 99116130137135123105 85 68 58 57 66 83104124139146142130113 9527 724SD 61713819 914699999999999999 041 761235 5699999999999999
 80 73 74 83 97112124129125114 99 84 73 69 74 8610312213714614613712210327 725SD 7 4129193014799999999999999 122 721259 6999999999999999
 86 73 68 70 79 93106116120117109 98 89 84 85 9310512013514514814313111427 726SD 8 3120195314899999999999999 211 681322 8499999999999999
 96 80 68 63 65 73 85 97106111112108103 99 9910211012113314314914814012627 727SD 930112202214999999999999999 313 631343 9899999999999999
109 92 75 63 56 57 63 73 86 9710511011211211211411712313214014714914613827 728SD21 0149999999999999999999999 429 56999999999999999999999
125108 90 72 57 48 45 50 60 75 8910211312012312512612813113614214714914727 729SD22 4149999999999999999999999 550 45999999999999999999999
140128111 90 69 50 37 32 36 48 65 8510311812913413413313213313614014615027 730SD1543134233915199999999999999 7 3 3218 913299999999999999
151146134116 91 65 41 25 18 23 38 60 8510812613714113913413012813013714527 731SD16 3141999999999999999999999 8 4 18195612899999999999999
153157154142120 91 60 32 14  8 15 35 62 9111613414314313712812111912213227 8 1SD 1 7157162814499999999999999 857  8205611999999999999999
145158165162147121 88 54 25  7  4 15 39 7010112614214614012911610810611327 8 2SD 214165165314699999999999999 944  3214210699999999999999
128146162170166148119 84 49 21  7  8 25 53 85115137146144132116101 92 9427 8 3SD 3121701716147999999999999991025  52224 9299999999999999
105124146163170164144114 79 47 23 14 22 43 73105131146148138120100 85 7827 8 4SD 4 417017381499999999999999911 3 1423 6 7899999999999999
 83 98120143160165157136107 76 48 32 30 44 68 98126145151145128106 85 7027 8 5SD 4551651759151999999999999991136 292348 6699999999999999
 66 75 93116138152155145126100 75 55 47 52 70 95122143154152139117 93 7227 8 6SD 54415518211559999999999999912 6 47999999999999999999999
 60 60 70 89110129140141132116 96 78 67 66 77 97120141155158149130106 8327 8 7SD 635142184315999999999999999 032 581232 6599999999999999
 64 55 57 68 85103119127127120108 95 86 82 88101119139154160156142121 9827 8 8SD 73112819 816099999999999999 119 551254 8299999999999999
 77 62 55 58 67 81 95107114115112106100 97 9910611913514915815815013511527 8 9SD 841115193615999999999999999 214 551311 9799999999999999
 95 77 64 58 58 65 75 87 9710410710910810810911312013114215115515314412927 810SD2010155999999999999999999999 321 57999999999999999999999
113 95 79 67 60 58 61 69 78 89 9810511111511812012312813414114614814613927 811SD2059148999999999999999999999 449 58999999999999999999999
128114 99 83 69 59 55 56 62 72 84 9710911812412712712712813113514014214227 812SD2226143999999999999999999999 619 54999999999999999999999
138130118102 84 67 55 48 49 56 69 8510211612713213212912512312412813413927 813SD1528133999999999999999999999 726 48191112399999999999999
142141134121102 81 62 48 41 43 54 71 9111112613513713212511811511612213127 814SD 015142154413799999999999999 816 40201611599999999999999
140146146137121 98 74 53 39 35 41 56 7810112213514013712811710810510911927 815SD 12714716 314099999999999999 855 34205710599999999999999
133145152150137116 90 65 44 32 32 44 65 91115133142141132118105 97 9710527 816SD 217152162314399999999999999 929 312131 9699999999999999
121138151156150133108 80 54 36 30 37 55 80107129142144136121105 92 86 9127 817SD 259156164214599999999999999 959 3022 3 8699999999999999
105125143156157146125 97 69 47 34 35 49 72 99124141147141126108 90 79 7827 818SD 33815817 0147999999999999991026 332234 7799999999999999
 89108130148157154138114 86 61 44 39 48 68 93119139149146133113 92 76 6927 819SD 4141571717149999999999999991052 3923 5 6999999999999999
 74 90112134150154146127102 77 58 48 52 67 90115137149150140120 98 77 6527 820SD 4511541735152999999999999991115 482336 6299999999999999
 63 74 94116136148147136116 93 73 61 60 70 89112134149154146129106 83 6527 821SD 5291491752154999999999999991137 59999999999999999999999
 57 61 76 97118135142138125107 89 76 71 76 91111132148155152137116 92 7127 822SD 610142181015599999999999999 010 571158 7199999999999999
 57 54 62 78 98117129133128116102 90 84 86 96112130146155155145126103 8127 823SD 655133182915699999999999999 046 541217 8499999999999999
 63 54 54 63 78 95111121123119111103 97 97103114129143153156150136117 9527 824SD 751123185115699999999999999 130 531232 9699999999999999
 76 61 54 54 61 74 8810111011411311010810811111912914014915415314413011227 825SD 920114191715599999999999999 227 53123310899999999999999
 93 76 62 54 52 56 65 77 89 9910711111511712012513013714414915114814012827 826SD1954151999999999999999999999 348 52999999999999999999999
113 97 80 65 53 47 47 53 64 78 9210411512212813113313513814114414514514127 827SD2114146999999999999999999999 528 46999999999999999999999
133121105 86 66 49 39 35 41 53 71 9010712213213613613413213113213614014427 828SD1529136234514699999999999999 652 35185613199999999999999
146141131113 90 65 44 29 25 32 48 70 9411613114014013412712011812012713727 829SD1531141999999999999999999999 754 2520 711799999999999999
147153152141119 92 62 37 22 19 30 51 7810512714114413712511310310110611927 830SD 120154154714499999999999999 843 19205010199999999999999
136152162160147122 90 58 33 20 22 37 64 94121140147142128110 94 84 84 9527 831SD 22416316 514799999999999999 924 192129 8299999999999999
114137157167164147119 86 56 34 26 33 55 84114138150149135114 91 73 65 7027 9 1SD 31816716241519999999999999910 1 2622 8 6599999999999999
 87112138158167161142114 83 56 40 39 53 79109135152155144123 96 71 55 5127 9 2SD 4 81671643156999999999999991034 382246 5099999999999999
 61 83111137156161153134107 81 61 53 60 79105132153161154135108 79 55 4227 9 3SD 45516217 31619999999999999911 3 532325 4199999999999999
 44 58 82110134149151142123102 82 70 71 83105130151163162147122 93 65 4527 9 4SD 5421521725165999999999999991128 69999999999999999999999
 37 43 60 84108128139139129114 99 87 83 90106127148162166157137110 82 5827 9 5SD 629140174816699999999999999 0 4 371151 8399999999999999
 43 39 48 64 85105120127126119109100 95 98108125142157164161147125100 7627 9 6SD 720127181316499999999999999 046 391210 9599999999999999
 57 47 46 54 68 85100111116116112108105106111122136149157159151136116 9527 9 7SD 827116184115999999999999999 133 45122210599999999999999
 76 62 54 54 60 70 82 9310210711011111111211512113013914715114914112811227 9 8SD1914151999999999999999999999 232 53999999999999999999999
 96 81 69 62 60 62 68 77 86 9510310911411812012312613013513914113913312427 9 9SD20 0141999999999999999999999 358 60999999999999999999999
113101 88 76 67 61 60 63 71 81 9310411412112512612512512512712913113213027 910SD1456126215113299999999999999 544 60171512599999999999999
125118107 93 79 66 58 55 58 67 80 9511012212913112812311811511611912412927 911SD1449131999999999999999999999 659 55192211599999999999999
132131124111 95 77 61 51 49 54 67 8510412013113513212411410610310511212327 912SD 01213215 213599999999999999 749 4920 610399999999999999
132138137128112 92 71 54 45 46 56 74 95116131138137127114101 92 91 9811027 913SD 124138151713999999999999999 826 442040 9099999999999999
126138145142129109 85 63 48 43 49 65 87110130141141132116 99 84 78 81 9427 914SD 213145153314299999999999999 858 432110 7899999999999999
113132146150143126102 77 57 45 46 59 80105127142146138121100 81 68 66 7627 915SD 254150154914699999999999999 927 442139 6599999999999999
 96119139152152140119 93 70 54 49 57 75100124142150144128105 81 62 54 5927 916SD 33215316 615099999999999999 953 4922 8 5499999999999999
 76101126146154150133110 86 66 57 59 74 96121141152151136113 86 62 47 4627 917SD 4 91541622153999999999999991018 562238 4599999999999999
 58 80108132148152143124102 81 68 66 76 95118140153155144122 95 67 47 3827 918SD 4471521640156999999999999991041 6523 8 3899999999999999
 43 61 87114136147146134116 96 82 76 81 95116137153159152133106 77 52 3727 919SD 52514816581599999999999999911 3 762341 3499999999999999
 34 45 66 92117134141137125109 95 87 88 98115134151159157142119 91 64 4327 920SD 6 61411717160999999999999991124 86999999999999999999999
 33 36 50 71 95115128132127117106 98 97103116132147157159149131106 80 5727 921SD 653132173815999999999999999 017 331142 9699999999999999
 41 36 41 54 73 93109119121118112107105109117130143153157153140121 98 7527 922SD 75312118 215799999999999999 1 1 36115410599999999999999
 57 45 41 45 56 70 86 99108112113113113115120128137146151151145132115 9727 923SD1831152999999999999999999999 158 41999999999999999999999
 78 63 51 46 47 53 64 76 8910010711311712012312713213714114314213712811627 924SD1912143999999999999999999999 322 45999999999999999999999
102 87 72 58 49 45 47 55 68 82 9610811812412712812812812813013113313212927 925SD2123133999999999999999999999 5 8 45999999999999999999999
123112 98 80 63 49 41 41 49 63 81 9911512613113112712111511311411912513227 926SD1425132999999999999999999999 631 40191411399999999999999
135133124108 87 65 47 37 37 48 66 88109126135136129117105 96 93 9710712127 927SD 012135143413699999999999999 730 361957 9399999999999999
135144144134115 90 65 46 37 40 54 77102124138141134119101 84 74 73 8210027 928SD 133145145014299999999999999 815 362035 7299999999999999
121140152152140118 90 65 48 42 50 69 95121139148143127103 79 61 52 56 7227 929SD 23215315 814899999999999999 854 422111 5299999999999999
 97123145157155140116 89 66 53 54 67 91117140153152138113 84 57 40 36 4627 930SD 323158152715499999999999999 929 522147 3599999999999999
 68 97126148157153136112 88 70 64 71 89114138155160150127 96 64 39 25 272710 1SD 41015715481609999999999999910 0 642224 2499999999999999
 43 70100128147153146129108 89 78 78 90111135155164160141112 79 48 26 182710 2SD 4561531611165999999999999991028 7623 0 1899999999999999
 26 46 74104128142145136121104 91 87 94110131151164165153128 97 65 38 222710 3SD 5401451636166999999999999991054 872338 1999999999999999
 20 32 54 81106125135134126114103 96 98108125144159165159141114 84 56 352710 4SD 62613617 2165999999999999991119 96999999999999999999999
 26 29 42 63 86106120126124118110104103108120135150159158148128102 76 542710 5SD 715126173016099999999999999 016 25114210299999999999999
 40 35 40 53 70 88103113117116113109107109116127139148152147135116 95 742710 6SD 817117175915299999999999999 058 3512 210799999999999999
 58 48 46 50 60 73 87 98106111112112112112115121128136140140135124109 932710 7SD1832141999999999999999999999 149 46999999999999999999999
 78 66 58 55 58 64 73 84 941021091131151161171181201241271291281241161062710 8SD1918129999999999999999999999 3 0 55999999999999999999999
 95 84 74 66 61 60 64 71 81 921021111171201211181161141141151171181181152710 9SD1331121211711899999999999999 438 60173911499999999999999
109101 91 80 70 63 60 62 70 81 95107118124125122115108103101102107112116271010SD1345126235611899999999999999 6 3 6019 410199999999999999
118115108 97 83 70 61 58 61 71 86102117127130127118106 95 88 86 91101111271011SD14 1130999999999999999999999 659 581942 8699999999999999
120125123114100 83 68 59 57 64 78 96114128135133123107 91 78 71 74 84100271012SD 113125141713599999999999999 741 572013 7199999999999999
116128133129117 99 81 66 59 61 72 90111128138139129112 91 71 59 57 65 83271013SD 2 4133143414099999999999999 816 582042 5699999999999999
104124137140132116 96 78 65 62 70 86107127141145137119 94 70 51 42 46 62271014SD 247140145114599999999999999 847 622111 4299999999999999
 86112133144143132113 93 76 68 71 84104125142150145128102 74 48 32 30 41271015SD 32714515 915099999999999999 916 682141 2999999999999999
 65 93120140148143128109 90 78 76 84101122141153152139114 83 53 30 19 24271016SD 4 6148152815499999999999999 943 752212 1999999999999999
 43 71101127143147138122104 90 84 87100119139153157148127 96 64 35 17 13271017SD 44514715491589999999999999910 9 832245 1399999999999999
 25 48 78108131142142131116102 93 92101117136152159156139112 80 48 24 12271018SD 5271431612160999999999999991034 912321 1199999999999999
 14 30 55 85111129136133124112102 99103115131147158159148127 98 67 39 20271019SD 6111361637160999999999999991058 99999999999999999999999
 13 20 37 62 87109123128125117110105106114126141152157153138115 88 60 38271020SD 7 412817 415799999999999999 0 1 13112010599999999999999
 23 20 28 44 65 86104115119118114111110114122133143150151143128107 83 61271021SD 813119173515199999999999999 047 20114111099999999999999
 43 31 29 35 48 65 83 98108113115114114115119125132138141140133120103 85271022SD1011115181414299999999999999 145 2912 111499999999999999
 67 52 42 38 41 50 64 79 93104112116118118117118120123126128128124116105271023SD1922128999999999999999999999 3 2 38999999999999999999999
 92 78 64 52 46 45 51 63 78 93106116121122119115111108107109113116118117271024SD1243122221211899999999999999 433 45174310799999999999999
112103 90 75 61 51 49 54 66 82 99114123127124116106 96 89 87 90 98108117271025SD13 3127999999999999999999999 550 491852 8799999999999999
122122115101 84 68 57 54 60 74 92111125132132122107 90 75 66 66 73 87104271026SD 027123132413399999999999999 649 531936 6599999999999999
120130132124109 90 73 62 61 70 87107125137140132115 92 70 52 44 47 61 82271027SD 142132134614099999999999999 737 602014 4499999999999999
105125138139130113 94 77 69 71 84103124140148144127102 74 48 31 26 35 55271028SD 24014014 914899999999999999 817 692052 2699999999999999
 81109131143143132114 96 82 78 84100121140153154141117 86 54 29 14 15 30271029SD 330145143415599999999999999 854 782128 1399999999999999
 55 86114136145143130113 97 87 88 98117137153160153133103 69 37 14  6 12271030SD 41614615 116099999999999999 928 8622 5  699999999999999
 32 61 92120137143138125110 98 93 98112131149161160147121 88 53 25  8  5271031SD 5 014315291629999999999999910 0 932241  499999999999999
 17 40 70 99122136138131119107 99 99108124141156162155135107 74 43 19  82711 1SD 5431381559162999999999999991031 982317  899999999999999
 11 27 51 79104122131130123113105101105116132147156156145122 93 63 37 202711 2SD 62513216301589999999999999911 21012355 1599999999999999
 15 22 39 62 86106120125123117109104104110121135146151147132109 83 57 382711 3SD 71112517 2151999999999999991134103999999999999999999999
 26 25 35 51 71 91106116119117112107105106113123134141142134119 98 76 572711 4SD 8 2119173614299999999999999 034 25121010499999999999999
 42 36 37 46 61 77 93105113115114111108106108113121127131129121108 91 752711 5SD 9 7115181313199999999999999 118 3513 010699999999999999
 60 50 46 48 56 68 81 94105111114114112109107107109113117119117111101 892711 6SD102411419 311999999999999999 2 9 46142910699999999999999
 77 67 59 55 57 63 72 84 961061131171171141091041011001021041071071051002711 7SD1128117204210799999999999999 315 55165010099999999999999
 92 84 75 67 63 63 67 76 88100111118121119114106 97 90 87 88 91 971011042711 8SD12 9121231610499999999999999 432 621818 8799999999999999
103 99 92 83 74 69 68 72 82 94107118125126120110 97 84 74 71 73 81 921012711 9SD1238126999999999999999999999 541 6719 3 7199999999999999
108110107100 89 79 73 72 78 89103117127131128117100 82 66 56 55 62 76 92271110SD 05511013 313199999999999999 636 721938 5499999999999999
106117120116106 94 83 77 78 86100115128136135125107 84 62 45 38 41 55 75271111SD 156120132613799999999999999 721 762010 3899999999999999
 97115126128122110 96 86 82 86 97112128139142135117 92 65 41 25 23 33 53271112SD 243129134914399999999999999 8 1 822043 2299999999999999
 79105125135134125111 98 89 88 96109126141148145130105 74 44 21  9 13 30271113SD 327136141414899999999999999 837 882117  999999999999999
 56 87114132140136125111 99 94 96107123139151153143120 89 55 25  5 -1  9271114SD 4 9140144115399999999999999 911 932152 -199999999999999
 32 62 94120136140134122109101 99105119135150157153136108 74 39 12 -4 -4271115SD 452140151015799999999999999 943 992231 -699999999999999
 11 37 69100123135136129118108103105114129145156159149126 95 60 28  5 -6271116SD 53713715421599999999999999910151022312 -699999999999999
 -1 17 45 75103122131131124114107105110122136150157155141116 85 52 24  5271117SD 62513216171589999999999999910471052356 -199999999999999
 -1  6 26 52 80103119125124118111107107114126139149153147131106 78 49 25271118SD 7181261655153999999999999991124106999999999999999999999
 11  8 17 35 59 83103116121119114109106108114124135142143136121 99 75 52271119SD 815121173914399999999999999 043  8121010699999999999999
 33 22 21 29 46 66 86103114118117112107104105110117124129130124112 96 77271120SD 913118183613099999999999999 136 20131910499999999999999
 59 44 35 35 42 56 74 91106115118117112105100 98 99103108113116114107 97271121SD10 611820 511699999999999999 234 3415 7 9899999999999999
 84 70 58 50 49 55 67 82 99112120122118110101 92 86 83 85 90 97103106106271122SD1050122222610799999999999999 340 4817 5 8399999999999999
102 93 82 72 64 62 67 78 93108120126126119108 93 79 69 64 65 72 83 94104271123SD1128127999999999999999999999 447 621819 6399999999999999
109110104 95 84 76 74 79 90104119129134130119102 82 63 49 44 46 57 73 90271124SD 03411012 313499999999999999 550 741911 4399999999999999
106116119115105 94 86 84 90101116130139140132115 92 67 45 30 26 32 48 69271125SD 154119123914099999999999999 646 841955 2699999999999999
 92111124127122112101 93 92 99112127140147144131108 80 51 28 14 13 24 45271126SD 254127131514799999999999999 736 922035 1299999999999999
 71 97118130133126115104 98 99107121136148152144125 98 66 36 14  4  7 23271127SD 343133135115299999999999999 822 972114  399999999999999
 49 78105125135134126114104100103114129144154153140116 85 52 23  4 -1  8271128SD 427136142715599999999999999 9 51002152 -199999999999999
 29 57 87112129135132123111103101107120136150156150133105 72 40 14  0  0271129SD 5 713615 415699999999999999 9441012229 -199999999999999
 14 38 67 96118130133127117107101102111125141152154143122 92 60 31 10  2271130SD 545133154015499999999999999102210023 6  299999999999999
  7 25 51 78103121129128120110102 98103114129143150147133109 80 50 26 112712 1SD 6221291616151999999999999991058 982342  899999999999999
  9 19 38 63 88109122125122114104 98 97104116130141144138121 96 69 44 252712 2SD 6581251652144999999999999991136 97999999999999999999999
 16 19 32 52 75 97113121122116108100 95 97104116127135135125108 85 62 422712 3SD 735122172913699999999999999 017 161217 9599999999999999
 29 26 32 46 66 86103115120118112104 97 94 96103112121125123113 97 78 592712 4SD 812120181012599999999999999 052 2613 7 9499999999999999
 45 37 38 46 60 78 95109117119116109101 94 91 93 98105111113110102 89 752712 5SD 851119185911399999999999999 128 371411 9199999999999999
 62 52 49 51 60 73 88103114120120115107 98 91 86 86 89 94 99102101 95 872712 6SD 930120201210299999999999999 2 6 481538 8699999999999999
 77 69 63 61 64 72 84 98110119122120114105 94 84 77 75 76 81 88 93 95 942712 7SD10101222212 9599999999999999 252 6117 5 7599999999999999
 90 85 79 75 73 76 83 94106116123125121113100 86 73 64 60 62 69 78 88 952712 8SD1050125999999999999999999999 350 7318 9 6099999999999999
 98 98 95 90 86 84 86 93103114123128128122110 93 75 58 47 44 48 59 73 882712 9SD 028 99112912999999999999999 5 0 841856 4499999999999999
 99107109106101 95 93 95101111121130134131121104 82 59 40 29 28 36 52 72271210SD 15310912 713499999999999999 6 8 931938 2799999999999999
 92108117119115109102 99101108119129137139133118 95 68 42 22 12 14 28 50271211SD 250119124614099999999999999 7 8 992019 1199999999999999
 75 99117126127122113106104107115126138145144133113 84 52 24  5 -2  5 24271212SD 336128132614699999999999999 8 010421 0 -299999999999999
 51 80106124132131124115108106111121134146152147132105 72 38  9 -8-11  0271213SD 42013314 715299999999999999 8461062143-1299999999999999
 24 55 87112129134131122113107107114127141153156148127 97 61 26 -1-15-14271214SD 5 4134144915699999999999999 9291062226-1799999999999999
  2 29 62 93117130133127118109105107117131146156157145121 88 52 18 -6-16271215SD 54713315331589999999999999910111052310-1699999999999999
-11  9 38 70 99119129129122112104101106117133147155153138113 80 46 16 -4271216SD 62813016181569999999999999910541012353-1099999999999999
-10 -1 21 50 80105121127124115105 97 96102115130143149144129104 74 44 19271217SD 7 612717 6149999999999999991140 95999999999999999999999
  4  3 15 37 64 91111123124118108 97 90 90 97109123133138133118 96 71 46271218SD 741125175913899999999999999 035  21232 8999999999999999
 27 18 21 34 56 80102118124122113101 90 83 82 88 99110120123119108 91 72271219SD 81312519 012399999999999999 116 181333 8299999999999999
 54 41 36 42 55 75 95113124126120109 95 83 75 73 77 85 95103108107100 89271220SD 844126201810899999999999999 157 361448 7399999999999999
 77 65 57 56 63 76 92109123129127119106 90 76 66 62 63 69 78 87 94 98 97271221SD 9171292216 9899999999999999 239 561616 6299999999999999
 92 86 79 75 75 81 93107120130133128118103 86 69 56 49 48 53 63 74 85 93271222SD 954133999999999999999999999 325 741738 4899999999999999
 98 99 97 93 90 91 96105117128135136130118101 81 61 45 36 34 39 51 66 81271223SD 047 99103913699999999999999 424 901845 3499999999999999
 95104109108105101101105112122132138138131118 98 75 52 34 23 22 29 44 63271224SD 223109113213999999999999999 5381011939 2199999999999999
 83101113118117113108106109115125135141140133116 93 67 41 22 12 13 24 43271225SD 319118123014199999999999999 6561062026 1199999999999999
 67 90109121125122115109106109116127137144143132113 86 57 31 12  4  9 24271226SD 4 0125132414499999999999999 8 410621 8  499999999999999
 48 74 99118127128122113106103107116129140147144130106 77 46 20  4  0  9271227SD 435129141214799999999999999 8571032147  099999999999999
 30 57 85109124130127118108100 99105117132144148142124 97 65 35 12  0  1271228SD 5 7130145614899999999999999 941 992223 -199999999999999
 16 40 69 96117128129122111100 94 95105120135146147136114 85 53 26  7  0271229SD 5361291536148999999999999991019 932257  099999999999999
  8 27 54 82106122128124114102 92 88 93106123138145142127102 72 43 19  6271230SD 6 41281614146999999999999991055 882329  599999999999999
  7 21 43 70 96116125125117105 92 84 84 93108124137141133115 89 61 36 18271231SD 6291271651141999999999999991131 832357 1399999999999999
