 14 12 10  8  7  7  7  9 10 12 13 13 13 13 13 13 14 15 16 18 19 20 19 1827 1 1SE2123 20999999999999999999999 444  7999999999999999999999
 17 14 11  8  6  4  4  4  6  8 10 13 14 16 17 18 19 20 21 21 22 22 22 2127 1 2SE2115 22999999999999999999999 6 2  4999999999999999999999
 20 17 14 10  7  4  3  2  3  5  8 11 14 17 19 21 22 23 24 24 25 25 25 2427 1 3SE21 3 25999999999999999999999 658  2999999999999999999999
 23 20 17 14 10  7  4  2  1  3  6  9 14 17 21 23 25 26 26 27 27 27 27 2627 1 4SE2046 27999999999999999999999 742  1999999999999999999999
 26 24 21 18 14 10  6  3  2  2  4  8 12 17 21 24 26 27 28 28 28 28 28 2827 1 5SE1841 28999999999999999999999 820  2999999999999999999999
 27 26 24 22 18 14  9  6  3  2  3  6 11 16 20 24 27 28 28 28 28 28 27 2827 1 6SE1752 28999999999999999999999 857  2999999999999999999999
 28 28 26 24 21 17 13  8  4  2  2  4  8 13 18 23 26 28 28 28 27 26 26 2627 1 7SE1752 28999999999999999999999 933  22150 2699999999999999
 27 27 27 26 24 20 15 10  6  3  1  2  5  9 15 20 24 26 27 27 26 25 24 2527 1 8SE 122 2818 6 27999999999999991010  12210 2499999999999999
 25 26 27 27 25 22 18 12  7  3  0  0  1  5 10 16 20 23 25 25 24 23 22 2227 1 9SE 216 271827 25999999999999991046  02235 2299999999999999
 23 24 25 26 25 23 19 14  9  4  0 -2 -2  1  5 11 16 20 22 23 22 21 20 1927 110SE 3 1 261853 23999999999999991121 -223 3 1999999999999999
 20 21 22 24 24 22 20 15 10  5  0 -2 -3 -2  2  6 11 16 19 20 20 19 17 1727 111SE 340 241920 20999999999999991153 -32335 1699999999999999
 17 17 19 20 21 21 19 16 11  6  2 -1 -3 -3 -1  3  8 12 15 17 18 17 15 1427 112SE 419 211943 18999999999999991222 -3999999999999999999999
 14 14 15 17 18 19 18 16 13  8  4  1 -1 -2  0  3  6 10 13 15 16 16 14 1327 113SE 5 0 1920 0 1699999999999999 014 141246 -299999999999999
 11 11 11 13 14 15 16 15 13 10  7  4  2  2  2  4  7 10 13 15 16 15 14 1227 114SE 552 1620 9 1699999999999999 1 1 1113 2  299999999999999
 10  9  8  9 10 12 13 13 13 12 10  8  7  6  7  8 10 12 15 16 17 16 15 1327 115SE 7 9 132010 1799999999999999 158  813 4  699999999999999
 10  8  7  6  7  8  9 11 12 12 12 12 11 11 12 13 14 16 17 19 19 19 17 1527 116SE 928 1220 4 1999999999999999 3 4  61239 1199999999999999
 12  9  7  5  4  4  5  7  9 11 13 14 15 16 17 18 19 20 21 22 22 22 21 1827 117SE1957 22999999999999999999999 417  4999999999999999999999
 15 12  8  5  3  2  2  4  6  9 12 15 18 20 21 23 24 24 25 25 25 25 24 2227 118SE1948 25999999999999999999999 527  2999999999999999999999
 20 16 12  8  5  2  0  0  2  5  9 14 18 21 24 26 27 27 27 27 27 27 27 2627 119SE1740 27999999999999999999999 630  0999999999999999999999
 24 22 18 13  8  4  0 -2 -2  0  4  9 15 20 24 27 28 29 29 28 28 28 28 2827 120SE17 4 29999999999999999999999 730 -2999999999999999999999
 27 26 23 19 14  8  3 -1 -4 -4 -1  4 10 16 21 26 28 29 29 28 27 27 27 2727 121SE1710 29999999999999999999999 828 -42116 2699999999999999
 28 29 28 25 20 14  8  2 -3 -6 -5 -2  3 10 17 22 26 27 27 26 25 24 24 2527 122SE 050 291728 2799999999999999 924 -62138 2499999999999999
 26 28 29 28 25 20 14  6  0 -5 -7 -6 -3  3 10 17 21 24 25 24 22 21 20 2127 123SE 2 5 291752 25999999999999991015 -72210 2099999999999999
 22 25 27 29 28 25 19 12  5 -2 -6 -8 -7 -2  4 11 16 20 22 22 20 18 17 1627 124SE 3 9 291818 229999999999999911 3 -82249 1699999999999999
 17 19 23 25 27 26 23 17 10  3 -3 -6 -7 -5  0  6 12 16 19 19 18 16 14 1227 125SE 4 8 271843 19999999999999991146 -72335 1299999999999999
 12 14 16 20 22 24 23 19 14  8  2 -2 -4 -4 -1  4  9 13 16 18 17 15 12 1027 126SE 5 5 2419 5 18999999999999991223 -5999999999999999999999
  8  9 10 13 16 19 20 19 16 12  7  3  0  0  1  4  8 12 15 17 16 15 12  927 127SE 6 5 201923 1799999999999999 026  81252  099999999999999
  7  6  6  7 10 12 14 15 15 13 10  8  6  5  5  7 10 13 16 17 17 16 13 1027 128SE 715 161934 1799999999999999 124  513 9  599999999999999
  7  5  4  4  5  7  9 11 12 13 12 11 10 10 10 12 14 16 18 19 19 18 16 1327 129SE 851 131936 1999999999999999 230  41253 1099999999999999
  9  6  4  3  3  3  5  7  9 10 12 13 13 14 15 16 18 19 20 21 21 20 18 1627 130SE1927 21999999999999999999999 348  3999999999999999999999
 13 10  7  4  3  2  2  3  5  8 10 13 15 16 18 20 21 22 23 23 23 23 21 1927 131SE1912 24999999999999999999999 512  2999999999999999999999
 16 13 10  7  5  3  2  2  3  6  8 12 15 17 20 22 23 24 25 25 25 24 23 2227 2 1SE19 7 25999999999999999999999 625  2999999999999999999999
 20 17 14 11  8  5  3  2  2  4  7 10 14 17 20 22 24 25 25 25 25 25 24 2427 2 2SE19 8 25999999999999999999999 722  2999999999999999999999
 22 21 18 15 12  8  5  3  2  2  5  8 12 16 19 22 24 24 25 24 24 24 24 2427 2 3SE1754 25999999999999999999999 8 9  2999999999999999999999
 24 23 21 18 15 11  7  4  2  1  2  5  9 14 18 21 23 23 23 23 22 22 22 2327 2 4SE1715 23999999999999999999999 851  121 1 2299999999999999
 23 23 22 21 18 14  9  5  2  0  0  2  6 11 15 19 21 22 22 21 20 20 20 2127 2 5SE 034 231714 2299999999999999 927  02114 2099999999999999
 22 23 23 22 19 16 11  6  2 -1 -2 -1  2  6 11 16 19 20 20 19 18 17 17 1727 2 6SE 139 231726 209999999999999910 1 -22141 1799999999999999
 19 21 22 22 20 17 12  7  2 -2 -4 -4 -2  2  7 12 16 18 19 18 16 14 14 1427 2 7SE 228 221744 19999999999999991032 -52212 1499999999999999
 15 18 19 20 20 18 14  9  3 -2 -5 -6 -5 -1  4  9 13 16 17 16 14 12 11 1127 2 8SE 310 2118 3 179999999999999911 1 -62244 1199999999999999
 12 14 16 18 19 18 15 10  5  0 -4 -6 -6 -3  1  6 10 14 15 15 13 11  9  827 2 9SE 352 191821 15999999999999991127 -62317  899999999999999
  8 10 13 15 17 17 16 12  8  3 -1 -3 -4 -3  0  5  9 12 14 14 13 10  8  627 210SE 436 171835 15999999999999991151 -42353  699999999999999
  6  6  9 11 14 15 15 14 11  7  3  1  0  0  2  6  9 12 14 15 13 11  8  527 211SE 528 161843 15999999999999991210  0999999999999999999999
  4  4  5  8 10 13 14 14 13 10  8  6  5  5  6  9 11 14 15 16 15 12  9  527 212SE 632 141844 1699999999999999 033  41220  599999999999999
  3  2  2  4  6  9 12 13 14 13 12 11 10 10 11 13 15 17 18 18 17 15 11  827 213SE 758 141838 1899999999999999 119  21212 1099999999999999
  4  2  1  1  3  5  8 11 13 14 14 14 14 15 16 17 19 20 21 21 20 18 15 1127 214SE1831 21999999999999999999999 216  1999999999999999999999
  7  4  2  1  1  2  4  7 10 12 15 16 17 19 20 21 22 23 23 23 23 21 19 1627 215SE1827 23999999999999999999999 327  1999999999999999999999
 12  8  5  2  1  0  1  3  6  9 12 16 18 20 22 23 24 25 25 25 24 24 22 2027 216SE1819 25999999999999999999999 453  0999999999999999999999
 17 14 10  6  3  0 -1 -1  1  4  8 12 16 20 22 24 24 25 25 25 24 24 24 2327 217SE17 9 25999999999999999999999 617 -1999999999999999999999
 22 19 15 11  7  2 -1 -3 -3 -1  3  7 12 17 20 22 23 24 23 23 22 23 23 2427 218SE1636 242345 2499999999999999 729 -320 9 2299999999999999
 24 23 21 17 12  7  1 -3 -5 -5 -3  2  7 12 17 20 21 22 21 20 19 19 20 2227 219SE1634 22999999999999999999999 830 -52029 1999999999999999
 23 24 24 22 18 12  6  0 -5 -7 -6 -3  2  7 13 17 19 19 18 17 15 15 15 1727 220SE 114 251645 1999999999999999 922 -721 4 1599999999999999
 20 23 24 24 22 17 11  4 -2 -6 -8 -7 -3  3  8 13 16 17 17 14 12 11 10 1127 221SE 224 2417 2 179999999999999910 7 -82146 1099999999999999
 14 18 21 23 23 20 15  9  2 -3 -6 -7 -5 -1  5 10 14 16 16 13 10  8  6  627 222SE 325 231721 16999999999999991047 -72231  699999999999999
  8 12 16 19 21 21 18 13  7  2 -3 -5 -4 -1  3  8 12 15 15 13 10  7  4  327 223SE 423 221740 15999999999999991122 -52316  399999999999999
  3  5  9 14 17 19 19 16 12  7  2  0 -1  0  4  8 12 15 15 14 11  7  4  127 224SE 522 191756 15999999999999991151 -1999999999999999999999
  0  1  4  8 12 15 17 16 14 11  7  5  4  4  7 10 13 15 16 16 13  9  5  227 225SE 623 1718 7 1699999999999999 0 3  01212  499999999999999
  0 -1  0  3  7 10 13 15 15 13 11 10  9  9 11 13 15 17 18 18 16 12  8  527 226SE 732 151810 1899999999999999 051 -11215  999999999999999
  2  0  0  1  3  6  9 12 13 14 14 13 13 14 15 16 18 20 20 20 18 15 12  827 227SE18 4 20999999999999999999999 142  0999999999999999999999
  5  2  1  1  2  4  6  8 11 13 14 15 16 17 18 19 21 22 22 22 20 18 15 1227 228SE1755 22999999999999999999999 241  1999999999999999999999
  9  6  4  3  2  3  4  6  8 10 13 15 16 18 20 21 22 23 23 23 22 20 18 1527 3 1SE1755 23999999999999999999999 358  2999999999999999999999
 13 10  8  6  4  3  3  4  6  8 10 13 16 18 20 21 22 23 23 23 22 21 20 1827 3 2SE18 4 23999999999999999999999 533  3999999999999999999999
 16 14 11  9  6  4  3  3  3  5  8 11 14 16 19 20 21 21 21 21 21 21 20 1927 3 3SE18 4 21999999999999999999999 652  3999999999999999999999
 18 16 14 12  9  6  4  2  2  3  5  8 11 14 17 18 19 19 19 19 19 19 19 1927 3 4SE1635 19999999999999999999999 748  2999999999999999999999
 19 18 16 14 11  7  4  1  0  0  2  5  8 12 15 17 17 17 17 16 15 16 16 1727 3 5SE1614 18999999999999999999999 830  02021 1599999999999999
 18 18 17 15 13  9  5  1 -1 -2 -1  1  5  9 13 15 16 16 15 13 12 12 13 1427 3 6SE 044 181616 1699999999999999 9 4 -22046 1299999999999999
 16 17 17 16 14 10  6  2 -2 -4 -4 -2  2  6 10 13 15 15 13 11 10  9  9 1027 3 7SE 144 171627 1599999999999999 933 -42118  999999999999999
 13 15 16 16 15 12  8  3 -1 -4 -5 -4 -1  4  8 12 14 14 13 10  8  6  6  727 3 8SE 234 161641 149999999999999910 1 -52150  699999999999999
  9 12 14 16 16 14 10  6  1 -2 -4 -4 -2  2  6 10 13 14 13 10  7  4  3  327 3 9SE 322 161655 14999999999999991027 -42222  399999999999999
  5  8 12 14 16 15 13  9  5  1 -2 -2 -1  2  6 10 13 14 13 10  7  3  1  027 310SE 412 1617 7 14999999999999991053 -22254  099999999999999
  2  4  8 12 15 16 15 13  9  5  3  2  2  4  7 11 13 15 14 12  8  4  1 -127 311SE 5 6 161715 15999999999999991117  22328 -199999999999999
 -1  1  4  9 13 15 16 16 13 10  8  7  7  8 10 13 15 16 16 14 10  6  1 -127 312SE 6 6 161718 16999999999999991137  6999999999999999999999
 -3 -2  1  5  9 13 16 17 16 15 13 12 12 12 14 16 18 19 18 17 13  9  4  027 313SE 714 171717 1999999999999999 0 7 -31145 1299999999999999
 -2 -3 -2  1  5  9 13 15 17 17 17 16 16 17 18 19 20 21 21 19 17 13  8  427 314SE 839 171717 2199999999999999 052 -31121 1699999999999999
  0 -2 -2 -1  1  5  9 12 15 17 18 18 19 20 21 22 22 23 23 22 20 17 13  927 315SE1721 23999999999999999999999 149 -2999999999999999999999
  4  1 -1 -2 -1  1  4  7 11 14 16 18 19 21 22 23 23 24 24 23 22 20 17 1427 316SE1728 24999999999999999999999 3 2 -2999999999999999999999
 10  6  3  0 -1 -1  0  2  5  9 12 15 18 20 21 22 22 23 23 22 22 21 20 1827 317SE1724 23999999999999999999999 433 -1999999999999999999999
 15 12  8  4  1 -1 -2 -1  1  4  7 11 15 17 19 20 20 20 20 20 20 20 20 2027 318SE16 2 20999999999999999999999 6 6 -2999999999999999999999
 19 16 13  9  5  1 -2 -3 -3 -1  2  7 11 14 16 18 18 17 16 16 16 16 18 1927 319SE1535 18999999999999999999999 721 -31933 1699999999999999
 20 19 17 14 10  5  0 -3 -4 -4 -1  2  7 11 14 15 16 14 13 12 11 11 13 1527 320SE 010 201532 1699999999999999 817 -42010 1199999999999999
 18 19 20 18 14  9  4  0 -3 -5 -4  0  4  8 12 14 14 13 11  8  7  6  7 1027 321SE 133 201540 1499999999999999 9 3 -52052  699999999999999
 13 17 19 19 18 14  9  4  0 -3 -3 -1  2  7 11 13 14 13 10  7  4  2  2  427 322SE 241 191554 1499999999999999 942 -32135  299999999999999
  7 12 16 18 19 17 13  9  4  1 -1  0  2  6 10 14 15 14 11  7  3  0 -1 -127 323SE 344 191610 15999999999999991015 -12218 -199999999999999
  2  6 11 15 18 18 17 13  9  6  3  3  4  7 11 14 16 16 14 10  5  1 -2 -327 324SE 444 181626 16999999999999991045  32259 -399999999999999
 -2  1  6 11 15 18 18 16 14 11  8  7  8 10 13 16 17 18 16 13  8  3 -1 -327 325SE 543 181638 18999999999999991110  72339 -499999999999999
 -4 -2  2  7 11 15 17 18 17 15 13 12 12 13 15 18 19 20 18 16 11  6  2 -127 326SE 643 181644 20999999999999991125 12999999999999999999999
 -3 -2  0  4  8 12 15 17 18 17 16 16 16 17 18 20 21 21 20 18 15 10  6  227 327SE 750 181644 2199999999999999 019 -31116 1699999999999999
  0 -1  0  2  5  9 12 15 17 18 18 18 19 19 21 22 23 23 22 20 17 14  9  627 328SE1643 23999999999999999999999 1 1 -1999999999999999999999
  3  1  1  2  4  6  9 12 15 16 17 18 19 20 22 23 23 24 23 22 19 16 13 1027 329SE1647 24999999999999999999999 151  1999999999999999999999
  7  4  3  3  3  5  7  9 11 14 16 17 19 20 21 22 23 23 23 22 20 18 15 1327 330SE17 1 23999999999999999999999 256  3999999999999999999999
 10  8  6  4  4  4  4  6  8 10 13 15 17 18 19 20 21 21 21 20 20 18 17 1527 331SE1715 21999999999999999999999 425  3999999999999999999999
 13 10  8  6  4  3  3  3  5  7  9 12 14 16 17 18 18 18 18 18 17 17 16 1527 4 1SE1617 18999999999999999999999 556  3999999999999999999999
 14 12 10  8  6  3  2  2  2  4  6  9 12 14 15 16 16 15 15 14 14 14 15 1527 4 2SE15 9 16999999999999999999999 658  2999999999999999999999
 14 13 12  9  7  4  2  1  0  1  4  7 10 12 14 15 14 13 12 11 10 11 12 1327 4 3SE1458 15999999999999999999999 741  020 3 1099999999999999
 13 13 13 11  8  5  3  1  0  0  2  5  8 11 13 14 13 12 10  8  7  7  8 1027 4 4SE 036 1415 1 1499999999999999 814 -12029  799999999999999
 12 13 13 12 10  8  4  2  0  0  1  4  7 10 13 14 13 11  9  6  4  4  4  627 4 5SE 146 1315 9 1499999999999999 843  02058  499999999999999
  9 12 13 14 13 10  7  4  2  1  2  4  7 10 13 15 14 12  9  5  2  1  1  327 4 6SE 246 141519 1599999999999999 912  12128  199999999999999
  6 10 13 15 15 14 11  8  6  4  4  5  8 11 14 16 16 14 10  6  2 -1 -2 -127 4 7SE 345 151530 1699999999999999 942  42159 -299999999999999
  2  7 11 15 17 17 16 13 11  9  8  8 10 13 16 17 18 16 13  8  3 -1 -3 -327 4 8SE 443 171539 18999999999999991013  82232 -499999999999999
 -1  3  8 13 17 19 20 18 16 14 13 13 13 15 18 20 20 19 16 11  5  0 -3 -527 4 9SE 541 201548 20999999999999991042 1323 9 -599999999999999
 -4 -1  4 10 15 19 21 22 20 19 18 17 18 19 20 22 23 22 19 15  9  4 -1 -427 410SE 642 221557 239999999999999911 6 172351 -599999999999999
 -5 -4  0  5 11 16 20 22 23 22 21 21 21 22 23 24 25 24 22 19 14  8  3 -227 411SE 751 2316 8 259999999999999911 7 21999999999999999999999
 -4 -4 -3  1  6 11 16 19 22 22 23 23 23 24 25 25 26 26 25 22 19 14  8  327 412SE1623 26999999999999999999999 042 -5999999999999999999999
 -1 -3 -3 -2  1  6 10 14 18 20 22 22 23 24 25 25 26 26 25 24 22 18 13  927 413SE1643 26999999999999999999999 142 -3999999999999999999999
  4  1 -1 -2 -1  1  5  8 12 16 18 20 22 23 23 24 24 24 24 23 22 20 17 1427 414SE17 3 24999999999999999999999 254 -2999999999999999999999
 10  6  2  0 -1 -1  1  3  7 11 14 17 19 20 21 21 21 21 21 21 20 20 19 1727 415SE1520 21999999999999999999999 418 -1999999999999999999999
 14 11  7  4  1 -1 -1  0  3  6 10 13 15 17 18 18 17 17 16 16 16 17 18 1827 416SE1424 182234 1899999999999999 541 -11851 1699999999999999
 17 15 12  8  5  2  0  0  1  3  7 10 13 15 16 16 15 13 12 11 11 12 14 1527 417SE1410 16999999999999999999999 648  01927 1199999999999999
 17 17 15 13  9  6  3  2  1  3  5  9 12 15 16 15 13 11  8  7  6  6  8 1127 418SE 030 171412 1699999999999999 739  120 8  699999999999999
 14 16 17 16 14 10  7  5  4  4  6  9 12 15 16 16 14 11  7  4  2  2  3  627 419SE 156 171421 1699999999999999 820  42049  299999999999999
 10 14 16 17 17 15 12  9  8  7  8 10 13 16 18 18 16 13  9  4  1 -1 -1  127 420SE 310 171435 1899999999999999 854  72128 -199999999999999
  5 10 14 17 19 18 17 14 12 11 11 13 15 18 20 20 19 16 12  6  2 -2 -3 -227 421SE 416 191450 2099999999999999 925 1122 6 -399999999999999
  1  6 11 16 19 21 20 19 17 15 15 16 17 20 22 23 22 19 15 10  5  0 -2 -327 422SE 516 2115 5 2399999999999999 953 152242 -399999999999999
 -1  3  8 14 18 21 22 22 21 19 19 19 20 22 24 25 24 22 19 14  8  3  0 -227 423SE 613 221518 25999999999999991015 192318 -299999999999999
 -2  1  6 11 16 20 23 23 23 23 22 22 23 24 25 26 26 25 22 18 12  7  3  027 424SE 712 241527 26999999999999991025 222355 -199999999999999
 -1  1  4  8 13 17 21 23 24 24 24 24 24 25 26 27 27 26 24 21 16 11  7  327 425SE1535 279999999999999999999999999999999999999999999999999
  1  1  3  6 10 14 18 21 22 23 24 24 25 26 27 27 28 27 25 23 19 14 10  727 426SE1548 28999999999999999999999 036  1999999999999999999999
  4  3  3  4  7 10 14 17 19 21 22 23 24 25 25 26 27 26 25 23 20 17 13  927 427SE16 6 27999999999999999999999 123  3999999999999999999999
  7  5  4  4  5  7 10 13 16 18 20 21 22 23 23 24 24 24 24 23 21 18 15 1227 428SE1627 24999999999999999999999 219  4999999999999999999999
  9  7  5  4  4  5  7  9 12 14 16 18 20 20 21 21 21 21 21 20 19 18 16 1327 429SE1627 21999999999999999999999 323  4999999999999999999999
 11  8  6  5  4  4  5  6  9 11 14 16 17 18 19 18 18 18 17 17 17 16 15 1427 430SE14 0 19999999999999999999999 430  4999999999999999999999
 12 10  8  6  5  4  4  5  7  9 12 14 16 17 17 16 15 14 14 13 13 13 13 1327 5 1SE1335 17999999999999999999999 527  4999999999999999999999
 12 11 10  8  6  5  5  5  6  8 11 14 16 17 17 16 14 12 10  9  9 10 11 1227 5 2SE1328 17999999999999999999999 611  51946  999999999999999
 12 13 12 11  9  8  7  6  7  9 11 14 16 17 17 16 14 11  8  7  6  6  8 1027 5 3SE 035 131330 1899999999999999 649  620 7  699999999999999
 12 13 14 14 13 11 10  9  9 10 12 15 17 19 19 18 15 11  8  5  3  3  5  727 5 4SE 2 8 141336 1999999999999999 725  92033  399999999999999
 11 14 16 17 17 16 15 13 13 13 15 17 19 21 21 20 17 13  9  4  1  0  1  427 5 5SE 322 171346 2199999999999999 8 4 1321 2  099999999999999
  8 13 17 20 21 21 20 19 18 17 18 20 22 23 24 23 21 16 11  6  1 -1 -2  127 5 6SE 426 211359 2499999999999999 847 172136 -299999999999999
  5 10 16 21 24 25 25 24 23 22 22 23 24 26 27 27 24 21 15  9  3 -1 -3 -227 5 7SE 522 251416 2799999999999999 930 222214 -399999999999999
  1  6 13 19 24 27 28 28 27 26 26 26 27 28 29 30 28 25 20 14  7  1 -3 -427 5 8SE 618 281437 30999999999999991011 262257 -499999999999999
 -2  2  8 15 21 26 29 30 30 29 29 29 29 30 31 32 31 29 25 19 12  6  0 -327 5 9SE 718 3015 4 32999999999999991040 292346 -499999999999999
 -4 -2  3  9 15 21 26 29 30 30 30 30 30 30 31 32 32 31 28 24 18 11  5  027 510SE1536 329999999999999999999999999999999999999999999999999
 -2 -3 -1  3  9 15 20 24 27 28 29 29 29 30 30 31 31 31 30 27 23 17 11  527 511SE1614 31999999999999999999999 041 -3999999999999999999999
  1 -1 -2  0  4  9 14 18 22 24 26 27 27 28 28 28 29 29 29 27 25 21 16 1127 512SE1659 29999999999999999999999 140 -2999999999999999999999
  6  3  0  0  1  4  8 13 17 20 22 24 24 25 25 25 25 25 25 25 24 22 19 1627 513SE1546 25999999999999999999999 243  0999999999999999999999
 12  8  4  3  2  3  5  9 12 16 19 21 22 22 22 21 20 20 20 20 20 20 19 1827 514SE1246 222025 2099999999999999 348  21743 2099999999999999
 15 12  9  7  5  5  6  8 11 14 17 19 20 20 19 18 17 15 14 14 15 16 17 1727 515SE1236 2023 7 1799999999999999 449  51839 1499999999999999
 17 16 14 11 10  8  8  9 11 14 16 19 20 20 19 17 15 12 10  9  9 11 13 1527 516SE1237 21999999999999999999999 542  81924  999999999999999
 17 17 17 16 14 13 12 12 13 15 18 20 22 22 21 18 15 11  8  6  5  6  8 1127 517SE 111 171244 2299999999999999 625 1220 4  599999999999999
 14 17 19 19 19 18 17 17 17 18 20 22 24 25 24 21 18 13  9  5  3  2  4  727 518SE 253 191257 2599999999999999 7 0 172042  299999999999999
 12 16 19 21 22 22 21 21 21 22 23 25 27 28 27 25 21 17 11  7  3  1  2  427 519SE 419 221313 2899999999999999 732 212117  199999999999999
  9 14 19 22 25 26 26 25 25 25 26 27 29 30 30 28 25 21 15 10  5  2  2  327 520SE 524 261332 3099999999999999 8 5 252152  199999999999999
  7 12 17 22 26 28 29 29 28 28 28 29 31 32 32 31 29 25 20 14  9  5  3  327 521SE 613 291352 3299999999999999 841 282226  299999999999999
  5 10 15 21 25 29 30 31 30 30 30 31 32 33 33 33 31 28 24 18 13  8  5  427 522SE1412 3399999999999999999999923 2  4999999999999999999999
  5  8 13 18 23 27 30 31 31 31 31 32 32 33 34 34 33 30 27 22 16 11  7  527 523SE1433 349999999999999999999992339  5999999999999999999999
  5  6 10 15 20 24 28 30 31 31 31 31 32 33 33 34 33 31 28 24 19 14 10  727 524SE1458 349999999999999999999999999999999999999999999999999
  5  6  8 11 16 20 24 27 29 29 30 30 30 31 32 32 32 31 29 26 22 17 12  927 525SE1526 32999999999999999999999 020  5999999999999999999999
  6  5  6  8 12 16 20 23 25 27 27 28 28 29 29 30 30 30 28 26 23 19 14 1127 526SE1554 30999999999999999999999 1 3  5999999999999999999999
  8  6  6  7  9 12 16 19 22 24 25 25 26 26 26 27 27 27 26 25 22 19 16 1227 527SE1616 27999999999999999999999 147  6999999999999999999999
 10  7  6  6  7 10 13 16 19 21 22 23 24 24 23 23 23 23 23 22 21 19 16 1427 528SE1218 24999999999999999999999 227  6999999999999999999999
 11  9  8  7  8  9 11 14 17 19 21 22 22 22 21 20 20 19 19 19 18 17 16 1527 529SE1153 22999999999999999999999 3 3  7999999999999999999999
 13 12 10 10 10 10 12 14 17 19 21 22 22 22 20 19 17 16 15 15 15 15 16 1627 530SE1144 222218 1699999999999999 330 101855 1599999999999999
 15 14 14 13 13 13 14 16 18 20 22 23 23 23 21 18 16 14 12 11 12 13 14 1627 531SE1143 23999999999999999999999 349 1319 6 1199999999999999
 17 17 17 17 17 17 18 19 20 22 24 25 26 25 23 19 16 13 10  9  9 10 12 1527 6 1SE1146 269999999999999999999991930  8999999999999999999999
 18 20 21 22 22 22 22 23 24 25 27 28 29 28 26 22 18 13  9  7  6  7 10 1327 6 2SE1156 299999999999999999999991959  6999999999999999999999
 18 22 25 26 27 28 28 28 28 29 30 31 32 31 29 26 21 16 11  7  4  4  6 1027 6 3SE1213 329999999999999999999992034  4999999999999999999999
 16 21 26 29 32 32 32 32 32 32 33 34 35 35 33 31 26 20 14  8  4  2  3  627 6 4SE 528 321239 3599999999999999 8 5 322114  299999999999999
 12 18 24 30 33 36 36 36 35 35 35 36 36 37 37 35 31 26 19 12  6  2  1  327 6 5SE 6 0 361316 3799999999999999 914 3522 0  199999999999999
  7 13 20 27 32 36 38 38 37 37 36 37 37 38 39 38 36 31 25 18 11  5  1  027 6 6SE 640 3814 2 399999999999999910 7 362249  099999999999999
  2  7 14 21 28 33 36 38 38 37 37 36 37 38 39 39 38 35 31 24 17 10  4  127 6 7SE 727 381453 39999999999999991047 362342  099999999999999
  0  3  8 14 21 27 32 35 36 36 35 35 35 36 37 38 38 37 34 29 23 16  9  427 6 8SE 822 361548 38999999999999991124 35999999999999999999999
  2  1  4  9 15 21 26 30 32 33 33 32 32 32 33 34 35 35 34 31 27 21 15 1027 6 9SE 919 331645 3599999999999999 036  11218 3299999999999999
  5  3  3  6 10 15 20 25 28 29 30 30 29 29 29 29 30 31 31 30 28 24 20 1527 610SE10 1 301749 3199999999999999 128  31342 2999999999999999
 11  7  6  6  9 12 17 21 24 26 27 27 27 26 25 24 24 25 26 26 26 25 22 1927 611SE1024 271915 2699999999999999 217  61523 2499999999999999
 16 13 11 10 11 13 16 19 22 25 26 26 25 24 22 21 19 19 19 20 21 22 22 2127 612SE1037 262131 2299999999999999 3 1 1017 3 1999999999999999
 19 18 16 15 15 16 18 20 23 25 27 27 26 24 22 19 17 15 14 14 16 17 19 2127 613SE1048 27999999999999999999999 334 151812 1499999999999999
 21 21 21 20 20 21 22 23 25 27 28 29 28 26 23 20 16 13 11 10 11 13 16 1927 614SE 020 211058 2999999999999999 344 2019 3 1099999999999999
 21 23 24 25 25 25 26 27 28 30 31 32 31 30 27 23 18 14 11  9  8  9 12 1627 615SE1110 329999999999999999999991945  8999999999999999999999
 20 24 26 28 29 30 30 31 32 33 34 35 35 33 31 27 22 17 13  9  8  8 10 1427 616SE1126 359999999999999999999992023  8999999999999999999999
 19 23 27 30 32 33 34 34 35 36 36 37 37 36 34 31 27 22 16 12  9  8  9 1227 617SE1149 379999999999999999999992058  8999999999999999999999
 17 22 27 31 34 36 36 37 37 37 38 38 39 39 37 35 31 26 21 16 12  9  9 1127 618SE1218 399999999999999999999992133  9999999999999999999999
 15 21 26 31 35 37 38 38 38 38 38 39 39 39 39 37 34 30 25 19 15 11 10 1127 619SE1255 3999999999999999999999922 9 10999999999999999999999
 14 18 24 29 34 37 38 39 38 38 38 38 39 39 39 38 36 33 28 23 17 13 11 1027 620SE1337 399999999999999999999992245 10999999999999999999999
 12 15 21 26 31 35 37 38 38 37 37 37 37 38 39 38 37 34 30 25 20 15 12 1027 621SE 715 381419 399999999999999910 9 372323 1099999999999999
 10 12 17 22 27 31 34 36 36 36 35 35 35 36 37 37 37 35 32 27 22 17 13 1027 622SE 746 3615 0 37999999999999991046 35999999999999999999999
  9 10 13 17 22 27 31 33 34 34 33 33 33 33 34 35 35 34 32 28 24 19 14 1127 623SE 822 341537 3599999999999999 0 0  91128 3399999999999999
  9  9 11 14 18 23 27 29 31 31 31 31 30 30 31 31 32 32 30 28 24 20 16 1327 624SE 855 311614 3299999999999999 035  91226 3099999999999999
 10  9 10 12 16 20 23 26 28 29 29 28 28 27 27 28 28 28 28 27 24 21 18 1527 625SE 919 291653 2899999999999999 1 6  91341 2799999999999999
 13 11 11 13 15 18 22 25 27 28 28 27 26 25 24 24 24 25 25 24 23 22 20 1727 626SE 931 281750 2599999999999999 130 1115 8 2499999999999999
 16 15 14 15 17 19 22 25 27 28 28 27 26 24 22 21 21 21 21 22 22 22 21 2027 627SE 937 2820 4 2299999999999999 142 141630 2199999999999999
 19 19 18 19 20 22 24 26 28 29 29 28 27 24 22 20 18 18 18 18 20 21 22 2227 628SE 938 29999999999999999999999 135 181723 1899999999999999
 23 23 23 24 25 26 28 29 31 32 32 31 29 26 23 20 17 15 15 15 17 19 22 2427 629SE 939 3299999999999999999999918 2 15999999999999999999999
 26 27 28 29 30 31 32 33 34 35 35 34 32 29 25 21 18 15 13 13 14 17 20 2427 630SE 943 359999999999999999999991841 13999999999999999999999
 28 30 33 34 35 36 36 37 37 38 38 38 36 33 30 25 20 16 12 11 11 13 17 2227 7 1SE 956 389999999999999999999991922 11999999999999999999999
 27 32 35 38 39 40 40 40 40 40 41 40 40 38 35 30 25 19 14 10  9 10 13 1827 7 2SE1031 4199999999999999999999920 8  9999999999999999999999
 24 30 35 39 42 43 43 42 42 42 42 42 42 41 39 35 30 24 18 12  9  7  9 1327 7 3SE 532 431141 4299999999999999 853 422057  799999999999999
 19 26 33 38 41 43 44 43 42 42 42 42 43 43 43 40 36 30 23 16 11  7  6  827 7 4SE 547 4413 0 4399999999999999 942 422149  699999999999999
 13 20 27 34 39 42 43 43 42 41 40 41 41 43 43 43 40 36 30 22 15  9  6  527 7 5SE 614 431410 43999999999999991016 402241  599999999999999
  8 13 20 27 33 38 40 41 40 39 38 38 38 40 41 42 42 39 35 28 21 14  9  627 7 6SE 645 411515 42999999999999991052 382332  599999999999999
  6  9 14 21 27 33 36 38 38 36 35 34 34 35 37 39 40 40 37 33 27 20 14  927 7 7SE 717 381617 40999999999999991137 34999999999999999999999
  7  7 11 16 22 28 32 34 35 34 32 31 30 30 31 33 35 36 36 34 30 25 19 1427 7 8SE 747 351722 3699999999999999 019  71232 3099999999999999
 11 10 11 14 19 24 28 31 33 32 31 29 27 26 26 27 29 30 32 32 31 28 24 2027 7 9SE 812 331838 3299999999999999 1 1 101337 2699999999999999
 17 15 15 16 20 23 27 30 32 32 30 28 26 23 22 22 22 24 26 27 28 28 26 2427 710SE 832 322019 2899999999999999 137 151453 2299999999999999
 22 21 20 21 23 25 28 31 32 32 31 29 26 23 21 19 18 18 20 21 23 25 26 2727 711SE 846 32999999999999999999999 158 201613 1899999999999999
 26 26 26 27 28 29 31 33 34 34 34 32 29 25 22 19 16 15 15 17 19 22 25 2727 712SE 854 349999999999999999999991726 15999999999999999999999
 29 30 31 32 33 34 35 36 37 37 37 35 32 29 25 21 18 15 14 14 16 18 22 2627 713SE 855 379999999999999999999991825 14999999999999999999999
 29 32 34 36 37 38 39 39 40 40 39 38 36 33 29 25 21 17 15 14 14 16 20 2427 714SE 848 409999999999999999999991913 13999999999999999999999
 29 33 36 38 40 41 41 42 42 42 41 41 39 37 34 30 25 21 17 15 14 15 18 2327 715SE 832 429999999999999999999991955 14999999999999999999999
 28 32 36 39 41 42 42 43 43 43 42 42 41 40 37 34 30 25 21 17 15 15 17 2127 716SE 755 439999999999999999999992034 15999999999999999999999
 26 31 36 39 41 43 43 43 42 42 42 42 42 41 40 37 34 29 24 20 17 16 16 1927 717SE 546 439999999999999999999992112 16999999999999999999999
 23 29 34 38 41 42 42 42 41 41 41 41 41 41 41 39 36 32 27 23 18 16 15 1727 718SE 541 421248 4199999999999999 956 412149 1599999999999999
 20 25 31 35 39 41 41 41 40 39 39 39 39 40 40 40 37 34 30 25 20 16 14 1527 719SE 551 411348 40999999999999991011 392225 1499999999999999
 17 21 27 32 36 39 40 39 38 37 36 36 37 38 39 39 38 35 31 26 21 17 14 1327 720SE 610 401437 39999999999999991036 362259 1399999999999999
 14 17 22 27 32 35 37 37 36 35 34 33 34 35 36 37 37 35 32 28 23 18 15 1327 721SE 633 371521 379999999999999911 8 332330 1299999999999999
 13 15 19 24 28 32 35 35 35 33 32 31 30 31 32 34 34 34 32 29 24 20 16 1427 722SE 656 3516 3 34999999999999991144 302357 1399999999999999
 13 14 17 21 25 29 32 33 33 32 30 28 28 28 29 30 31 32 31 29 26 22 19 1627 723SE 716 331650 32999999999999991226 28999999999999999999999
 15 15 17 20 24 28 31 32 32 31 29 27 26 25 25 26 28 29 29 29 27 25 22 2027 724SE 731 321751 2999999999999999 018 151312 2599999999999999
 19 19 20 22 25 28 31 32 32 31 29 27 24 23 22 23 24 26 27 27 27 26 25 2427 725SE 738 321924 2799999999999999 030 1914 3 2299999999999999
 23 23 24 26 28 30 32 33 33 32 30 27 25 22 21 20 21 22 24 25 27 28 28 2827 726SE 737 33999999999999999999999 023 231459 2099999999999999
 28 28 29 31 32 34 35 36 36 35 33 30 26 23 21 19 19 19 21 23 25 28 30 3127 727SE 727 369999999999999999999991557 19999999999999999999999
 32 33 34 35 37 38 38 39 39 38 36 33 29 26 22 19 18 17 18 20 23 26 29 3327 728SE 713 399999999999999999999991657 17999999999999999999999
 35 37 38 40 41 41 42 42 41 41 39 37 34 30 26 22 18 16 16 17 19 23 27 3227 729SE 652 429999999999999999999991755 16999999999999999999999
 36 39 41 43 44 44 44 44 43 43 42 41 38 35 30 26 21 17 15 14 15 19 23 2927 730SE 515 449999999999999999999991852 14999999999999999999999
 34 38 42 44 45 45 45 44 44 44 43 43 42 39 36 31 26 21 16 13 13 14 18 2327 731SE 443 459999999999999999999991949 13999999999999999999999
 30 35 40 43 45 45 45 44 43 43 43 43 43 43 41 37 32 26 20 15 12 11 13 1727 8 1SE 444 451157 4399999999999999 918 432045 1199999999999999
 24 30 36 41 43 44 43 42 41 40 40 41 42 43 43 41 37 32 25 19 13 10 10 1227 8 2SE 459 441325 4499999999999999 927 402138 1099999999999999
 17 24 31 36 40 42 41 40 38 37 36 37 39 41 43 43 41 37 31 24 17 12 10 1027 8 3SE 521 421436 4399999999999999 955 362228  999999999999999
 13 18 25 31 36 38 39 38 35 33 32 32 33 36 39 41 41 40 36 30 23 17 12 1127 8 4SE 544 391542 41999999999999991034 322313 1199999999999999
 11 15 21 27 32 35 37 36 33 31 28 27 28 29 33 36 38 39 37 34 28 22 18 1427 8 5SE 6 7 371648 39999999999999991120 272353 1499999999999999
 14 15 19 24 29 33 35 35 33 30 26 24 23 24 26 29 33 35 36 35 32 28 23 2027 8 6SE 628 351759 36999999999999991212 23999999999999999999999
 18 19 21 24 28 32 34 35 33 30 26 23 21 20 20 23 26 29 32 33 33 31 28 2627 8 7SE 645 351921 3399999999999999 026 1813 8 2099999999999999
 24 24 25 27 30 33 35 35 35 32 28 24 21 19 18 18 20 23 26 29 31 31 31 3027 8 8SE 655 3521 9 3299999999999999 048 2414 9 1899999999999999
 30 30 30 32 34 35 37 37 37 35 31 27 24 20 18 17 17 19 21 24 27 30 32 3327 8 9SE 656 37999999999999999999999 037 301516 1799999999999999
 34 35 35 36 38 39 39 40 39 37 35 31 27 24 21 18 17 17 18 21 24 27 31 3327 810SE 640 409999999999999999999991627 17999999999999999999999
 36 38 39 40 41 42 42 42 41 40 38 35 32 28 25 22 19 18 18 19 21 25 29 3227 811SE 610 429999999999999999999991736 17999999999999999999999
 36 39 41 42 43 43 44 43 43 42 40 38 36 32 29 26 23 20 19 18 20 22 26 3127 812SE 539 449999999999999999999991836 18999999999999999999999
 35 38 41 43 44 44 44 43 43 42 41 40 38 36 33 30 26 23 21 19 19 21 24 2827 813SE 5 3 449999999999999999999991927 19999999999999999999999
 33 37 40 42 43 43 43 42 42 41 41 40 40 38 36 33 30 26 23 20 19 20 22 2627 814SE 435 439999999999999999999992012 19999999999999999999999
 30 35 38 41 42 42 41 40 39 39 39 39 39 39 38 36 33 29 25 21 19 18 19 2227 815SE 427 429999999999999999999992051 18999999999999999999999
 27 32 36 39 40 40 39 38 37 36 36 37 38 38 38 37 34 31 26 22 19 17 17 1927 816SE 432 401318 3899999999999999 931 362126 1799999999999999
 23 28 33 36 38 39 38 36 34 33 33 33 35 36 37 37 35 32 28 23 19 16 16 1727 817SE 445 391413 3799999999999999 947 332158 1699999999999999
 20 24 29 33 36 37 36 34 32 30 30 30 31 33 35 35 35 33 29 25 20 17 15 1527 818SE 5 3 3715 0 35999999999999991013 302227 1599999999999999
 17 21 26 30 34 35 35 33 31 28 27 27 28 30 32 34 34 33 30 26 22 18 16 1527 819SE 522 351546 34999999999999991044 272254 1599999999999999
 17 20 24 28 32 34 34 32 30 27 25 24 24 26 28 31 32 32 31 28 25 21 19 1827 820SE 539 341636 33999999999999991116 242317 1799999999999999
 18 20 23 27 31 33 33 32 30 26 24 22 21 22 25 28 30 31 31 30 28 25 23 2127 821SE 552 331736 32999999999999991149 212334 2199999999999999
 21 22 25 28 31 33 34 33 30 27 23 21 20 20 21 24 27 29 31 31 30 29 27 2627 822SE 557 341849 31999999999999991225 192338 2699999999999999
 26 27 28 31 33 34 35 34 32 28 25 21 19 18 19 21 24 27 29 31 32 32 31 3127 823SE 553 352023 329999999999999913 6 182318 3199999999999999
 31 32 33 34 36 37 37 36 34 31 27 23 20 18 17 18 20 23 26 29 32 33 34 3527 824SE 540 379999999999999999999991354 17999999999999999999999
 35 36 37 38 39 40 39 39 37 34 30 26 22 20 18 17 18 20 23 26 30 33 35 3727 825SE 525 409999999999999999999991454 17999999999999999999999
 38 39 40 41 42 42 42 41 39 37 34 30 26 23 20 18 17 18 19 22 26 30 33 3727 826SE 5 0 4299999999999999999999916 7 17999999999999999999999
 39 41 42 43 43 43 43 42 41 40 38 35 31 27 24 20 18 16 17 18 21 25 30 3427 827SE 411 439999999999999999999991725 16999999999999999999999
 38 40 42 43 43 43 43 42 41 41 40 38 36 33 29 25 21 17 15 15 17 20 25 3027 828SE 348 439999999999999999999991838 15999999999999999999999
 34 38 41 42 42 42 41 40 39 39 40 40 39 37 34 30 25 20 16 14 14 15 19 2427 829SE 343 429999999999999999999991941 13999999999999999999999
 29 34 38 40 40 39 38 37 36 36 37 38 39 40 38 35 30 25 19 15 13 12 14 1927 830SE 347 401237 4099999999999999 827 362037 1299999999999999
 24 30 34 37 38 37 35 33 32 31 32 34 37 39 40 39 35 30 24 19 14 12 12 1527 831SE 4 0 381354 4099999999999999 850 312126 1299999999999999
 20 25 30 34 36 35 33 30 28 26 27 28 31 35 38 39 38 35 30 24 18 14 13 1427 9 1SE 417 3615 3 3999999999999999 927 2622 9 1399999999999999
 17 22 27 32 34 34 32 29 25 23 22 22 25 29 33 37 38 37 34 29 24 19 16 1627 9 2SE 435 3416 9 389999999999999910 9 222248 1699999999999999
 17 21 26 30 33 34 32 29 25 21 18 18 19 22 27 32 35 37 36 33 29 25 22 2027 9 3SE 454 341715 37999999999999991055 182322 2099999999999999
 20 23 26 30 33 34 33 31 26 22 18 15 15 17 21 25 30 33 35 35 33 30 27 2627 9 4SE 5 9 341825 35999999999999991141 152350 2599999999999999
 25 26 29 32 34 35 35 33 29 24 19 16 14 14 16 20 24 29 32 34 35 34 32 3127 9 5SE 519 351943 35999999999999991229 14999999999999999999999
 31 31 32 34 36 37 37 35 32 28 23 19 16 14 15 17 20 24 28 31 34 35 35 3527 9 6SE 520 37999999999999999999999 0 2 311320 1499999999999999
 35 35 36 37 38 39 39 37 35 31 27 23 19 17 16 16 18 21 24 28 31 34 35 3627 9 7SE 5 8 399999999999999999999991416 16999999999999999999999
 38 38 39 40 41 41 40 39 37 34 31 27 24 21 19 18 18 19 21 24 28 31 34 3627 9 8SE 445 419999999999999999999991524 18999999999999999999999
 38 39 41 41 42 41 41 40 38 36 34 31 28 25 23 21 20 19 20 22 25 28 31 3427 9 9SE 422 429999999999999999999991645 19999999999999999999999
 37 39 40 41 41 41 40 39 38 37 35 34 31 29 27 24 22 21 20 20 22 25 28 3127 910SE 359 4199999999999999999999918 4 20999999999999999999999
 34 37 39 39 39 39 38 38 37 36 36 35 33 32 30 27 24 22 20 20 20 22 25 2827 911SE 332 3999999999999999999999919 6 20999999999999999999999
 32 35 36 37 37 36 35 35 34 34 34 34 34 33 32 29 27 23 21 19 18 19 22 2527 912SE 319 379999999999999999999991952 18999999999999999999999
 29 32 34 35 35 34 32 31 31 31 31 32 33 33 32 31 28 25 21 19 17 17 19 2227 913SE 317 351241 3399999999999999 832 312029 1799999999999999
 26 29 32 33 33 32 30 28 27 27 28 29 31 32 32 31 29 26 22 19 17 16 17 1927 914SE 324 341342 3299999999999999 844 2721 0 1699999999999999
 23 27 30 32 32 31 29 26 24 23 24 25 28 30 31 31 30 27 24 20 17 16 16 1827 915SE 337 321433 3299999999999999 9 9 232128 1699999999999999
 21 25 29 31 32 30 28 25 22 21 20 22 24 27 30 31 31 29 26 22 19 17 16 1727 916SE 353 321522 3199999999999999 937 202154 1699999999999999
 20 24 27 30 31 31 28 25 21 19 18 18 21 24 28 30 31 31 29 26 22 20 19 1927 917SE 4 7 311613 319999999999999910 7 182220 1999999999999999
 21 24 27 30 31 31 29 25 21 18 16 16 17 21 25 28 31 32 31 29 26 24 22 2227 918SE 419 3117 8 32999999999999991037 152245 2299999999999999
 23 25 28 31 32 32 30 27 22 18 15 14 15 17 21 26 30 32 33 33 31 29 27 2727 919SE 425 3218 8 339999999999999911 8 1423 7 2799999999999999
 27 28 30 32 34 33 32 29 24 20 16 13 13 15 18 22 27 31 33 34 34 33 32 3127 920SE 425 341915 34999999999999991142 132315 3199999999999999
 31 32 33 35 36 35 34 31 27 22 18 15 13 13 15 19 23 28 31 34 35 35 35 3527 921SE 421 369999999999999999999991223 13999999999999999999999
 35 36 36 37 38 37 36 34 30 26 21 17 15 13 14 16 19 23 27 31 34 35 36 3727 922SE 415 389999999999999999999991314 13999999999999999999999
 37 38 39 39 39 39 38 36 33 30 26 21 18 15 14 15 16 19 23 26 30 33 35 3727 923SE 4 4 399999999999999999999991420 14999999999999999999999
 38 39 39 40 40 39 39 37 36 33 30 26 22 19 17 15 15 16 18 21 25 28 32 3427 924SE 332 409999999999999999999991543 15999999999999999999999
 36 37 38 38 38 38 37 37 36 35 33 31 27 24 21 18 15 14 15 16 19 23 27 3027 925SE 3 2 389999999999999999999991714 14999999999999999999999
 33 35 36 36 36 35 35 34 34 34 34 33 31 29 25 22 18 15 14 13 15 18 22 2627 926SE 248 369999999999999999999991833 13999999999999999999999
 29 32 33 33 33 32 31 30 30 31 32 33 33 32 30 26 22 18 15 13 13 14 18 2227 927SE 240 331141 3499999999999999 721 301935 1299999999999999
 26 29 31 31 30 28 26 25 25 26 28 30 33 34 33 31 27 22 18 15 13 13 15 1927 928SE 242 311310 3499999999999999 745 252025 1399999999999999
 23 27 29 30 28 26 23 21 20 20 22 25 29 32 34 34 31 27 23 18 15 14 15 1727 929SE 251 301422 3499999999999999 822 2021 9 1499999999999999
 21 25 28 29 29 26 22 19 16 15 16 19 23 28 32 34 34 32 28 23 20 17 17 1827 930SE 3 5 291528 3499999999999999 9 3 152147 1799999999999999
 21 25 28 30 30 27 23 19 15 12 11 13 17 22 28 32 34 34 32 29 25 22 21 212710 1SE 321 301632 3599999999999999 946 112223 2199999999999999
 23 26 29 31 31 30 26 21 16 12 10 10 12 17 23 28 32 35 35 33 30 28 26 252710 2SE 337 311735 35999999999999991028  92256 2599999999999999
 26 28 31 33 33 32 29 24 19 14 10  9 10 13 18 24 29 33 35 35 34 32 31 302710 3SE 351 331837 35999999999999991110  92323 3099999999999999
 30 31 33 34 35 34 32 28 23 18 13 11 10 11 15 20 25 29 33 35 35 35 34 332710 4SE 359 351946 35999999999999991152 102335 3399999999999999
 33 34 35 36 36 36 34 31 27 22 17 14 12 12 14 17 21 26 30 33 35 35 35 352710 5SE 359 369999999999999999999991235 12999999999999999999999
 36 36 37 37 37 37 35 33 30 26 22 18 16 15 15 16 19 22 26 29 32 33 35 352710 6SE 352 379999999999999999999991325 14999999999999999999999
 36 36 37 37 37 37 36 34 32 29 25 22 20 18 17 17 18 20 22 25 28 30 32 332710 7SE 344 379999999999999999999991429 17999999999999999999999
 35 35 36 36 36 36 35 34 32 30 28 25 23 21 19 18 18 18 20 21 24 26 29 312710 8SE 337 369999999999999999999991555 18999999999999999999999
 32 33 34 34 34 33 33 32 31 30 29 27 25 24 22 20 19 18 18 19 20 23 25 272710 9SE 257 349999999999999999999991730 18999999999999999999999
 29 30 31 31 30 30 30 29 29 29 28 28 27 25 24 22 19 18 17 17 18 19 22 24271010SE 218 319999999999999999999991837 17999999999999999999999
 27 28 29 28 27 26 26 25 25 26 26 27 27 26 25 23 21 18 17 16 16 17 19 22271011SE 2 6 291133 2799999999999999 731 251922 1699999999999999
 25 26 27 27 25 24 22 21 21 22 23 24 26 26 26 24 22 19 17 16 15 16 18 20271012SE 2 5 2713 0 2699999999999999 739 211955 1599999999999999
 23 25 26 26 24 22 20 18 17 18 19 22 24 25 26 25 24 21 19 17 16 16 17 20271013SE 211 2614 0 2699999999999999 8 4 172025 1699999999999999
 23 25 26 26 24 21 18 16 14 14 16 18 21 24 26 27 26 24 21 19 17 17 18 20271014SE 221 261454 2799999999999999 833 142054 1799999999999999
 23 25 27 27 25 22 18 15 12 11 12 15 19 23 26 28 28 27 25 23 21 20 20 21271015SE 233 271546 2899999999999999 9 2 112125 2099999999999999
 23 26 28 28 27 24 20 15 12 10 10 12 16 20 25 28 30 31 29 27 25 23 23 23271016SE 244 281639 3199999999999999 931  92159 2399999999999999
 25 27 29 30 29 26 22 17 12  9  8  9 12 17 23 28 31 33 33 31 29 28 27 27271017SE 254 301731 339999999999999910 2  82235 2799999999999999
 28 29 31 32 31 29 25 20 14 10  8  7 10 14 19 25 30 33 35 35 33 32 31 30271018SE 3 3 321824 35999999999999991037  72310 3099999999999999
 31 32 33 33 33 31 28 23 18 13  9  7  8 11 15 21 26 31 34 36 36 35 34 33271019SE 312 331923 36999999999999991116  72338 3399999999999999
 33 34 34 35 35 34 31 27 22 17 12  9  8  9 12 16 21 26 31 34 35 35 35 35271020SE 323 3599999999999999999999912 3  8999999999999999999999
 35 35 35 36 36 35 33 30 26 21 16 12 10  9 10 12 16 21 25 29 32 33 34 34271021SE 336 3699999999999999999999913 1  9999999999999999999999
 34 35 35 35 35 35 34 32 29 26 21 17 13 11 10 10 12 15 19 23 26 29 30 32271022SE 354 359999999999999999999991411 10999999999999999999999
 32 33 33 33 33 33 33 32 31 28 25 22 18 15 12 11 11 12 14 17 21 24 26 28271023SE 4 6 339999999999999999999991533 11999999999999999999999
 29 30 30 30 30 29 29 29 29 29 27 25 22 19 16 13 11 11 11 13 16 19 22 24271024SE 153 3099999999999999999999917 1 11999999999999999999999
 26 27 27 26 25 25 25 25 26 26 27 27 26 24 21 17 14 12 11 12 13 16 19 22271025SE 128 271020 2799999999999999 6 2 251817 1199999999999999
 24 24 24 23 22 20 19 19 20 22 24 26 27 26 25 22 19 16 14 13 13 15 17 20271026SE 120 251216 2799999999999999 641 191916 1399999999999999
 22 24 24 22 20 17 15 14 14 16 19 22 25 27 27 26 24 21 18 16 15 16 18 20271027SE 123 241341 2799999999999999 724 1420 3 1599999999999999
 23 24 24 23 20 16 13 10  9 10 13 17 22 26 28 29 28 25 23 20 19 18 19 21271028SE 133 251454 2999999999999999 8 6  92045 1899999999999999
 24 26 26 25 22 18 13  9  7  6  8 12 17 22 27 30 31 30 28 25 23 22 22 23271029SE 149 261559 3199999999999999 848  62124 2299999999999999
 26 28 29 28 25 21 16 11  7  5  5  8 12 18 24 29 32 33 32 30 28 26 26 26271030SE 2 7 291658 3399999999999999 928  522 3 2699999999999999
 28 29 31 30 29 25 20 15 10  6  5  6  9 14 21 26 31 34 34 33 32 30 29 29271031SE 226 311752 349999999999999910 7  52240 2999999999999999
 30 31 32 32 31 29 24 19 14  9  6  6  8 12 17 23 28 32 35 35 34 33 32 312711 1SE 244 321843 35999999999999991046  62313 3199999999999999
 32 32 33 34 33 31 28 23 18 13 10  8  8 10 14 19 25 29 33 34 34 34 33 332711 2SE 259 341937 35999999999999991126  82337 3399999999999999
 33 33 34 34 34 33 30 26 22 17 13 11 10 10 13 16 21 25 29 31 33 33 33 322711 3SE 312 3499999999999999999999912 8 10999999999999999999999
 32 33 33 33 33 33 31 28 25 21 17 14 12 11 12 14 17 21 24 27 29 30 31 312711 4SE 327 349999999999999999999991257 11999999999999999999999
 31 31 31 32 32 32 31 29 26 23 20 17 14 13 13 13 15 17 20 23 25 26 27 282711 5SE 349 329999999999999999999991354 13999999999999999999999
 28 29 29 29 29 29 29 28 26 24 21 19 17 15 13 13 13 15 16 19 21 23 24 252711 6SE 416 2999999999999999999999915 1 13999999999999999999999
 25 26 26 26 26 26 25 25 24 23 22 20 18 16 15 14 13 13 14 16 17 19 21 222711 7SE 245 269999999999999999999991616 13999999999999999999999
 23 23 23 22 22 21 21 21 21 21 21 20 19 18 16 15 14 13 13 14 15 17 19 202711 8SE 046 239999999999999999999991723 13999999999999999999999
 21 21 21 20 19 18 17 17 18 18 19 19 19 19 18 16 15 14 14 14 15 16 18 202711 9SE 038 221130 1999999999999999 635 171814 1499999999999999
 21 21 20 19 17 15 14 13 13 15 16 18 19 20 19 19 18 16 16 15 16 17 19 20271110SE 037 211317 2099999999999999 7 2 131856 1599999999999999
 22 22 21 19 16 13 11 10 10 11 13 16 19 20 21 21 21 20 19 18 18 19 20 22271111SE 043 221431 2299999999999999 732 101936 1899999999999999
 23 23 22 20 17 14 10  8  7  8 10 14 18 21 23 24 24 24 23 21 21 21 22 23271112SE 051 231531 2599999999999999 8 1  72019 2199999999999999
 25 25 25 23 19 15 11  7  5  5  7 11 16 21 24 27 28 28 27 26 25 24 24 25271113SE 1 3 251620 2899999999999999 832  521 7 2499999999999999
 27 28 27 26 22 18 13  8  5  4  5  8 13 19 24 28 31 32 31 30 29 28 27 28271114SE 118 2817 5 3299999999999999 9 4  42157 2799999999999999
 29 30 30 29 26 22 16 11  6  3  3  5  9 15 22 27 32 34 34 34 32 31 30 30271115SE 138 301749 3499999999999999 941  32245 3099999999999999
 30 31 32 31 29 26 21 15  9  4  2  3  6 11 17 24 29 33 35 35 34 33 32 32271116SE 2 3 321835 35999999999999991023  22326 3299999999999999
 32 32 33 33 32 29 25 19 13  8  4  2  3  6 12 18 24 29 33 34 34 33 33 32271117SE 236 331927 34999999999999991110  22357 3299999999999999
 32 32 33 33 33 32 29 24 18 12  7  4  2  3  7 12 18 23 28 30 32 32 31 31271118SE 316 332030 329999999999999912 4  2999999999999999999999
 31 31 31 32 32 32 30 27 23 17 12  7  4  3  4  7 11 16 21 25 27 28 28 28271119SE 4 5 32999999999999999999999 016 3113 3  399999999999999
 28 28 29 29 30 30 30 28 25 21 17 12  8  5  4  5  7 11 15 19 22 24 25 25271120SE 5 5 3099999999999999999999914 5  4999999999999999999999
 25 25 25 25 25 26 26 26 25 23 20 17 13  9  7  6  7  8 11 14 17 20 21 22271121SE 626 262330 22999999999999991511  6999999999999999999999
 22 22 21 20 20 21 21 22 23 22 22 20 17 14 11 10  9  9 10 12 15 17 19 20271122SE 827 232335 2099999999999999 355 201619  999999999999999
 20 19 18 17 16 15 15 16 17 19 20 20 20 18 16 14 13 12 12 13 15 17 19 20271123SE1054 202343 2099999999999999 525 151726 1299999999999999
 20 19 17 15 13 11 10 10 11 14 16 19 20 21 20 19 18 16 16 16 17 18 20 21271124SE1257 212354 2299999999999999 626 101827 1699999999999999
 22 21 19 16 12  9  7  6  6  8 11 15 19 22 23 23 23 21 20 20 20 21 22 23271125SE1437 23999999999999999999999 715  61923 2099999999999999
 24 24 22 19 15 10  6  4  3  4  7 11 16 21 24 26 27 26 25 24 24 24 25 26271126SE 010 241554 2799999999999999 759  32015 2499999999999999
 27 27 25 22 18 13  9  5  2  2  4  8 13 19 24 27 29 30 29 28 27 27 27 28271127SE 032 271649 3099999999999999 840  221 7 2799999999999999
 29 29 28 26 23 18 13  8  4  2  2  5 10 16 22 27 30 32 32 31 30 29 29 29271128SE 058 291731 3299999999999999 919  22157 2999999999999999
 30 31 31 29 27 22 17 12  7  4  3  4  8 13 19 25 30 32 33 33 32 31 30 30271129SE 128 3118 7 3399999999999999 957  32239 3099999999999999
 31 31 32 31 29 26 22 16 11  7  5  4  6 11 16 22 27 31 33 33 32 31 31 30271130SE 2 1 321843 33999999999999991036  42310 3099999999999999
 30 31 31 32 31 28 25 20 15 10  7  5  6  8 13 18 23 27 30 31 31 30 30 292712 1SE 236 321921 31999999999999991117  52329 2999999999999999
 29 30 30 31 31 29 26 23 18 13  9  7  6  7 10 14 18 23 26 28 29 28 28 272712 2SE 313 3120 5 29999999999999991159  62343 2799999999999999
 27 28 28 29 29 29 27 24 20 16 11  8  6  6  7 10 14 18 21 24 25 25 25 252712 3SE 350 292056 25999999999999991242  6999999999999999999999
 25 25 25 26 27 27 26 24 21 17 13 10  7  6  6  8 10 14 17 19 21 22 22 222712 4SE 428 272150 2299999999999999 0 4 251325  699999999999999
 22 22 22 22 23 23 23 22 20 17 14 11  9  7  7  7  9 11 14 16 18 19 20 202712 5SE 5 7 232222 2099999999999999 054 2214 4  799999999999999
 19 19 18 19 19 19 19 19 18 17 15 13 11  9  8  8  9 10 12 14 16 17 18 182712 6SE 556 192233 1899999999999999 225 181437  899999999999999
 18 17 16 15 15 15 15 15 15 15 14 13 12 11 10 10 10 11 13 14 16 17 18 182712 7SE 735 152238 1899999999999999 425 1515 0 1099999999999999
 17 16 15 13 12 11 11 12 12 13 13 14 14 14 13 13 13 14 15 16 17 18 19 192712 8SE1129 142243 1999999999999999 543 111459 1399999999999999
 18 17 15 12 10  9  8  8  9 10 12 14 15 16 17 17 17 17 18 18 19 20 21 212712 9SE2248 21999999999999999999999 625  8999999999999999999999
 21 19 16 13 10  8  6  5  6  8 10 13 16 19 20 21 21 22 22 22 22 23 23 24271210SE2259 24999999999999999999999 659  5999999999999999999999
 23 22 19 16 12  8  5  3  3  5  8 12 16 20 23 25 26 26 26 25 25 26 26 26271211SE1657 262319 2699999999999999 733  31956 2599999999999999
 26 25 23 19 15 10  6  3  2  2  5 10 15 20 24 28 29 30 30 29 28 28 28 28271212SE17 6 30999999999999999999999 8 9  2999999999999999999999
 29 28 26 23 19 14  8  4  1  0  2  6 11 18 23 28 31 33 33 32 31 30 30 30271213SE1728 33999999999999999999999 849  02212 3099999999999999
 30 30 30 27 24 19 13  7  2 -1 -1  1  6 13 20 26 30 33 34 33 32 31 30 30271214SE 048 3018 0 3499999999999999 934 -12244 3099999999999999
 30 31 31 30 28 24 18 11  5  0 -2 -2  1  7 14 20 26 30 33 33 32 31 30 29271215SE 147 311836 33999999999999991023 -323 8 2999999999999999
 29 30 31 32 31 28 23 16 10  3 -1 -3 -3  1  7 14 20 25 29 30 30 29 28 27271216SE 247 321917 30999999999999991115 -32331 2799999999999999
 27 28 29 31 31 30 26 21 15  8  2 -2 -4 -2  1  7 13 19 23 26 27 26 25 24271217SE 345 3120 0 279999999999999912 7 -4999999999999999999999
 24 24 25 27 28 29 27 24 19 13  7  2 -1 -3 -1  2  7 13 17 21 22 23 22 21271218SE 444 292039 2399999999999999 0 2 241258 -399999999999999
 20 20 21 22 24 25 25 24 21 17 12  7  3  0  0  1  5  9 13 17 19 20 19 18271219SE 547 252111 2099999999999999 051 201346  099999999999999
 17 16 16 16 17 19 20 21 20 18 15 12  8  5  4  4  6  8 11 14 17 18 18 17271220SE 7 5 212133 1899999999999999 2 2 161429  499999999999999
 16 14 13 12 12 12 14 15 16 17 16 15 13 11  9  9  9 11 13 15 17 18 19 18271221SE 858 172148 1999999999999999 332 1215 5  999999999999999
 16 14 11  9  8  7  8  9 11 13 15 16 16 15 15 14 14 15 16 17 19 20 20 20271222SE1139 1622 0 2099999999999999 5 2  71525 1499999999999999
 18 16 12  9  7  5  4  4  6  8 11 14 17 18 19 19 20 20 20 21 22 23 23 23271223SE2213 23999999999999999999999 613  4999999999999999999999
 21 19 16 12  8  5  2  1  2  4  8 12 16 19 21 23 24 24 24 25 25 25 26 26271224SE2232 26999999999999999999999 7 8  1999999999999999999999
 25 23 20 16 12  7  4  1  0  2  5  9 14 19 23 25 27 27 28 27 27 27 28 28271225SE2023 28999999999999999999999 754  0999999999999999999999
 28 26 24 21 16 12  7  3  1  1  3  7 12 17 22 26 28 30 30 29 29 29 29 29271226SE1738 30999999999999999999999 837  1999999999999999999999
 29 29 27 25 21 16 11  7  3  1  2  5  9 15 21 25 28 30 31 30 29 29 29 29271227SE1748 31999999999999999999999 918  122 7 2999999999999999
 29 29 29 27 25 21 16 10  6  3  2  3  7 12 18 23 27 29 30 30 29 28 28 28271228SE 1 4 2918 5 3099999999999999 957  22227 2899999999999999
 28 29 29 29 27 24 19 14  9  5  2  2  4  8 14 19 24 27 29 29 28 27 26 26271229SE 2 0 291828 29999999999999991036  22244 2699999999999999
 26 27 28 28 27 25 21 16 11  6  3  1  2  5  9 15 20 23 26 26 26 25 24 23271230SE 247 281856 26999999999999991114  12332 2399999999999999
 23 24 26 27 27 25 22 18 13  8  4  1  0  2  5 10 15 19 22 23 23 22 21 20271231SE 331 271923 23999999999999991150  02328 2099999999999999
