 74 67 64 66 72 81 94106114115109 99 86 72 59 50 47 47 52 60 69 77 81 8427 1 1SH 8371152339 8499999999999999 212 641622 4699999999999999
 84 82 79 78 79 85 92102111115114107 97 84 69 55 45 39 39 43 52 63 73 8127 1 2SH 916115999999999999999999999 3 0 781736 3899999999999999
 88 91 92 90 88 89 92 97104111114112106 95 82 67 51 39 32 31 36 46 60 7427 1 3SH 142 92101011499999999999999 425 881838 3199999999999999
 86 95100101 98 95 93 95 99104110113112106 95 80 63 45 32 24 25 31 44 6227 1 4SH 239101111711399999999999999 6 0 931929 2499999999999999
 79 94104109107102 97 93 94 98103110114113107 94 77 57 38 23 17 20 30 4727 1 5SH 318109122511499999999999999 719 932013 1799999999999999
 67 87103111114110102 94 91 92 96103111117116107 91 71 49 29 16 12 18 3227 1 6SH 350114132111799999999999999 818 912052 1299999999999999
 53 76 97110116115108 98 90 87 89 95105115120117104 85 62 39 20  9 10 2027 1 7SH 41811614 812099999999999999 9 2 872128  899999999999999
 38 62 87105115117112102 91 83 82 87 97109119122115 99 77 52 29 13  7 1227 1 8SH 444117144812299999999999999 939 8222 1  799999999999999
 27 49 74 97112117114106 94 83 77 79 87100113122121109 90 66 42 21  9  927 1 9SH 5 81171526123999999999999991013 772232  799999999999999
 19 38 62 87106115115109 97 84 74 72 78 89103116121116101 80 56 33 16 1127 110SH 53111616 2121999999999999991047 7223 1 1199999999999999
 16 31 53 77 99112116111100 87 74 68 69 77 91105115117108 91 69 47 28 1727 111SH 5551161639118999999999999991120 672327 1699999999999999
 18 28 46 69 91107115113104 90 76 66 62 67 77 91105112110 99 81 61 42 2827 112SH 6171151717113999999999999991153 622353 2499999999999999
 24 30 44 63 84102113114107 95 80 66 59 59 65 77 90102106102 90 74 57 4227 113SH 6381141759106999999999999991229 58999999999999999999999
 35 36 46 61 79 97110114110100 85 70 58 54 56 63 74 87 96 99 94 84 71 5827 114SH 6591141849 9999999999999999 019 341311 5399999999999999
 49 47 52 63 77 93106113112104 91 76 62 52 49 52 59 69 81 89 91 88 81 7327 115SH 7211141954 9199999999999999 047 4714 2 4999999999999999
 65 61 62 68 78 90102111113108 98 84 69 56 47 44 45 52 61 72 81 85 85 8327 116SH 7471132136 8699999999999999 117 6115 9 4499999999999999
 80 76 75 77 83 91100108113111104 93 80 65 52 42 37 37 42 51 62 73 81 8627 117SH 818113999999999999999999999 152 751631 3699999999999999
 89 90 89 89 91 94 99105110112110103 92 79 64 49 36 28 26 30 40 53 68 8127 118SH 054 90 9 011299999999999999 246 891751 2699999999999999
 91 98101101100 99100103107110112110104 95 81 64 45 29 18 14 18 29 46 6527 119SH 23010210 611299999999999999 451 9919 0 1499999999999999
 83 98107111110106102101102105109113114109 99 84 63 41 21  7  3  8 22 4327 120SH 312111114211499999999999999 7 11011958  399999999999999
 68 89106115117113106100 97 98101108115119116104 86 62 35 12 -2 -5  2 2027 121SH 34811713 411999999999999999 819 972049 -599999999999999
 46 74 98113120119111100 92 89 91 97108119125121107 86 59 30  6 -7 -8  327 122SH 42012014 712599999999999999 9 6 892134 -999999999999999
 25 55 84106118121115103 89 81 79 83 93108122128122107 84 54 25  3 -7 -327 123SH 44912115 012899999999999999 946 792214 -799999999999999
 12 37 69 96114121118107 90 75 68 69 76 90109123128120103 79 49 22  5  027 124SH 5131211550128999999999999991023 672249  099999999999999
  8 27 55 85108119119111 95 76 61 56 60 71 88107121123113 96 73 46 23 1227 125SH 53212016381249999999999999911 1 562321 1299999999999999
 14 26 47 75101117121115101 81 62 49 47 54 67 85104115114104 88 67 45 3027 126SH 5501211725116999999999999991141 472350 2599999999999999
 26 32 47 69 94114122118107 90 68 50 41 42 51 64 82 98106103 94 81 64 4927 127SH 6101221814106999999999999991222 41999999999999999999999
 41 43 53 68 88108121122113 98 78 58 43 38 40 49 62 78 90 95 93 86 76 6527 128SH 63412219 7 9599999999999999 018 4013 8 3899999999999999
 57 55 61 72 86103116122117105 89 70 53 41 37 40 48 59 72 81 86 85 81 7627 129SH 7 21222016 8699999999999999 045 5514 1 3799999999999999
 71 68 70 77 87 98110118118110 97 82 66 52 42 39 40 46 55 65 73 78 80 8127 130SH 7321192320 8199999999999999 111 6815 8 3999999999999999
 81 80 80 83 88 96104111115112104 92 79 65 53 44 39 39 42 49 58 67 74 8027 131SH 8 6115999999999999999999999 129 801637 3899999999999999
 85 89 90 91 92 95 99104108109106100 90 79 67 55 45 37 35 37 43 53 64 7527 2 1SH 85110999999999999999999999918 5 35999999999999999999999
 85 93 97 99 97 96 96 97100102104103 99 92 82 69 55 42 33 29 30 38 50 6527 2 2SH 254 99101410499999999999999 539 961911 2899999999999999
 80 92101105104 99 95 92 92 94 98102104102 95 84 69 52 36 25 21 25 35 5227 2 3SH 31510512 610499999999999999 730 9220 0 2199999999999999
 70 88101108109104 96 89 85 86 90 96104108106 98 83 65 45 28 17 16 23 3827 2 4SH 337109131610899999999999999 823 852040 1599999999999999
 58 80 98109112108100 89 81 78 81 88 98108113109 97 79 57 35 19 11 14 2627 2 5SH 35811214 511399999999999999 859 782114 1199999999999999
 45 69 91107113112103 91 78 71 71 77 89103114116109 93 71 47 26 12 10 1827 2 6SH 417113144611799999999999999 931 702144  999999999999999
 35 58 83102113114107 94 78 67 62 66 77 93108118116105 85 61 37 19 11 1427 2 7SH 43511515241199999999999999910 1 622212 1099999999999999
 27 49 74 97111115110 97 81 65 56 56 64 79 97113119113 98 76 52 30 17 1527 2 8SH 45411516 1119999999999999991030 542239 1499999999999999
 24 42 66 90108116113102 84 66 52 47 52 65 83102114116107 89 67 44 28 2127 2 9SH 5121161638117999999999999991059 4723 3 2199999999999999
 26 40 61 84104115115106 89 70 52 42 42 51 67 87104113110 98 80 60 42 3227 210SH 5291161716113999999999999991129 412327 3099999999999999
 32 42 58 79100113116109 95 75 55 41 36 40 52 70 89103108103 91 74 57 4527 211SH 54611717571089999999999999912 0 362350 4299999999999999
 42 48 60 77 96111117113100 82 62 44 34 33 40 53 71 88 99101 95 85 72 6027 212SH 6 41171843101999999999999991235 32999999999999999999999
 54 56 65 78 93107116115105 90 71 52 37 31 32 40 53 68 83 92 93 89 82 7427 213SH 6251171941 9399999999999999 015 541317 3099999999999999
 68 67 72 82 93104113116110 97 81 64 47 35 30 32 38 49 62 74 82 85 85 8327 214SH 6491162120 8699999999999999 039 671415 3099999999999999
 81 79 81 87 94102109113112104 91 77 62 47 36 30 30 33 41 53 64 74 80 8527 215SH 717114999999999999999999999 059 791540 2999999999999999
 88 90 91 93 97101106109110107100 90 78 65 51 39 29 25 25 31 42 55 68 7927 216SH 7511109999999999999999999991725 24999999999999999999999
 89 96100101101101102103104105104100 93 84 71 56 40 26 18 16 21 32 49 6727 217SH 9 41059999999999999999999991848 16999999999999999999999
 83 96104107106102 98 95 95 96100103104101 92 78 59 39 21 10  7 13 28 4927 218SH 3 4107114610499999999999999 747 951949  799999999999999
 71 91104111111104 95 88 84 84 88 96105110109100 83 60 36 15  4  2 11 3027 219SH 325112131811199999999999999 830 842037  199999999999999
 56 81101112114108 96 83 73 70 73 82 96110117116104 85 59 31 11  2  4 1727 220SH 347114141811899999999999999 9 3 702118  199999999999999
 40 69 94110116112100 82 66 57 56 63 78 97114122118105 82 55 28 10  6 1327 221SH 4 611615 912299999999999999 934 562153  699999999999999
 30 57 86108117116105 87 65 48 42 46 57 77100117123116101 78 50 27 15 1727 222SH 42211815551239999999999999910 7 422223 1499999999999999
 28 50 77103118119111 94 71 48 33 31 39 55 78102117119110 94 72 48 30 2627 223SH 4381201640120999999999999991041 312251 2699999999999999
 33 48 71 97116123116101 80 54 33 23 26 37 56 80102113111102 87 67 48 3927 224SH 4571231723113999999999999991116 232318 3899999999999999
 41 52 69 91112123121109 89 65 41 24 20 26 40 59 82 99105102 93 80 65 5327 225SH 52012418 7105999999999999991152 202345 5099999999999999
 51 57 70 87106120124115 98 77 54 33 22 22 30 44 62 81 93 97 93 86 76 6727 226SH 5461241854 97999999999999991231 21999999999999999999999
 62 64 73 86100114121118105 87 67 47 32 26 28 36 48 63 77 86 88 86 82 7627 227SH 6131211952 8899999999999999 011 611314 2599999999999999
 72 72 77 85 96106114116109 95 79 62 46 36 32 34 40 50 61 72 78 81 82 8127 228SH 64111622 4 8299999999999999 035 7114 8 3299999999999999
 81 80 82 86 93100106109107 99 88 74 61 50 42 38 38 42 48 57 65 72 77 8227 3 1SH 710109999999999999999999999 044 801527 3799999999999999
 85 87 88 90 92 95 98101101 99 93 84 75 65 56 47 41 38 39 44 51 60 69 7827 3 2SH 7451019999999999999999999991716 38999999999999999999999
 86 91 94 94 93 92 91 92 93 93 93 91 86 79 70 60 49 40 34 34 38 46 58 7127 3 3SH 235 94 9 9 9399999999999999 555 911839 3399999999999999
 83 93 98 99 96 91 86 83 83 85 88 92 93 91 84 74 61 47 35 28 28 34 45 6127 3 4SH 245 991158 9399999999999999 734 831933 2799999999999999
 77 91100103100 93 84 77 74 75 80 87 95 99 97 88 75 58 41 28 22 24 34 4927 3 5SH 3 01031312 9999999999999999 811 742013 2299999999999999
 69 87100106104 96 85 73 65 64 69 78 90101105101 89 72 52 33 21 19 25 3927 3 6SH 31510614 110599999999999999 841 632047 1899999999999999
 59 81 98107108100 87 71 59 53 56 66 81 97108110102 86 66 44 27 18 21 3227 3 7SH 331109144211199999999999999 9 9 532117 1899999999999999
 51 74 95108111104 90 72 55 44 43 52 67 87104114112100 81 58 37 24 21 2927 3 8SH 347111152011599999999999999 937 432145 2199999999999999
 45 67 90107113108 95 76 55 39 33 37 51 72 94111117111 95 74 52 34 26 3027 3 9SH 4 411315571179999999999999910 4 332211 2699999999999999
 42 62 85104114112101 82 59 38 26 26 36 55 79101115116106 89 68 48 36 3527 310SH 4201151635117999999999999991032 242235 3499999999999999
 44 59 80101114115106 88 65 42 24 18 23 38 60 85105114111100 83 64 49 4427 311SH 43711617131149999999999999911 0 182259 4499999999999999
 48 60 77 97112117111 95 74 49 28 16 15 25 43 66 89105109104 93 78 63 5527 312SH 4561171754109999999999999991131 142324 5499999999999999
 55 64 77 93109117115102 83 60 37 20 13 17 29 47 69 89100102 97 87 76 6727 313SH 51711818411029999999999999912 6 132349 6499999999999999
 64 70 80 92105115117108 92 72 50 31 18 15 21 33 49 68 84 92 93 90 84 7827 314SH 5411171941 93999999999999991248 15999999999999999999999
 74 76 83 92101110114111100 83 65 47 31 22 20 25 34 47 63 75 83 86 86 8527 315SH 6 71152147 8699999999999999 013 741344 2099999999999999
 83 83 87 92 99104109109104 92 79 64 49 37 28 25 26 32 42 54 66 75 82 8627 316SH 636110999999999999999999999 034 831510 2599999999999999
 89 90 91 93 96 99101102101 97 89 79 69 57 45 34 27 25 27 35 46 59 72 8227 317SH 71210299999999999999999999917 3 25999999999999999999999
 90 95 97 96 94 93 91 91 92 93 92 90 85 78 66 53 39 28 21 22 29 42 58 7427 318SH 2 0 97 915 9399999999999999 645 911828 2199999999999999
 87 97101100 95 88 82 79 78 81 86 92 95 94 88 75 58 40 25 18 18 27 43 6227 319SH 2151011217 9599999999999999 738 781927 1799999999999999
 82 96104105 98 87 75 66 63 65 72 83 95103103 96 81 61 39 23 16 19 31 5127 320SH 235105133310499999999999999 811 632013 1699999999999999
 73 93105108103 90 73 57 48 47 53 66 84101111110101 83 60 38 23 20 26 4227 321SH 252109142811299999999999999 841 472050 1999999999999999
 64 88106112109 96 77 55 38 32 34 46 65 88107116113102 82 58 37 27 28 3927 322SH 3 8112151511699999999999999 911 312123 2699999999999999
 57 82104115114104 85 60 36 22 19 27 44 68 94112117112 99 78 55 39 35 4127 323SH 325116155811899999999999999 943 192153 3599999999999999
 55 76 99116120111 94 70 42 20 10 13 25 47 74 99113115108 93 73 55 45 4627 324SH 3461201639116999999999999991015 102221 4499999999999999
 56 72 93113123118103 81 54 28 10  6 13 30 53 80101111110101 87 70 57 5327 325SH 4101231720112999999999999991049  62250 5399999999999999
 59 72 88107121122111 91 67 41 18  7  8 19 37 61 85101106102 94 81 69 6227 326SH 43612318 1106999999999999991123  62319 6199999999999999
 63 72 85100115121116100 79 55 32 16 10 15 28 46 67 86 96 98 94 87 78 7127 327SH 5 41211844 99999999999999991159 102348 6899999999999999
 68 73 83 95107116116106 89 68 48 30 19 18 25 37 53 70 83 90 91 88 83 7827 328SH 5321171938 91999999999999991239 17999999999999999999999
 75 76 82 90 99107111107 95 79 62 46 33 27 27 33 44 56 69 79 84 85 85 8327 329SH 6 111121 6 8599999999999999 017 751325 2699999999999999
 81 80 82 87 92 98102102 97 86 73 60 48 39 35 35 39 46 56 65 73 79 82 8527 330SH 630103999999999999999999999 046 801430 3499999999999999
 85 85 85 86 87 90 92 94 93 88 81 72 63 54 47 41 39 40 45 52 61 70 78 8427 331SH 7 6 9499999999999999999999916 9 39999999999999999999999
 88 90 89 87 85 83 83 84 85 85 84 80 75 68 60 52 44 39 38 42 49 59 70 8027 4 1SH 119 90 839 8599999999999999 543 831743 3899999999999999
 88 93 94 91 85 79 74 73 74 77 81 84 84 81 74 65 54 44 37 35 39 49 61 7527 4 2SH 140 941140 8499999999999999 7 3 731845 3599999999999999
 87 95 97 95 87 78 68 62 62 65 73 81 88 91 88 79 67 53 41 33 33 40 52 6827 4 3SH 157 981258 9199999999999999 738 611930 3299999999999999
 84 96101 99 91 79 65 54 49 52 60 73 86 96 99 94 82 66 50 37 32 35 45 6127 4 4SH 2141011350 9999999999999999 8 8 4920 8 3299999999999999
 79 94103104 96 82 64 48 38 37 45 59 78 95105105 97 82 64 47 36 34 41 5527 4 5SH 232105143310699999999999999 836 372041 3499999999999999
 74 92105108102 87 67 47 31 25 29 43 63 86104112109 97 80 60 45 38 41 5227 4 6SH 250108151411299999999999999 9 5 252111 3899999999999999
 69 88104111107 94 73 49 28 16 15 25 45 70 95111116110 95 76 58 47 45 5227 4 7SH 3 8111155311699999999999999 933 142139 4599999999999999
 66 84102113113101 82 57 31 13  6 11 26 51 79102115116107 92 73 58 52 5627 4 8SH 32711516331179999999999999910 3  622 6 5299999999999999
 66 81 99113117109 91 68 41 16  2  1 12 31 58 86106114112102 87 72 62 6127 4 9SH 3481171714115999999999999991035  02233 6099999999999999
 68 80 95110119115101 79 54 27  7 -1  3 16 38 64 89105109106 97 84 73 6827 410SH 41211917591099999999999999911 9 -123 1 6899999999999999
 72 80 92106117118109 91 68 43 20  5  1  8 22 44 68 88100102 99 92 82 7627 411SH 4401191851102999999999999991149  12331 7599999999999999
 76 81 90101111117113100 81 60 38 19  8  8 15 28 47 68 84 92 95 93 89 8327 412SH 51011720 4 95999999999999991235  7999999999999999999999
 80 83 89 96103110111105 91 75 57 39 24 16 16 21 32 48 64 78 86 89 90 8927 413SH 5431122153 9099999999999999 0 5 801333 1599999999999999
 86 85 87 91 95100103102 96 85 73 59 45 33 26 24 26 34 46 60 73 82 88 9127 414SH 6231032332 9199999999999999 051 851455 2499999999999999
 91 89 87 87 87 88 90 92 92 89 83 75 66 55 43 34 29 29 34 45 58 71 82 9027 415SH 731 92999999999999999999999 253 871633 2999999999999999
 94 94 90 85 81 77 76 77 80 83 85 85 82 75 65 53 41 33 31 35 46 60 75 8727 416SH 028 941028 8599999999999999 6 9 761751 3199999999999999
 95 98 95 88 78 69 62 60 62 68 77 85 90 91 85 74 60 46 36 34 39 50 66 8327 417SH 1 1 981233 9199999999999999 7 1 601849 3499999999999999
 95102101 94 81 65 52 45 44 49 61 76 90 98 99 93 81 64 48 39 38 45 59 7727 418SH 124102134110099999999999999 739 431935 3899999999999999
 94105107101 88 69 49 34 28 30 41 58 79 96106106 99 84 65 50 44 46 55 7127 419SH 145107143410799999999999999 812 282014 4399999999999999
 90106112109 96 77 53 31 18 15 22 38 61 85104111110100 84 66 53 50 55 6727 420SH 2 7112152011299999999999999 845 152048 5099999999999999
 85103115116106 88 63 37 15  6  8 20 40 67 93109114110 99 82 66 57 58 6627 421SH 23211716 211499999999999999 918  52121 5699999999999999
 80 98114121114 98 76 49 22  5  0  7 23 48 76 99112113107 95 79 66 62 6727 422SH 3 0121164111499999999999999 951  02154 6299999999999999
 77 92109121121108 88 63 35 12  0  1 12 32 57 84103111110102 90 77 68 6927 423SH 3291221719111999999999999991025 -12227 6799999999999999
 76 87102116122115 99 76 51 26  8  2  7 21 42 67 89103107104 96 85 75 7127 424SH 4 012217581079999999999999911 0  223 1 7199999999999999
 75 83 95108118118107 88 65 42 22  9  8 16 32 52 74 91100101 97 90 82 7627 425SH 4311191841102999999999999991137  72335 7499999999999999
 75 80 89100110114110 96 77 57 37 22 15 17 27 42 60 77 90 96 96 92 86 8127 426SH 5 31141930 96999999999999991215 15999999999999999999999
 77 79 84 92100106107100 86 69 52 37 27 23 27 36 49 64 78 87 91 91 89 8527 427SH 5351082032 9299999999999999 014 771258 2399999999999999
 81 80 81 85 91 96 99 98 90 78 65 51 40 33 32 35 43 54 66 77 84 89 90 8827 428SH 610 992151 9099999999999999 1 2 801350 3199999999999999
 85 83 81 81 83 86 89 90 88 83 74 64 54 46 41 39 41 47 56 66 76 84 89 9027 429SH 657 9023 6 9099999999999999 231 8015 0 3999999999999999
 89 87 83 79 76 76 77 80 82 82 79 75 68 60 53 47 44 44 49 57 67 77 86 9127 430SH 835 822356 9399999999999999 445 761624 4399999999999999
 93 91 86 80 73 68 65 67 70 75 79 81 79 74 67 59 52 47 46 51 60 71 82 9127 5 1SH11 3 81999999999999999999999 6 5 651736 4699999999999999
 96 96 91 83 72 62 55 53 56 63 73 81 86 87 82 74 64 55 49 48 54 64 77 8927 5 2SH 030 971235 8799999999999999 650 531832 4899999999999999
 97100 97 88 74 60 47 40 41 48 60 75 87 95 96 90 79 67 56 51 53 60 72 8627 5 3SH 0581001335 9699999999999999 726 391917 5199999999999999
 97104103 94 80 61 43 30 26 31 43 61 81 96104104 96 83 69 59 55 59 69 8227 5 4SH 122105142410599999999999999 758 261957 5599999999999999
 96106109102 88 67 45 26 15 15 25 43 67 90106112109 99 84 70 62 61 68 7927 5 5SH 14610915 911299999999999999 831 132033 6199999999999999
 94107114110 97 77 52 28 10  3  8 23 46 74 98113116111 99 84 72 67 69 7827 5 6SH 210114155311699999999999999 9 4  321 7 6799999999999999
 90105116117108 89 65 37 13 -2 -4  5 25 52 82104116117110 98 84 74 73 7827 5 7SH 237118163811899999999999999 940 -52139 7299999999999999
 88101115122117102 80 53 25  2 -8 -5  8 30 59 87107115114107 95 83 77 7927 5 8SH 3 71221725115999999999999991018 -82213 7799999999999999
 86 97110121123113 94 70 43 16 -2 -8 -2 13 37 65 90105111109102 92 83 8127 5 9SH 3401231816111999999999999991059 -82248 8099999999999999
 85 92103114122119106 86 63 37 14  0 -3  5 21 44 69 90102106104 98 89 8327 510SH 4161221913106999999999999991143 -32329 8299999999999999
 83 88 95105114118112 98 80 58 36 17  7  6 14 29 50 72 88 98101100 94 8727 511SH 4561182014101999999999999991232  5999999999999999999999
 83 84 88 94101108110103 91 75 58 39 24 17 17 24 37 55 73 87 95 98 97 9227 512SH 5421102114 9899999999999999 019 831328 1699999999999999
 86 82 81 84 88 93 98 99 94 86 74 61 46 35 28 28 33 44 60 76 88 95 98 9627 513SH 641 9922 8 9899999999999999 133 811433 2799999999999999
 90 83 78 75 75 77 81 86 88 88 84 77 67 56 46 40 38 42 52 65 80 91 97 9927 514SH 815 892252 9999999999999999 342 751547 3899999999999999
 96 89 80 71 65 62 63 67 74 80 84 85 82 76 67 57 50 47 50 59 72 86 9610227 515SH1047 85232910299999999999999 519 621657 4799999999999999
101 96 86 73 61 52 47 48 54 64 75 84 90 90 86 77 66 58 55 58 67 80 9310327 516SH1236 91999999999999999999999 619 471757 5599999999999999
107104 95 81 64 48 36 32 35 45 59 75 89 97 98 94 84 73 64 62 66 76 8810127 517SH 0 31071347 9999999999999999 7 4 321848 6299999999999999
110111104 91 73 52 33 22 20 26 40 60 80 96104106100 89 77 69 69 74 84 9727 518SH 037111144210699999999999999 744 201934 6899999999999999
109116113102 84 62 38 20 11 13 23 41 64 87103110110103 91 79 73 74 81 9227 519SH 112116152811199999999999999 821 112016 7399999999999999
105117120112 97 75 50 26  9  4 10 24 46 72 95109114112103 90 79 76 79 8827 520SH 14712016 911499999999999999 857  42056 7699999999999999
 99113121120108 89 65 39 16  3  3 12 30 55 82102113115110100 87 79 79 8427 521SH 223122164711599999999999999 933  22135 7899999999999999
 93106118123117101 80 54 29 10  2  6 19 39 65 90106113112106 95 84 79 8127 522SH 25912317231139999999999999910 9  22214 7999999999999999
 88 98111121121111 93 70 45 23  8  5 12 28 50 75 95107111108100 90 82 7927 523SH 3351221759111999999999999991046  52252 7999999999999999
 83 91102114120116103 83 60 38 20 10 11 22 39 61 82 98106107103 95 86 8027 524SH 4101201836107999999999999991122 102331 7999999999999999
 80 85 94104113115108 93 74 53 34 20 16 20 32 50 70 87 99104103 97 90 8227 525SH 4451151915104999999999999991159 16999999999999999999999
 79 80 86 94103109108 99 84 66 48 33 25 24 30 43 59 77 91 99102 99 93 8627 526SH 522109195710299999999999999 014 781237 2399999999999999
 80 78 79 85 92 98101 99 90 77 62 47 37 32 33 40 53 67 82 93 99100 97 9027 527SH 6 4101204110099999999999999 1 5 781317 3199999999999999
 83 78 76 77 81 86 91 93 91 83 73 61 50 43 40 43 50 61 74 86 95100 99 9527 528SH 658 93212510099999999999999 213 7614 3 4099999999999999
 88 81 75 71 71 73 78 83 86 85 81 73 65 57 51 49 51 58 68 80 91 98101 9927 529SH 819 8622 710199999999999999 339 7015 0 4999999999999999
 93 85 76 68 63 61 63 69 75 81 83 82 78 72 66 60 58 60 65 75 86 9510110327 530SH1015 83224810399999999999999 457 6116 9 5899999999999999
 99 91 81 69 59 51 49 53 60 70 79 86 88 87 82 75 69 66 67 73 82 9210010527 531SH12 5 88232610699999999999999 553 491717 6699999999999999
105 99 88 74 59 46 38 37 42 54 68 82 92 97 96 91 84 76 73 74 80 89 9810627 6 1SH1322 97999999999999999999999 639 361816 7299999999999999
110107 97 82 64 45 31 23 25 34 50 70 88100106106 99 90 82 79 80 87 9610627 6 2SH 0 2110142210799999999999999 720 2319 8 7899999999999999
113114107 94 74 52 31 16 10 15 29 50 74 95109114112104 94 86 84 87 9310327 6 3SH 040114151311499999999999999 8 1 101955 8499999999999999
113119118107 89 65 39 17  3  1  9 27 52 80102115119116107 96 89 88 92 9927 6 4SH 11912016 211999999999999999 843  02039 8799999999999999
110120125119105 83 56 28  6 -5 -4  7 29 57 86107118121116106 95 90 90 9627 6 5SH 159125165012199999999999999 926 -62121 8999999999999999
104116126128119101 77 48 20  0 -9 -5  9 33 63 91109118119113103 93 89 9127 6 6SH 2411281738120999999999999991011 -922 4 8999999999999999
 98108120128127115 96 71 42 16 -2 -7 -1 16 41 70 95110116116108 98 89 8727 6 7SH 3241291824117999999999999991056 -72250 8799999999999999
 90 98108120127123110 90 66 39 16  2  0  8 26 51 78 98110114111103 92 8427 6 8SH 41012719 6114999999999999991141  02339 8399999999999999
 83 87 95106116121116103 85 63 39 20 11 11 21 38 62 85102110111106 96 8527 6 9SH 5 01211943111999999999999991226 10999999999999999999999
 79 78 82 89 99109112107 96 81 63 43 29 23 25 35 52 73 92105110108101 9027 610SH 554112201511099999999999999 036 781311 2399999999999999
 79 72 71 74 81 90 98101 98 91 79 65 51 41 37 41 51 66 84 99108110106 9727 611SH 7 0101204611099999999999999 144 711357 3799999999999999
 85 73 66 63 65 70 78 87 91 91 87 81 71 61 54 52 56 65 78 9310511111010427 612SH 829 92212011199999999999999 3 7 631448 5299999999999999
 93 80 67 58 53 54 58 67 76 83 87 88 85 80 72 67 66 69 77 8910111011311027 613SH1041 88215911399999999999999 429 531547 6699999999999999
102 90 75 60 49 43 42 47 57 69 79 87 92 92 89 83 78 77 79 87 9610711411527 614SH1241 93224411699999999999999 536 421653 7799999999999999
111101 87 70 53 40 33 33 39 51 65 80 91 98101 98 92 86 84 87 9310211111727 615SH1359101233411899999999999999 632 321758 8499999999999999
117111 99 83 64 45 30 24 25 33 48 67 84 98106108105 98 91 89 91 9710511427 616SH1454108999999999999999999999 720 231859 8999999999999999
119119111 97 78 56 36 22 17 20 32 50 72 92106113114108100 92 90 93 9910827 617SH 025120153711499999999999999 8 4 171955 9099999999999999
117122120109 93 71 48 27 15 13 19 34 56 80100112117116108 98 91 90 9410127 618SH 114122161511799999999999999 844 122044 9099999999999999
110120125120106 87 63 39 20 11 12 22 40 65 89107117119114105 95 89 89 9427 619SH 2 0125164811999999999999999 923 102128 8899999999999999
103114123125117100 79 54 31 15 10 14 28 50 75 97112118117110100 90 86 8827 620SH 24212617191189999999999999910 0 1022 9 8699999999999999
 95105117125123112 93 70 46 25 13 12 21 38 61 85104115117113104 93 85 8327 621SH 3221261748117999999999999991036 112247 8399999999999999
 87 96108119124118104 84 61 39 22 15 18 31 50 73 95109115114107 97 86 8027 622SH 4 012418171169999999999999911 9 152325 7999999999999999
 80 87 97109118119111 95 74 53 34 22 20 28 43 63 85102112114110100 89 8027 623SH 4381201845114999999999999991142 20999999999999999999999
 76 79 87 98108114112102 86 66 48 34 27 30 40 57 77 95108113112104 93 8227 624SH 517115191311499999999999999 0 5 761212 2799999999999999
 75 73 77 85 96104108104 93 78 62 47 38 36 42 54 71 88103112113108 98 8727 625SH 6 0108194111399999999999999 048 731243 3699999999999999
 76 70 70 74 82 91 98101 97 87 75 62 51 46 48 56 68 83 98109113111103 9227 626SH 65110120 911399999999999999 138 691315 4699999999999999
 80 71 65 65 69 76 85 92 94 91 85 75 66 60 58 61 69 80 93105112113108 9827 627SH 757 94203811399999999999999 237 651352 5899999999999999
 86 74 65 59 58 61 69 78 85 90 90 86 81 75 71 71 74 81 9110111011411210527 628SH 931 90211011499999999999999 344 581439 7099999999999999
 94 81 68 57 50 48 52 60 71 81 88 92 92 90 86 83 83 85 91 9910711311511227 629SH1138 93214911599999999999999 452 481545 8399999999999999
103 91 76 61 48 40 37 41 51 64 78 90 97101101 98 94 92 94 9810511211611727 630SH1326101223911799999999999999 552 3717 5 9299999999999999
113103 89 72 53 38 28 25 31 43 60 78 94105110111107102 9910010310911512027 7 1SH1434111233912199999999999999 648 251822 9999999999999999
120115104 87 67 45 27 16 14 21 37 58 8110011211811811310610210210511111827 7 2SH1525119999999999999999999999 741 14193010299999999999999
124125119105 85 61 36 16  5  5 15 34 59 8510611912412111410610110110511227 7 3SH 041125161112499999999999999 832  4203010199999999999999
121129130122106 83 56 28  8 -2  0 13 36 64 92112123126121111102 97 9810327 7 4SH 139130165212699999999999999 920 -22121 9799999999999999
112124133133123105 80 51 23  3 -4  1 17 42 73 99117125124117105 95 91 9327 7 5SH 23313417291269999999999999910 6 -422 7 9199999999999999
100111125134133121102 76 46 20  4  0  8 26 54 84107120124120109 95 85 8327 7 6SH 32413518 1124999999999999991049  02253 8299999999999999
 86 95109124132129117 97 72 44 21 10 10 20 41 69 96114122122114100 85 7527 7 7SH 4151321827123999999999999991128  82338 7499999999999999
 74 79 90105119126122110 92 69 45 27 21 25 38 59 85107120122117106 89 7427 7 8SH 5 712618491239999999999999912 5 21999999999999999999999
 66 66 73 84 99112117113102 87 68 49 38 36 43 58 78100117123121112 97 7927 7 9SH 6 2117191112399999999999999 027 651239 3699999999999999
 65 59 60 66 77 91102107104 96 84 70 58 52 54 63 77 95112123124117105 8927 710SH 7 3107193812499999999999999 121 581313 5299999999999999
 72 59 54 54 60 70 82 92 97 96 92 85 76 69 67 71 80 9210711912512211310027 711SH 819 9720 912599999999999999 223 531349 6799999999999999
 84 68 56 50 49 53 62 73 83 89 92 92 89 85 82 82 86 9310311412212411910927 712SH1030 92204612499999999999999 336 491432 8199999999999999
 96 81 65 53 46 44 47 55 66 77 85 92 96 97 96 93 93 9610110911712212211727 713SH1256 97213312399999999999999 452 441538 9399999999999999
107 94 79 64 50 42 39 41 49 61 74 86 9610210510510210010110511011612012027 714SH1415106223612199999999999999 6 2 39171310099999999999999
116107 94 79 62 46 36 33 36 45 59 75 9010311011311110610310210410811411927 715SH15 2113235212199999999999999 7 2 33184410299999999999999
121117108 94 77 58 41 30 27 32 43 61 80 98111117118113106101 9910110611327 716SH1537118999999999999999999999 753 271954 9999999999999999
120123119108 92 72 51 34 24 23 31 46 66 88106117122119112103 96 95 9810527 717SH 05812316 712299999999999999 836 222045 9599999999999999
114123126120107 88 66 43 27 19 22 33 52 76 98114122122117106 96 90 91 9627 718SH 151126163312399999999999999 914 192125 9099999999999999
106118126127119102 81 57 35 21 18 25 40 63 87108120124120110 98 88 84 8727 719SH 236128165612499999999999999 949 1822 1 8499999999999999
 96108121129126114 94 71 48 29 19 21 32 52 76100116123122114101 88 80 7927 720SH 3161291718124999999999999991020 182236 7899999999999999
 85 97112124128122106 85 62 40 26 22 29 45 67 91111122123117105 91 78 7327 721SH 3551281740124999999999999991050 2223 9 7399999999999999
 76 85 99114124124114 97 76 54 36 28 30 42 61 83104119124120109 95 80 7027 722SH 43312518 1124999999999999991117 282343 6899999999999999
 68 74 86101114121118106 88 68 50 38 36 43 58 78 99115123122114100 84 7027 723SH 5111211822124999999999999991143 35999999999999999999999
 64 65 73 86101112116110 98 81 64 51 45 48 59 75 94111122124117105 89 7327 724SH 552116184212499999999999999 019 6312 8 4599999999999999
 63 59 63 73 86 99108109103 92 78 65 58 57 64 76 91107119124120110 96 7927 725SH 63911019 312499999999999999 057 591233 5699999999999999
 66 57 56 61 70 83 95102103 98 89 80 72 69 72 80 91104116123123115103 8827 726SH 736103192712499999999999999 141 5613 0 6999999999999999
 72 60 53 53 57 66 77 88 95 97 96 91 86 83 83 87 94103113121124120110 9727 727SH 857 97195512499999999999999 238 521331 8299999999999999
 82 68 56 49 47 50 58 69 81 89 95 97 97 96 95 96 9910511111812312311710827 728SH1137 97203112399999999999999 351 4714 9 9599999999999999
 95 81 66 53 44 40 41 49 60 73 85 9510210610710610610811111511912212211727 729SH2125122999999999999999999999 513 40999999999999999999999
109 97 82 65 49 37 30 31 38 51 67 84 9810911511611511211111211411812112327 730SH1452116225612399999999999999 627 3018 211199999999999999
120113101 84 64 44 29 20 20 28 45 65 8610411712312211811210910811011512127 731SH1527123999999999999999999999 731 19194310899999999999999
126126119106 86 62 38 20 11 12 23 43 68 9311212312712411510710210110411227 8 1SH 031127155912799999999999999 824 10203910199999999999999
122130132125109 86 59 33 14  6  9 24 48 77102120128128120107 96 91 92 9827 8 2SH 141132162812999999999999999 911  62122 9099999999999999
109124135136127109 84 55 28 11  6 13 32 59 89113126129124111 95 83 79 8227 8 3SH 239137165213099999999999999 953  622 1 7899999999999999
 92107125137137126107 81 51 27 14 14 25 47 76104123130127116 98 80 69 6727 8 4SH 3301381712130999999999999991030 132240 6699999999999999
 73 87106125135133121102 77 50 30 23 28 43 67 95118130130121105 84 65 5727 8 5SH 42013617301319999999999999911 3 232320 5699999999999999
 58 67 83104122130126114 96 73 52 39 38 47 64 88112129133126112 92 70 5427 8 6SH 5 91301750133999999999999991133 37999999999999999999999
 49 52 63 80100116121117106 91 73 58 52 56 68 85107125134131120102 81 6127 8 7SH 559121181313599999999999999 0 2 4912 2 5299999999999999
 48 45 50 62 78 96108111107 99 88 76 68 68 75 87103120132134126112 93 7327 8 8SH 654111184113599999999999999 047 451230 6799999999999999
 56 46 45 50 61 75 89 99102100 96 89 83 80 83 91102115127133130119104 8727 8 9SH 8 1102191113399999999999999 137 451258 8099999999999999
 70 56 48 47 51 59 71 83 91 95 96 96 94 92 92 9610211112012712912411310027 810SH1019 96194612999999999999999 240 471327 9299999999999999
 85 70 58 51 48 50 56 66 76 85 91 9610010110110210410811311912312311810927 811SH2031123999999999999999999999 4 2 48999999999999999999999
 99 86 73 61 52 48 48 52 60 71 82 9210010610910910810710811111411711811527 812SH1425109214611899999999999999 532 47165510799999999999999
109101 90 76 62 51 44 43 47 56 69 83 9710711411611310910510410510811211627 813SH1452116234011699999999999999 645 42185910499999999999999
116112104 92 76 60 46 38 37 43 55 71 89105115120119113105 99 97 9910411127 814SH1517120999999999999999999999 739 3720 1 9799999999999999
117120116106 91 73 54 39 32 33 42 58 78 98114122123117108 97 91 90 9410227 815SH 058120153912399999999999999 821 312040 8999999999999999
113122124119106 87 66 46 32 28 33 46 66 89109121125121111 98 87 81 83 9127 816SH 150125155812599999999999999 856 282113 8199999999999999
104117127127118101 80 57 38 28 28 38 56 79102119126124115101 86 75 73 7927 817SH 233128161512699999999999999 928 262144 7399999999999999
 92108123130127114 94 71 49 33 28 34 49 71 95115126127119105 87 73 66 6827 818SH 312131163312899999999999999 956 282214 6599999999999999
 78 95113127131123107 85 62 43 33 34 46 65 88110125129123109 91 73 61 5927 819SH 3501311651129999999999999991023 322244 5899999999999999
 66 80 99118128128117 98 77 56 42 39 46 62 83105122129126114 96 76 60 5327 820SH 42612917 9130999999999999991047 392314 5299999999999999
 55 67 84104120126122109 90 71 55 48 51 62 80100119129129119102 82 63 5127 821SH 5 41261727130999999999999991111 482344 4899999999999999
 48 55 69 88107119122115101 85 69 59 59 66 80 97115128130123108 89 69 5327 822SH 5431221745131999999999999991134 58999999999999999999999
 45 47 57 72 90106115115107 96 83 72 69 73 83 97112125130126114 97 78 6027 823SH 62711618 513199999999999999 017 451157 6999999999999999
 48 44 48 58 73 89102109108102 94 86 80 81 88 98110121129129120106 88 7127 824SH 720109182913099999999999999 056 441221 8099999999999999
 56 46 44 48 57 70 84 95101101 99 96 92 92 95102110118125128124113 99 8427 825SH 840102185612899999999999999 147 441243 9199999999999999
 69 56 47 44 47 53 63 75 86 93 98100101102103106111116121124124119110 9827 826SH1930125999999999999999999999 3 2 44999999999999999999999
 85 71 58 48 43 42 45 54 66 78 89 9810510911111211311411611811911911611027 827SH2029120999999999999999999999 445 41999999999999999999999
102 91 77 62 48 39 34 36 44 58 73 8910211211711811611311111011111311611727 828SH1440118225811799999999999999 614 3419 011099999999999999
115109 98 83 64 46 32 26 27 37 54 74 94110120123120113106101 9910110711527 829SH15 0123999999999999999999999 719 251957 9999999999999999
121123118106 87 64 42 26 20 23 36 57 81103119126125116104 93 87 86 9210227 830SH 047123152112699999999999999 810 192034 8699999999999999
116127131125110 88 62 38 23 18 25 42 67 94115126128121106 89 76 71 74 8327 831SH 153131154012899999999999999 853 1821 8 7199999999999999
100119133136128111 87 59 36 24 24 35 56 83109126131126112 91 71 59 57 6327 9 1SH 247136155713199999999999999 929 232142 5699999999999999
 78100122136137127109 84 57 38 31 36 51 75102124133131118 98 74 54 44 4627 9 2SH 33513816141349999999999999910 2 312218 4499999999999999
 57 77102124135134123104 80 57 44 44 54 71 96120135136125107 83 58 40 3527 9 3SH 4211361634137999999999999991031 432254 3599999999999999
 41 56 78103123130127116 98 78 61 55 60 73 92114133139132117 95 69 46 3327 9 4SH 5 71301657139999999999999991059 552331 3199999999999999
 32 41 58 80103119123118108 93 78 68 69 78 91109127139137125106 83 59 4027 9 5SH 5521231724140999999999999991127 67999999999999999999999
 32 35 46 62 83101112114109102 91 82 78 83 93106121133137130115 96 74 5427 9 6SH 641114175213799999999999999 011 321155 7899999999999999
 41 37 41 51 66 83 97104105103 98 92 88 89 95104115125132131121106 88 7127 9 7SH 742105182313299999999999999 055 371222 8899999999999999
 56 46 44 48 56 67 80 90 96 99 99 98 97 96 98103110117123125122112 99 8627 9 8SH 950 99185612599999999999999 149 441247 9699999999999999
 72 61 53 51 52 57 66 75 84 91 96100102103103104107110113116117113106 9727 9 9SH1938117999999999999999999999 3 6 51999999999999999999999
 88 77 67 59 54 53 55 62 70 80 89 9710410810910810610510510610810910810527 910SH135610921 810999999999999999 452 53172610599999999999999
100 92 83 72 62 54 50 51 57 67 79 92102110113112108103 98 96 9710010410727 911SH1416114234210899999999999999 616 5019 7 9699999999999999
108105 97 87 73 60 49 45 47 55 67 83 98110116117112103 94 88 87 89 9610427 912SH1435117999999999999999999999 712 451949 8799999999999999
111114110101 87 70 54 43 40 45 56 73 92108118120116106 93 82 77 78 84 9527 913SH 057114145112099999999999999 753 402020 7699999999999999
108117120114101 84 64 48 39 39 48 64 84104118123120110 95 80 69 66 71 8327 914SH 14712015 712399999999999999 827 382049 6699999999999999
 99114124124114 98 78 57 43 38 43 57 76 98116125124115 99 80 64 56 58 6927 915SH 229125152412699999999999999 857 382118 5699999999999999
 86105122129125111 92 70 52 42 43 53 70 92112125127119104 83 63 50 47 5427 916SH 3 7129154112899999999999999 925 412146 4699999999999999
 70 92113128130122106 85 65 50 46 53 67 87108124130124109 89 66 48 39 4227 917SH 343131155813099999999999999 952 462214 3999999999999999
 55 75100120130128117 99 79 62 54 56 67 84104122131128116 96 72 50 36 3327 918SH 4201311616131999999999999991016 532242 3399999999999999
 42 59 83107124129123110 93 76 64 62 70 83101119131132121103 81 57 38 3027 919SH 4571291634133999999999999991040 622312 3099999999999999
 33 45 65 89111123124117104 89 76 71 75 85 99115128133126111 90 67 46 3227 920SH 53612516551339999999999999911 3 712345 2999999999999999
 29 36 51 71 93110118117110 99 88 81 81 88 99112124132130118100 79 58 4127 921SH 6201181719132999999999999991128 80999999999999999999999
 32 32 41 55 73 92105110109104 97 91 89 92100110120128130123109 91 73 5527 922SH 715110174513099999999999999 024 311153 8999999999999999
 41 35 37 44 56 71 86 97102103101 99 97 98102109116122125123115102 87 7227 923SH 853103181412599999999999999 115 351216 9799999999999999
 57 46 41 41 45 53 65 78 88 95100103104104105108112115117118116109 99 8927 924SH1851118999999999999999999999 231 40999999999999999999999
 77 64 53 46 42 43 48 58 71 83 9310110711011010910810710710810910910610227 925SH1330110202310999999999999999 423 42174210799999999999999
 95 86 73 60 49 41 38 42 52 67 82 96107113114111106101 96 95 9610010510827 926SH1346115233810999999999999999 554 3819 5 9599999999999999
109105 95 81 65 49 38 35 39 51 68 87103114118116107 96 86 80 79 84 9310427 927SH14 6118999999999999999999999 657 351941 7999999999999999
113117114104 87 67 48 36 34 41 56 77 98114121121112 97 81 68 63 65 74 8927 928SH 1 5117142412299999999999999 745 342013 6299999999999999
107120126122109 89 66 47 38 39 49 68 91112124126118103 82 61 49 46 53 6827 929SH 2 4126144112699999999999999 825 372046 4699999999999999
 89112127132126111 89 66 49 44 49 62 84107125131125111 89 63 42 33 35 4627 930SH 254132145913199999999999999 859 442119 3299999999999999
 67 93117131133125109 87 66 54 54 63 79101123134132120 99 72 45 27 22 292710 1SH 339134152013599999999999999 930 532152 2299999999999999
 45 70 99121132131121105 84 68 62 67 79 97118134138128110 85 57 32 18 192710 2SH 42213315461399999999999999910 0 622227 1799999999999999
 30 50 76103122128125115 99 83 72 72 81 94112130139135120 98 72 45 25 172710 3SH 5 41281613140999999999999991029 7123 3 1799999999999999
 22 36 57 83106119122117108 95 83 79 83 93107122135138128109 86 61 39 252710 4SH 5471221643138999999999999991059 792341 2299999999999999
 22 30 45 65 88105114114110102 93 86 86 93103115127133130117 98 77 56 392710 5SH 6321151713134999999999999991130 85999999999999999999999
 30 31 40 54 71 89102107107104 99 93 91 93100108117125127120106 90 72 562710 6SH 727107174512799999999999999 022 3012 3 9199999999999999
 44 39 41 49 60 74 87 96101102101 99 96 96 98103109114118117110 98 85 722710 7SH 857102181811899999999999999 1 9 391242 9599999999999999
 60 52 48 49 55 63 73 83 91 97100101101100 99100102104107108107101 94 852710 8SH112410119 110899999999999999 212 4814 5 9999999999999999
 75 67 59 55 54 57 63 71 80 89 96101104104103100 97 96 96 97 99 99 97 942710 9SH12391042044 9999999999999999 347 541723 9699999999999999
 88 81 73 65 58 55 56 60 69 79 90 99106108107102 96 90 86 85 87 91 95 98271010SH13101082329 9899999999999999 521 551842 8599999999999999
 98 94 87 78 67 58 53 54 60 70 82 95106111111106 97 87 78 73 74 79 87 96271011SH1331112999999999999999999999 625 531920 7399999999999999
103105101 92 80 67 56 51 53 62 75 90104113115111101 87 73 63 61 65 75 89271012SH 048105134911699999999999999 711 511950 6199999999999999
102111112106 94 79 64 54 51 57 68 84101114119116106 90 72 57 49 51 60 76271013SH 13911214 811999999999999999 748 512019 4999999999999999
 95111119118108 93 76 61 54 55 64 79 96112122121111 95 74 54 41 37 45 60271014SH 222119142712399999999999999 821 532047 3799999999999999
 82104119125120108 90 73 61 57 63 75 92110123126118102 80 56 37 28 30 43271015SH 3 1125144612699999999999999 851 572116 2799999999999999
 65 90113126128120105 87 71 63 65 74 89107122129124110 88 62 38 23 20 28271016SH 33912915 612999999999999999 920 632145 1999999999999999
 47 73100120129127117101 84 72 69 75 87103120130130118 98 72 46 25 15 18271017SH 417130152713199999999999999 946 692216 1599999999999999
 31 54 81107123128123112 96 82 76 78 87100116129133125108 84 58 33 17 13271018SH 4561281551133999999999999991013 762249 1399999999999999
 21 37 61 88110122123117106 93 84 83 88 99111124133130117 96 72 47 27 16271019SH 5371241617133999999999999991040 822326 1499999999999999
 16 26 44 67 91109116116111102 93 88 90 98108119128131123107 87 64 42 26271020SH 62611716471319999999999999911 9 88999999999999999999999
 19 23 33 50 71 90104109109106100 94 93 97104112120126124114 98 80 61 43271021SH 730110171912699999999999999 0 8 191141 9399999999999999
 31 27 30 39 53 70 87 97103104103100 97 98101106111116118115105 93 79 64271022SH 9 6104175711899999999999999 1 1 271224 9799999999999999
 50 40 36 37 43 54 68 82 93 99103104102100 99100102104106107105 99 91 82271023SH1047104185510799999999999999 213 351350 9999999999999999
 71 59 50 44 42 45 54 67 80 91100105106104100 96 93 91 91 93 96 98 97 95271024SH11521062121 9899999999999999 350 421731 9199999999999999
 89 81 70 59 50 46 47 55 67 82 95104109109104 96 87 80 75 75 79 86 94 99271025SH1229110999999999999999999999 516 461833 7599999999999999
102 99 91 79 66 55 49 50 59 72 88102111114110100 86 72 62 57 59 67 80 94271026SH 0 0102125511499999999999999 619 491913 5799999999999999
105110109101 86 71 58 53 56 66 81 98112119117107 92 72 54 43 41 46 60 79271027SH 118111131711999999999999999 7 9 531948 4099999999999999
 98113119117107 91 73 62 59 64 76 93110122124116101 79 55 36 26 28 38 57271028SH 215119134012499999999999999 750 592022 2699999999999999
 82105120125121109 92 75 66 67 75 88106122130125111 90 64 38 20 15 21 36271029SH 3 312514 713099999999999999 826 652056 1599999999999999
 60 88112125128122108 91 77 72 76 86101119132133122103 77 49 24 10 10 20271030SH 347128143613499999999999999 9 0 722131  999999999999999
 40 67 96117127127119105 89 79 78 85 97112128136131115 92 64 36 15  7 11271031SH 42812815 713699999999999999 934 7722 7  799999999999999
 26 48 77103119125122114100 88 82 85 93106121133135125105 80 53 28 13 102711 1SH 5 712515401369999999999999910 8 822243  999999999999999
 18 35 59 85107118120116107 96 87 85 91100113126133129115 94 70 46 26 162711 2SH 5471201613133999999999999991043 852320 1599999999999999
 18 28 46 68 91107114114110102 93 87 89 95105116125128120104 84 62 42 282711 3SH 6281151646128999999999999991119 872359 2399999999999999
 23 28 40 56 76 94105109108104 98 91 89 91 98106115120119109 94 76 58 432711 4SH 71511017211209999999999999912 0 89999999999999999999999
 34 33 38 50 64 80 94102105104100 96 91 90 92 97104109111108 99 86 72 592711 5SH 812105175811199999999999999 041 321251 9099999999999999
 48 42 42 48 57 69 82 93 99102102 99 95 92 90 91 93 97100101 98 92 82 722711 6SH 920102184710199999999999999 130 421414 9099999999999999
 62 55 51 51 55 62 72 83 92 99102102100 96 91 87 85 85 87 90 92 91 88 832711 7SH10301022020 9299999999999999 232 501623 8599999999999999
 76 69 63 58 57 59 65 74 84 94101104104100 94 87 80 76 74 76 80 85 88 892711 8SH11241042249 8999999999999999 354 571749 7499999999999999
 87 83 76 69 64 61 62 68 77 88 98105107105 99 89 78 69 63 62 66 74 83 912711 9SH12 2107999999999999999999999 511 611837 6299999999999999
 95 95 90 83 75 67 63 65 72 82 94104110110105 94 80 65 54 49 51 59 72 85271110SH 028 95123311199999999999999 610 631912 4899999999999999
 97103103 98 88 78 69 66 70 78 90102111115111100 84 66 49 38 36 42 56 74271111SH 12910413 011599999999999999 658 661945 3599999999999999
 92106113111103 91 79 72 71 76 86 99111118118108 92 71 49 32 24 26 38 57271112SH 217113132511999999999999999 739 702017 2399999999999999
 81102116120116106 92 80 75 76 84 96109120123117102 80 55 32 17 13 21 38271113SH 259120135112399999999999999 816 742049 1399999999999999
 63 89111123124118105 91 82 79 83 93106119127125113 92 66 39 17  6  8 20271114SH 340125141812899999999999999 849 792123  599999999999999
 42 71 98117126125116103 90 84 85 91102116128131123105 81 53 26  7  1  7271115SH 422127144813199999999999999 922 832159  199999999999999
 23 49 78104120125122113100 90 87 91 99111124132130117 96 70 42 17  3  1271116SH 5 5125152013399999999999999 954 872238  199999999999999
 11 30 56 85107119121117108 97 90 90 96105117128132125109 87 61 35 14  4271117SH 5511211555132999999999999991028 892319  499999999999999
  6 18 37 63 89106115116112103 94 90 93 99108118127127118101 79 56 33 17271118SH 64211616331289999999999999911 6 90999999999999999999999
 11 15 27 46 69 90104111111107 99 92 90 93 99107115121119108 93 75 55 36271119SH 737111171612199999999999999 0 4 111152 9099999999999999
 24 21 25 36 53 74 91102107107103 96 90 89 91 95100107110108100 88 74 59271120SH 83310818 911099999999999999 054 211254 8999999999999999
 44 35 33 36 46 61 78 93102106105101 94 88 84 84 86 89 94 98 98 94 87 77271121SH 9251061926 9999999999999999 151 331437 8499999999999999
 66 55 47 45 47 55 68 83 95104107105100 91 83 76 73 72 75 81 86 90 91 89271122SH10111072147 9199999999999999 3 0 451641 7299999999999999
 84 76 67 60 56 57 64 75 89100107109106 98 87 75 65 58 57 60 68 77 86 92271123SH1051109999999999999999999999 415 561751 5799999999999999
 95 93 87 79 70 66 66 72 83 95106112112106 95 80 64 50 43 41 47 58 72 86271124SH 0 9 95112911399999999999999 524 651842 4199999999999999
 97103103 97 88 78 73 74 80 91103113118115105 90 71 51 35 28 28 37 53 72271125SH 13210412 711899999999999999 622 731924 2799999999999999
 91105111111105 94 84 79 81 88 98111120122116102 83 59 37 21 16 20 33 53271126SH 230112124512399999999999999 713 7920 3 1699999999999999
 77 98112118117108 96 86 83 86 94105118126125115 97 73 47 24 11  9 17 34271127SH 318119132412799999999999999 758 832041  899999999999999
 58 85106119122119108 96 87 86 91100112124130125110 89 63 36 15  5  7 19271128SH 4 012214 313099999999999999 840 862118  499999999999999
 40 67 94113122123117105 93 87 88 94105118129131121103 79 52 27  9  4 10271129SH 438123144113199999999999999 920 872155  499999999999999
 26 49 77101116122120112100 90 86 89 97109122130128115 94 69 43 21  8  8271130SH 513122151913199999999999999 959 862232  699999999999999
 18 36 61 87107117119115106 94 86 85 91100112124128122106 84 60 36 18 112712 1SH 5461191556128999999999999991038 8523 8 1199999999999999
 15 28 48 72 94109115114108 99 89 84 85 92102113122122113 95 74 52 33 202712 2SH 6191161633123999999999999991117 832343 1899999999999999
 18 25 40 60 81 99110112109102 93 85 82 85 92102111116113102 85 66 48 332712 3SH 6541121711116999999999999991159 82999999999999999999999
 26 28 37 52 71 89102109109104 97 88 82 80 84 90 99105108103 92 77 61 472712 4SH 730110175110899999999999999 018 261247 8099999999999999
 38 35 39 49 64 80 94104108106100 92 84 79 78 81 86 92 97 98 94 84 73 612712 5SH 8 81081841 9899999999999999 054 351348 7899999999999999
 51 46 45 51 60 73 87 98105107103 97 89 81 76 73 75 78 84 88 89 87 81 732712 6SH 8471071952 8999999999999999 132 4515 8 7399999999999999
 65 59 55 56 61 70 81 92101106106101 94 85 76 70 66 65 69 74 80 83 84 822712 7SH 9281062146 8499999999999999 219 551633 6599999999999999
 78 73 68 66 66 70 78 87 97104107106100 91 80 69 60 55 54 58 66 74 82 862712 8SH10111072357 8899999999999999 324 661738 5499999999999999
 88 86 83 79 75 75 78 84 93101107109106 98 87 73 59 48 42 42 49 60 73 842712 9SH1053109999999999999999999999 442 751827 4199999999999999
 93 97 97 93 87 83 81 84 90 98106111111106 96 81 63 46 34 28 31 41 57 75271210SH 124 97113611299999999999999 553 8119 9 2899999999999999
 91102107106101 94 88 86 89 95103111116114106 92 72 51 32 19 16 22 37 58271211SH 220107121811699999999999999 652 861950 1699999999999999
 80 99111115113106 97 91 90 93100109117121117105 86 62 38 18  7  7 17 36271212SH 3 711513 012199999999999999 743 902030  599999999999999
 62 87107118121116107 98 92 92 97105115124125118101 78 51 25  6 -2  1 15271213SH 351121134212699999999999999 828 922112 -399999999999999
 39 68 95113122123116105 96 92 94100110121129128116 96 70 41 15 -2 -7  0271214SH 434123142413099999999999999 910 922153 -799999999999999
 18 45 75101117123121113101 93 91 94102113126132127113 90 63 33  9 -5 -6271215SH 51612315 713299999999999999 950 912235 -799999999999999
  4 25 54 83105118121117107 95 88 88 93102115127131123106 84 56 29  8 -2271216SH 5571211551131999999999999991031 872317 -299999999999999
  0 13 35 64 90108117117111100 88 83 84 91101113124125116 99 78 52 28 12271217SH 6351181638126999999999999991116 832358  799999999999999
  7 12 26 49 75 97110115113104 92 81 77 79 86 96108116116107 92 73 52 33271218SH 7 811517281179999999999999912 5 77999999999999999999999
 21 20 27 42 63 86103112113107 97 84 74 71 73 79 88 99106105 98 86 72 55271219SH 738113182610699999999999999 038 1913 3 7199999999999999
 41 35 36 44 58 77 95108112110102 90 77 67 64 65 69 77 87 93 94 91 83 74271220SH 8 61121940 9599999999999999 119 341415 6399999999999999
 63 54 50 53 61 73 89103111113107 98 85 71 61 56 55 58 65 74 82 86 86 84271221SH 8381132139 8799999999999999 2 3 501542 5599999999999999
 80 73 68 66 69 75 86 98109114112106 95 81 66 54 47 44 46 53 63 74 81 87271222SH 916114999999999999999999999 256 6617 3 4499999999999999
 89 89 85 81 79 81 86 94104112115112105 93 78 61 47 37 33 35 43 56 69 81271223SH 020 8910 211599999999999999 4 6 7918 9 3399999999999999
 91 97 99 96 92 89 89 93 99107114116113105 91 75 56 39 28 24 27 36 52 70271224SH 153 99105711699999999999999 526 8819 4 2499999999999999
 86 98106108104 98 93 93 96101109115118115105 90 70 49 30 19 16 21 34 53271225SH 249108115811899999999999999 641 921952 1699999999999999
 75 93107114114108100 94 93 96102110118121116104 86 64 41 22 11 11 19 36271226SH 332115125512199999999999999 746 932034 1099999999999999
 59 83102114118116107 98 92 91 94102112121123116101 81 56 32 14  6  9 21271227SH 4 8118134612399999999999999 838 912113  699999999999999
 42 68 92110118120114103 93 87 88 94103115124124114 96 73 47 24  9  5 12271228SH 440120143112599999999999999 921 872149  599999999999999
 28 52 79101115120117108 96 86 82 85 94106118125122108 88 63 38 17  7  8271229SH 5 712015121269999999999999910 0 822223  699999999999999
 19 39 65 90109117118111100 87 79 78 84 95108120124117100 78 54 30 14  9271230SH 5321181551124999999999999991036 782255  999999999999999
 16 31 53 78100113117113103 90 78 73 75 84 96110119119108 90 68 45 26 16271231SH 5551171629120999999999999991111 732325 1599999999999999
