  8  5  2  1  0  1  2  4  6  7  7  7  6  6  5  5  6  7  9 11 13 14 14 1327 1 1SK10 2  72135 1499999999999999 357  01426  599999999999999
 11  7  4  1 -1 -1 -1  0  2  4  6  7  8  9  9  9  9 10 11 12 14 15 16 1527 1 2SK22 5 16999999999999999999999 511 -1999999999999999999999
 13 10  7  3  0 -2 -2 -2  0  2  4  6  8 10 11 11 11 11 12 13 15 16 17 1727 1 3SK2239 17999999999999999999999 6 4 -2999999999999999999999
 16 14 10  6  2 -1 -3 -3 -2  0  2  5  7 10 11 12 12 12 13 13 14 16 18 1827 1 4SK2318 19999999999999999999999 643 -3999999999999999999999
 18 16 13  9  4  0 -3 -4 -4 -2  0  3  6  9 11 12 13 13 12 13 14 15 17 1927 1 5SK9999999999999999999999999999 716 -4999999999999999999999
 19 19 16 12  7  1 -2 -5 -5 -4 -2  1  4  7 10 12 12 12 12 12 12 13 15 1827 1 6SK 0 1 191616 1299999999999999 747 -51855 1299999999999999
 19 20 18 15 10  4 -1 -5 -6 -6 -4 -2  1  4  7 10 11 11 11 10 10 11 13 1527 1 7SK 045 201635 1199999999999999 820 -61933 1099999999999999
 18 19 19 17 13  7  1 -4 -7 -8 -7 -5 -2  1  4  7  9 10  9  8  8  8 10 1227 1 8SK 130 191655 1099999999999999 854 -820 7  899999999999999
 15 17 19 18 15 10  3 -3 -7 -9 -9 -7 -5 -2  2  5  7  8  8  7  6  6  7  927 1 9SK 214 191715  899999999999999 929 -92038  699999999999999
 11 14 16 17 16 12  6  0 -6 -9-10 -9 -7 -4 -1  2  5  7  7  6  5  4  5  627 110SK 256 171734  79999999999999910 2-102110  499999999999999
  8 11 13 15 15 13  8  2 -4 -8-10-10 -9 -6 -3  0  3  6  6  5  4  3  3  427 111SK 336 151753  6999999999999991034-102147  399999999999999
  5  7 10 12 13 12  9  5 -1 -6 -8 -9 -9 -7 -4 -1  2  5  6  6  4  3  2  227 112SK 417 131814  69999999999999911 3 -92235  299999999999999
  3  4  6  8 10 10  9  6  2 -3 -6 -8 -8 -6 -4 -1  2  5  7  7  6  4  2  127 113SK 459 101838  7999999999999991131 -82337  199999999999999
  1  2  3  5  7  8  8  7  4  1 -3 -4 -5 -4 -3  0  3  5  7  8  8  6  3  127 114SK 547  819 5  8999999999999991158 -5999999999999999999999
  0  0  1  2  4  5  6  7  6  4  1 -1 -2 -1  0  1  4  6  8 10 10  9  6  327 115SK 648  71935 1099999999999999 050  01225 -299999999999999
  1 -1 -1 -1  0  2  3  5  5  5  4  3  2  2  3  4  5  7  9 11 12 11 10  727 116SK 814  62011 1299999999999999 2 5 -11249  299999999999999
  3  0 -2 -3 -3 -2  0  2  4  5  6  6  6  6  6  6  7  9 10 12 13 14 13 1127 117SK2056 14999999999999999999999 321 -3999999999999999999999
  7  3 -1 -4 -5 -5 -4 -2  0  3  5  7  8  8  9  9  9 10 11 12 14 15 16 1527 118SK2151 16999999999999999999999 432 -6999999999999999999999
 12  8  3 -2 -6 -8 -8 -7 -4 -1  2  5  7  9 10 10 10 10 11 12 14 16 17 1827 119SK2253 18999999999999999999999 537 -8999999999999999999999
 17 13  8  2 -4 -9-11-11-10 -7 -3  1  5  8 10 11 11 10 10 10 12 14 17 1927 120SK1511 112355 1999999999999999 636-1118 5 1099999999999999
 19 18 14  8  1 -6-11-14-14-12 -8 -4  0  4  8 10 10 10  9  8  9 11 14 1727 121SK1537 11999999999999999999999 730-1419 0  899999999999999
 19 20 19 14  7 -1 -9-14-16-16-13 -9 -5  0  4  8  9  9  7  6  6  7  9 1327 122SK 058 2016 6  999999999999999 822-161948  699999999999999
 17 19 20 19 14  5 -3-11-16-17-17-14 -9 -5  0  5  8  8  6  4  3  3  4  727 123SK 158 201635  899999999999999 910-172038  399999999999999
 11 15 18 19 17 11  3 -6-12-16-17-16-12 -8 -4  1  6  7  6  4  1  0  0  227 124SK 256 1917 5  799999999999999 956-172132  099999999999999
  5  9 13 16 17 15  8  1 -7-12-15-15-13-10 -6 -1  3  6  7  5  2 -1 -2 -227 125SK 352 171736  7999999999999991038-152231 -299999999999999
  0  3  7 10 13 14 11  5 -1 -7-11-12-12 -9 -6 -2  2  6  7  6  3  0 -2 -427 126SK 445 1418 6  7999999999999991116-122334 -499999999999999
 -4 -2  1  4  7  9 10  7  3 -2 -6 -8 -8 -7 -5 -1  2  5  8  8  6  3  0 -327 127SK 539 101836  8999999999999991149 -8999999999999999999999
 -4 -4 -3 -1  1  4  6  6  4  1 -1 -3 -4 -3 -2  0  3  6  8  9  8  6  3  027 128SK 637  619 4  999999999999999 042 -51214 -499999999999999
 -2 -4 -5 -4 -3 -1  1  3  3  3  2  1  0  1  1  3  5  7  9 10 10  9  6  327 129SK 751  31931 1099999999999999 157 -51216  099999999999999
  0 -2 -4 -5 -5 -4 -2 -1  1  2  2  3  3  4  5  6  7  8  9 11 11 11  9  727 130SK20 1 11999999999999999999999 322 -5999999999999999999999
  4  1 -2 -4 -5 -5 -5 -3 -2  0  2  3  5  6  7  8  8  9 10 11 12 12 11 1027 131SK2043 12999999999999999999999 443 -5999999999999999999999
  7  4  1 -2 -4 -6 -6 -5 -4 -2  0  3  5  7  8  9  9  9 10 11 12 12 13 1227 2 1SK2143 13999999999999999999999 545 -6999999999999999999999
 10  7  4  0 -3 -5 -6 -6 -5 -4 -2  1  4  6  8  9  9  9  9 10 11 12 13 1327 2 2SK2247 13999999999999999999999 630 -7999999999999999999999
 12 10  7  3 -2 -5 -7 -8 -7 -6 -4 -1  2  5  7  8  8  8  8  8  9 10 12 1327 2 3SK2345 14999999999999999999999 7 6 -8999999999999999999999
 14 12 10  6  1 -4 -7 -9 -9 -8 -6 -3 -1  2  5  7  7  6  6  5  6  7 10 1227 2 4SK1547  7999999999999999999999 737 -91849  599999999999999
 13 13 12  8  3 -2 -7-10-11-11 -9 -6 -3  0  3  5  5  5  4  3  3  4  6  927 2 5SK 038 141556  599999999999999 8 8-111921  399999999999999
 11 13 13 11  6  0 -6-10-12-13-11 -9 -6 -2  1  3  4  3  2  1  1  1  3  627 2 6SK 127 1316 6  499999999999999 837-131952  199999999999999
  8 11 12 11  8  3 -4 -9-13-14-13-11 -8 -4 -1  2  3  3  1 -1 -2 -2  0  227 2 7SK 213 121617  399999999999999 9 6-142024 -299999999999999
  5  8 10 11  9  5 -1 -7-11-14-14-12 -9 -6 -2  1  3  3  1 -1 -3 -4 -3 -127 2 8SK 257 111633  399999999999999 934-142058 -499999999999999
  1  4  7  9  9  7  2 -4 -9-12-13-12-10 -6 -3  0  3  4  2 -1 -3 -5 -5 -427 2 9SK 339  91652  49999999999999910 1-132137 -599999999999999
 -2  1  4  6  8  7  4 -1 -6 -9-11-11 -9 -6 -3  0  3  5  4  1 -2 -5 -6 -627 210SK 421  81713  5999999999999991027-112223 -699999999999999
 -4 -2  1  3  5  7  6  2 -2 -6 -8 -8 -7 -5 -2  1  4  6  6  4  0 -3 -5 -627 211SK 5 5  71737  6999999999999991053 -82317 -699999999999999
 -6 -5 -2  0  3  4  5  4  1 -2 -4 -5 -5 -3 -1  2  5  7  8  7  4  0 -3 -627 212SK 555  518 3  8999999999999991115 -5999999999999999999999
 -7 -6 -5 -3 -1  2  3  4  3  1  0 -1 -1  0  1  4  6  8  9  9  7  4  0 -327 213SK 656  41831  999999999999999 020 -71130 -199999999999999
 -6 -7 -7 -6 -4 -2  0  2  3  3  3  2  2  3  4  5  7  9 10 11 10  8  5  127 214SK 833  319 7 1199999999999999 131 -71110  299999999999999
 -3 -6 -7 -8 -7 -6 -4 -2  0  2  3  4  5  5  6  7  8  9 10 11 12 11  9  627 215SK1959 12999999999999999999999 254 -8999999999999999999999
  2 -2 -6 -8-10 -9 -8 -6 -4 -1  2  4  5  7  7  8  8  8  9 11 12 13 12 1027 216SK2114 13999999999999999999999 421-10999999999999999999999
  7  3 -2 -7-10-12-12-11 -8 -5 -2  1  4  6  7  8  7  7  8  9 10 12 13 1327 217SK2237 14999999999999999999999 534-12999999999999999999999
 12  9  3 -3 -8-12-15-15-13-10 -7 -3  1  4  6  7  6  5  5  5  7  9 12 1427 218SK1447  72353 1499999999999999 633-1518 4  599999999999999
 14 13  9  3 -4-10-15-17-17-14-11 -7 -3  2  5  6  5  4  2  2  3  5  8 1127 219SK15 3  6999999999999999999999 724-171854  299999999999999
 14 15 14  9  2 -6-12-16-18-17-14-11 -6 -2  2  5  5  3  0 -2 -2  0  3  727 220SK 1 1 151525  599999999999999 8 9-181943 -299999999999999
 10 13 15 13  8  0 -7-14-17-18-16-13 -9 -4  0  4  5  3  0 -3 -5 -5 -3  027 221SK 2 4 151549  599999999999999 850-182033 -599999999999999
  5  9 12 13 11  6 -2 -9-14-16-16-14-10 -6 -1  3  5  4  1 -3 -6 -8 -7 -527 222SK 3 1 131615  599999999999999 929-162125 -899999999999999
 -1  3  7 10 11  9  3 -3 -9-12-13-12 -9 -6 -2  2  5  6  3 -1 -5 -8 -9 -927 223SK 354 111641  69999999999999910 4-132219 -999999999999999
 -7 -3  1  5  8  8  6  1 -4 -7 -9 -9 -8 -5 -1  3  6  7  6  2 -2 -6 -8-1027 224SK 445  917 6  7999999999999991035-102315-1099999999999999
 -9 -7 -4 -1  3  5  6  3  0 -3 -5 -5 -5 -2  1  4  6  8  8  5  1 -3 -6 -827 225SK 536  61729  89999999999999911 0 -5999999999999999999999
 -9 -9 -7 -4 -2  1  3  3  2  0 -1 -1 -1  0  2  5  7  9  9  8  5  1 -2 -527 226SK 633  31749  999999999999999 012 -911 9 -199999999999999
 -7 -8 -8 -7 -5 -2  0  1  2  2  2  2  2  3  5  6  8  9 10  9  7  5  1 -227 227SK18 7 10999999999999999999999 115 -8999999999999999999999
 -4 -6 -7 -7 -6 -5 -3 -1  0  1  2  3  4  5  6  7  8  9 10 10  9  7  5  227 228SK1830 10999999999999999999999 231 -7999999999999999999999
 -1 -3 -5 -6 -7 -6 -5 -4 -2  0  2  3  5  6  7  8  8  9 10 10 10  9  7  527 3 1SK1911 10999999999999999999999 4 0 -7999999999999999999999
  3  0 -3 -5 -7 -7 -7 -6 -4 -2  0  2  5  6  7  8  8  8  8  9  9  9  9  827 3 2SK2039  9999999999999999999999 513 -7999999999999999999999
  6  3  0 -4 -6 -8 -8 -8 -7 -5 -2  0  3  5  6  7  6  6  6  7  7  8  9  927 3 3SK2222  9999999999999999999999 6 4 -8999999999999999999999
  8  6  2 -2 -5 -8 -9-10 -9 -7 -5 -2  1  3  5  5  5  4  4  4  5  6  8  927 3 4SK1454  52335  999999999999999 642-101811  499999999999999
  9  8  5  1 -4 -8-10-11-11 -9 -7 -4 -1  1  3  4  3  2  1  1  2  3  5  727 3 5SK1454  4999999999999999999999 712-111841  199999999999999
  9  9  7  4 -1 -6-10-12-12-11 -9 -6 -3  0  2  3  2  0 -1 -2 -1  0  2  527 3 6SK 034  91457  399999999999999 739-121910 -299999999999999
  7  8  8  6  1 -4 -9-12-13-12-10 -7 -4 -1  1  3  2 -1 -3 -4 -4 -3 -1  227 3 7SK 125  915 3  399999999999999 8 4-131939 -499999999999999
  4  7  8  7  4 -1 -7-11-13-13-11 -8 -5 -2  1  3  2  0 -3 -6 -7 -6 -4 -227 3 8SK 212  81516  399999999999999 830-132011 -799999999999999
  1  4  7  8  6  2 -4 -8-11-12-11 -8 -5 -2  2  4  4  2 -2 -6 -8 -8 -7 -527 3 9SK 257  81535  499999999999999 857-122046 -899999999999999
 -2  2  4  7  7  5  0 -5 -8-10-10 -8 -5 -1  2  5  6  4  0 -5 -8 -9 -9 -827 310SK 340  71557  699999999999999 924-102126-1099999999999999
 -5 -1  2  5  7  6  3 -1 -5 -7 -7 -6 -4  0  3  6  8  7  4 -1 -6 -9-10-1027 311SK 425  71621  899999999999999 952 -72211-1099999999999999
 -8 -4 -1  2  5  6  5  3 -1 -3 -4 -3 -2  1  4  7  9  9  7  3 -3 -7 -9-1027 312SK 512  61647  9999999999999991019 -423 3-1099999999999999
 -9 -7 -4 -1  2  4  5  5  3  1  0  0  1  2  5  7  9 11 10  7  2 -3 -7 -927 313SK 6 5  51713 11999999999999991039  0999999999999999999999
-10 -9 -7 -5 -2  1  3  4  4  3  3  3  3  4  6  8 10 11 11 10  6  2 -3 -627 314SK 719  41743 1199999999999999 0 3-101023  399999999999999
 -8-10 -9 -8 -6 -3 -1  1  3  4  4  5  6  6  7  8 10 11 12 11 10  7  3 -127 315SK1821 12999999999999999999999 115-10999999999999999999999
 -5 -8-10-10 -9 -7 -5 -3  0  2  4  5  6  7  7  8  9 10 11 11 11 10  7  427 316SK1923 11999999999999999999999 244-10999999999999999999999
  0 -4 -8-10-11-11 -9 -7 -4 -1  2  4  6  7  7  7  7  8  8 10 11 11 10  927 317SK2058 11999999999999999999999 416-11999999999999999999999
  5  1 -4 -8-11-13-13-11 -9 -5 -2  2  5  6  7  6  5  5  5  6  8 10 11 1127 318SK1345  72238 1199999999999999 526-131711  599999999999999
 10  6  1 -4 -9-12-14-14-12 -9 -5 -1  3  5  6  5  3  2  1  2  4  6  9 1127 319SK1355  6999999999999999999999 620-1418 6  199999999999999
 11 10  7  1 -5-10-13-15-14-11 -8 -4  0  4  5  5  2  0 -2 -3 -2  1  4  827 320SK 0 0 111412  699999999999999 7 4-151854 -399999999999999
 10 12 11  7  1 -6-11-13-14-12 -9 -5 -1  3  5  6  3 -1 -4 -6 -6 -4 -1  327 321SK 110 121434  699999999999999 743-141940 -699999999999999
  6 10 11 10  6  0 -6-10-12-11 -9 -5 -1  2  6  7  5  1 -4 -7 -9 -9 -6 -327 322SK 210 111458  799999999999999 819-122028 -999999999999999
  1  5  9 11  9  4 -1 -6 -8 -9 -8 -5 -1  3  6  8  8  4 -1 -6 -9-10-10 -727 323SK 3 5 111522  899999999999999 853 -92115-1199999999999999
 -4  1  5  8  9  7  3 -1 -4 -5 -5 -3  0  4  7  9 10  7  2 -3 -7-10-11-1027 324SK 355  91545 1099999999999999 924 -622 2-1199999999999999
 -7 -4  0  4  7  8  6  3  0 -1 -2 -1  2  5  8 10 11 10  6  1 -4 -8-10-1027 325SK 445  816 6 1199999999999999 951 -22249-1099999999999999
 -9 -7 -3  0  4  6  6  5  3  2  2  2  3  6  9 11 12 12 10  5  0 -4 -7 -927 326SK 538  71626 12999999999999991010  22337 -999999999999999
 -9 -8 -6 -3  0  3  5  5  5  4  4  5  5  7  9 11 13 13 12  8  4  0 -4 -627 327SK 645  51644 1399999999999999 946  4999999999999999999999
 -7 -7 -6 -5 -2  0  2  4  5  5  6  7  7  8 10 11 12 13 12 10  7  3  0 -327 328SK17 4 13999999999999999999999 030 -8999999999999999999999
 -5 -6 -6 -5 -4 -2  0  2  3  5  6  7  8  9 10 11 12 12 12 11  9  6  3  027 329SK1728 12999999999999999999999 134 -6999999999999999999999
 -2 -4 -5 -6 -5 -4 -3 -1  1  3  5  7  8  9  9 10 10 11 11 11 10  8  6  427 330SK18 5 11999999999999999999999 3 1 -6999999999999999999999
  1 -2 -4 -5 -6 -6 -5 -3 -1  1  3  5  7  8  8  8  8  9  9  9  9  8  7  627 331SK1927  9999999999999999999999 421 -6999999999999999999999
  4  1 -2 -4 -6 -7 -6 -5 -4 -1  1  4  6  7  7  7  6  6  6  7  7  8  8  727 4 1SK1354  72147  899999999999999 516 -71725  699999999999999
  6  4  1 -3 -5 -7 -8 -7 -5 -3  0  2  4  6  6  5  4  4  3  4  4  6  7  827 4 2SK1346  62318  899999999999999 555 -81759  399999999999999
  7  6  3  0 -4 -7 -8 -8 -6 -4 -2  1  4  5  5  4  3  1  0  0  1  3  5  727 4 3SK1341  5999999999999999999999 624 -81825  099999999999999
  8  7  6  2 -2 -5 -7 -8 -7 -5 -2  1  3  5  6  4  2  0 -2 -2 -2  0  2  527 4 4SK 023  81344  699999999999999 651 -81852 -299999999999999
  7  8  8  5  1 -3 -6 -7 -7 -5 -2  1  4  6  7  6  3 -1 -4 -5 -5 -3 -1  227 4 5SK 119  81356  799999999999999 717 -71921 -599999999999999
  5  7  9  8  5  0 -3 -5 -6 -5 -2  1  5  7  9  8  5  0 -4 -6 -7 -6 -4 -127 4 6SK 2 8  91415  999999999999999 745 -61955 -799999999999999
  3  6  8  9  8  4  0 -3 -4 -3 -1  2  5  8 10 11  8  3 -2 -6 -8 -8 -7 -427 4 7SK 255  91439 1199999999999999 816 -42032 -999999999999999
  0  3  7 10 10  8  4  1 -1 -1  0  3  6  9 12 13 12  7  1 -5 -8-10 -9 -727 4 8SK 341 1015 7 1399999999999999 848 -12115-1099999999999999
 -3  0  4  8 10 10  8  5  3  2  2  4  7 10 13 15 15 12  6 -1 -6 -9-10 -927 4 9SK 429 101535 1599999999999999 921  222 3-1099999999999999
 -6 -3  1  4  8 10 10  8  6  5  5  6  8 10 13 15 16 15 11  5 -1 -6 -9-1027 410SK 522 1016 6 1699999999999999 952  52257-1099999999999999
 -9 -6 -3  1  4  7  9  9  8  8  8  8  9 11 13 15 17 17 15 10  4 -1 -6 -827 411SK 629  91638 17999999999999991012  82358 -999999999999999
 -9 -8 -6 -3  0  3  6  8  9  9  9  9 10 11 12 14 16 17 16 14  9  4 -1 -527 412SK1715 179999999999999999999999999999999999999999999999999
 -7 -8 -8 -6 -4 -1  2  5  7  9 10 10 10 11 11 13 14 15 16 15 13  9  5  027 413SK18 4 16999999999999999999999 110 -8999999999999999999999
 -4 -6 -8 -8 -7 -5 -3  1  4  7  9 10 10 10 10 11 11 12 13 14 14 12 10  627 414SK1917 14999999999999999999999 237 -8999999999999999999999
  2 -2 -6 -8 -8 -8 -6 -3  0  4  7  9 10 10  9  9  8  9 10 11 12 13 12 1027 415SK1223 1021 3 1399999999999999 4 0 -81558  899999999999999
  7  3 -2 -5 -7 -8 -7 -5 -2  1  5  8  9 10  9  7  6  5  5  7  8 10 12 1227 416SK1236 102246 1299999999999999 5 2 -81711  599999999999999
 11  8  4 -1 -4 -7 -7 -6 -4  0  3  7  9 10  9  6  4  2  1  2  4  6  9 1127 417SK1254 10999999999999999999999 550 -718 4  199999999999999
 12 11  9  4  0 -4 -5 -5 -4 -1  3  6  9 11 10  7  4  0 -2 -2 -1  1  5  827 418SK 0 9 121315 1199999999999999 631 -61851 -299999999999999
 11 12 12  9  5  1 -2 -3 -2  0  3  7 10 12 12 10  6  1 -3 -5 -5 -3  0  427 419SK 118 121338 1399999999999999 7 6 -31935 -599999999999999
  7 11 13 12  9  5  2  0  0  2  4  8 11 13 15 13  9  3 -2 -5 -6 -6 -4  027 420SK 217 1314 1 1599999999999999 739  02018 -699999999999999
  4  8 11 13 12  9  6  4  3  4  6  9 12 15 16 16 13  7  1 -3 -6 -7 -6 -327 421SK 311 131424 1799999999999999 810  32059 -799999999999999
  0  4  8 12 13 12 10  8  6  6  7 10 13 16 18 18 16 12  5  0 -4 -6 -7 -527 422SK 4 1 131447 1899999999999999 839  62140 -799999999999999
 -2  1  5  9 12 13 12 10  9  9  9 11 13 16 18 20 19 15 10  4 -1 -4 -6 -527 423SK 453 131510 2099999999999999 9 5  92221 -699999999999999
 -3 -1  3  6 10 12 12 12 11 11 11 12 14 16 18 20 20 18 14  8  3 -1 -4 -427 424SK 553 121534 2099999999999999 921 1123 3 -499999999999999
 -4 -2  1  4  7  9 11 12 12 12 12 13 14 16 18 19 20 19 16 12  7  2 -1 -327 425SK16 0 209999999999999999999992351 -3999999999999999999999
 -3 -2 -1  1  4  7  9 10 12 12 13 13 14 15 17 18 19 19 17 14 10  6  2  027 426SK1628 199999999999999999999999999999999999999999999999999
 -2 -2 -1  0  2  4  6  8 10 11 13 13 14 14 15 16 17 17 17 15 12  9  6  327 427SK1659 17999999999999999999999 046 -2999999999999999999999
  0 -1 -1 -1  0  2  4  6  8 10 12 13 13 13 14 14 15 15 15 15 13 11  8  527 428SK1737 15999999999999999999999 155 -1999999999999999999999
  3  1 -1 -1 -1  0  2  4  6  8 10 12 12 12 12 12 12 13 13 13 13 12 10  827 429SK1842 13999999999999999999999 3 7 -1999999999999999999999
  5  3  1  0 -1 -1  1  3  5  7  9 11 12 12 11 10 10 10 10 11 11 11 11 1027 430SK1227 122054 1199999999999999 4 2 -11645 1099999999999999
  8  6  3  1  0  0  0  2  4  7  9 11 12 11 10  9  8  7  7  8  9 10 11 1127 5 1SK1215 122248 1199999999999999 443  01725  799999999999999
 10  8  6  4  2  1  1  2  4  7 10 12 13 12 11  8  6  5  4  5  6  8  9 1127 5 2SK1214 13999999999999999999999 517  11754  499999999999999
 12 11  9  7  4  3  2  3  5  8 11 13 14 14 12  9  6  3  2  2  3  5  8 1027 5 3SK 0 7 121227 1599999999999999 549  21825  299999999999999
 12 13 12 10  8  5  4  4  6  9 12 14 16 17 15 12  7  3  0 -1  0  2  5  827 5 4SK 111 131249 1799999999999999 621  41858 -199999999999999
 11 14 15 14 12  9  7  7  7  9 12 16 18 19 19 16 10  4  0 -2 -2 -1  2  627 5 5SK 2 5 151317 2099999999999999 657  71936 -399999999999999
  9 13 15 16 15 13 11  9  9 11 13 16 19 21 22 20 15  8  2 -2 -4 -4 -1  227 5 6SK 256 161349 2299999999999999 734  92019 -499999999999999
  6 10 14 17 18 16 14 12 12 12 14 17 20 22 24 24 20 14  6  0 -4 -5 -4 -127 5 7SK 347 181423 2499999999999999 813 1221 6 -599999999999999
  3  7 11 15 18 18 17 15 14 14 15 17 20 23 25 26 24 20 12  5 -1 -4 -5 -427 5 8SK 441 1815 0 2699999999999999 853 142158 -599999999999999
 -1  3  7 11 15 17 18 17 16 16 16 17 19 22 24 26 26 24 18 11  4 -1 -4 -527 5 9SK 543 181539 2699999999999999 932 162255 -599999999999999
 -4 -1  2  6 10 14 16 17 17 17 17 17 18 20 23 25 26 26 23 17 10  4 -1 -327 510SK 712 171621 26999999999999991012 172356 -499999999999999
 -4 -3 -1  2  6 10 13 16 17 17 17 17 17 18 20 22 24 25 24 21 16 10  5  027 511SK17 9 259999999999999999999999999999999999999999999999999
 -2 -3 -3 -1  2  5  9 12 15 16 17 17 16 16 17 19 20 22 23 22 20 16 11  627 512SK18 9 23999999999999999999999 1 4 -3999999999999999999999
  2 -1 -2 -2  0  2  6  9 13 15 17 17 16 15 15 15 16 17 19 20 20 18 15 1127 513SK1038 171928 2099999999999999 217 -21413 1599999999999999
  7  4  1  0  0  1  4  7 11 14 16 17 16 15 14 12 12 13 14 16 17 18 17 1527 514SK11 2 1721 9 1899999999999999 324  01550 1299999999999999
 12  9  6  3  2  3  4  7 10 13 16 18 18 16 14 11  9  9  9 11 13 15 17 1727 515SK1125 182252 1799999999999999 420  217 2  999999999999999
 16 14 11  8  6  5  6  8 10 14 17 19 19 18 15 12  9  7  6  7  9 11 14 1627 516SK1150 19999999999999999999999 5 6  51758  699999999999999
 17 17 15 13 10  9  9 10 12 15 18 20 21 21 18 14 10  6  4  4  5  7 10 1427 517SK 021 171214 2299999999999999 545  91844  499999999999999
 16 18 18 17 15 13 12 12 14 16 19 22 23 24 22 17 12  7  4  2  3  4  7 1127 518SK 133 191239 2499999999999999 619 121926  299999999999999
 14 17 19 20 18 16 15 15 16 18 20 23 25 26 25 22 16 10  6  3  2  3  5  827 519SK 233 2013 4 2699999999999999 652 1520 4  299999999999999
 12 15 19 21 21 19 18 17 18 19 21 24 26 28 28 25 21 14  9  4  2  2  3  627 520SK 327 211330 2899999999999999 723 172040  299999999999999
 10 13 17 20 21 21 20 19 19 20 21 24 27 29 29 28 25 19 12  7  4  2  3  527 521SK 418 211359 2999999999999999 755 192117  299999999999999
  8 11 15 18 21 22 21 21 20 20 21 23 26 28 30 30 27 23 17 11  6  4  3  427 522SK 513 221430 3099999999999999 825 202156  399999999999999
  6  9 12 16 19 21 21 21 21 21 21 22 25 27 29 30 29 26 21 15  9  6  4  327 523SK15 3 309999999999999999999992237  3999999999999999999999
  5  7 10 13 16 18 20 21 21 21 21 22 23 25 27 29 29 27 23 18 13  8  5  427 524SK1538 299999999999999999999992320  4999999999999999999999
  4  6  8 10 13 16 18 19 20 21 21 21 22 23 25 26 27 27 25 21 16 11  8  527 525SK1612 279999999999999999999999999999999999999999999999999
  5  5  6  8 11 13 16 18 19 20 20 20 21 21 23 24 25 25 24 22 18 14 11  827 526SK1649 25999999999999999999999 0 7  5999999999999999999999
  6  5  6  7  9 12 14 16 18 19 20 20 20 20 20 21 22 23 23 22 20 17 13 1027 527SK1730 23999999999999999999999 055  5999999999999999999999
  8  7  7  7  9 11 13 15 17 19 19 20 19 19 19 19 19 20 20 20 20 18 16 1327 528SK1040 201830 2199999999999999 143  714 5 1999999999999999
 11  9  8  8  9 11 13 15 18 19 20 20 19 18 17 17 17 17 18 18 19 19 18 1627 529SK1027 202010 1999999999999999 229  81538 1799999999999999
 14 12 11 11 11 12 14 16 18 20 22 22 21 19 17 15 15 14 15 16 17 18 19 1827 530SK1032 222212 1999999999999999 312 101632 1499999999999999
 17 16 14 13 13 14 15 17 20 22 24 24 23 21 18 15 13 12 12 13 15 17 19 2027 531SK1050 242353 2099999999999999 354 131714 1299999999999999
 20 19 18 17 16 16 17 19 21 24 26 27 26 24 20 16 12 10 10 10 12 15 17 2027 6 1SK1117 27999999999999999999999 437 161753 1099999999999999
 22 22 22 21 19 19 19 20 22 25 27 29 30 28 25 19 14 10  8  8  9 12 15 1827 6 2SK 1 9 221149 3099999999999999 523 191835  799999999999999
 21 24 25 24 23 22 21 22 23 25 28 31 32 32 30 24 18 12  7  6  6  8 11 1527 6 3SK 211 251226 3399999999999999 610 211920  599999999999999
 19 23 25 26 26 25 24 23 24 26 28 31 34 35 34 30 23 16  9  5  4  5  7 1127 6 4SK 3 6 2613 8 3599999999999999 658 2320 9  499999999999999
 15 19 23 26 27 27 26 25 25 26 28 31 34 36 37 35 30 22 14  8  4  3  4  727 6 5SK 4 1 271352 3799999999999999 744 2521 0  399999999999999
 11 15 19 24 27 27 27 26 25 25 27 29 32 35 37 38 35 29 21 13  7  3  2  327 6 6SK 456 271438 3899999999999999 830 252154  299999999999999
  6 10 15 19 24 26 27 26 26 25 25 27 30 33 36 37 37 34 28 20 12  6  3  227 6 7SK 553 271527 3899999999999999 916 252250  299999999999999
  4  6 10 14 19 23 26 26 26 25 24 25 26 29 32 35 36 36 32 26 19 12  7  427 6 8SK 650 261619 369999999999999910 9 242347  399999999999999
  3  5  7 11 15 19 23 25 25 25 24 23 24 25 28 30 33 34 33 30 24 18 12  827 6 9SK 743 251715 34999999999999991115 23999999999999999999999
  6  5  7  9 12 16 20 24 25 25 24 23 22 22 23 25 27 29 31 30 28 23 18 1427 610SK 828 251819 3199999999999999 044  51235 2299999999999999
 10  9  8  9 12 15 18 22 25 26 25 24 22 21 20 21 22 24 26 27 27 26 23 1927 611SK 9 8 261935 2899999999999999 140  814 5 2099999999999999
 16 14 12 12 13 15 18 22 25 27 27 26 24 21 19 18 18 19 21 23 24 25 25 2327 612SK 943 272110 2599999999999999 233 121534 1899999999999999
 21 19 17 16 16 18 20 22 25 28 29 29 27 24 21 18 16 16 17 18 20 23 24 2527 613SK1015 2923 7 2599999999999999 321 161649 1699999999999999
 24 23 22 21 20 21 22 24 27 29 31 31 30 27 23 19 16 15 14 15 17 19 22 2427 614SK1046 31999999999999999999999 4 5 201748 1499999999999999
 26 26 26 25 24 24 25 26 28 31 33 34 33 31 27 22 18 15 13 13 15 17 20 2327 615SK 057 261115 3499999999999999 445 241835 1399999999999999
 25 27 28 28 28 27 27 28 30 32 34 36 36 34 31 26 21 17 14 13 13 15 18 2127 616SK 216 281144 3699999999999999 524 271914 1399999999999999
 24 27 29 30 30 29 29 29 30 32 35 37 38 37 35 31 25 20 16 13 13 14 16 1927 617SK 315 301216 3899999999999999 6 5 291949 1399999999999999
 22 26 29 30 31 31 30 30 31 32 34 37 38 39 38 34 29 23 18 14 13 13 15 1727 618SK 359 311252 3999999999999999 647 302023 1399999999999999
 20 24 27 30 31 31 31 30 30 31 33 36 38 40 39 37 33 27 21 16 13 12 13 1527 619SK 438 311330 4099999999999999 728 302059 1299999999999999
 18 21 25 28 30 31 31 30 30 30 31 34 36 39 40 39 36 31 25 19 14 12 12 1427 620SK 515 311410 4099999999999999 8 4 302136 1299999999999999
 16 19 22 25 28 30 30 30 29 29 30 31 34 36 38 39 37 34 28 22 17 13 12 1227 621SK 553 301449 3999999999999999 837 292214 1299999999999999
 14 17 20 23 26 28 29 29 28 28 28 29 31 34 36 37 37 35 31 25 19 15 13 1227 622SK 630 291528 3899999999999999 9 7 282252 1299999999999999
 13 15 17 20 23 26 28 28 28 27 27 28 29 31 33 35 36 35 32 28 22 18 14 1327 623SK 7 3 2816 7 3699999999999999 940 272328 1399999999999999
 13 14 16 19 22 24 26 27 27 27 27 27 27 28 30 32 33 33 32 29 25 21 17 1527 624SK 728 281647 33999999999999991027 27999999999999999999999
 14 15 16 19 21 24 26 27 28 27 27 26 26 27 28 29 30 31 31 30 27 24 20 1827 625SK 746 281732 3199999999999999 0 2 141139 2699999999999999
 16 16 17 19 22 24 26 28 29 29 28 26 26 25 26 26 27 28 29 29 28 26 23 2127 626SK 8 6 291830 2999999999999999 034 1613 9 2599999999999999
 20 19 19 21 23 25 27 29 31 31 30 28 26 25 24 24 25 26 27 28 28 28 26 2527 627SK 830 311952 2899999999999999 1 4 191431 2499999999999999
 23 23 22 23 25 27 29 31 33 33 32 31 28 26 24 23 22 23 24 26 27 28 28 2827 628SK 9 0 332149 2899999999999999 137 221538 2299999999999999
 27 26 26 26 27 28 30 32 34 36 36 34 32 28 25 22 21 20 22 23 25 27 29 3027 629SK 935 36999999999999999999999 217 261635 2099999999999999
 30 30 30 29 30 30 32 34 36 38 39 38 36 32 28 23 20 18 18 20 22 25 27 3027 630SK 0 5 301015 3999999999999999 311 291727 1899999999999999
 32 33 33 32 32 32 33 34 36 39 41 41 40 37 32 26 21 18 16 16 18 21 25 2827 7 1SK 140 3311 0 4199999999999999 424 321818 1699999999999999
 31 33 35 35 34 34 34 35 36 39 41 43 44 42 38 32 25 19 15 14 14 17 20 2427 7 2SK 239 351149 4499999999999999 535 341910 1499999999999999
 28 32 34 36 36 35 34 34 35 37 40 43 45 46 43 38 31 23 17 13 11 13 15 1927 7 3SK 326 361241 4699999999999999 634 3420 2 1199999999999999
 23 28 32 35 36 36 35 34 34 35 38 41 45 46 47 44 38 30 21 15 11 10 11 1527 7 4SK 4 7 361336 4799999999999999 724 342054 1099999999999999
 19 23 28 32 35 35 34 33 33 33 35 38 42 45 47 47 44 37 28 20 14 10  9 1127 7 5SK 446 351431 4799999999999999 813 332146  999999999999999
 14 19 23 28 32 34 34 33 31 31 31 34 37 41 44 46 46 42 35 27 19 13 10 1027 7 6SK 523 341527 4699999999999999 9 4 312237 1099999999999999
 12 15 20 24 29 32 34 33 31 30 29 30 32 35 39 42 44 44 40 33 25 19 14 1227 7 7SK 559 341623 449999999999999910 3 292325 1299999999999999
 12 14 18 22 26 30 33 33 32 30 28 27 28 30 33 36 39 41 40 37 31 25 20 1727 7 8SK 636 341721 41999999999999991110 27999999999999999999999
 15 16 18 21 25 29 32 34 33 31 29 27 26 26 28 30 33 36 37 37 34 30 26 2327 7 9SK 712 341823 3899999999999999 011 151226 2699999999999999
 20 20 21 23 26 29 32 35 35 34 32 29 27 25 25 26 28 30 32 34 34 33 30 2827 710SK 748 351935 3499999999999999 054 201348 2599999999999999
 26 25 25 26 28 30 33 35 37 37 35 33 30 27 25 24 24 26 27 30 31 32 32 3127 711SK 825 372118 3299999999999999 132 251514 2499999999999999
 31 30 29 30 31 32 34 37 38 39 38 36 33 30 27 24 23 23 24 26 28 30 32 3327 712SK 9 3 39999999999999999999999 2 4 291633 2399999999999999
 33 34 34 34 34 35 36 38 40 41 41 40 38 34 30 27 24 23 23 24 25 28 30 3327 713SK 941 419999999999999999999991737 23999999999999999999999
 35 36 36 36 37 37 38 39 40 42 43 43 41 38 34 30 26 24 22 23 24 26 28 3127 714SK1022 439999999999999999999991825 22999999999999999999999
 34 36 38 38 38 38 38 39 41 42 44 44 44 42 38 33 29 25 23 22 23 24 27 3027 715SK11 5 4499999999999999999999919 4 22999999999999999999999
 33 35 38 39 39 39 38 39 40 42 44 45 46 44 42 37 32 27 24 22 22 23 25 2827 716SK1149 469999999999999999999991937 22999999999999999999999
 31 34 36 38 39 38 38 38 38 40 42 44 46 46 44 41 35 30 25 22 21 21 23 2627 717SK 358 391234 4699999999999999 640 382010 2199999999999999
 29 32 35 37 38 38 37 36 37 38 40 43 45 46 46 43 39 33 27 22 20 20 21 2327 718SK 417 381319 4699999999999999 717 362043 2099999999999999
 26 29 32 35 37 37 36 35 35 35 37 40 43 45 46 45 41 36 30 24 20 19 19 2127 719SK 437 3714 2 4699999999999999 749 352116 1999999999999999
 24 27 30 33 35 36 35 34 33 33 34 37 39 42 44 44 43 39 33 26 22 19 18 1927 720SK 457 361445 4599999999999999 821 332148 1899999999999999
 22 25 28 31 33 35 34 33 32 32 32 34 36 39 41 43 43 40 35 29 24 20 19 1927 721SK 515 351527 4399999999999999 853 322219 1999999999999999
 21 24 27 30 32 34 34 33 32 31 31 32 33 36 38 40 41 40 37 32 27 23 20 2027 722SK 533 3416 8 4199999999999999 930 312248 2099999999999999
 21 23 26 29 32 34 35 34 32 31 30 30 31 33 35 37 39 39 38 34 30 26 23 2227 723SK 552 351650 39999999999999991015 302314 2299999999999999
 23 24 27 30 32 35 36 35 34 31 30 30 30 31 33 34 36 37 37 36 33 29 27 2527 724SK 613 361737 38999999999999991114 292338 2599999999999999
 25 26 28 31 33 36 37 38 36 34 31 30 29 29 30 32 34 35 36 36 35 32 30 2927 725SK 638 381832 36999999999999991223 292359 2999999999999999
 29 29 30 32 35 37 39 40 39 37 34 32 30 29 29 29 31 32 34 35 35 35 34 3327 726SK 7 7 401948 35999999999999991337 29999999999999999999999
 32 32 33 35 36 38 40 41 42 40 38 35 32 30 28 28 28 30 31 33 35 35 36 3627 727SK 742 42999999999999999999999 014 321452 2899999999999999
 36 36 36 37 38 39 41 43 44 44 42 39 36 32 29 27 26 26 28 30 32 34 36 3727 728SK 826 4499999999999999999999916 5 26999999999999999999999
 38 38 39 39 39 40 42 43 45 46 45 44 41 36 32 28 25 24 24 26 28 31 34 3627 729SK 922 469999999999999999999991711 24999999999999999999999
 38 40 40 40 40 41 41 43 45 46 48 47 45 42 36 31 26 22 21 22 24 27 30 3327 730SK1025 489999999999999999999991810 21999999999999999999999
 37 39 41 41 41 40 40 41 43 46 48 49 49 47 42 36 29 23 20 18 19 22 25 2927 731SK 255 411129 4999999999999999 529 4019 3 1899999999999999
 33 37 40 41 41 40 39 39 40 43 46 49 50 50 48 43 35 27 21 17 16 17 21 2527 8 1SK 314 411231 5199999999999999 625 391954 1699999999999999
 29 33 37 40 40 39 37 36 37 39 42 46 49 51 51 48 42 33 25 19 15 15 17 2027 8 2SK 340 401333 5199999999999999 714 362043 1599999999999999
 25 29 34 37 39 38 36 34 34 34 37 41 45 48 51 51 47 40 31 24 18 15 15 1827 8 3SK 4 7 391433 5199999999999999 8 3 342129 1599999999999999
 22 26 30 35 38 38 36 34 32 31 32 35 39 43 47 49 49 45 38 30 23 19 17 1827 8 4SK 436 391530 4999999999999999 856 312212 1799999999999999
 20 24 28 33 37 39 38 34 31 29 29 30 33 37 41 44 47 46 42 36 29 24 21 2027 8 5SK 5 6 391626 4799999999999999 956 292254 2099999999999999
 21 24 28 32 36 39 39 37 33 30 28 28 28 31 34 38 41 44 43 40 34 30 26 2527 8 6SK 536 391722 449999999999999911 1 282331 2499999999999999
 25 26 29 33 36 39 41 40 37 33 30 28 27 28 30 32 35 38 40 40 38 34 32 3027 8 7SK 6 7 411822 40999999999999991210 27999999999999999999999
 29 30 32 34 37 40 42 42 40 37 34 31 28 27 27 29 31 33 36 38 38 37 36 3527 8 8SK 637 421936 3899999999999999 0 4 291324 2799999999999999
 34 34 35 37 39 41 42 43 43 41 38 35 32 29 28 27 28 30 32 34 36 37 37 3827 8 9SK 7 8 43999999999999999999999 026 341448 2799999999999999
 38 38 38 39 40 42 43 44 44 44 42 39 36 33 30 28 28 28 29 31 33 35 37 3827 810SK 743 459999999999999999999991614 27999999999999999999999
 40 40 41 41 42 43 44 45 45 45 44 42 40 37 33 30 28 27 28 29 31 33 35 3827 811SK 831 459999999999999999999991723 27999999999999999999999
 40 41 42 42 43 43 43 44 45 46 46 45 43 40 37 33 30 28 27 27 29 31 33 3627 812SK 936 469999999999999999999991814 27999999999999999999999
 39 41 42 43 42 42 42 43 44 45 46 47 46 43 40 36 32 29 27 26 27 29 31 3427 813SK1042 479999999999999999999991852 26999999999999999999999
 37 39 41 42 42 41 41 41 42 44 46 47 47 46 43 39 34 29 27 25 25 27 29 3227 814SK 3 8 421139 4799999999999999 6 6 411923 2599999999999999
 35 37 40 41 40 40 39 39 40 41 43 46 47 47 45 41 36 31 27 24 24 25 27 2927 815SK 317 411229 4799999999999999 639 391952 2499999999999999
 32 35 38 39 39 38 37 36 37 38 40 43 45 47 46 44 39 33 28 24 23 23 25 2727 816SK 329 391317 4799999999999999 7 8 362020 2299999999999999
 30 33 36 38 38 37 35 34 34 35 37 40 43 45 46 45 41 36 30 25 22 22 23 2527 817SK 341 3814 2 4699999999999999 736 342048 2299999999999999
 28 31 34 37 37 36 34 32 32 32 34 36 40 42 44 45 43 38 32 27 23 22 22 2427 818SK 354 371445 4599999999999999 8 6 322115 2299999999999999
 27 30 34 36 37 37 34 32 30 30 31 33 36 39 42 43 43 40 35 30 26 23 23 2427 819SK 4 8 371527 4399999999999999 838 302141 2399999999999999
 27 30 33 36 38 38 35 32 30 29 29 31 33 36 39 41 42 41 38 33 29 26 25 2627 820SK 426 3816 9 4299999999999999 914 2922 7 2599999999999999
 28 31 34 36 39 39 37 34 31 29 28 29 31 33 36 38 40 41 39 36 32 29 28 2827 821SK 447 391653 4199999999999999 957 282230 2899999999999999
 29 32 35 37 40 41 40 37 33 30 28 28 29 31 33 36 38 39 40 38 35 33 31 3127 822SK 510 411740 40999999999999991048 282251 3199999999999999
 32 33 36 38 40 42 42 40 37 33 30 29 28 29 31 33 35 37 39 39 37 36 35 3427 823SK 535 421836 39999999999999991148 2823 0 3499999999999999
 35 36 37 39 41 43 44 43 40 37 33 30 29 28 29 30 32 34 36 37 38 38 37 3727 824SK 6 3 4420 2 38999999999999991258 282234 3799999999999999
 38 38 39 41 42 44 45 45 43 41 37 34 31 29 28 28 29 31 33 35 36 38 38 3927 825SK 638 459999999999999999999991420 28999999999999999999999
 40 40 41 41 42 44 45 45 45 44 42 38 34 31 28 26 26 27 28 31 33 35 37 3927 826SK 728 469999999999999999999991549 26999999999999999999999
 40 41 42 42 42 43 44 45 46 46 45 43 39 35 31 27 24 24 24 26 29 31 35 3727 827SK 843 4699999999999999999999917 4 24999999999999999999999
 40 41 42 42 41 41 42 43 45 46 47 47 44 40 35 30 25 22 21 22 24 27 30 3427 828SK10 7 4799999999999999999999918 3 21999999999999999999999
 37 40 41 41 40 39 39 40 42 45 47 48 48 46 41 35 28 23 19 19 20 23 26 3027 829SK 217 411124 4899999999999999 533 391854 1999999999999999
 34 38 40 40 38 37 36 36 38 40 44 47 49 49 46 41 33 26 21 18 17 19 23 2727 830SK 232 401233 4999999999999999 622 361939 1799999999999999
 31 35 38 39 38 35 33 32 33 35 39 43 46 48 49 46 40 32 25 20 17 18 20 2427 831SK 254 391338 4999999999999999 7 9 322022 1799999999999999
 28 33 36 39 38 35 32 29 28 30 32 37 41 45 48 48 45 38 30 24 20 19 20 2327 9 1SK 318 391438 4899999999999999 758 2821 2 1999999999999999
 27 31 35 38 39 37 33 29 26 26 27 30 35 39 43 46 46 43 36 30 25 22 22 2427 9 2SK 345 391534 4799999999999999 851 262140 2299999999999999
 27 31 35 38 40 39 35 30 27 24 24 26 29 33 37 41 44 44 40 35 30 27 26 2627 9 3SK 412 401627 4499999999999999 946 242216 2699999999999999
 29 32 35 39 41 42 39 34 29 26 24 23 25 28 32 35 39 42 41 38 35 32 30 3027 9 4SK 439 421722 42999999999999991044 232248 3099999999999999
 31 34 36 39 42 43 42 38 33 29 26 24 24 25 28 31 34 37 39 39 37 36 35 3427 9 5SK 5 5 431822 39999999999999991145 242313 3499999999999999
 34 36 38 40 42 44 44 41 38 34 30 27 26 25 26 28 30 33 35 37 37 37 37 3727 9 6SK 529 449999999999999999999991251 25999999999999999999999
 37 38 39 41 43 44 44 43 41 38 34 31 29 27 26 27 28 29 32 34 36 37 38 3927 9 7SK 553 449999999999999999999991410 26999999999999999999999
 40 40 41 42 42 43 44 44 43 41 38 35 32 30 28 27 27 28 29 31 33 35 37 3927 9 8SK 621 449999999999999999999991543 27999999999999999999999
 40 41 41 42 42 42 43 43 43 42 41 39 36 33 30 28 27 27 27 28 30 33 35 3827 9 9SK 7 9 439999999999999999999991658 27999999999999999999999
 40 41 41 41 41 41 41 42 42 42 42 41 39 36 33 30 28 26 26 26 28 30 33 3627 910SK 846 429999999999999999999991750 26999999999999999999999
 38 40 40 40 39 39 39 39 40 41 42 42 41 39 35 32 28 26 25 25 26 28 30 3327 911SK 2 8 401026 4299999999999999 533 391828 2599999999999999
 36 38 39 38 38 37 36 37 38 39 41 42 42 41 38 34 29 26 24 23 24 26 28 3127 912SK 214 391133 4299999999999999 6 5 361857 2399999999999999
 34 36 37 37 36 34 33 33 34 36 38 40 42 41 40 36 31 27 24 22 22 24 26 2927 913SK 220 371227 4299999999999999 631 331922 2299999999999999
 32 34 36 36 34 32 31 30 31 33 35 38 40 41 41 38 34 29 24 22 22 23 25 2827 914SK 227 361315 4199999999999999 656 301946 2299999999999999
 31 34 35 35 34 31 29 28 28 29 32 35 38 40 41 40 36 31 26 23 22 22 24 2727 915SK 235 3614 1 4199999999999999 722 282011 2299999999999999
 30 33 35 36 34 31 28 26 25 26 28 31 35 37 40 40 38 34 29 25 23 23 24 2727 916SK 248 361444 4099999999999999 751 252036 2399999999999999
 30 33 36 37 36 33 28 25 24 24 25 28 32 35 38 39 39 36 32 28 25 25 25 2727 917SK 3 5 371527 4099999999999999 823 2421 2 2599999999999999
 31 34 36 38 38 35 30 26 23 23 23 25 29 32 35 38 39 38 35 31 28 27 27 2927 918SK 327 3816 9 3999999999999999 859 232129 2799999999999999
 31 34 37 39 40 38 34 28 24 22 22 23 26 29 32 35 37 38 37 34 31 30 30 3027 919SK 352 401654 3899999999999999 941 222154 3099999999999999
 32 35 37 40 41 40 37 32 27 24 22 22 24 26 29 32 35 37 37 36 34 33 33 3327 920SK 418 411745 37999999999999991030 222211 3399999999999999
 34 36 38 40 41 42 40 36 31 27 24 22 22 24 26 29 31 34 36 36 36 35 35 3527 921SK 445 421851 36999999999999991128 222150 3599999999999999
 35 37 38 40 41 42 42 39 35 31 27 24 23 23 24 25 28 30 32 34 35 36 36 3727 922SK 515 429999999999999999999991237 22999999999999999999999
 37 37 38 40 41 42 42 41 39 35 31 28 25 23 22 23 24 26 28 30 32 34 36 3727 923SK 553 4299999999999999999999914 3 22999999999999999999999
 37 38 38 39 39 40 41 41 41 39 36 32 28 25 22 21 21 22 23 26 29 31 34 3627 924SK 652 419999999999999999999991540 21999999999999999999999
 37 37 37 37 37 38 39 40 41 41 39 37 33 29 25 21 19 19 19 21 24 27 31 3427 925SK 825 419999999999999999999991654 19999999999999999999999
 36 36 36 35 35 35 35 37 38 40 41 40 38 34 29 24 20 18 17 18 21 24 28 3127 926SK 1 9 3610 6 4199999999999999 440 351749 1799999999999999
 34 35 35 34 32 31 31 32 34 37 39 41 41 39 34 29 23 19 16 16 18 21 25 2927 927SK 120 351130 4199999999999999 534 311834 1699999999999999
 32 34 35 33 30 28 27 27 29 32 35 39 41 41 39 34 28 22 18 17 17 20 23 2727 928SK 138 351242 4199999999999999 620 271915 1799999999999999
 31 34 35 34 30 26 24 23 23 26 30 34 38 40 41 39 33 27 22 19 18 20 23 2627 929SK 2 0 351346 4199999999999999 7 6 231953 1899999999999999
 30 33 36 35 32 27 23 20 19 21 24 28 33 37 40 40 38 32 27 23 21 21 23 2727 930SK 225 361443 4099999999999999 754 192030 2199999999999999
 30 34 36 37 35 30 24 20 18 17 19 23 27 31 36 39 39 36 32 28 25 24 25 282710 1SK 250 371537 3999999999999999 842 1721 5 2499999999999999
 31 34 37 39 38 34 28 22 19 17 16 19 22 26 31 35 38 38 35 32 29 28 28 292710 2SK 316 391629 3899999999999999 932 162138 2899999999999999
 32 35 38 40 40 38 32 26 22 18 17 17 19 22 26 30 34 36 36 34 32 31 31 312710 3SK 341 401725 36999999999999991023 1722 7 3199999999999999
 33 35 38 40 41 40 36 31 26 22 19 18 18 20 23 26 29 33 34 34 34 33 33 332710 4SK 4 5 411836 34999999999999991115 182226 3399999999999999
 34 36 38 39 41 41 38 35 30 26 22 20 19 20 21 23 26 29 31 33 34 34 34 352710 5SK 428 419999999999999999999991211 19999999999999999999999
 35 36 37 39 40 40 39 37 33 29 26 23 21 21 21 22 23 25 28 30 32 33 34 352710 6SK 452 409999999999999999999991320 21999999999999999999999
 35 36 36 37 38 38 38 37 35 32 29 27 24 22 21 21 22 23 24 27 29 31 33 342710 7SK 520 399999999999999999999991451 21999999999999999999999
 35 35 35 36 36 36 36 36 35 34 32 29 27 24 22 21 21 21 22 24 26 28 31 332710 8SK 6 3 369999999999999999999991611 21999999999999999999999
 34 34 34 34 33 33 34 34 34 34 33 31 29 27 24 22 20 20 20 21 23 26 28 312710 9SK 1 2 34 740 3499999999999999 425 3317 5 2099999999999999
 32 33 32 32 31 31 31 31 32 33 33 32 31 29 26 23 21 19 19 20 22 24 26 29271010SK 1 4 33 958 3399999999999999 520 311742 1999999999999999
 31 31 31 30 29 28 27 28 29 30 32 32 32 31 28 25 21 19 18 19 20 23 25 28271011SK 1 7 311118 3299999999999999 550 271811 1899999999999999
 30 30 30 28 26 25 24 24 26 27 29 31 32 32 30 27 23 20 19 18 20 22 25 27271012SK 1 9 301218 3299999999999999 614 241836 1899999999999999
 29 30 30 28 25 23 21 21 22 24 27 29 31 32 32 29 26 22 20 19 20 22 24 27271013SK 113 301310 3299999999999999 637 2119 0 1999999999999999
 30 31 31 29 25 22 19 18 19 21 24 27 29 32 33 31 28 25 22 20 20 22 25 28271014SK 124 311357 3399999999999999 7 4 181926 2099999999999999
 30 32 33 31 27 22 18 16 16 18 20 24 27 30 32 33 31 27 24 22 22 23 25 28271015SK 143 331442 3399999999999999 734 161955 2299999999999999
 31 33 34 33 30 24 19 16 14 15 17 21 24 28 31 33 33 30 27 25 24 24 25 28271016SK 2 8 341526 3399999999999999 8 8 142026 2499999999999999
 31 34 35 36 33 28 21 17 14 13 15 18 21 25 28 31 33 32 30 28 26 26 26 28271017SK 236 361611 3399999999999999 847 132058 2699999999999999
 31 34 36 37 36 32 26 19 15 13 13 15 18 21 25 28 31 32 32 30 28 28 28 29271018SK 3 6 3717 1 3299999999999999 932 132128 2899999999999999
 31 33 36 37 37 35 30 24 18 14 13 13 15 18 21 24 28 30 31 31 30 29 29 30271019SK 338 3818 1 31999999999999991023 132150 2999999999999999
 31 33 35 37 38 37 34 28 22 17 14 13 13 15 17 20 23 26 29 30 30 30 30 30271020SK 411 389999999999999999999991121 13999999999999999999999
 31 32 34 35 36 37 36 32 27 22 18 15 13 13 14 16 19 22 25 27 29 29 30 30271021SK 448 379999999999999999999991229 13999999999999999999999
 31 31 32 33 34 35 35 34 31 27 22 18 15 13 13 13 15 17 20 23 26 28 29 30271022SK 536 359999999999999999999991352 13999999999999999999999
 30 30 30 30 31 32 33 33 32 30 27 23 19 15 13 12 12 14 16 19 22 25 27 29271023SK 645 332344 29999999999999991519 12999999999999999999999
 29 28 28 27 27 28 29 31 31 31 30 27 24 19 16 13 12 12 13 16 19 22 25 28271024SK 826 322358 2899999999999999 320 271627 1299999999999999
 28 28 26 25 24 24 25 26 28 30 31 30 28 24 20 16 13 12 12 14 17 20 24 27271025SK1011 31999999999999999999999 435 231719 1299999999999999
 28 28 26 23 21 19 19 21 23 26 28 30 30 29 25 21 17 14 13 14 16 20 23 26271026SK 017 281139 3199999999999999 529 1918 3 1399999999999999
 28 29 27 23 19 17 15 16 18 21 24 28 30 31 29 26 21 18 16 16 17 20 23 26271027SK 039 291252 3199999999999999 617 151842 1599999999999999
 29 30 29 25 20 16 13 12 13 15 19 23 27 30 31 29 26 22 20 18 19 21 24 27271028SK 1 3 301355 3199999999999999 7 3 121918 1899999999999999
 30 31 31 28 23 17 13 10  9 11 14 18 23 27 30 31 29 26 23 22 21 22 24 28271029SK 129 321452 3199999999999999 748  91954 2199999999999999
 31 33 33 32 27 21 15 11  9  8 11 14 18 23 27 30 31 29 27 25 24 24 25 28271030SK 155 331545 3199999999999999 832  82028 2399999999999999
 31 33 35 34 31 25 19 13 10  8  9 11 15 19 23 27 30 30 29 27 26 25 26 28271031SK 222 351638 3099999999999999 915  821 1 2599999999999999
 31 33 35 36 34 30 23 17 12 10  9 10 12 15 19 23 27 29 29 28 27 27 27 282711 1SK 250 361739 299999999999999910 0  92132 2799999999999999
 30 32 34 35 35 32 27 21 16 12 10 10 11 13 16 19 23 26 27 28 28 27 27 282711 2SK 318 359999999999999999999991045 10999999999999999999999
 29 31 33 34 34 33 30 25 20 15 12 11 11 12 14 16 19 22 24 26 27 27 27 272711 3SK 347 349999999999999999999991134 11999999999999999999999
 28 29 30 32 33 32 30 27 23 19 15 13 12 12 12 14 16 18 21 23 25 26 27 272711 4SK 418 339999999999999999999991229 11999999999999999999999
 27 27 28 29 30 30 29 27 25 21 18 15 13 12 12 13 14 16 18 20 22 24 25 262711 5SK 452 309999999999999999999991336 12999999999999999999999
 26 26 26 26 27 27 27 26 25 23 20 17 15 13 12 12 12 14 15 17 20 22 23 242711 6SK 533 272345 24999999999999991448 12999999999999999999999
 24 24 24 24 24 24 24 24 24 23 21 19 17 15 13 12 12 13 14 16 18 20 22 232711 7SK 644 242344 2399999999999999 324 231545 1299999999999999
 23 23 22 21 21 20 21 21 22 22 22 21 19 17 15 13 12 12 13 15 17 19 21 232711 8SK 858 222341 2399999999999999 438 201627 1299999999999999
 23 22 21 19 18 17 17 18 19 20 21 21 21 19 17 15 14 13 14 15 17 19 22 232711 9SK1047 212343 2399999999999999 516 1717 1 1399999999999999
 23 22 20 18 16 14 14 15 16 18 20 21 22 21 20 18 16 15 14 16 18 20 22 24271110SK12 4 222356 2599999999999999 544 141732 1499999999999999
 25 24 21 18 15 12 11 12 13 15 18 20 22 23 22 20 18 17 16 16 18 20 23 25271111SK13 5 23999999999999999999999 612 1118 4 1699999999999999
 27 26 24 19 15 11  9  9 10 12 15 18 21 23 24 23 21 19 18 18 19 21 24 26271112SK 018 271356 2499999999999999 642  91838 1899999999999999
 28 29 27 23 17 12  8  7  7  9 12 15 19 22 24 25 24 22 20 19 20 21 24 26271113SK 046 291444 2599999999999999 717  61915 1999999999999999
 29 30 30 27 21 14  9  6  5  6  9 12 16 20 23 25 25 24 22 21 21 21 23 26271114SK 120 301531 2699999999999999 756  51954 2199999999999999
 29 31 32 30 26 19 12  7  4  3  5  8 12 16 20 23 25 25 24 23 22 22 23 25271115SK 156 321621 2599999999999999 840  32034 2299999999999999
 28 30 32 32 30 24 16  9  5  3  3  5  8 12 16 20 23 25 24 23 23 22 23 24271116SK 234 321717 2599999999999999 929  22112 2299999999999999
 26 29 31 32 32 28 22 14  8  4  2  2  4  8 11 15 19 22 23 23 23 22 22 23271117SK 314 321826 23999999999999991022  22152 2299999999999999
 24 27 29 31 32 30 26 20 13  7  3  2  2  4  7 10 14 17 20 22 22 22 22 22271118SK 356 329999999999999999999991119  2999999999999999999999
 22 24 26 28 29 30 28 24 18 12  7  4  2  2  4  6  9 13 16 19 21 21 21 21271119SK 444 302112 21999999999999991222  22354 2099999999999999
 20 21 22 24 26 27 27 26 22 17 12  7  4  3  3  4  6  9 12 16 19 20 20 20271120SK 541 272149 20999999999999991330  3999999999999999999999
 19 18 19 19 21 22 24 24 23 21 17 12  9  6  4  4  5  7 10 13 16 19 20 20271121SK 654 242218 2099999999999999 128 181439  499999999999999
 19 17 16 15 16 17 19 20 21 21 20 17 14 10  8  6  6  7  9 12 15 18 20 20271122SK 828 212245 2099999999999999 3 5 151541  699999999999999
 19 17 15 13 12 12 13 15 17 19 20 20 18 15 12 10  9  9 10 12 15 18 20 22271123SK1013 202312 2299999999999999 422 121633  899999999999999
 21 19 15 12  9  8  8 10 12 15 18 19 20 19 17 14 13 12 12 13 16 18 21 23271124SK1151 202339 2399999999999999 523  81719 1199999999999999
 23 21 18 13  9  6  5  5  7 10 14 17 20 21 20 18 16 15 14 15 17 19 22 24271125SK1311 21999999999999999999999 614  518 1 1499999999999999
 25 24 21 16 11  6  4  3  4  6 10 13 17 20 22 21 20 18 17 17 18 20 23 25271126SK 0 7 251417 2299999999999999 659  31840 1799999999999999
 27 27 25 20 14  9  4  2  2  3  6 10 14 18 21 22 22 21 19 19 19 20 23 25271127SK 036 271513 2299999999999999 741  11918 1999999999999999
 28 29 28 24 19 12  7  3  1  1  3  7 11 15 18 21 22 22 21 20 20 20 22 25271128SK 1 7 2916 5 2299999999999999 821  11956 2099999999999999
 27 29 29 27 23 17 10  5  2  1  2  4  8 11 15 19 21 22 21 21 20 20 21 23271129SK 141 291656 2299999999999999 9 1  12033 2099999999999999
 26 28 29 29 26 21 14  8  4  1  1  2  5  8 12 15 19 20 21 20 20 20 20 21271130SK 216 291751 2199999999999999 941  121 8 1999999999999999
 23 26 28 28 27 23 18 11  6  3  1  1  3  6  9 12 15 18 19 19 19 19 19 192712 1SK 252 281852 19999999999999991022  12141 1999999999999999
 21 23 25 26 26 24 20 15  9  5  2  1  2  3  6  9 12 14 17 18 18 18 18 182712 2SK 328 2799999999999999999999911 4  1999999999999999999999
 19 20 22 23 24 24 21 17 12  7  4  2  1  2  4  6  9 11 14 15 16 17 16 162712 3SK 4 4 249999999999999999999991148  1999999999999999999999
 17 17 19 20 21 21 20 18 14 10  6  3  2  2  3  5  7  9 12 14 15 15 15 152712 4SK 441 219999999999999999999991231  2999999999999999999999
 15 15 16 17 18 18 18 17 15 11  8  5  4  3  3  4  6  8 10 12 14 15 15 142712 5SK 523 182143 15999999999999991314  3999999999999999999999
 14 13 13 14 14 15 15 15 14 12 10  8  6  5  4  5  6  8 10 12 14 15 15 142712 6SK 620 152146 1599999999999999 155 131356  499999999999999
 13 12 11 11 11 11 12 13 13 12 11 10  8  7  6  6  7  8 10 12 14 16 16 152712 7SK 755 132156 1699999999999999 323 111437  699999999999999
 14 12 10  9  8  8  9 10 11 12 12 12 11 10  9  9  9 10 11 13 15 17 18 182712 8SK10 1 122216 1899999999999999 421  81519  999999999999999
 16 13 10  8  6  5  6  7  9 10 12 13 13 13 12 11 11 11 12 14 16 18 20 202712 9SK1155 132245 2099999999999999 5 3  516 5 1199999999999999
 19 16 12  8  5  3  3  4  6  8 10 12 14 15 15 14 13 13 13 15 17 19 21 22271210SK1314 152320 2299999999999999 542  31656 1399999999999999
 22 19 15 10  5  2  1  1  2  5  8 11 14 16 17 16 15 15 15 15 17 19 21 23271211SK1412 17999999999999999999999 621  01749 1599999999999999
 24 23 20 14  8  3 -1 -2 -1  1  5  8 11 15 17 18 17 16 16 16 16 18 21 23271212SK 0 0 2415 2 1899999999999999 7 3 -21840 1699999999999999
 25 26 24 19 12  5  0 -3 -4 -3  0  4  8 12 15 18 18 17 16 16 16 17 19 22271213SK 043 261549 1899999999999999 749 -41928 1699999999999999
 25 26 26 24 18 10  3 -3 -6 -6 -4 -1  3  7 12 15 17 18 17 16 15 16 17 20271214SK 128 271636 1899999999999999 838 -62013 1599999999999999
 23 26 27 26 23 16  8  0 -5 -8 -7 -5 -2  2  7 11 15 16 16 15 15 14 15 17271215SK 216 271724 1799999999999999 928 -82056 1499999999999999
 20 23 25 27 25 21 14  5 -2 -6 -9 -8 -6 -2  2  6 10 14 15 15 14 13 13 14271216SK 3 4 271810 15999999999999991020 -92144 1399999999999999
 16 19 22 24 25 23 19 11  3 -3 -7 -9 -8 -6 -2  2  6 10 13 14 13 12 11 11271217SK 355 251855 14999999999999991113 -92243 1199999999999999
 12 14 17 20 22 22 21 16  9  2 -3 -6 -7 -7 -4 -1  3  7 10 13 13 12 10  9271218SK 450 221937 139999999999999912 5 -72354  999999999999999
  9 10 12 14 17 18 19 17 13  8  3 -2 -4 -5 -4 -2  1  5  8 11 13 12 11  9271219SK 550 192017 13999999999999991257 -5999999999999999999999
  8  7  7  9 11 13 15 15 14 12  8  4  1 -1 -1 -1  1  4  7 10 13 14 13 11271220SK 7 0 152055 1499999999999999 118  71348 -299999999999999
  8  6  5  4  5  7  9 11 12 12 11  8  6  4  3  3  4  5  8 11 13 15 15 13271221SK 827 122131 1599999999999999 245  41437  399999999999999
 11  7  5  3  2  2  4  6  8 10 11 11 10  9  7  7  7  8  9 12 14 16 17 16271222SK1023 1122 7 1799999999999999 4 7  21526  799999999999999
 14 10  6  3  1 -1  0  1  4  6  9 11 12 12 11 11 10 10 11 13 15 17 18 19271223SK1236 122242 1999999999999999 516 -11616 1099999999999999
 17 14 10  5  1 -1 -2 -2  0  3  6  9 11 13 14 14 13 13 13 14 16 18 19 20271224SK14 9 142319 2199999999999999 611 -21711 1399999999999999
 20 18 14  9  4  0 -3 -3 -2  0  3  6  9 12 14 15 15 14 14 14 16 17 20 21271225SK15 9 152357 2299999999999999 657 -318 7 1499999999999999
 22 21 18 13  7  2 -2 -4 -4 -3  0  3  7 10 13 15 16 15 15 14 15 16 19 21271226SK1549 16999999999999999999999 737 -41855 1499999999999999
 22 22 21 17 11  5  0 -3 -5 -4 -2  1  4  8 11 14 15 15 14 14 14 15 17 19271227SK 038 231623 1599999999999999 814 -51936 1499999999999999
 21 23 22 20 15  9  2 -2 -5 -6 -4 -2  1  5  8 11 14 14 14 13 12 13 14 16271228SK 119 231654 1499999999999999 850 -62013 1299999999999999
 19 21 22 21 18 12  6  0 -4 -6 -6 -4 -2  2  5  8 11 13 13 12 11 11 11 13271229SK 2 1 221725 1399999999999999 926 -62046 1199999999999999
 16 19 20 21 19 15  9  2 -3 -6 -7 -6 -4 -1  2  5  8 10 11 11 10  9  9 10271230SK 241 211756 119999999999999910 2 -72119  999999999999999
 12 15 17 19 18 16 11  5 -1 -5 -7 -7 -6 -3  0  3  6  8  9  9  8  8  7  8271231SK 322 191820 10999999999999991037 -72154  799999999999999
