116114107 97 88 82 81 88101116130140144140129113 94 76 63 56 56 63 75 8927 1 1SR 01511612 014499999999999999 531 811926 5599999999999999
102111115114109102 98 97101110121132140142138127109 89 70 54 45 44 52 6527 1 2SR 213115125314299999999999999 639 972035 4499999999999999
 83100114122124121114108105106112121131139142138126107 84 62 44 34 33 4327 1 3SR 348124135614299999999999999 8151042131 3299999999999999
 61 83105123133135130121111105105110120132141144139124102 75 50 31 22 2527 1 4SR 445135145514499999999999999 9361042216 2199999999999999
 39 62 90115134143143133120108101101108121135146148140121 94 64 36 18 1227 1 5SR 52414415451499999999999999910301002255 1299999999999999
 20 41 70101128146151145131114100 94 97109126142152152138114 82 49 22  727 1 6SR 5561511628153999999999999991110 942330  499999999999999
  6 22 49 83116141154153141122104 91 88 97114134151158152133102 67 33  927 1 7SR 62615517 6158999999999999991143 88999999999999999999999
  0  7 30 63 99131151157149131110 92 83 86101122143158161149123 87 50 1927 1 8SR 654158174216199999999999999 0 3 -11214 8399999999999999
  0 -1 15 45 81117144157155140118 96 81 78 88107131152162159140108 71 3527 1 9SR 722158181616399999999999999 035 -31244 7899999999999999
  9 -1  6 30 64101133153158148127103 83 73 77 92115139156161151126 92 5527 110SR 748158185116299999999999999 1 5 -21315 7399999999999999
 24  6  4 20 49 85120145157153136113 89 73 69 79 98122144156155139111 7627 111SR 814158192615899999999999999 134  31348 6999999999999999
 43 20 10 18 40 72106135153156144123 98 78 67 68 81103125143151145125 9627 112SR 84115720 415199999999999999 2 3 101423 6699999999999999
 65 39 23 23 37 63 94124146155150133110 86 69 63 68 8310412513914213311327 113SR 9 8155204614299999999999999 233 2115 3 6399999999999999
 86 61 42 35 40 58 84112136150151141121 98 77 63 59 67 8210111913013112227 114SR 937152213713299999999999999 3 4 351550 5999999999999999
105 84 65 53 51 61 79102125142149145131111 89 70 58 55 62 76 9411012012227 115SR10 9149224412299999999999999 339 511646 5599999999999999
116103 89 76 69 70 80 96114131142145138124104 83 65 53 49 54 66 82 9710927 116SR1048145999999999999999999999 422 691756 4999999999999999
116115109100 92 87 88 95106120132139141135121102 81 61 46 38 40 51 67 8527 117SR 024116114214199999999999999 523 871917 3899999999999999
102114121121116109103101103110119129137140136123104 80 56 36 24 23 33 5127 118SR 229121125614099999999999999 7 41012035 2299999999999999
 75 99119132136132124114106104107115127138144142130108 79 49 23  7  4 1627 119SR 4 0136141814499999999999999 8581042142  499999999999999
 39 70101128145151145133117104 98101111127143153152138112 77 40  9-10-1327 120SR 4581511528154999999999999991013 982238-1499999999999999
  3 33 71109140159162152133112 96 89 94109130151164163146114 72 30 -5-2527 121SR 54316316281659999999999999911 6 892327-2799999999999999
-24 -2 35 79122154170168151126101 83 78 88109136160174171149111 65 19-1627 122SR 6231711721175999999999999991150 78999999999999999999999
-32-25  3 46 93136165175166142112 85 69 69 85112142168180173146104 56 1127 123SR 659175181018099999999999999 012-321231 6799999999999999
-20-29-15 19 64112151173174156127 95 70 58 64 85115147171179168137 94 4827 124SR 733176185717999999999999999 054-291311 5899999999999999
  8-15-16  5 43 88131161174165141109 78 56 50 62 86117147167171156124 8427 125SR 8 5174194217299999999999999 133-181351 5099999999999999
 44 13  0  7 33 71111146166168152123 91 64 48 48 62 8811714215715613911027 126SR 835170202715999999999999999 2 9  01431 4699999999999999
 76 46 26 22 36 63 98131155164157135106 77 55 45 48 64 8811313314213912327 127SR 9 3164211414399999999999999 243 211514 4499999999999999
 99 74 54 45 49 65 91119143156156143120 93 69 52 46 51 66 8510511912612227 128SR 92915822 812699999999999999 313 4416 2 4699999999999999
110 94 79 68 66 74 91112132146150145129108 85 66 53 49 53 64 79 9410511127 129SR 957150232311199999999999999 342 661658 4999999999999999
110104 96 89 85 87 95108122134141141133119102 83 67 56 51 52 59 70 82 9327 130SR1029142999999999999999999999 411 851814 5099999999999999
101105106105103102103108115123130133132126115101 85 69 57 49 47 51 60 7227 131SR 147106111713499999999999999 4561021949 4799999999999999
 85 98108114116115113112112114118122126127125117104 88 70 54 43 38 41 5127 2 1SR 4 9116125112899999999999999 7281112110 3899999999999999
 66 85103117126128124118111107106110116124128128122108 88 67 47 32 27 3127 2 2SR 451128143112999999999999999 94010622 4 2799999999999999
 46 67 91113129137135127115104 97 97104115127135136127109 84 58 35 19 1627 2 3SR 5181371536136999999999999991031 962245 1699999999999999
 26 47 75104127142145137122105 92 87 91103120135144143130105 75 44 20  827 2 4SR 54414516231459999999999999911 4 872319  799999999999999
 10 28 56 89120142151146130110 91 79 78 89108130147154147126 95 60 28  727 2 5SR 6 815117 2154999999999999991133 772350  199999999999999
  1 12 38 73108137153154140118 93 75 68 75 93118142157159145117 80 43 1427 2 6SR 63115617381609999999999999912 0 68999999999999999999999
 -1  3 23 57 95129152159149127100 75 61 62 77102130153164159137102 63 2827 2 7SR 654159181216499999999999999 019 -21228 6099999999999999
  5  0 14 43 81118147161157138109 80 59 52 61 83113141161165152123 85 4827 2 8SR 717162184516699999999999999 046 -11256 5299999999999999
 18  5 10 33 68106139160162148120 89 62 47 48 64 92123149163159139107 7027 2 9SR 739163192016399999999999999 113  51327 4599999999999999
 38 17 14 29 59 95129154164155132101 70 48 40 48 70100130151158149125 9327 210SR 8 1164195615899999999999999 140 131359 4099999999999999
 60 36 26 32 54 85118146160159141113 82 55 39 38 52 7610613114714913611127 211SR 824162203615099999999999999 2 7 261434 3699999999999999
 83 58 43 42 55 79108135154158148125 96 67 45 35 39 55 8010612713813612327 212SR 848158212313999999999999999 235 411513 3599999999999999
103 82 65 58 63 79101125144153149134111 83 59 42 35 41 56 78 9911712512427 213SR 915153222312699999999999999 3 6 5816 2 3599999999999999
115101 88 79 77 84 98116132143146139123102 78 57 43 37 40 52 69 8710211227 214SR 946146999999999999999999999 340 7717 7 3799999999999999
116113107101 96 96101110121131137137131118101 81 61 46 36 35 42 55 71 8827 215SR 0 1116103313899999999999999 430 961839 3599999999999999
103113118119117113111110113118123129131129122108 89 68 48 32 25 26 37 5527 216SR 24011912 913199999999999999 6371102020 2499999999999999
 77 99118130134132125117110106108114122131135132121100 74 46 24 10  9 2127 217SR 4 8134141013599999999999999 9131062135  899999999999999
 44 74104129145149142129113 99 92 95105121137147147134109 76 41 11 -5 -527 218SR 4521491531149999999999999991016 922230 -899999999999999
 12 42 79116144159158145123100 82 76 83101125147162162145113 73 32 -1-1727 219SR 5271611631164999999999999991059 762316-1799999999999999
-12 13 51 94133160169160137108 80 63 61 75101132159175172149111 65 22 -927 220SR 5591691721176999999999999991137 602357-1999999999999999
-19 -7 25 69114152172172153121 87 59 45 50 73106141169182174145103 56 1627 221SR 62917518 7182999999999999991213 45999999999999999999999
 -9-11 10 48 94137167177166137100 64 40 33 46 75112148174181167135 92 4927 222SR 657177185118199999999999999 035-131249 3399999999999999
 16  1  9 37 77120156175173151116 77 45 27 29 49 81119151171172153120 8127 223SR 724177193317499999999999999 1 9  11325 2599999999999999
 46 24 20 36 68106142167173160131 94 58 32 23 31 55 8812214916115713610627 224SR 749174201416299999999999999 140 1914 1 2399999999999999
 75 50 39 45 66 97130156168163142110 75 45 28 26 39 64 9412114114713912027 225SR 813168205514799999999999999 2 9 391438 2599999999999999
 96 75 61 60 72 94120144159160147122 92 63 41 31 34 49 71 9511612813012327 226SR 835161214113199999999999999 235 591516 3099999999999999
108 93 81 76 81 95114133148153146130107 81 59 44 39 44 56 74 9210611411627 227SR 857153224211699999999999999 259 7616 1 3999999999999999
111104 96 92 93 99111124136142141132116 98 79 62 52 48 51 60 71 84 9510227 228SR 921142999999999999999999999 321 9117 2 4899999999999999
107107106105105106111117124129131128121110 97 83 70 60 54 53 57 64 74 8527 3 1SR 050107 95313199999999999999 3421041842 5399999999999999
 95104111115116115115114115116118119119117111102 90 77 65 55 49 49 54 6527 3 2SR 4 8116112911999999999999999 6551142033 4899999999999999
 80 95110120126126121115109105104107112117120118111 98 81 64 49 39 38 4627 3 3SR 428126141112099999999999999 9411042138 3799999999999999
 61 82103121133135130120107 97 92 93101112123130129119101 79 56 37 28 2927 3 4SR 4501361525130999999999999991017 912221 2799999999999999
 43 65 92117136144140128110 93 81 79 86101119134142138123 99 70 43 25 1927 3 5SR 5121441613142999999999999991045 792255 1899999999999999
 27 49 78109134149150138117 94 75 66 70 86109131148153143121 89 57 29 1527 3 6SR 5331511651153999999999999991110 662325 1399999999999999
 16 34 63 98129151158148126 98 73 57 55 68 92121146160160142112 76 42 1927 3 7SR 5541581727162999999999999991136 542352 1299999999999999
 12 23 50 85121149163158138107 76 52 42 50 72104135159169160134 99 61 3127 3 8SR 61516318 11699999999999999912 3 42999999999999999999999
 16 19 40 74111144164166149119 83 52 34 33 51 82117149168170153122 84 5027 3 9SR 636168183617299999999999999 019 151231 3199999999999999
 27 22 35 64100136161170159132 96 59 33 23 32 58 93130158171165142108 7327 310SR 657170191117199999999999999 046 2113 1 2399999999999999
 45 32 37 58 91125154169166144110 72 39 20 19 36 67104138161166154128 9627 311SR 719170194916799999999999999 114 311333 1799999999999999
 67 48 45 58 84115144164167153124 88 53 26 15 22 44 7711114015615614111627 312SR 742168203015899999999999999 142 4414 8 1599999999999999
 90 69 60 64 81107133154163157136105 71 41 22 17 28 52 8211213414514212927 313SR 8 6163211714699999999999999 211 591447 1799999999999999
109 91 79 76 85102123143154155143120 92 63 39 25 24 35 56 8110512313112927 314SR 833156222013199999999999999 242 761535 2399999999999999
121109 98 93 94103116131142147143130110 87 64 45 33 32 39 54 74 9310811827 315SR 9 4147999999999999999999999 318 921641 3199999999999999
121120115110108109113120128133135132123109 92 73 55 42 36 38 46 61 78 9527 316SR 0 6121 95413599999999999999 4161081819 3699999999999999
110120125126124120116114114117120124126124117104 87 67 49 36 30 34 47 6627 317SR 24112612 512699999999999999 72311420 5 3099999999999999
 89110127137139134124113104100101108118128133131120100 75 50 30 20 22 3727 318SR 345139141713499999999999999 917 992119 1999999999999999
 62 91119140150149137119101 86 80 85 99118136148148135110 79 47 22 11 1627 319SR 42215115331499999999999999910 3 802212 1099999999999999
 36 68103134155161152131105 80 64 61 73 96123148163162145114 76 41 15  727 320SR 4531611628165999999999999991041 602255  799999999999999
 18 46 83122153168166146116 83 56 43 47 67 99133161175171147111 70 35 1427 321SR 5211701716176999999999999991116 422334 1099999999999999
 12 31 65106143168175161132 94 58 33 27 40 69106143171181171143104 64 3327 322SR 54917518 0181999999999999991151 26999999999999999999999
 20 27 53 91130162178172148110 69 36 17 19 40 76116152176179163132 94 6027 323SR 615178184118099999999999999 0 9 191224 1599999999999999
 37 34 49 80117151174177160127 86 47 19 10 20 48 86125157173171150120 8627 324SR 640178192117499999999999999 041 331258 1099999999999999
 60 48 54 75107140165176167141104 64 31 12 12 29 60 9713215616515713510827 325SR 7 417620 016599999999999999 111 481331 1099999999999999
 83 66 64 77100129154169168150120 83 49 24 14 21 43 7310613314915214112227 326SR 727171204015299999999999999 139 6314 5 1499999999999999
101 84 77 82 98120143159163153131100 69 42 26 24 35 56 8310912913813712727 327SR 749163212213999999999999999 2 5 771440 2399999999999999
112 99 90 90 98114131146154150136114 87 62 43 34 36 48 67 8810712012612527 328SR 813154221612799999999999999 231 891520 3499999999999999
118109102 99102111122134141142136121103 82 64 51 46 48 58 71 8710111111627 329SR 838143234711799999999999999 3 0 991611 4699999999999999
117115112109109111116122128131129123112 99 85 72 62 56 56 61 70 81 9210327 330SR 911131999999999999999999999 3431081731 5699999999999999
111117119119117115114114115116118118116111103 93 82 71 62 58 59 64 74 8727 331SR 225119103611899999999999999 6331131924 5899999999999999
101113123127127123116109104102104108113116117112103 90 75 63 54 52 57 7027 4 1SR 326128133411799999999999999 9 21022047 5299999999999999
 87106122133137132122109 97 89 88 93103115124128123111 94 74 57 47 45 5427 4 2SR 356137145912899999999999999 941 882137 4599999999999999
 72 95118135145143131114 95 80 73 76 88106124137140133116 92 68 49 39 4327 4 3SR 4201451551140999999999999991010 732215 3999999999999999
 58 82110134150153143122 97 74 60 58 69 90115138151151138114 86 59 41 3727 4 4SR 4431531632153999999999999991037 572248 3699999999999999
 47 70100130152161154133104 74 51 42 49 70 99129153164158138108 76 51 3727 4 5SR 5 516117101649999999999999911 5 422318 3799999999999999
 41 60 89122150166165146116 80 49 30 29 46 76112145167172159133 99 68 4627 4 6SR 5271671747173999999999999991133 272348 4199999999999999
 41 53 79112144166172159130 92 54 26 14 23 50 87127159176174155124 90 6327 4 7SR 54917218241789999999999999912 3 14999999999999999999999
 48 52 71101134161175169145108 67 31  9  7 25 59100139167178170146115 8427 4 8SR 61417519 317899999999999999 019 481236  599999999999999
 63 58 69 93123152171174158126 86 45 15  1  8 33 7011114616817316013610727 4 9SR 639175194417399999999999999 050 571311  199999999999999
 83 70 72 88113141163172165142106 67 31  8  2 15 43 7911714616216214812727 410SR 7 6172203016499999999999999 122 691349  299999999999999
104 87 82 89106129150164165152125 91 56 27 10 10 25 52 8411614015115013827 411SR 735167212215299999999999999 156 821433  899999999999999
121106 96 95104119137151158154138113 83 54 31 20 21 34 57 8411012913913927 412SR 8 8158223114099999999999999 235 951525 1899999999999999
132122112107107114124135144146141128108 84 61 43 32 31 41 58 7910011812927 413SR 851146999999999999999999999 3251061634 3099999999999999
133132126120115113115120126131134131124110 93 74 57 44 39 43 55 72 9211127 414SR 01013310 513499999999999999 5 211318 4 3999999999999999
126134137134127119111107107111117123127127120107 89 70 53 43 42 50 67 8827 415SR 154137122612899999999999999 7331071937 4199999999999999
111130142145140129114101 91 89 93104118130136134122102 79 58 43 40 48 6727 416SR 254145141513799999999999999 850 882048 3999999999999999
 92118140152153142124102 82 70 69 79 97119138149148135111 84 59 43 40 5127 417SR 333154152615099999999999999 936 682142 3999999999999999
 74103132154163157138111 82 59 48 52 70 96125149162160143115 84 58 43 4427 418SR 4 61631621163999999999999991015 482226 4299999999999999
 61 89121149167168153125 91 59 37 31 42 67101135161172166144114 82 58 4827 419SR 43617017 9172999999999999991051 3023 5 4899999999999999
 55 77108140165175167142106 68 36 19 20 40 73111146170177166141109 80 6027 420SR 5 41751752177999999999999991126 172341 5699999999999999
 57 71 97129157175175157124 84 46 18  9 19 46 83123156174175160133103 7827 421SR 53117718331779999999999999912 0  9999999999999999999999
 67 71 90118147169177167141103 62 28  8  7 25 57 96133161173168149123 9727 422SR 558177191217499999999999999 014 661233  599999999999999
 80 76 87109136160174172153121 82 45 18  7 14 38 7210914116116715713711427 423SR 624175195016799999999999999 046 7613 6  799999999999999
 95 85 88103125148165170160135101 65 35 16 14 27 53 8611814315715614412627 424SR 650170202815899999999999999 116 851339 1399999999999999
108 95 92100116136154163160144118 86 55 32 22 25 42 68 9712314114814513327 425SR 71716421 914899999999999999 146 921415 2199999999999999
118105 99100110125141152155147129104 76 52 37 32 39 56 7910212213513913527 426SR 746155215713999999999999999 218 981454 3299999999999999
125115107104107116128139145143133116 95 74 56 46 44 52 66 8510411912913227 427SR 81914523 013299999999999999 2571041540 4499999999999999
129123116110109111117124131134131123110 94 77 64 56 55 61 72 8710211512427 428SR 9 4134999999999999999999999 3571091641 5599999999999999
129129125119114110109111115120123122118109 98 85 74 65 62 65 74 8610011427 429SR 027129102512399999999999999 54610918 1 6299999999999999
125132133129122114106101100103109115119119115106 94 82 71 66 66 73 8610227 430SR 146133123712099999999999999 7431001925 6599999999999999
118131139139133121108 95 87 86 91101112122127125116103 87 74 66 65 74 8927 5 1SR 236140141512799999999999999 843 862031 6499999999999999
108127141148144132114 94 78 70 71 81 98116131139137126108 89 73 64 66 7727 5 2SR 310148151813999999999999999 922 692121 6399999999999999
 97119140153155145124 99 74 57 51 59 77102126145152148132110 87 70 64 6927 5 3SR 34015616 715399999999999999 956 5122 3 6499999999999999
 86110135154163157138109 78 51 36 36 52 79111140160165155135109 85 69 6627 5 4SR 4 71631651165999999999999991028 342241 6699999999999999
 78100127151167168153124 88 53 27 17 26 51 87124155172173159133105 82 7027 5 5SR 43517017331759999999999999911 2 172318 7099999999999999
 73 90116144166175167143106 65 30  8  6 23 56 97137166180176157129102 8227 5 6SR 5 41751815181999999999999991137  42355 7599999999999999
 75 84105133159175177160127 86 44 12 -4  1 26 6410714617318217315212410027 5 7SR 5351781859182999999999999991215 -5999999999999999999999
 85 84 98121147169179172148111 68 29  2 -7  4 33 7311515117317816614412027 5 8SR 6 8179194517899999999999999 033 831256 -799999999999999
100 91 95111133156172176163135 97 56 22  0 -3 12 42 8112015116816915713827 5 9SR 643176203517099999999999999 112 901341 -499999999999999
117103 98105120140159169168152124 88 52 23  7  7 23 52 8712014615916014927 510SR 723170213016199999999999999 155 981430  499999999999999
133117107104111125141154161157141116 85 55 31 18 20 35 60 9011814015115227 511SR 8 9161223315399999999999999 2451041525 1799999999999999
144131119110108112122134144149146134114 89 64 44 33 33 45 66 9111613514627 512SR 9 9149234314899999999999999 3501081628 3299999999999999
148142132120111106107113122131137138131117 98 77 59 48 46 54 71 9311513427 513SR1035138999999999999999999999 5201051740 4599999999999999
145148143133119106 98 95 98107118128134133124109 91 73 60 56 62 77 9711927 514SR 051148122413499999999999999 657 951855 5699999999999999
137149152145132114 97 84 78 81 91107122134139135122103 85 71 65 69 8310427 515SR 14815214 113999999999999999 8 9 7820 4 6599999999999999
126145156156146127104 82 66 60 65 80101123140148145132113 93 78 71 77 9227 516SR 233157151514999999999999999 9 3 6021 3 7199999999999999
113136154163159143117 89 63 47 43 53 73101128149158155140119 98 82 77 8527 517SR 312163161415899999999999999 947 422154 7799999999999999
102126148164168157134103 71 44 30 31 47 74107137158166160143120 99 85 8427 518SR 34716817 3166999999999999991026 282238 8399999999999999
 95115139160171169151121 86 52 28 18 26 48 81117147167171161142118 98 8827 519SR 42017217471729999999999999911 3 182317 8899999999999999
 91106128151169174164139105 67 35 16 13 28 56 93129157172171158136113 9727 520SR 4521741827174999999999999991139 122354 9299999999999999
 92100117140161173172154124 87 51 23 10 15 36 6910614016317216715012810827 521SR 52417419 5172999999999999991214 10999999999999999999999
 96 97109129151168173164141108 71 38 17 12 24 49 8411914816516815813911927 522SR 555173194216999999999999999 028 951248 1199999999999999
103 97103118139158169168153126 92 58 31 17 19 36 64 9812915216316014712927 523SR 627170201816499999999999999 1 1 971323 1699999999999999
112101100110126145160166159140112 80 50 30 23 30 51 7911013615315715113727 524SR 7 0166205515899999999999999 134 991359 2399999999999999
121107101104115131147158158148127100 72 48 34 33 44 65 9211813915015114327 525SR 735159213515299999999999999 2111011437 3299999999999999
129115105102107118132145151149137116 92 69 51 42 45 58 7810212414014714627 526SR 815151221914799999999999999 2531021517 4299999999999999
137125113105103108117129138142138127110 90 71 58 53 57 70 8810912714014527 527SR 9 3142231014599999999999999 34710316 3 5399999999999999
142134123112104101104112121129133130122108 92 77 67 63 68 80 9611413014127 528SR10 9133999999999999999999999 4581011656 6399999999999999
145142134122109100 95 96102111120126127122112 99 86 77 73 77 8710211913427 529SR 0 5145114012799999999999999 619 9518 0 7399999999999999
144148144133119103 91 83 83 90101114124130128121109 96 86 81 84 9310812527 530SR 058148131813099999999999999 730 831910 8199999999999999
140150152145131112 92 76 67 68 78 94112128138139132119105 93 87 88 9911427 531SR 146152143813999999999999999 824 672016 8699999999999999
132148157156145125100 76 57 49 53 69 91116137150152144128111 97 90 9310427 6 1SR 228158154115299999999999999 910 492115 9099999999999999
122141157164160142115 85 56 37 31 40 63 93123149163164153135115 99 92 9727 6 2SR 3 7164163416599999999999999 952 3122 6 9299999999999999
111132152167171160136102 66 35 17 16 32 61 98133161174173159137116100 9527 6 3SR 3461711724176999999999999991035 142254 9599999999999999
102120142163176174158127 87 48 17  2  6 28 6410514317118217716013711410027 6 4SR 4261771812182999999999999991118  12339 9799999999999999
 98109129152172181175152116 74 33  4 -8  2 29 6911315117718517715713311227 6 5SR 5 818218591859999999999999912 3 -8999999999999999999999
100101115137161178184173145106 62 23 -3-10  4 35 7712015617818317215112827 6 6SR 552184194718399999999999999 024 991250-1099999999999999
109100105121143165180182167138 98 56 20 -2 -5 12 45 8612615917617816514427 6 7SR 638183203417999999999999999 1 91001338 -699999999999999
122106100107123145165177176160130 93 54 23  6  7 25 57 9513215917217015727 6 8SR 727178212217399999999999999 1571001427  499999999999999
136117103100107123142159169167152125 91 58 32 20 23 42 7110513615816716327 6 9SR 82117022 916799999999999999 250 991518 1999999999999999
149130112100 97103117134149158157144121 93 67 46 37 42 60 8611514115716327 610SR 922159225716399999999999999 349 9716 9 3799999999999999
157143124107 95 91 96108123137146147138121100 79 63 57 62 7710012414415727 611SR1036148234616099999999999999 457 9117 3 5799999999999999
160153138120102 89 83 85 95109124135140136125109 93 80 75 80 9311113114827 612SR12 4140999999999999999999999 611 8318 3 7599999999999999
158159150134115 95 80 72 73 82 96113128137139132121107 96 91 9410412013727 613SR 035159134113999999999999999 724 7119 9 9199999999999999
151159159149131108 86 68 59 59 70 8710712614014514213211910810210311212627 614SR 12516015 614599999999999999 827 58201910199999999999999
142155162159147126100 75 56 46 48 61 8210713014615415114112711410710811727 615SR 214162161215499999999999999 920 45212410799999999999999
131147160165160143118 90 62 43 35 40 58 8311213815616215814512911610911027 616SR 3 116517 41629999999999999910 6 35221910899999999999999
121136153165168158138109 77 49 31 27 37 60 9012214916516816014412711310727 617SR 3451681746168999999999999991048 2623 410799999999999999
112125143160170169155129 96 63 37 22 23 40 6810213415917117015713912010827 618SR 4251711824172999999999999991126 21234210599999999999999
106114131150166173167148118 83 50 27 18 26 48 8011514616717316615012911227 619SR 5 417318581739999999999999912 2 18999999999999999999999
104106119138158171174162138104 69 39 21 19 33 61 9512915617117115813911927 620SR 541174193017299999999999999 0171031237 1899999999999999
105101109125146164174171154125 90 57 32 20 25 46 7711114216317016414812727 621SR 61717420 217099999999999999 0501011311 2099999999999999
109100101113132152168172164142111 78 48 29 26 37 62 9412615216616715513627 622SR 653173203316899999999999999 123 991345 2599999999999999
117102 97103118137156167167154129 99 68 45 33 36 53 8011113915816516014527 623SR 73016821 416599999999999999 158 971418 3299999999999999
126108 97 96105121139155162158142117 89 64 47 42 51 71 9812514816116215327 624SR 8 9162213616399999999999999 237 951451 4299999999999999
136117102 94 95106121138150154148131109 85 65 55 55 68 8811413715416115827 625SR 853154221016299999999999999 321 931526 5499999999999999
146128111 97 91 93103118133143145139124105 87 73 67 71 8410412614515716027 626SR 947146224816099999999999999 413 9116 6 6799999999999999
153139122105 92 86 88 98111125135138134123108 94 84 81 86 9911613515015827 627SR1056138233015999999999999999 512 861653 8199999999999999
158150135116 98 85 78 79 88102117129135135128117106 97 95 9911012514015227 628SR1225136999999999999999999999 618 771753 9599999999999999
158157147131111 91 75 66 67 76 9211012613714113812911911010610811712914327 629SR 02015914 114199999999999999 725 65191010699999999999999
154160158147128105 81 61 51 52 63 8210512714315115114313112011311312013227 630SR 116161152315299999999999999 827 50203211299999999999999
146158165162148126 97 69 46 34 35 50 7410413215316416415414012511611412027 7 1SR 214165162816599999999999999 924 33214311399999999999999
134150164171167151123 89 56 30 17 20 39 7010613916417617416214412611411227 7 2SR 3101721722177999999999999991018 16224211199999999999999
120136156172179173152119 80 43 14  2  9 34 7011214917518518016414212110927 7 3SR 4 518018101859999999999999911 8  2233210799999999999999
108120140163181187178153115 71 31  3 -7  5 34 7612015918319018116013511327 7 4SR 4571871854190999999999999991157 -7999999999999999999999
102105121144169188193180151109 63 23 -3 -8  8 42 8713116818819017615112427 7 5SR 549193193619299999999999999 0181021245 -999999999999999
104 96102122148173191193178146103 58 21 -1 -1 20 5710114317518918516613927 7 6SR 640194201619099999999999999 1 3 961330 -499999999999999
113 95 90100122149174189189171138 97 56 25 10 15 39 7611815517918617615427 7 7SR 730191205318699999999999999 149 901414  999999999999999
126102 87 86 98120146169181179161130 94 60 36 28 38 63 9813416418017916527 7 8SR 822182212918199999999999999 236 851457 2899999999999999
141115 93 81 82 95116140159169166150124 95 69 53 51 64 8911914716817617127 7 9SR 91717022 417699999999999999 326 801538 5099999999999999
153130106 87 77 79 91110130146155153141122101 83 74 76 8911113515616917127 710SR1019156224117199999999999999 421 771619 7399999999999999
162144122100 83 74 75 85101118133142143136124111100 95 9911012714415816627 711SR1137143232216799999999999999 523 7317 5 9599999999999999
165154137117 96 80 71 70 77 9010612113213813713112311611311512313514715727 712SR1321138999999999999999999999 635 6918 611399999999999999
162160150134115 94 77 66 63 68 80 9711412913914314113612912512412913714627 713SR 01316215 914399999999999999 751 63193512499999999999999
155159158149134113 91 72 59 55 60 73 9211313214615215214513612912612713427 714SR 117160162115399999999999999 859 55211012699999999999999
144154160159150133111 86 65 50 46 53 69 9311814115616215914913712712112327 715SR 22616117 716299999999999999 954 46221412199999999999999
132144156164163152132105 77 54 40 38 49 7210012915216616916114613111911527 716SR 3251641742169999999999999991038 37225911599999999999999
120132148162169166152127 96 66 42 31 34 52 8011214216417417015713812111027 717SR 4151701813174999999999999991117 30233410899999999999999
109119136155170175168147117 83 52 32 26 36 60 9312815617417616614712610927 718SR 4571751842177999999999999991152 26999999999999999999999
102107123144164178179165139104 69 40 25 27 45 7511114416917917315613311227 719SR 53518019 917999999999999999 0 51021224 2499999999999999
 98 97109130153173182177157125 89 55 32 25 35 60 9513016017717816514211827 720SR 610182193517999999999999999 035 961255 2599999999999999
 99 91 97114138162178182170145110 75 46 31 33 51 8111614917218017215212727 721SR 64518220 018099999999999999 1 5 911324 3099999999999999
104 89 88 99121146167179176159130 96 65 44 37 48 7210413716417817716213827 722SR 720180202517999999999999999 137 871352 3799999999999999
112 92 83 87103126150168174166145116 86 61 49 51 68 9512615517317816914827 723SR 757174205017899999999999999 211 831421 4899999999999999
123 99 84 80 89107130151165166155133107 82 65 61 70 9011714416617617315827 724SR 837167211617699999999999999 248 801450 6099999999999999
135110 90 79 79 90108130148158156144125103 86 76 78 9011113515617017316427 725SR 923158214517399999999999999 330 771522 7599999999999999
146123101 84 75 77 88106125141149147138123108 96 92 9610912714616116916727 726SR1022149221816999999999999999 419 7416 0 9299999999999999
156137116 95 79 71 73 83 9911613114014213712811811110911312313715116116527 727SR114514223 316599999999999999 520 71165010899999999999999
161150133112 92 76 66 65 73 8810512213514214313913212612312513114015015827 728SR1339143999999999999999999999 634 65181412399999999999999
162160150134113 91 71 58 53 59 73 9311413314715315314714013312913113714627 729SR 010162152515499999999999999 756 53201212999999999999999
156162163156139116 89 64 46 38 42 58 8311113715716716715914713512712513127 730SR 136164163016899999999999999 9 9 38214112599999999999999
143157168172165147119 86 55 31 21 26 47 7811414617018117816514712911811627 731SR 25517217171819999999999999910 9 21223911599999999999999
125142162178184177154120 81 43 17  7 16 43 8112315918319118316313911710527 8 1SR 4 018417581919999999999999911 1  7232510499999999999999
106121144169189196186158118 73 33  6 -1 15 48 9213717319419618015312510227 8 2SR 4561961835197999999999999991148 -1999999999999999999999
 92 98119148177198204190157113 65 25  2  2 24 6310915418620019317013810727 8 3SR 54820419 920099999999999999 0 7 921231 -199999999999999
 86 81 93119152183203205187151105 60 25  9 16 44 8513117019519918315412027 8 4SR 637206194220099999999999999 047 801312  899999999999999
 90 73 74 91121155184201199177141 98 59 32 25 39 7011115218319719116813627 8 5SR 724202201219799999999999999 128 711350 2599999999999999
102 77 65 71 92122154179191186164131 95 65 48 49 6810013616818919217815127 8 6SR 812192204119399999999999999 210 651426 4699999999999999
119 89 69 63 72 93121149169177170150123 97 77 70 77 9812615517718718216327 8 7SR 9 117721 918799999999999999 253 6215 0 7099999999999999
136106 82 67 64 75 94118140156161154140121104 94 9410412314516517717916927 8 8SR 956161213818099999999999999 340 641532 9399999999999999
149124100 80 69 68 77 9311212914114614313512511611311512513915416517116827 8 9SR11 8146221017199999999999999 435 6716 711299999999999999
157140119 99 83 73 72 77 8910311712913613913713413012913113714515316016227 810SR13 6139225616299999999999999 544 71165712999999999999999
159150136120102 87 77 72 74 81 9310712113314114514514213913813914214715127 811SR1527145999999999999999999999 713 7219 713899999999999999
154154148138124107 90 76 67 66 72 8510212113814915515514914313613313413827 812SR 023155162415599999999999999 840 66212013399999999999999
145152155153144128108 87 70 59 57 65 8210412814816016416015013812812312527 813SR 2 8155165716499999999999999 941 57221412399999999999999
133144155162160149129105 80 59 48 49 62 8511314016117117015914312711611327 814SR 3201621724172999999999999991026 47224811299999999999999
119133150164171167151125 96 67 47 39 46 67 9612815617317816915113011210327 815SR 4 917117491789999999999999911 2 39231810399999999999999
106119139160175179170147116 82 54 37 36 51 79113146171182178161137113 9727 816SR 4501791812182999999999999991134 342345 9399999999999999
 94104124149172184183167137101 67 42 32 41 65 98135165183185170146118 9627 817SR 52618618351869999999999999912 3 32999999999999999999999
 85 89107134161182190181157123 86 55 37 37 55 85122157181189179156127 9927 818SR 6 0190185718999999999999999 013 851230 3499999999999999
 81 78 91115145172189189173143107 72 48 40 50 7611114717518918616713710627 819SR 633191191919099999999999999 041 771256 4099999999999999
 82 71 76 96125156179189183160128 93 65 50 52 7110213616718719017614911727 820SR 7 7190194019199999999999999 110 701322 4999999999999999
 88 69 66 79104134162181184171146114 85 65 60 72 9612715818018918216012927 821SR 74218520 218999999999999999 141 651348 6099999999999999
 98 74 63 67 85112141164177174158133106 85 74 78 9412014817218518416814227 822SR 821178202518699999999999999 215 621415 7499999999999999
112 85 66 61 70 90116142160168162147126106 92 90 9811714016217718117315327 823SR 9 4168205018199999999999999 252 611444 8999999999999999
127100 77 64 63 73 9211613715115615214012511310610811813415216617417216127 824SR10 0156212017599999999999999 337 62151810699999999999999
142118 95 77 66 65 74 8910812613914614513913212512212513314415516316716327 825SR112414622 116799999999999999 435 6416 312299999999999999
153137117 97 80 68 64 69 80 9511212813914514614414013713713914415015615927 826SR1347146232215999999999999999 559 64174413799999999999999
158152141124104 85 68 59 58 65 80 9912013815115815815414714013613614014727 827SR1533159999999999999999999999 738 57203113699999999999999
155160159151135113 88 65 48 42 49 66 9111914516417317116214813412512312927 828SR 127160162117399999999999999 859 42214512399999999999999
141156168173166148120 87 57 35 27 36 59 9112715817918617816113912010810827 829SR 257173165818699999999999999 959 27223010699999999999999
120140163181188181157122 82 47 23 17 31 61101142175193193177151122 99 8927 830SR 4 11881730195999999999999991048 162310 8999999999999999
 94114143172194202190161119 75 38 16 16 37 75120161191202193167133100 7827 831SR 45420218 1202999999999999991130 132347 7299999999999999
 72 86114149182205209193158113 68 34 19 27 55 97143181203203183149111 7827 9 1SR 54321018312069999999999999912 9 18999999999999999999999
 60 62 83117156189209209187149105 65 38 32 48 82124166195206195166127 8827 9 2SR 629212185920699999999999999 025 581246 3199999999999999
 60 49 58 85122161191205200175139 99 67 50 54 7611115018320220017914510527 9 3SR 713206192620499999999999999 1 2 491320 4999999999999999
 71 49 46 61 91127162186195185161129 98 76 70 8110613817019219818716012427 9 4SR 758195195219999999999999999 140 451352 7099999999999999
 88 61 47 50 69 98130158176179168147123102 91 9310813215818019118716914127 9 5SR 843180201619199999999999999 219 461421 9099999999999999
109 79 59 52 59 7810312915016216215313812311210911513014916717918117215227 9 6SR 933163204018299999999999999 3 0 52144910999999999999999
127100 79 65 62 69 8510412313814714814313612812412513214415616617116715727 9 7SR104014921 617199999999999999 347 62151712499999999999999
140120100 84 74 72 77 8710111512713514014113913713613714114715315715815527 9 8SR1245141214215899999999999999 450 72155913699999999999999
146135121106 93 83 78 79 84 9410511813013914514714714514314214214314514727 9 9SR1520147232814799999999999999 625 78192014199999999999999
147144137127114101 88 79 75 77 85 9911513114515415715414814013413013113527 910SR1559157999999999999999999999 8 9 75212213099999999999999
141146148145136121104 86 73 67 69 80 9811914015616416415514313012011612027 911SR 157148162516599999999999999 916 66215911699999999999999
130142152158155143123100 79 63 57 63 8010413115416917216514913011410410527 912SR 31015816481739999999999999910 0 57222710399999999999999
115132150164169162145119 91 67 53 52 65 89119148170179175158135112 96 9127 913SR 3581691710179999999999999991035 502253 9199999999999999
 98117140162176178165140109 79 56 47 53 75106139167183183169144115 91 7927 914SR 43717917311859999999999999911 5 472319 7899999999999999
 82 99125153176187182161130 96 66 49 48 64 93128161183190179154122 92 7227 915SR 5121871752190999999999999991133 462346 6799999999999999
 67 80106137167188192179152117 83 58 50 59 84118153180193188166133 98 7027 916SR 5451931813194999999999999991159 50999999999999999999999
 57 62 84117151180194191170138103 74 58 59 78108143174193194176145108 7527 917SR 619195183319699999999999999 013 571225 5699999999999999
 53 49 64 94130164187194183158125 93 72 65 76101134166188196185158122 8527 918SR 653195185519699999999999999 041 491251 6599999999999999
 57 44 49 72105141171188188172144114 90 77 80 9812615618019318916913610027 919SR 730190191719499999999999999 112 431318 7799999999999999
 67 46 42 55 81115148172182177159134110 94 9010012014617018618817615011727 920SR 8 9182194018999999999999999 145 411346 9099999999999999
 84 58 44 46 63 9012014816617116414812811210410711913915917518217716013427 921SR 85417120 618299999999999999 222 43141610499999999999999
104 77 57 49 54 70 9311914115515915314213012111812313514916317217316414727 922SR 953159203617399999999999999 3 8 49145111899999999999999
125100 78 63 56 60 72 9111112914214814814313813313213614215115816216115427 923SR1127148212016299999999999999 4 9 56154413299999999999999
141124105 87 72 63 62 69 82 9811613114314915114914614214014014214615015227 924SR1355151231115299999999999999 538 61182514099999999999999
150144133117 99 81 66 59 60 69 8610712814615816316115314313412812713113927 925SR1511163999999999999999999999 723 58204212799999999999999
148155155148132110 86 65 51 49 58 7810513215617117516815313511910910911727 926SR 136156155017599999999999999 843 48213310899999999999999
133151165171164146118 87 59 42 40 53 79112145171184182167143117 97 87 9127 927SR 3 0171162218599999999999999 939 392212 8799999999999999
108133159179187178154120 84 53 36 38 57 90129164187194183157124 93 72 6627 928SR 3591871652194999999999999991025 352249 6699999999999999
 78105138170193199186156118 79 49 37 45 72110150183199196174139100 68 5027 929SR 44919917202019999999999999911 6 372324 4899999999999999
 52 73107146181203205186152112 75 51 46 63 95134172197204189157115 75 4627 930SR 5362061748204999999999999991143 46999999999999999999999
 35 45 74114155189206202179144106 75 60 64 87121158189204198173134 91 542710 1SR 620207181520499999999999999 0 0 351217 5999999999999999
 31 29 48 82123162190201192168135103 81 75 87113146177197201184152111 712710 2SR 7 3201184120299999999999999 036 281250 7499999999999999
 41 27 33 57 92131165186190178155127104 91 94110136164186196189165131 922710 3SR 74519119 519699999999999999 111 271321 9099999999999999
 59 37 32 44 701031361621761761631431231091051131301531731861861721451132710 4SR 828178193018899999999999999 147 32135010499999999999999
 81 55 42 44 58 821101361551641611501361231171181281441601731771711541292710 5SR 915164195417799999999999999 225 41141911699999999999999
102 77 60 53 57 71 911131321451511491431341281261301381491591651631551392710 6SR1014151202116599999999999999 3 7 53145212699999999999999
120 99 82 70 66 70 80 951111251361421431411381351341361401451501521491422710 7SR1150143205615299999999999999 4 1 66155013499999999999999
131118104 91 81 76 77 83 931051181291381431451441411381351341351371381382710 8SR14 4145223813999999999999999 522 7619 113499999999999999
136131123112100 90 82 79 81 881001141291411501521501431351271221211231282710 9SR15 1152999999999999999999999 7 7 79204912199999999999999
134138137132122108 93 82 75 76 84 98117135151159159152139125113106107114271010SR 127138153216099999999999999 826 74212610699999999999999
125137146148142129110 92 77 69 71 83103126148163168162147127108 94 90 96271011SR 247148155716899999999999999 917 692155 9099999999999999
110129146158159149131108 85 70 64 72 90115142163174172157134108 87 75 77271012SR 338160162017599999999999999 955 642222 7499999999999999
 92114139160170168152128101 77 64 65 79104134160178181169144113 84 65 60271013SR 4191711642182999999999999991028 632248 5999999999999999
 71 94125153174181172150121 92 71 64 72 94124155178187179156123 88 60 46271014SR 45518117 3187999999999999991058 642315 4599999999999999
 50 71104139169186186170142111 84 69 70 87115146174190188169136 97 62 39271015SR 5311881726191999999999999991127 672344 3399999999999999
 34 49 79117154181192185163133102 81 73 83106137166188193180151112 71 40271016SR 6 71921749194999999999999991156 73999999999999999999999
 25 30 54 90131166188192179153123 97 83 84100127157181193188165129 88 51271017SR 643193181319399999999999999 015 241225 8199999999999999
 26 20 34 64103142172188185168143116 97 91 99119146171187190175146108 69271018SR 723189183919199999999999999 048 201256 9199999999999999
 38 21 23 42 75112147171181175157135115103103115136158177185180160128 92271019SR 8 518119 718599999999999999 124 20132910299999999999999
 59 35 25 31 53 83117146164170163148131118112116129146163175176166145116271020SR 855170193917799999999999999 2 6 2514 511299999999999999
 85 58 39 34 41 61 87115139154159154144133125123127137149159165164153135271021SR 959159201816699999999999999 255 34145212399999999999999
111 86 65 50 45 50 65 86109129144151151146139133130131136142148152151145271022SR1129151212115299999999999999 359 45161713099999999999999
132115 95 77 62 54 56 65 82102121138149153152146138131127125128133138142271023SR1313153233314399999999999999 522 54184912599999999999999
143137126109 91 73 61 57 63 77 97119139154160159151138124113108109116128271024SR1419161999999999999999999999 655 57201910799999999999999
139147148140124103 81 65 57 60 75 98123147164170164149129108 92 85 89103271025SR 13614915 117099999999999999 811 5721 8 8599999999999999
122142157162155137111 86 65 56 61 79106135160176177164141112 86 68 63 73271026SR 255162153617899999999999999 910 562149 6399999999999999
 95123150170176167145116 87 66 59 67 90120152175186179157125 90 61 45 46271027SR 35417616 718699999999999999 957 592226 4399999999999999
 64 94129161181186173147116 86 68 65 80107139169188190173142103 65 37 27271028SR 4451861637191999999999999991039 6423 2 2799999999999999
 36 62 99138171190190173145113 87 73 77 97126158183194186160122 80 43 20271029SR 53119217 6194999999999999991117 732338 1699999999999999
 18 35 68109149179193188168139109 89 82 92116145173191192175142100 58 27271030SR 6141931734194999999999999991153 82999999999999999999999
 12 18 42 79120157182189180158131107 93 94109134161182191183158121 80 43271031SR 65618918 219199999999999999 014 121226 9299999999999999
 19 13 26 55 92130161179181168147124106100107125148170184184168139102 652711 1SR 736182183018699999999999999 049 13125910099999999999999
 36 20 22 40 70104137161172169156137119109109119137157172178171151121 872711 2SR 817173185917899999999999999 124 19133110799999999999999
 57 36 29 36 55 841141401571621571441301181131171281431581671671551341072711 3SR 859162192816899999999999999 2 1 2914 511399999999999999
 80 57 43 41 50 70 941181381501521471371271201181221321431531571531411222711 4SR 94815320 215799999999999999 240 40144611899999999999999
100 78 62 53 54 64 801001191341431451421351281221211241301371421441401302711 5SR1050145204614499999999999999 326 52155012199999999999999
115 99 83 71 64 65 73 861021181311391431411361301241201201221261301311302711 6SR12 914322 713199999999999999 423 64174311999999999999999
124115103 91 81 74 73 78 891021171301401451451391311221141091091121171232711 7SR1324145999999999999999999999 539 73193610999999999999999
126126121112100 89 81 77 80 90103119134146151149140127113101 94 93 991092711 8SR 024127141415199999999999999 7 2 772034 9399999999999999
120129133130121108 94 84 79 81 92108126143155158151137117 98 83 76 79 902711 9SR 2 5133145015899999999999999 810 782111 7699999999999999
107124138144141129113 96 83 78 83 97116137155164162148126100 77 62 59 68271110SR 3 9144151916599999999999999 9 1 782144 5899999999999999
 88112135151156150134114 95 82 79 88106129152167171161138108 77 53 41 46271111SR 357156154617199999999999999 944 792215 4199999999999999
 64 92122149165167156135112 92 81 83 97120145166177172152121 85 52 30 26271112SR 4391681613177999999999999991021 802246 2599999999999999
 38 66101136163176173157133108 89 83 91110136161178181167138100 60 29 13271113SR 5191771641182999999999999991057 832320 1299999999999999
 16 38 73113150174183174154127103 89 88102125151174184179156120 77 38 11271114SR 5591831711185999999999999991132 872355  299999999999999
  2 14 44 84125160181184171147121101 92 97115139164181185171141101 58 22271115SR 64018517431869999999999999912 8 92999999999999999999999
  1  0 18 52 94135165181179163140117101 98107127151172183179159126 85 45271116SR 723182181718399999999999999 034 -21246 9799999999999999
 14  0  4 27 62103139165176171155134115104105117136157173178169147113 75271117SR 810176185517899999999999999 116 -1132610399999999999999
 39 15  5 14 37 71108140161168162147130115108111123139156167168158135104271118SR 9 1168193816999999999999999 2 2  5141310899999999999999
 71 42 22 16 26 48 78110137154160155142128117111114123136148156156147128271119SR 958160203115799999999999999 253 16151211199999999999999
102 75 51 35 30 39 58 84111134149154151141128118111111116125135142144139271120SR11 3154214614499999999999999 351 30163411099999999999999
125106 84 64 50 45 51 66 88112133147153150141128115106101103109119129135271121SR1210153233313699999999999999 457 45181410199999999999999
135128114 97 79 64 58 61 73 93114135149155152142126109 94 85 84 91103117271122SR1310155999999999999999999999 611 581937 8499999999999999
130137136126111 93 78 69 70 80 98120140155160155140119 96 77 66 64 74 91271123SR 12213714 016099999999999999 725 682036 6499999999999999
111130143146139123105 88 77 77 88106128149163165155134107 79 57 45 46 60271124SR 247146144216699999999999999 831 762124 4499999999999999
 84111136152157150133112 94 83 84 96116139159170168152124 91 60 36 27 33271125SR 352157152117199999999999999 927 8222 6 2799999999999999
 54 84116145163166157138115 97 87 90105127151169175166143110 73 40 19 14271126SR 4461671557175999999999999991016 872246 1499999999999999
 27 54 90126155171172159137114 97 91 98115139161175176160130 92 54 23  7271127SR 5321731632177999999999999991059 912323  699999999999999
  9 29 62100137164175172155132111 97 95106126150169178171149114 74 38 12271128SR 61417617 6178999999999999991138 94999999999999999999999
  2 12 37 74113147169175166147124106 96100115137159173176162134 97 58 26271129SR 653175173917799999999999999 0 0  21214 9699999999999999
  6  5 21 51 88125154169170157136116101 98106124145164173168149118 81 46271130SR 730171181217399999999999999 035  31248 9899999999999999
 19  8 13 35 67103135157166161145126108 99101112131150164167157134102 682712 1SR 8 6166184516899999999999999 111  81322 9899999999999999
 38 19 15 27 51 83115141156159150134116104 99104118135151160158144119 892712 2SR 842160192016099999999999999 146 151358 9999999999999999
 60 37 25 27 42 67 961241441531511401251101011001071201351471511451301072712 3SR 919153195815199999999999999 221 24143910099999999999999
 81 57 41 35 41 58 821071291441481441331191071001001071181301381401331192712 4SR 959148204314099999999999999 258 351529 9999999999999999
 99 78 60 49 48 56 73 94115132143145139128116105 99 981031111201271281232712 5SR1044145214212899999999999999 339 471637 9799999999999999
112 96 80 67 60 61 70 85103120134142143137126113102 94 91 941011091161192712 6SR1135143231011999999999999999 425 601758 9199999999999999
118110100 88 78 72 73 81 93109124137143143136124109 95 84 80 81 88 981082712 7SR1229144999999999999999999999 523 721915 7999999999999999
116118116108 98 89 83 83 88100114129140146145136121102 84 70 64 66 76 902712 8SR 059118132014799999999999999 634 822014 6499999999999999
106118125125119109 99 91 89 94104119134146151147134113 90 67 52 46 52 672712 9SR 23012614 515199999999999999 749 8921 0 4699999999999999
 87109127137138131118105 95 92 97109125141153156148129102 73 47 32 29 40271210SR 336139144715699999999999999 854 922141 2899999999999999
 62 90117139150150140124108 96 93100115133151161160146120 87 53 26 12 14271211SR 428151152716299999999999999 948 932222 1199999999999999
 32 62 96129152162159145125107 95 94104122143160168162142109 70 33  6 -4271212SR 51416316 6168999999999999991036 9323 3 -499999999999999
  5 30 66106141164171163145123104 94 96109131153169173162134 96 53 15 -9271213SR 5581711647174999999999999991120 932345-1599999999999999
-14  1 33 74116151171174163141118 99 92 98116139161175175158125 82 39  3271214SR 64117517291779999999999999912 2 92999999999999999999999
-18-17  3 40 84126158174173157134111 95 92102122146167177173151115 71 29271215SR 725176181417899999999999999 029-201245 9199999999999999
 -4-19-13 12 50 94134162173167149126104 92 92104125149167174166142105 64271216SR 8 817319 017499999999999999 114-191330 9099999999999999
 25 -2-12 -2 25 64105140162168159140117 98 89 91105125146162166157132 98271217SR 852168195016799999999999999 2 0-121418 8899999999999999
 61 28  6  2 15 42 78114144160162150131110 93 86 89102120139152155145124271218SR 936163204515599999999999999 246  11512 8599999999999999
 94 63 37 22 21 35 61 92123146157155142123103 88 81 84 94110126138141134271219SR1020158215114299999999999999 333 191614 8199999999999999
118 95 71 51 41 42 56 79105129147153149135117 98 83 74 75 83 96111123129271220SR11 5153231412999999999999999 423 401727 7399999999999999
127117101 84 69 62 64 75 94115134147151145131112 93 76 65 63 69 81 96110271221SR1154151999999999999999999999 518 611846 6399999999999999
120124120111 98 87 81 81 90104121136147149143128108 86 67 54 49 53 66 83271222SR 059124124715099999999999999 624 8020 0 4999999999999999
102117127128123113103 95 94 99110125139148150143126104 79 56 40 34 40 54271223SR 243129134315099999999999999 743 9321 1 3499999999999999
 76100120134139135125113103 99103113127141151152143123 97 68 43 26 21 29271224SR 4 1139143815399999999999999 9 1 992153 2199999999999999
 49 75104128144149143131116105100103115130145155154142118 88 56 29 13 11271225SR 45614915281569999999999999910 51002237 1099999999999999
 24 49 81113139154156147131114101 97103117135151159155138110 76 42 16  3271226SR 5391571613160999999999999991054 972317  399999999999999
  7 26 57 93126150161158144124106 95 94104122142157163154131 98 61 28  5271227SR 6161611654163999999999999991134 932354 -299999999999999
 -2  9 35 70107139158163154135114 97 89 93109130150163163148120 84 46 16271228SR 64916317321659999999999999912 8 89999999999999999999999
 -1 -1 17 49 86122149162160144123102 88 86 96115138156165159138106 68 33271229SR 72016318 816599999999999999 028 -31241 8599999999999999
  8 -1  8 32 67104136156161151132109 90 82 85101122144159162150124 90 53271230SR 749161184216399999999999999 1 1 -11312 8199999999999999
 24  7  6 22 52 87121146158155139117 95 81 78 87106128148158155137109 75271231SR 816159191715899999999999999 131  41344 7899999999999999
