 49 64 91122151171179174158136116102 99108127151173187189177152120 86 5827 1 1TA 6 51791737190999999999999991147 99999999999999999999999
 40 39 54 82117150176190190179160139122113115127145163174174162138106 7327 1 2TA 733192183217699999999999999 033 37132211399999999999999
 46 31 31 48 78116154184203207197178154132118113121136153163164151127 9527 1 3TA 848207193116599999999999999 130 29145211399999999999999
 62 36 23 25 45 8012216319621522020818515713211410811513114915915814411727 1 4TA 945220202516099999999999999 221 22155710899999999999999
 83 50 26 16 23 48 8813417620822522520818115012410710311513415216115613727 1 5TA103022721 916199999999999999 3 6 16164310399999999999999
106 69 36 15 11 26 5810315019021722822119816713611310110412114416016415427 1 6TA11 7228214716599999999999999 344 11171710099999999999999
128 91 53 23  8 12 34 74122168202222224209181149121103 9911113415716916727 1 7TA1138225222117099999999999999 419  71746 9899999999999999
148115 75 37 12  5 18 49 95144185212222214191160130107 9710212214816917627 1 8TA12 5222225417699999999999999 452  51812 9799999999999999
166139100 57 23  6  8 30 69119166200218218201171139113 96 9410913516217827 1 9TA1231220233018099999999999999 525  41839 9399999999999999
177160126 83 42 15  6 16 47 94145187213221210184150120 98 88 9411714717127 110TA1257221999999999999999999999 559  619 8 8899999999999999
181175150112 68 32 12 11 31 70121170205222219199165130102 84 82 9712515627 111TA 0 7182132322399999999999999 633  91940 8199999999999999
177181169139 98 58 29 16 23 51 97148191217224212182144109 84 73 7810013227 112TA 047182135122599999999999999 7 9 162014 7299999999999999
162178179162130 91 55 33 28 42 76123170205222219197161122 89 68 63 7510327 113TA 131181142122399999999999999 747 282050 6399999999999999
136164178176157127 92 63 46 47 65100143183209217205177139101 71 55 55 7327 114TA 222179145421799999999999999 830 442129 5399999999999999
103137163176174158131102 79 67 70 88119155185202203186156118 82 56 44 4827 115TA 321177153020599999999999999 920 662215 4399999999999999
 68100134161175177166145122102 92 93106129155177188184167138102 69 45 3527 116TA 4361781615188999999999999991026 9123 9 3499999999999999
 40 61 92127157176184180166147128115110115129147164171168152125 92 59 3627 117TA 6 918417121729999999999999912 2110999999999999999999999
 25 29 49 82120154181196199189171150132120116122136150159158145120 87 5327 118TA 741199182516099999999999999 013 24135411699999999999999
 26 13 16 36 71114155188210217209189164140120110113126143155157145119 8427 119TA 857217193715899999999999999 120 12151811099999999999999
 46 16  1  3 24 6311215919822223022119816713811510310712414516016214912027 120TA 958230203916399999999999999 223 -1161810399999999999999
 80 38  5-11 -7 17 61116167207231237224195161130108 9810612915417017015427 121TA1049237213217299999999999999 320-1217 4 9899999999999999
120 74 28 -4-18-12 17 67125177214235237217183148119 99 9411013916618017827 122TA1134239222218199999999999999 413-191745 9499999999999999
157118 67 21 -9-20-10 25 80139188220236229202166132105 90 9311615017718927 123TA1214236231118999999999999999 5 3-201823 8899999999999999
183157113 60 17 -8-15  1 42100156199225233217183145113 90 80 9112215818427 124TA1250233999999999999999999999 550-1519 1 8099999999999999
193185155108 58 20 -1 -3 19 65123174210228225200161123 93 73 70 9012616227 125TA 0 3193132323099999999999999 636 -51939 6899999999999999
187195184151106 61 29 12 16 44 92146190218226213180138100 72 56 61 8812627 126TA 057195135422699999999999999 721 112018 5599999999999999
162186193181149108 70 44 32 41 72118165200218217194157115 79 54 44 55 8627 127TA 154193142622099999999999999 8 6 322059 4499999999999999
124159182189178151117 86 64 57 69 99138175200209199172134 95 62 41 37 5327 128TA 254189145920999999999999999 854 572143 3699999999999999
 84120153176184177157131106 89 85 96119149174190191177150115 80 52 35 3527 129TA 4 1184153519399999999999999 948 852230 3399999999999999
 52 81115147170181180167149129115110115129147163172170156132102 72 48 3527 130TA 52218216191729999999999999911 11102326 3499999999999999
 36 51 77109140166182187181168151136126123127136146152151140121 96 70 4927 131TA 6561871721153999999999999991251123999999999999999999999
 36 36 49 72103136166187197195184167147131120118122130139140134118 96 7127 2 1TA 823198184514199999999999999 031 35145211799999999999999
 49 35 33 44 68101138171195207207193171146125110105111123136141136121 9827 2 2TA 92720920 114199999999999999 138 32155710599999999999999
 70 44 29 28 40 67105146181204215211192164135112 98 9710912814314914312427 2 3TA1013216205914999999999999999 237 271635 9699999999999999
 95 62 35 21 22 39 73116159192212218206179148119 98 90 9811814115716014827 2 4TA1048218214216099999999999999 327 2017 2 9099999999999999
122 86 50 24 13 20 45 86133174203217213191159127102 88 8910813515917116827 2 5TA1117217221817299999999999999 4 8 131726 8799999999999999
148113 71 36 14 10 25 60108155190211215200170136107 89 83 9612415517518127 2 6TA1142216225118199999999999999 444  91748 8399999999999999
169140 97 55 23  9 13 39 83134177205215207180145113 90 79 8510914317218627 2 7TA12 4215232318799999999999999 517  81812 7999999999999999
184163125 79 41 17 11 26 62113162197214213191156120 92 75 74 9112416018427 2 8TA1226216235719199999999999999 549 111837 7299999999999999
191181151108 64 33 17 21 47 92144186211217202169129 95 72 63 7210113917327 2 9TA1247218999999999999999999999 620 1619 3 6399999999999999
191192174138 94 56 32 26 39 74123171204218211183142101 71 55 55 7511115227 210TA 033193131021899999999999999 653 251931 5299999999999999
181194189166128 87 56 40 41 62102150190212214195158114 75 50 40 50 7912027 211TA 113195133421699999999999999 728 3820 1 4099999999999999
160186195186160125 90 66 56 63 88127168197208199172131 88 54 34 31 48 8327 212TA 2 019514 320899999999999999 8 8 562037 3099999999999999
125162186194184161131103 84 78 86109142173192193178148108 69 39 25 27 4827 213TA 255194143619599999999999999 856 782121 2399999999999999
 83123159182191186169146123107101107123145165176173157129 94 60 34 22 2627 214TA 4 619115181779999999999999910 21012216 2299999999999999
 45 77115150175189191182166147131122119125137150157155142120 91 61 37 2327 215TA 54019216181579999999999999911471192330 2199999999999999
 23 38 66101137168190200199187170150133122118123133142145139123 98 69 4227 216TA 7222011755145999999999999991353118999999999999999999999
 23 17 26 50 86126164194211215205185159134116107109121137147147135111 7827 217TA 846215193014899999999999999 054 17151810699999999999999
 45 20  8 13 36 74121166200221226214188156126105 9510012014315816115012327 218TA 948226204316299999999999999 212  816 9 9499999999999999
 84 43 13 -1  3 28 72125172208228230211178143113 92 8610012915817517716227 219TA1035231214017899999999999999 318 -21648 8699999999999999
129 82 38  7 -6  0 30 81137183215230224196158123 96 80 8310814417519019027 220TA1114231222819299999999999999 413 -61723 7899999999999999
169127 76 33  5 -5  7 45101155195220226209173133101 79 70 8512016018920227 221TA1147227231420299999999999999 5 1 -51755 7099999999999999
196168121 70 31  9  4 24 70126175207222216186145107 78 62 63 9013217319927 222TA1214223999999999999999999999 544  31827 6099999999999999
208197163114 68 35 18 21 50100152192215218199160116 81 57 47 60 9614118027 223TA 0 0208124022099999999999999 624 171859 4799999999999999
203209193156110 71 45 34 45 79128174204216207176133 90 58 39 38 6010214727 224TA 04720913 521699999999999999 7 3 341933 3599999999999999
183204206187152112 80 59 54 71108151187207208188151107 67 39 27 35 6410727 225TA 137208133321099999999999999 745 5420 9 2799999999999999
150183201201182152119 93 77 78 97129164189198190164126 86 51 29 24 39 7127 226TA 22920414 319899999999999999 829 752046 2499999999999999
112151180196195180156130109 98100117141164179180166140106 72 44 29 30 4727 227TA 328198143518199999999999999 920 972128 2799999999999999
 78114148174189191181163144127117117127141154160157144121 94 67 47 36 3927 228TA 43719215131619999999999999910271162217 3699999999999999
 56 82112142167183189185173158142131126127131137140138129113 93 72 55 4627 3 1TA 6 318916121409999999999999912181252323 4599999999999999
 47 60 80107135161181191192184169152135123117116120126129126116101 83 6527 3 2TA 73319318 4129999999999999991440116999999999999999999999
 53 50 57 74 99130160184197200192174151129112103102110123132134128113 9227 3 3TA 845200194313599999999999999 046 49153510199999999999999
 69 52 45 50 67 95131165191205206193169140115 97 90 9611313314715014312327 3 4TA 935207205015199999999999999 2 5 4516 5 9099999999999999
 95 65 44 36 42 64 99140176200211206184153122 98 83 8410012715116616715327 3 5TA1012211213616899999999999999 3 6 361629 8299999999999999
125 88 55 34 28 39 69113156189209212196166131102 81 75 8811614817218317827 3 6TA1040213221218499999999999999 353 281652 7599999999999999
154116 75 43 26 25 46 87134175202213205177141107 82 70 7610113717019019427 3 7TA11 5213224519599999999999999 431 231714 6999999999999999
179145101 62 35 24 33 65113159193210209187150113 84 67 65 8412116018820127 3 8TA1127212231620299999999999999 5 5 241736 6399999999999999
197171130 86 52 33 31 52 94143182206211195160119 85 63 56 67 9914217920127 3 9TA1146211234820699999999999999 537 291758 5699999999999999
206192158114 75 49 39 47 78125170199210202172129 88 60 46 49 7411616019327 310TA12 5210999999999999999999999 6 7 381821 4599999999999999
208206183145103 72 54 51 69107153189207205183143 97 60 38 33 48 8413217527 311TA 022210122520999999999999999 640 501847 3399999999999999
202212203175137101 76 64 68 93132172198205191158113 69 37 22 26 51 9414327 312TA 1 1212125020599999999999999 716 631919 2299999999999999
183207213200171137106 86 79 88114149180195192171133 89 49 23 14 25 5610127 313TA 148213132119799999999999999 759 791957 1499999999999999
148186207211198173144119102 96105127154175183174150114 74 40 18 14 29 6027 314TA 243211135818399999999999999 853 962044 1399999999999999
102146180201207199181157135120113117131148162165155134104 71 42 24 20 3327 315TA 35420714451659999999999999910 71132144 2099999999999999
 59 96135169192204203192174154136124120125134143147143130108 81 55 36 2827 316TA 52720516 114799999999999999115612023 6 2899999999999999
 34 53 84119155184203210205190168146127115112117128138142137122100 73 4927 317TA 7 421018 0142999999999999991350112999999999999999999999
 34 31 43 68104143179204217216200174146120102 96103120139152154144121 9027 318TA 824218194015499999999999999 041 311459 9699999999999999
 58 35 26 32 55 94140180209223221201168134106 87 82 9712415116917516513727 319TA 922225205317599999999999999 2 7 251544 8299999999999999
 99 60 33 20 25 52 96146186214226217189151115 87 72 7510113817018919418027 320TA10 6226214719499999999999999 316 201621 7099999999999999
145 99 59 31 19 27 61110159196218222202165125 92 69 61 7611415618920620727 321TA1041223223320999999999999999 4 9 191653 6199999999999999
185143 95 57 33 25 41 81133176205218209178135 96 68 52 56 8513117420421827 322TA11 8218231521999999999999999 454 251722 5199999999999999
212182136 91 59 39 39 63109157192211211188147103 68 47 40 57 9814718921527 323TA1131213235622399999999999999 533 361750 4099999999999999
223210174129 90 63 51 59 91137178203210197162116 74 45 31 35 6411216119827 324TA1153210999999999999999999999 610 501819 3099999999999999
220223203166125 93 71 66 82118159191205201176134 88 51 28 22 37 7512517127 325TA 038224121720699999999999999 648 651849 2199999999999999
204221218195160126 98 82 83104138172194199184152108 66 35 19 22 46 8813627 326TA 121223124619999999999999999 728 801922 1799999999999999
178207219212189158128105 94 99121150175187184163128 88 52 27 19 30 6010227 327TA 2 7219131818899999999999999 811 931957 1999999999999999
145182206213205184158133113106113131152168173164141109 75 47 30 28 44 7427 328TA 258213135217399999999999999 9 11062036 2799999999999999
112150181200206199182160139122116121132145154155145125 99 73 51 40 42 5827 329TA 35520614331569999999999999910 41162121 3999999999999999
 85117149176193200196182164145130121121126133138139132119100 80 64 55 5627 330TA 5 520015371399999999999999911341202224 5499999999999999
 68 90116144169187197195185169150132119114114119125131131124111 95 79 6827 331TA 62219717321329999999999999913251132351 6499999999999999
 64 71 87109136164185197198189171148126110101100108122135141139129112 9227 4 1TA 7341991916142999999999999991433100999999999999999999999
 74 64 66 79102132164189202202190167139113 95 86 9110712914916016014712427 4 2TA 833204202816199999999999999 121 641511 8699999999999999
 96 72 59 58 72100136171196208204185154121 94 78 75 8911614717018217815927 4 3TA 916208211718299999999999999 233 571540 7599999999999999
127 93 66 51 52 72107149183205210198169132 99 75 65 72 9913516919220018927 4 4TA 950211215720099999999999999 327 4916 7 6499999999999999
160121 85 59 47 54 83125166195210205181143105 75 58 58 7911715919120921027 4 5TA1017210223321299999999999999 410 471631 5699999999999999
190152111 77 56 50 67104148183204207189153111 76 54 47 60 9514118220821927 4 6TA104020823 622099999999999999 447 501654 4799999999999999
211181140102 74 59 62 88130170196205195164120 79 51 39 43 7011616420022027 4 7TA11 0205233922499999999999999 522 581717 3899999999999999
223205170130 97 76 68 81114155186201197174133 86 51 31 28 45 8513618221327 4 8TA1120202999999999999999999999 557 681741 2799999999999999
227222197160124 98 82 82101137172194198183149102 58 29 17 24 52 9915219527 4 9TA 016227114319999999999999999 633 801811 1799999999999999
221229219191156125103 91 96119152180193188164125 78 39 15 10 24 6011116227 410TA 057229121419499999999999999 715 911848  999999999999999
201224229216189157130110101109131158179185174147107 64 30 11 10 30 6811727 411TA 146229125218599999999999999 8 41011933  899999999999999
165202223227215191163137118110116134155170172160134 98 62 32 16 17 37 7327 412TA 244227134017399999999999999 9 51102026 1499999999999999
117161196217224215196171146126116117129144156159150130101 70 44 29 28 4327 413TA 35522414451599999999999999910231152133 2699999999999999
 73112152186210220217202179154131116112117129142149148136115 89 64 46 4027 414TA 51722116211509999999999999911561122258 4099999999999999
 48 69102139175203218220208185157130110100102114132147154151137113 86 6327 415TA 6372211813154999999999999991320 99999999999999999999999
 49 49 63 91129167199218222210185153121 97 84 8610412915416917216113710527 416TA 746222194417399999999999999 032 471421 8399999999999999
 76 56 49 58 85125166199218221206176138104 79 68 7510213716818819518315527 417TA 842222205319599999999999999 157 4915 8 6899999999999999
117 83 59 49 58 88130172202218216193156116 82 60 55 7211015218720821319727 418TA 925219214721499999999999999 3 5 491546 5499999999999999
163121 86 62 53 65100144181206214203171128 88 60 44 49 7912517120522422427 419TA 959214223122799999999999999 359 531618 4399999999999999
201162121 88 67 62 82120161192207205182141 97 62 40 34 52 9414518921923427 420TA1025209231223499999999999999 443 611647 3499999999999999
227197156119 90 74 77103143178199204189154109 68 40 26 32 6311216320422927 421TA1047204235023799999999999999 523 721714 2699999999999999
236221188150117 93 84 95126162189200194168126 80 45 24 20 39 7913117921527 422TA1110200999999999999999999999 6 0 841742 1999999999999999
234233212178144115 97 95113144174193195178144100 58 29 16 23 52 9814919227 423TA 029236113719699999999999999 637 931812 1699999999999999
221234226202170139114101106127155179190184160122 80 44 22 17 33 6811616327 424TA 1 8234121019099999999999999 7171011845 1699999999999999
201225230218193163135114106114135159177181169141104 67 37 22 25 48 8613227 425TA 148231124718199999999999999 7591061921 2199999999999999
174207224225210186157131114110120138157169169154127 93 62 39 30 39 6510227 426TA 232226132817199999999999999 84611020 0 3099999999999999
144181208221218203179152129115112121136151159156142119 91 65 47 43 55 8027 427TA 320221141715999999999999999 9421122046 4399999999999999
114151183205215212197174149128114111118129142149148138119 97 76 62 59 6827 428TA 41421615241509999999999999910481112145 5899999999999999
 90120152180201210207193171147126111106110120133143147142129111 92 78 7227 429TA 51621116591479999999999999912 110623 2 7299999999999999
 77 94119148175197207205191169143119102 96 99111128144154155146129109 9127 430TA 61920818331569999999999999913 8 96999999999999999999999
 80 80 93115144173196207204189163134107 89 82 8910613115517017416614712227 5 1TA 718208195017599999999999999 028 7914 0 8299999999999999
 99 83 79 89112143175198208202182151117 89 72 69 8311014317219119518516027 5 2TA 8 9208204819699999999999999 148 791440 6899999999999999
129101 82 76 87114149181202207195167130 94 68 56 61 8512316219421121319527 5 3TA 850207213521499999999999999 252 761514 5599999999999999
164129 99 81 77 92124161189204201180143102 68 48 44 60 9714318421322722227 5 4TA 923205221522899999999999999 343 761544 4399999999999999
197161126 98 82 83105140174195201188156112 72 44 33 39 6911616520422923627 5 5TA 950201225323799999999999999 428 801611 3299999999999999
223192155123 99 88 96123158185197192168127 81 45 26 23 42 8313618521923827 5 6TA1014197233224199999999999999 5 9 881638 2299999999999999
239219185150122103 97111141172191193178144 98 54 25 13 20 50 9915419922927 5 7TA1040194999999999999999999999 549 9617 9 1399999999999999
243237212179147123107107125154180191186162123 76 36 13  8 23 6011216620827 5 8TA 013243111219199999999999999 6321051747  799999999999999
235243233208176147124112115135161181187176148107 63 27  8  8 28 6912217327 5 9TA 058243115218799999999999999 7191111832  699999999999999
213236243231206175147125114119137161177181168139100 59 28 11 13 36 7712727 510TA 150243124318199999999999999 8131141924 1099999999999999
176214236241229205175146124113117134155170173162137102 66 36 21 24 45 8227 511TA 248241134417499999999999999 9141132023 2099999999999999
130175211233239228204174144121109111126145161168161142113 80 53 37 37 5427 512TA 35123915 11689999999999999910211082131 3599999999999999
 87129171206228235225202171140115101100114134153165165153130102 75 57 5327 513TA 4542351633167999999999999991130 992249 5299999999999999
 64 90127166200222230221198166133105 89 87100123148167175171153127 99 7827 514TA 55723018 8176999999999999991236 86999999999999999999999
 67 72 92124161195217224215190156120 91 73 72 8811614917519019117715112127 515TA 657224193419399999999999999 013 671335 7099999999999999
 95 80 78 93123159191212217206178140103 73 57 59 8011715618820821219817027 516TA 751218204421399999999999999 136 771426 5599999999999999
136108 88 83 97126162191208210193160118 81 54 42 51 8112617020422622921227 517TA 836211214023099999999999999 248 8315 8 4299999999999999
180145115 94 89104135168193204199175135 93 59 37 33 51 9114118622023923827 518TA 913204222724199999999999999 346 881544 3299999999999999
215181146117 98 97116148177195198184151109 68 40 26 31 6110815920223324627 519TA 94419923 824699999999999999 434 951615 2599999999999999
237211176143117103108131161184194189165126 83 47 26 22 39 7812917821624027 520TA1010195234524699999999999999 5161021644 2199999999999999
245230200167137115108120145172189191176144102 62 33 20 26 53 9814919422627 521TA1038192999999999999999999999 5541081713 1999999999999999
242239218187156130114114131157179189184161124 82 47 24 20 36 7111916820727 522TA 020243111019099999999999999 6301121744 1999999999999999
232240229205174145123113120140164182187174146108 68 38 23 27 50 9113918427 523TA 055240114718799999999999999 7 71131818 2299999999999999
217235235219192162134116113124145168182181164133 96 60 35 27 38 6711015727 524TA 130237122818399999999999999 7451121856 2799999999999999
197225236230209180150125111112126148168178174155124 89 57 38 36 52 8512827 525TA 2 8236131317999999999999999 8271101937 3499999999999999
172207229234223199168139117107111126148166173167148119 88 61 47 49 6810227 526TA 24823414 517399999999999999 9131062023 4699999999999999
143183213229230215189158129110102108125145162169164147121 93 71 60 64 8427 527TA 33123115 61699999999999999910 31022115 6099999999999999
115153188214226223206179148121102 96103120141158167165152130106 87 77 8027 528TA 4192271620168999999999999991057 962218 7699999999999999
 96124157188211220216197169138111 93 88 96114137157171173164146124105 9327 529TA 5112211743174999999999999991153 882333 9199999999999999
 92105128157185206214208188158126 99 81 77 8710913616218118818216614312127 530TA 6 421419 3188999999999999991247 77999999999999999999999
106101108128155182201207199177144110 82 66 64 7910714217419720720218415927 531TA 657207201220799999999999999 0551011336 6399999999999999
133114105109127154180198201190162126 89 62 49 53 7511215419021522621919827 6 1TA 74520221 822699999999999999 2131041418 4899999999999999
168139117106110129157182196195177144103 66 42 35 46 7812317020823224023027 6 2TA 827197215624199999999999999 3171051456 3599999999999999
203171141119108114136164186194186161121 78 44 25 24 45 8613818722424524927 6 3TA 9 3194224125099999999999999 4101081532 2299999999999999
232202169141120111122146173189191176143 98 55 25 13 20 50 9815320123525227 6 4TA 937192232525499999999999999 4581111610 1399999999999999
250229198166139121117131157180191187165126 79 38 13  7 21 5811116621124127 6 5TA1014192999999999999999999999 5441161650  799999999999999
254248224192162137122122139165185192182155113 67 29  8  6 26 6712217621827 6 6TA 011254105619299999999999999 6301191736  599999999999999
245254244218187157133120124144169187191179149107 62 27  9 11 33 7613118327 6 7TA 059254114519299999999999999 7181201827  799999999999999
223247253240212180150127116122144169186190177148107 64 32 16 19 43 8714027 6 8TA 149253124419199999999999999 8 91161922 1599999999999999
190227248251235205171140117108117139166184189178151113 74 44 29 32 56 9827 6 9TA 239252135018999999999999999 9 21082020 2899999999999999
149195229247246227196160128105 98108132159180188181158125 90 62 48 50 7227 610TA 32824915 418899999999999999 956 982122 4699999999999999
111156198228242239217184147115 92 86 98123152175188187170142111 86 71 7127 611TA 4182431624190999999999999991051 862229 6999999999999999
 89122161197223234227204170133101 79 74 86112144172191196186164137112 9527 612TA 5 82341749196999999999999991148 742344 9199999999999999
 92103129161192214222214191156119 87 66 62 7510313917319720820518716213627 613TA 6 02221915209999999999999991246 61999999999999999999999
117108113131159186204210201177142104 73 53 50 66 9913917820722322420818227 614TA 654210203022699999999999999 1101081340 4999999999999999
154131117117131156180196200188162126 88 59 42 42 6310014618822023823822227 615TA 746200213124199999999999999 2321151429 4099999999999999
194164138121118132155177191191176147109 72 45 33 39 6611015820123224824527 616TA 832193222125099999999999999 3391171511 3399999999999999
225195163137120120136159179188184164130 90 56 35 29 43 7812517421424225227 617TA 91218823 325299999999999999 4311181548 2999999999999999
243219187156132119124143166183187176150112 73 43 28 31 54 9514419022524627 618TA 947187233925099999999999999 5141191621 2799999999999999
249233205173145126120132154176188185167135 95 58 34 27 39 7011516420523327 619TA1020189999999999999999999999 5501201653 2799999999999999
245240218188158134121124141165185191182157120 79 47 30 31 51 8913718321927 620TA 011246105519199999999999999 6211201726 2899999999999999
239242228201170143124118128151175191192176145106 67 40 30 39 6711115920127 621TA 041243113319399999999999999 65211818 2 3099999999999999
230241236215184153129115117134159183194190169134 94 59 38 35 51 8613318027 622TA 110242121419599999999999999 7241141839 3499999999999999
217239242228200167137116108117139166187194186161125 86 56 41 45 6810815627 623TA 141243125819499999999999999 7591081919 4099999999999999
200230244239217184150122105103117143170189193181154119 84 59 50 59 8813027 624TA 214244134619399999999999999 83710220 1 5099999999999999
176214238243231203167133108 95 99118146172188190177151119 89 69 65 7810827 625TA 248244143919199999999999999 917 952046 6599999999999999
149190222238236218186150118 95 87 95118146172187189178155127102 86 85 9827 626TA 32523915401909999999999999910 0 872137 8399999999999999
127162197221230224201169133103 84 80 9111514517118819218416614212010710527 627TA 4 52301652193999999999999991047 79224010499999999999999
116138168195213218208185152118 90 73 71 8511114317219220119818316314212727 628TA 4512181814201999999999999991137 70999999999999999999999
121127143165187202205194170138103 76 61 61 7610614117520121521620418316127 629TA 543205193421799999999999999 0 31211231 5999999999999999
143132130141159179192194183158124 89 62 47 49 6810214318321323123422220027 630TA 640195204223499999999999999 1361301325 4699999999999999
174151135130137155174187189176149112 75 46 33 38 6110114919322624524823427 7 1TA 737190213924999999999999999 2561291416 3399999999999999
209180153134127135154175188187171140 99 60 32 21 29 5810515720423725625627 7 2TA 828189223125899999999999999 35912715 5 2199999999999999
238209178151132126137159181192188168131 87 46 20 13 26 6011116721324526127 7 3TA 915192231926299999999999999 4501261553 1299999999999999
257236204172146129127143168189198190165124 76 36 13  9 27 6612117722125027 7 4TA10 1198999999999999999999999 5361261641  899999999999999
262253227194163139125129149177198203192162118 69 31 12 11 33 7713418822927 7 5TA 0 5262105020399999999999999 6201241731  999999999999999
253260246216182152130120129155184203207193161114 67 33 16 18 44 9114819927 7 6TA 049260114320799999999999999 7 41201823 1599999999999999
236256256236202167138117112127157187206209195161115 71 40 26 31 6010916427 7 7TA 131259124221099999999999999 7471121916 2599999999999999
211242256249223186150121103102123156187206211196164121 82 54 42 50 8112927 7 8TA 211257134521199999999999999 83210020 8 4299999999999999
179220246252238207168131103 87 92117151183204211198170133 99 74 65 7410427 7 9TA 250253145121199999999999999 917 8721 2 6599999999999999
148191224243242223189149113 86 75 83110145178201210202180150121 99 9110027 710TA 32924516 32109999999999999910 5 7522 1 9199999999999999
125160195221232227204170132 98 73 65 7610213717119821120919417114612711827 711TA 4112321724212999999999999991057 65231211799999999999999
122139165191209216208187154119 87 65 59 69 9513016619621522021219417215227 712TA 4592161852220999999999999991153 59999999999999999999999
139136144161180194199192172143110 80 60 54 64 8912516419822223322921419127 713TA 555199201523399999999999999 0441361253 5499999999999999
168150140141152168181186180163135103 74 55 49 60 8712516720423124424222627 714TA 7 0186212124599999999999999 2241391351 4999999999999999
201174151136134144160175181175157129 96 67 49 46 59 8913117621424125224827 715TA 8 2181221225399999999999999 3391341443 4599999999999999
227198168144130129142161176181174153122 87 59 44 44 63 9814418922524725427 716TA 855181225325499999999999999 4311271528 4299999999999999
243218186156134124130148170184185173147111 75 50 40 46 7211316120323425027 717TA 937186232725299999999999999 5 912416 7 3999999999999999
249230200168142126123138161183193189170137 97 63 42 39 54 8713318021724127 718TA1013194235524899999999999999 5381221642 3899999999999999
248237211179150129121128151177196201189162123 82 52 39 43 6710815720023027 719TA1047201999999999999999999999 6 31211716 3899999999999999
245241221189158133119120137166192206204185150108 70 46 40 53 8613418222027 720TA 019246112320799999999999999 6281171749 4099999999999999
241245231201167138119112122148179203211202176136 94 61 45 47 7011116120627 721TA 04324612 021199999999999999 6551121824 4499999999999999
236248241216180146120106108128159190209212197165124 85 59 51 61 9213918827 722TA 1 8248124021399999999999999 7241051859 5199999999999999
226247248230196158125103 96107134169197212209190155116 83 65 63 8111916627 723TA 134250132221399999999999999 756 961936 6299999999999999
210239250240212173135105 89 89108141176202212206184151116 90 77 8210514427 724TA 2 125014 921299999999999999 829 862015 7799999999999999
187223242242223189149113 87 77 85110146180203212205183154125104 9710512827 725TA 23124415 221299999999999999 9 5 7721 1 9799999999999999
163198224234226202166127 94 74 70 8311114718020321220719016514212511912627 726TA 3 323416 721299999999999999 945 69215811999999999999999
145172198215218206181147111 81 65 64 7910914417820221421420318416414814027 727TA 3422191730216999999999999991033 62232214099999999999999
142153170188200200188166134101 74 59 58 7310113717320222022622020518616827 728TA 43220119 1226999999999999991133 56999999999999999999999
155148151162175185187179159130 97 69 52 49 63 9112916920422824023822520327 729TA 543187202124199999999999999 1131481241 4999999999999999
180160147144151164177183178160131 96 65 44 38 51 8012216820923825325223727 730TA 7 4183212725599999999999999 2471431349 3899999999999999
211183157140135144162179188184165133 94 58 34 28 41 7312017221624726226027 731TA 812189222126399999999999999 3521351450 2799999999999999
239208176150133130144168190199194172134 89 49 25 20 35 7212518022525426627 8 1TA 9 919923 826699999999999999 4401291546 2099999999999999
258232197164140126129151180203211202176132 82 43 21 18 38 8013819223325827 8 2TA 959211234826599999999999999 5211251638 1799999999999999
264249216180150128120131161194215221208176127 77 41 23 24 49 9715620724227 8 3TA1049221999999999999999999999 5581201727 2199999999999999
260257233196160133115114134170204224227211173123 76 45 31 37 6812017622127 8 4TA 024261114022899999999999999 6351121815 3099999999999999
249258246213173139114101108137176210228229210171123 82 55 45 57 9314519627 8 5TA 058258123523199999999999999 71310019 1 4599999999999999
233253252229191150117 94 87102137178211229229209171129 94 72 66 8212016927 8 6TA 129255133223299999999999999 752 871948 6599999999999999
212240250239209168128 96 77 76 98136177209227228209176140111 93 9110914527 8 7TA 2 1250143223099999999999999 833 742037 8999999999999999
185219238239221187146108 79 65 70 9513317320422322521118615713311811713327 8 8TA 234241153822799999999999999 916 64213211599999999999999
161192215225220199166129 95 70 60 69 9413016719821822421719917615614214027 8 9TA 31122616552259999999999999910 3 60224213999999999999999
149167187201206199179150118 89 69 62 70 9312616019221522622521419617716227 810TA 3552061824227999999999999991057 62999999999999999999999
154155162173183186181165142116 91 72 65 72 9112015418821523123522821219227 811TA 455186195123599999999999999 02415312 2 6599999999999999
172157150150157166172171161142119 95 75 67 71 8711615118821823824523922027 812TA 62117321 124599999999999999 2251491312 6699999999999999
196170150139137145159169172164147123 96 74 64 67 8411515419422624525124127 813TA 745172215325199999999999999 3381361417 6399999999999999
218188160138127129144163177180172152123 92 68 58 63 8412116520523425025127 814TA 848180223125399999999999999 4201261512 5899999999999999
233204171144125120132155177191192178151115 81 60 53 63 9213518121824225127 815TA 93419323 125199999999999999 4491201555 5399999999999999
242216182151128117122144173196205200178142102 69 52 52 7010815620023124727 816TA1010205232524999999999999999 5121161632 5099999999999999
246225192159132116115133163193212215201169127 87 60 49 58 8713318222024227 817TA1042216234724899999999999999 53411317 5 4999999999999999
247233202166136116109120148183210222218194154110 75 56 54 7311316320723627 818TA1114223999999999999999999999 5561091736 5399999999999999
248240213175141116103107130166200222226213181137 97 70 59 67 9714419222827 819TA 0 7248114722799999999999999 61910218 7 5999999999999999
246245224187148117 99 95110143182213228225203166124 91 72 70 8812617521727 820TA 027249122222999999999999999 644 941838 6999999999999999
242248234201159121 95 84 91117157196221230220193155118 92 81 8711315520027 821TA 04824913 023099999999999999 710 841912 8199999999999999
232246240214173130 96 77 74 91126169205226230216187151121101 9610813817827 822TA 111246134323099999999999999 739 731950 9699999999999999
215236239222188145105 76 64 69 9513417721022722821318715613211711613015827 823TA 138240143323099999999999999 812 63203511599999999999999
191217228222199163122 86 63 57 69 9813817820922622721519416914913713614727 824TA 2 9228153622899999999999999 852 57213513599999999999999
168191208212201178145109 78 59 56 69 9713517320322222822220718817015715227 825TA 24721217 022899999999999999 942 5523 615299999999999999
156167181191192184165138107 79 61 57 67 9112516119421823223422520819017227 826TA 3401931839234999999999999991049 56999999999999999999999
160154157165174179176164142114 87 66 56 60 7911014818621723824624122520227 827TA 51117920 524699999999999999 1 91541213 5599999999999999
178158145143150163175180173155127 96 68 51 49 65 9513718222024625725323327 828TA 655180211225899999999999999 2431431335 4899999999999999
204173148133131143164184193189171139100 65 43 39 53 8713518622725426425527 829TA 81319322 326499999999999999 3391301445 3899999999999999
229193160135121124146176200211206184144 98 60 37 33 50 9014419623625926427 830TA 913211224426499999999999999 4201201544 3299999999999999
247212174142120112125157193218227219190143 93 56 36 35 5810516221124426027 831TA10 3227231826199999999999999 4551121634 3399999999999999
255227187149122105106131172210232238225188137 90 57 42 46 7712918422524927 9 1TA1050238234725699999999999999 5281031719 4199999999999999
255238201158124102 92104140185222241244224183133 91 65 55 6610415720523727 9 2TA1137245999999999999999999999 6 0 9218 2 5599999999999999
251245215172130100 83 82105149195228245244220178133 98 78 73 9213318222127 9 3TA 013251122624799999999999999 633 801844 7299999999999999
243246227189144105 79 67 76108155199230245241215177139110 94 9511915920027 9 4TA 039247131724699999999999999 7 8 671927 9299999999999999
229240233205163120 85 63 58 7511315920022924323721318114912611311814217627 9 5TA 1 8241141224399999999999999 745 58201511399999999999999
207226229213182141102 72 55 57 7911716119922623823321418816214213313815727 9 6TA 140230151223899999999999999 825 5421 913399999999999999
182203213209191160125 92 68 57 63 8712216019522023223121819817615915015227 9 7TA 215214162323399999999999999 9 9 57221914999999999999999
162177189193188171146117 91 72 65 73 9412315718821322723122320818917216027 9 8TA 25719317462319999999999999910 0 65999999999999999999999
156158164170173170159141120 99 83 76 81 9712115118120822623323021719917927 9 9TA 4 2173191023399999999999999 0 715611 6 7699999999999999
161150146147153160162158146130111 94 83 84 9511614417720722823823622320127 910TA 553162202123899999999999999 2121461228 8299999999999999
175153138131134145158167167159143120 98 84 80 8911014217921123324323922027 911TA 732168211324399999999999999 3121311348 8099999999999999
192163138123119129149169182184174152123 95 78 73 8310914718822024124623527 912TA 840184215124699999999999999 3461181450 7399999999999999
208175144121110115136165188201200183152116 86 69 67 8311716220323224624327 913TA 926202222024799999999999999 4121091538 6699999999999999
221187151123105104122154187209218209183143104 76 63 67 9313618221924124627 914TA10 2218224424699999999999999 4351021616 6299999999999999
230197159126104 96108139177208226227209172129 93 70 64 7811516320523324527 915TA103422923 524599999999999999 456 961650 6399999999999999
236207167130104 91 95121160199225236227198156115 85 71 7410014419022424127 916TA11 5236232424399999999999999 518 901721 6999999999999999
239216176135104 86 84102139183217236237219183140106 85 79 9312917521423627 917TA1136239234224099999999999999 539 831751 7999999999999999
240223187143106 82 74 84115160201229240233207168131104 91 9411815820022827 918TA12 8240999999999999999999999 6 1 741822 9099999999999999
238228198155111 80 65 67 8913017821523724122719615912810910211314218221527 919TA 0 1238124424299999999999999 625 63185610299999999999999
232230209170124 84 60 53 65 9814419122424123922119015813311811713216219527 920TA 024234132624299999999999999 654 53193611699999999999999
219226214185143100 66 48 48 6810715419722724123721919216414313113214717227 921TA 052226141724199999999999999 729 46202713099999999999999
197212211195163124 86 57 44 50 7311215619622423723622119917615714614515527 922TA 128214152223899999999999999 814 44213514499999999999999
172189197193177150116 84 60 49 55 7611115118821623223622821219117215815127 923TA 213198164823699999999999999 910 49231515199999999999999
153162173180178167147121 94 71 59 60 7510313817420622823923722520618416427 924TA 3211801823240999999999999991026 57999999999999999999999
149144147156165171169157137111 87 68 62 69 9012216019722724424723621518727 925TA 516171194324799999999999999 1 714412 0 6299999999999999
160139129130143160175182176159131100 74 60 60 7710915219522924925424121327 926TA 7 3182204525499999999999999 2231281328 5899999999999999
179147123112117138166190201199180147108 75 56 53 6910615420123525425423527 927TA 820202213325799999999999999 3121121441 5299999999999999
199160127105 98113145182209222219195154109 74 54 51 7211416621124125424627 928TA 919223221025499999999999999 351 981539 5099999999999999
216174134105 88 90117160201228239231200153108 75 57 59 8613418522324424727 929TA10 8240223924899999999999999 424 861627 5599999999999999
227187142106 83 75 90129178218243250235197149107 80 67 7611016020423224327 930TA105225023 324399999999999999 455 7517 9 6799999999999999
233200153110 81 65 68 96144194231251253231190145111 89 82 991381842192362710 1TA1135255232623799999999999999 524 631749 8299999999999999
234211169121 83 60 53 671061582052382542502231841451171001011241632012252710 2TA1219255235123299999999999999 554 521829 9899999999999999
232219186139 95 63 46 48 721181692132412532442161811491251131191451792092710 3TA13 5253999999999999999999999 626 44191211399999999999999
223220199160115 76 50 40 51 831291772162412492372121821541331261351581862710 4TA 021224135324999999999999999 7 1 40195912699999999999999
206213203177139 99 66 46 43 60 951391832172382432322101841591421361451632710 5TA 055213144724399999999999999 739 42205213699999999999999
183196196183157124 91 65 51 54 741071471842142322362282091861641491431482710 6TA 134198154723799999999999999 821 5022 014399999999999999
160172180178166144118 92 72 63 68 871161501832092262312252101891691531442710 7TA 220180165723199999999999999 9 9 63233114399999999999999
144150158163163156141121102 86 78 81 961191481772032212282252111921701512710 8TA 33016418 9229999999999999991012 78999999999999999999999
139134136143151157156148134117101 90 89 981171421721992202292262131911652710 9TA 524157191622999999999999999 1 91341137 8899999999999999
143127120123134149162167163151133113 96 90 95111137170201223232228210183271010TA 7 6167201123299999999999999 21412013 5 9099999999999999
153127110106114134158177186183168144117 95 85 88106138175208228235225200271011TA 817186205423599999999999999 2531061416 8599999999999999
166133107 94 96115145176198207201179146113 89 79 85109147187218234233214271012TA 9 7207212823699999999999999 323 931510 7999999999999999
180141109 87 82 95126165198219224210179140106 83 76 89122164202227235223271013TA 946224215623599999999999999 349 811553 7699999999999999
192151113 85 72 78105147188219235232208170130100 82 82104143185216231227271014TA1021236221923299999999999999 414 711631 7999999999999999
202161119 86 66 64 84124171210235243230197157122 97 87 96127168203224226271015TA1054243223922799999999999999 437 6317 5 8799999999999999
208171126 87 63 54 66100148194227244242220183146118100 98117152190215223271016TA1126246225722399999999999999 458 541739 9799999999999999
213182137 92 61 47 50 75119170212238247236208172141119108113138174204218271017TA1159247231821999999999999999 521 45181310799999999999999
215192152104 65 42 37 51 87138188224243245229199166140123118129156187209271018TA1237247234621499999999999999 547 37185211799999999999999
213200169125 80 47 31 34 58100152199230245243224195166143129127141166191271019TA1321247999999999999999999999 621 30193812699999999999999
205203183149105 65 38 28 36 65110160203232244240222196170149136134147167271020TA 022206141524599999999999999 7 3 28203513399999999999999
186195189168136 97 62 39 32 43 72114161201228241239224201176155141137145271021TA 1 7195152124299999999999999 754 32214813799999999999999
160174181176159133100 70 49 42 51 76113155193221237239228208183160142134271022TA 2 7181163924099999999999999 857 42231713399999999999999
136146159168169160140114 87 66 56 59 77107145183213233240233213187160137271023TA 3341701758240999999999999991017 55999999999999999999999
124121130145160169169158136110 86 69 64 75 99134173208232241235215185153271024TA 52817119 824199999999999999 0411211149 6499999999999999
125108104114136160179186181162133103 79 68 71 92127169206232242234210174271025TA 7 518620 524299999999999999 1461031316 6799999999999999
137106 88 87104135169195208205185151115 86 70 70 91128172209232239226194271026TA 821209205223999999999999999 236 851430 6899999999999999
152113 84 69 74102144184214229225200161121 91 74 74 98139182215232231209271027TA 919230212823499999999999999 316 681529 7199999999999999
168123 86 62 54 70110159202232245236205163124 95 80 85114156195219227216271028TA10 8245215722799999999999999 351 541618 7999999999999999
182136 92 60 44 47 76125177219245253238202161125100 90101135175205220217271029TA1052253222222199999999999999 423 4217 1 9099999999999999
194151103 64 40 33 49 89143194231253253231195157126106103121155190211216271030TA1133256224621699999999999999 452 33174110299999999999999
202167120 75 43 28 31 58106161207239254247222186153128113116139171198210271031TA1213254231421199999999999999 521 26182111299999999999999
205182141 95 55 31 24 37 731241752162422502392121791501281191281511791992711 1TA1254250234720499999999999999 552 2319 211999999999999999
203191161119 77 44 26 28 50 901401872222422442292031731471281241351571802711 2TA1337246999999999999999999999 627 24194712499999999999999
193192174143104 67 40 30 38 651071541952252402382211961671431281271381572711 3TA 026194142224199999999999999 7 5 30203612699999999999999
174183178159130 95 65 44 40 53 821221642002252352312141891621401271261362711 4TA 110183151123699999999999999 746 39213312599999999999999
152165171166149123 95 70 55 54 69 971331702022222302242071831571361241222711 5TA 2 217116 423099999999999999 833 52223912299999999999999
130143155161158145125102 81 69 69 831071391711992182252192021781521311182711 6TA 31116117 122599999999999999 930 68234811499999999999999
114121133145155157150135116 98 85 83 921121391691962152212151971721451222711 7TA 44415718 0221999999999999991043 83999999999999999999999
107103109123141156164163151134115 99 92 961121371661942132192121921631332711 8TA 619165185721999999999999999 05210312 8 9299999999999999
107 92 89 99119144166180181171152128107 95 961091351661952142182071821482711 9TA 738182194721899999999999999 143 881328 9499999999999999
114 88 74 76 93123156184200202189164134109 95 94109137171199215214196164271110TA 838203202821699999999999999 224 731434 9299999999999999
125 90 67 58 69 97136175204220218199167135108 93 94114146180204213205177271111TA 92422121 321399999999999999 258 581527 9199999999999999
138 97 65 47 48 70110156196224235226199164131106 94100126160190207207188271112TA10 4235213120999999999999999 328 451612 9499999999999999
151106 67 42 34 47 82131179216238242225193157127106100113143175198205194271113TA1041243215620599999999999999 356 341652 9999999999999999
164119 74 42 26 29 54100153198230245241217183151125109109129160187200197271114TA1117246222020199999999999999 422 25173010799999999999999
176136 89 48 23 17 31 67119172213238246235207175146125114121144172192198271115TA1155246224919899999999999999 451 16181011499999999999999
185155111 64 29 12 14 37 81136186222242244228200169144126120130154178193271116TA1236246232519499999999999999 525 10185412099999999999999
191172137 92 49 20  8 17 46 94148195227243241223195166142126123135157178271117TA1324245999999999999999999999 6 5  8194412299999999999999
188183161125 82 43 18 11 23 55103155199229243239220193164140125122133154271118TA 010188141724399999999999999 654 11204112199999999999999
173181175155121 82 47 25 19 32 64109158200228241237219191162136120116126271119TA 1 7181151624199999999999999 749 19214611699999999999999
145163173170154126 92 60 39 32 43 71113158197225238234216188157130112106271120TA 217173161823899999999999999 853 32225310699999999999999
115133152166169159138109 80 59 50 56 79114155193220233230212183150120 99271121TA 34516917192349999999999999910 7 502359 9299999999999999
 92 99119142162173171157132105 82 68 68 84114151187214227224205174138106271122TA 5231741819228999999999999991129 66999999999999999999999
 83 75 83106136164182188180159130104 85 79 89113148183209221216195160121271123TA 655188191522199999999999999 1 1 751255 7999999999999999
 87 64 56 68 97135171197208204182152121 98 87 92114148181205214206180141271124TA 81320920 421499999999999999 154 561414 8799999999999999
 99 65 44 41 59 97143184213228223199165132107 93 96119152183202206192160271125TA 916228204520699999999999999 240 391519 9299999999999999
116 75 43 27 31 59105156199229242233206170137111 97103128160186199196174271126TA10 7242212020099999999999999 320 261613 9799999999999999
135 90 51 25 17 30 68120172213240248234203168136112103113140170189195183271127TA1051248215019599999999999999 355 16165910399999999999999
152109 64 31 13 14 39 84139188225246246226194160131112109125153178191188271128TA1132249222019199999999999999 427 11173910899999999999999
167130 85 44 18  9 20 54104157202232245238214181150125112116137163183189271129TA12 9245225218999999999999999 458  9181711299999999999999
178150109 65 30 12 12 33 74125174212235240226199167139119113123145169184271130TA1245240232818699999999999999 530  9185411399999999999999
184166133 92 52 23 12 21 50 941441892202352322141851541281131131271501712712 1TA1320236999999999999999999999 6 4 12193311199999999999999
182176154120 80 44 22 18 34 681141622012262342242011711411181081121291522712 2TA 010182135623499999999999999 642 18201410799999999999999
170177168144110 73 43 27 29 50 871331772102292302151891571291091021101282712 3TA 055177143423199999999999999 723 26205810299999999999999
150166170160136105 72 47 37 44 68106149188216228224205176145118101 971072712 4TA 147171151522899999999999999 8 7 372146 9699999999999999
126146161164155134106 78 59 52 61 86121160194216223215193164133107 92 902712 5TA 246164155822399999999999999 856 522238 8999999999999999
101121141156161154137114 91 75 70 79101132165194212216205181151121 96 822712 6TA 358161164621699999999999999 953 702332 8099999999999999
 82 94114136153163161149130110 94 88 93110136165189204206194169139108 832712 7TA 52116317382079999999999999911 4 88999999999999999999999
 70 71 85108134157171174166149129112102102114136161184197197183157124 912712 8TA 646175183119999999999999999 027 69122810099999999999999
 67 55 59 771061381671861931861681461241101051141331581791911891711411052712 9TA 8 0193192219299999999999999 117 55135210599999999999999
 72 48 40 48 73110149182204212203182155130112105112133158178186180158122271210TA 85721220 718699999999999999 2 2 4015 010599999999999999
 83 50 29 26 42 76121165200222226213188158130111104114137162179183170141271211TA 945227204618399999999999999 242 25155510499999999999999
100 59 28 13 17 42 86137182216234234215186155128109106120145168181178158271212TA1029237212118299999999999999 319 12164210599999999999999
121 76 36 10  1 14 49100153197228241234211179149124109111129155175182172271213TA1110241215618299999999999999 355  1172510899999999999999
145102 55 18 -3 -4 17 60115168209234242230203171142121110117139164180181271214TA1153242223418399999999999999 433 -618 811099999999999999
165132 85 39  6 -9 -4 24 72128180217237239223194162136117111122146170183271215TA1237241231818399999999999999 515-10185211199999999999999
179159122 75 31  1 -9  1 33 84141189222239236216185153128111108123149172271216TA1322240999999999999999999999 6 1 -9194010799999999999999
182177155116 70 30  4 -3 10 45 97152197227239232208175143117102102120147271217TA 01118314 823999999999999999 652 -3202910099999999999999
170180175153116 73 36 13  8 23 59110162203229237225198163130104 90 93113271218TA 111181145523799999999999999 747  82121 8999999999999999
141165177174155122 84 51 30 26 41 76122169206227231215186150116 90 77 82271219TA 220178154123299999999999999 845 252214 7699999999999999
103131157173175161134102 73 53 49 61 91132172203220220203172135101 75 63271220TA 338176163022299999999999999 948 482311 6399999999999999
 69 90120149170178172152126100 81 73 81104136170196209207188157121 86 60271221TA 5 417817212109999999999999911 0 73999999999999999999999
 49 55 77109143170185187174153128107 96 96111135163185196193174143106 72271222TA 636188181719699999999999999 010 491227 9499999999999999
 46 35 41 65101140174196204197178152128111105112131155175184180162130 92271223TA 8 2204191418599999999999999 1 9 35135910599999999999999
 57 32 22 31 59100144182209221216195168140118106110127150168176171150116271224TA 91122220 817699999999999999 2 4 22151610699999999999999
 77 43 20 13 26 59105153194222234226203172141117104108127149166172162138271225TA10 6234205417299999999999999 252 13161510499999999999999
101 61 28  9  8 28 68118167206231238226198165135112102111132154168169154271226TA1051238213317099999999999999 334  617 110299999999999999
124 84 45 16  4 10 38 83135181216234234216185152124106103118142163172166271227TA113023722 817299999999999999 411  3173910299999999999999
145109 67 30  8  3 19 54103154195222232224199167136113102108128153171174271228TA12 3232224317599999999999999 445  3181110299999999999999
162133 93 50 19  4  8 32 75126173207225226209179147120103100114139164177271229TA1233228231917899999999999999 517  3184110099999999999999
174155120 77 38 12  6 18 51 98149190217226217191159128105 95101121149172271230TA13 0226999999999999999999999 551  51911 9599999999999999
180171145107 64 30 12 13 34 74124171206223222203172138110 92 89102129157271231TA 0 1180132722599999999999999 627 101942 8899999999999999
