128127120108 97 90 89 96109127144156160154141123103 84 70 62 62 69 82 9827 1 1TB 021129115616099999999999999 537 881931 6199999999999999
113124129127121113107105110119132145154156151138120 99 78 61 51 50 57 7227 1 2TB 214129125015699999999999999 6481052039 4999999999999999
 92112128138140135127118113114121131143152155151138118 94 70 50 39 38 4827 1 3TB 347140135715599999999999999 8231132135 3799999999999999
 67 92118138151153146134121113112118129142153157153137114 86 58 37 26 2827 1 4TB 44315315 015799999999999999 9411112220 2599999999999999
 43 69 99129152164162151133117107106114129146158162154135106 73 43 22 1527 1 5TB 523165155216299999999999999103510523 0 1599999999999999
 22 44 77113145166173166147125107 98101114134153166167153127 93 57 27 1027 1 6TB 5571731634168999999999999991116 982336  799999999999999
  8 23 52 91129160177176161137113 96 91100119143163173168148115 77 40 1327 1 7TB 6281791712173999999999999991150 91999999999999999999999
  1  7 31 67109147173181172149122 98 85 88103128154172177165137 99 58 2427 1 8TB 657181174717799999999999999 010  11222 8499999999999999
  3 -1 14 46 87129163180179161133105 85 79 89111139164178175155121 80 4127 1 9TB 725182182117999999999999999 041 -21252 7999999999999999
 12 -1  5 30 67110149174181170145115 89 75 77 94121149171178168141103 6327 110TB 753182185617899999999999999 111 -11322 7499999999999999
 28  7  4 20 52 92133164179176156127 98 77 71 80102130156172172155124 8627 111TB 819180193117499999999999999 139  31354 7199999999999999
 49 22 11 18 42 77117151173178165140110 84 70 70 8410813515716716114010827 112TB 84617820 916799999999999999 2 7 111428 6899999999999999
 73 43 25 24 39 67103137163175170151123 95 74 66 71 8811213515215814812627 113TB 912175205215899999999999999 235 2215 6 6699999999999999
 97 68 46 37 43 63 92124151168171159136109 84 68 64 71 8811013014414713727 114TB 941172214314799999999999999 3 5 371550 6499999999999999
118 93 71 58 56 66 86112138158167163147124 98 77 64 61 68 8310212013313627 115TB1012167225113799999999999999 339 551646 6199999999999999
130116 99 84 76 77 88105126145158161154138116 93 73 60 55 60 72 9010812227 116TB1050161999999999999999999999 422 751758 5599999999999999
130129122112102 97 97104116131145154155149134113 91 69 53 45 46 57 74 9427 117TB 026131114315699999999999999 525 961923 4499999999999999
114128136136130122115111113119129141149153149136116 91 66 44 30 28 37 5727 118TB 23013713 015399999999999999 7151112042 2799999999999999
 83110133148154150140128118113115124136148156155144122 92 59 31 12  8 1827 119TB 4 4154142715799999999999999 9101132148  799999999999999
 43 76112143165172166151131115106107117134152164166154128 91 51 16 -6-1127 120TB 5 217215401679999999999999910241052245-1299999999999999
  3 34 76120158181187175152126105 94 97113136160176179163131 86 40  1-2227 121TB 5471871639180999999999999991117 942336-2699999999999999
-25 -4 34 84134174195194175144113 90 82 89111141170188189168129 79 28-1127 122TB 62819717311919999999999999912 1 82999999999999999999999
-32-28 -1 45100152188202193165128 95 74 71 85114149179196192166122 69 1927 123TB 7 5202182019799999999999999 022-331241 7099999999999999
-17-31-20 15 66121169197201182147108 77 61 64 85119155184196187156110 5927 124TB 73920319 619699999999999999 1 4-311320 6099999999999999
 14-14-18  1 41 93144182199192164125 88 61 52 62 88123157182188174142 9827 125TB 811199195018999999999999999 142-201358 5299999999999999
 53 17  0  5 32 74121163188193175142104 71 52 50 65 9212515417217415712627 126TB 841194203517599999999999999 217 -11437 4899999999999999
 87 52 29 23 37 66106145174186179155121 86 61 49 52 69 9512314615815513927 127TB 9 8186212115999999999999999 248 231516 4899999999999999
112 83 60 48 52 70 99131159176176161135104 76 57 51 57 72 9411613314113727 128TB 933178221314199999999999999 317 4816 1 5199999999999999
124106 87 75 72 81 99123146163169162144120 94 73 59 55 60 72 8910511812527 129TB 959169232412599999999999999 344 721655 5599999999999999
124117107 98 94 96104119135149158157148132112 92 75 63 59 60 68 80 9310527 130TB1029159999999999999999999999 414 931813 5899999999999999
114119119117114112114119127136144148146139126111 95 79 66 58 56 59 69 8227 131TB 137119111414899999999999999 5 51121953 5599999999999999
 97111122129131130126123122125129134138139136128115 99 81 64 52 46 48 5827 2 1TB 4 5131124514099999999999999 7471222114 4699999999999999
 75 95116132143145141132123117116119126134140140134121101 78 56 40 33 3727 2 2TB 449145143714199999999999999 94411522 9 3399999999999999
 52 75102128147157155144128114105104111124137147149141123 97 69 43 26 2127 2 3TB 51915715451509999999999999910351042251 2199999999999999
 30 52 82116144163167157138117100 92 96109128147158158145120 87 54 27 1227 2 4TB 5461671631160999999999999991110 922326 1199999999999999
 13 30 61 98135162174169150124100 84 82 93115139160170164143109 71 36 1227 2 5TB 61217417 9170999999999999991140 812358  399999999999999
  3 13 40 78120155176178163135105 81 71 77 97126154173177163133 93 52 1927 2 6TB 63718017431789999999999999912 8 71999999999999999999999
  2  3 23 59103144173183174148114 84 65 63 79107140168182178155117 74 3427 2 7TB 7 0183181718399999999999999 026  01236 6299999999999999
  8  0 13 44 86130166184182160127 91 65 54 61 86120154178185171140 98 5527 2 8TB 723186185118599999999999999 053  013 5 5499999999999999
 22  6 10 33 71115155181186171140103 70 50 49 65 96132164181180158122 8027 2 9TB 746187192518399999999999999 119  51335 4799999999999999
 43 19 15 30 61102143173186178153116 80 53 42 50 7310714116717716914210527 210TB 8 818620 217899999999999999 144 1414 5 4299999999999999
 68 39 27 33 57 92130162181181162130 94 62 43 40 55 8211514516416815412727 211TB 830183204216999999999999999 210 271438 3999999999999999
 94 64 46 44 59 86119150172178168143109 76 51 39 43 61 8711714115515514027 212TB 853178212815799999999999999 237 431515 3999999999999999
116 91 71 62 68 86111138160171168152125 94 66 47 41 47 63 8711113114214127 213TB 919172222614399999999999999 3 6 6216 1 4199999999999999
130114 97 86 84 92108128146159162155137113 87 65 50 44 48 60 79 9911612827 214TB 949163235613199999999999999 340 8417 5 4499999999999999
131128120111106107112122134145151151144130111 91 71 55 45 43 50 64 8210027 215TB1033152999999999999999999999 4281061842 4399999999999999
117128133134131127124123125129135140143141133120101 79 58 41 32 33 44 6327 216TB 23513412 714399999999999999 6491232025 3299999999999999
 87112132146152150142131122117117122131140146145135115 87 58 32 17 14 2627 217TB 412152142314799999999999999 9281162141 1399999999999999
 49 81115145164171164147128111101101111127146159163152126 91 52 19  0 -327 218TB 45717115451639999999999999910291002238 -499999999999999
 13 44 86128163182184168142113 91 82 86104130157176180165132 88 42  6-1427 219TB 5331851643181999999999999991111 812326-1699999999999999
-12 11 52101148182196187160125 92 69 64 76103139171192193171130 80 31 -427 220TB 6 61961732195999999999999991149 63999999999999999999999
-19-10 22 71124170197200179143101 67 49 51 73109150184201196167121 69 2327 221TB 637202181720299999999999999 0 7-191225 4799999999999999
 -7-13  6 47 99150188203193161118 76 46 35 46 76118159191202189155108 5927 222TB 7 6204185920299999999999999 044-141259 3599999999999999
 20  1  6 34 79130173198199176136 91 53 31 30 49 85127165189193175138 9427 223TB 732202194019499999999999999 118  01334 2799999999999999
 53 26 20 35 69113156187197184152109 68 38 25 33 58 9513316518017715512127 224TB 757197202018299999999999999 148 1914 7 2599999999999999
 85 55 41 46 69104142173189186163126 86 52 32 29 42 6910313515716615813627 225TB 81919021 016699999999999999 215 411441 2899999999999999
108 82 66 63 76101131160178181167139105 71 47 35 39 55 7910613014514813927 226TB 840182214414899999999999999 240 621516 3599999999999999
122103 88 82 87103125147164171165146120 91 66 50 45 51 65 8410412113013227 227TB 9 1171224113299999999999999 3 3 821558 4599999999999999
126116106100101108121137150158157147129108 87 70 60 56 60 69 82 9610811727 228TB 924159999999999999999999999 3251001658 5699999999999999
121121119116116117122129137143145142133121106 92 79 70 64 63 67 75 85 9727 3 1TB 029121 95514599999999999999 3511161844 6399999999999999
108118125129130129128126126128130131131128122113102 89 76 65 59 58 63 7527 3 2TB 4 3130112013199999999999999 7311262037 5799999999999999
 90107123136143143137128120115114116122128131131124111 94 75 59 48 46 5327 3 3TB 430143142213299999999999999 9461142144 4699999999999999
 69 91115137151155149136120106 99100108121134143143134116 92 67 46 35 3527 3 4TB 4541551536144999999999999991023 992228 3399999999999999
 48 72101131154165162147125103 89 84 92108129147157155140114 82 53 31 2327 3 5TB 5171651621158999999999999991052 8423 2 2399999999999999
 30 52 84120151170173160135106 83 71 74 90116143164171163138104 67 37 1927 3 6TB 5401741658171999999999999991119 702332 1799999999999999
 18 35 67106144171182172147114 82 62 57 70 97130161180180162129 88 50 2327 3 7TB 6 11821733182999999999999991146 57999999999999999999999
 14 23 51 90133167186183161126 88 58 44 50 74109148177190182154114 71 3627 3 8TB 62318718 719099999999999999 0 0 141213 4499999999999999
 17 19 39 76120160186191174140 99 61 38 34 50 84126164189193175140 97 5727 3 9TB 644192184219499999999999999 027 151241 3399999999999999
 30 22 34 65106148180193184155113 71 38 24 31 58 98141176193188163124 8327 310TB 7 5193191719499999999999999 054 211310 2499999999999999
 49 33 36 59 95136171190189167129 85 47 23 20 37 7011215218018917714710927 311TB 727193195518999999999999999 120 321341 1999999999999999
 74 51 46 59 88124159182189175144103 62 32 18 23 47 8312215617617816213327 312TB 749189203518099999999999999 147 451413 1799999999999999
100 75 62 67 86115146171182177155121 82 48 26 21 32 57 9112515216516314727 313TB 812183212116699999999999999 215 621449 2199999999999999
123 99 84 81 91110135157171173160135103 71 45 31 29 42 64 9211914015014827 314TB 837174222015199999999999999 244 801535 2899999999999999
137121107100102112127144157162158144122 97 72 52 41 39 47 63 8510612413527 315TB 9 6162235413899999999999999 3181001639 3899999999999999
138134128121118120125132140146148144135120102 83 65 52 45 46 55 71 9010927 316TB 951148999999999999999999999 4131181822 4499999999999999
125136141141138134129126126127131134136135129117 99 79 60 45 38 42 55 7627 317TB 233142121213699999999999999 7461262010 3899999999999999
100124143155157152141127116109109115125137145146136116 90 62 39 26 28 4227 318TB 349157143414799999999999999 9321082125 2599999999999999
 68101132158171171158137114 96 87 90103124146162166154129 94 58 29 15 1827 319TB 4281731547166999999999999991016 862220 1499999999999999
 38 72112150176186177153121 91 71 65 75 99130160180183167133 91 50 21  927 320TB 5 01861640185999999999999991052 6523 4  999999999999999
 18 46 87133171192192171136 97 65 47 48 68102142176196194170130 83 42 1727 321TB 5301951725198999999999999991127 452343 1199999999999999
 12 29 65112157190201188155112 69 39 28 39 69111155189204195165120 74 3827 322TB 55820118 82049999999999999912 1 28999999999999999999999
 21 25 52 93140180201199173130 83 44 20 19 40 78124167196203187152108 6827 323TB 624203184820499999999999999 018 191234 1799999999999999
 40 33 48 81124166194202185149102 57 25 11 20 49 91137174195194172137 9727 324TB 649202192719899999999999999 050 3313 6 1199999999999999
 66 50 54 77112152183198191163122 76 38 15 13 30 6410614617518717915512227 325TB 71119820 518799999999999999 119 491338 1199999999999999
 91 70 66 78105139170188189171138 96 57 29 17 23 46 8011714916917316113827 326TB 733191204417499999999999999 145 6514 9 1799999999999999
112 90 80 85103129156176182173148114 78 48 30 27 39 62 9312314615815714527 327TB 755182212515999999999999999 211 801442 2699999999999999
126108 96 95104122143161171168153128 98 70 50 40 42 55 75 9912113714514227 328TB 818171221514599999999999999 238 941519 3999999999999999
133121111107110119133147156158151135114 91 72 59 53 56 66 81 9911512613327 329TB 843158233313399999999999999 3 710716 9 5399999999999999
133129124120119121126134140144142135124109 94 81 71 66 65 71 80 9310511727 330TB 915144999999999999999999999 3511181731 6599999999999999
126131133132130127125124125127129129127122114104 93 82 73 68 68 74 84 9827 331TB 213133103912999999999999999 6571241928 6799999999999999
113127137143143138129121114111112117123127129125116103 87 73 63 60 66 7827 4 1TB 330144134812999999999999999 9 91112051 6099999999999999
 97117136150155151139122107 97 95100111125137142139127108 86 66 54 52 6027 4 2TB 4 3155151014299999999999999 948 942142 5199999999999999
 79104130152164163151130106 87 78 81 94114136152158151132106 78 56 45 4727 4 3TB 4281651558158999999999999991018 782221 4499999999999999
 62 88120149169175165141111 83 65 61 72 95125152170172158131 98 67 46 3927 4 4TB 4511751638173999999999999991046 602255 3999999999999999
 49 73106142170183178155121 86 58 44 49 71105141171186181158124 87 56 4027 4 5TB 5141841716186999999999999991114 442326 3999999999999999
 41 60 92131165187189170136 95 57 33 29 45 78120160188196183152113 76 5027 4 6TB 5361911753197999999999999991143 282356 4199999999999999
 41 52 80118156185195184153109 65 31 15 22 49 91137177199199178142102 6827 4 7TB 5591951830202999999999999991214 15999999999999999999999
 50 51 71105144177196193169128 81 39 12  6 23 59106153188203195167130 9327 4 8TB 62319719 920399999999999999 027 481245  699999999999999
 67 58 68 95130165190196181147101 56 20  3  7 32 7312016219019818415512027 4 9TB 648196195019899999999999999 058 581319  299999999999999
 90 73 73 90119151178191186162123 79 39 12  3 15 45 8612916418518617014327 410TB 713192203418899999999999999 129 711355  399999999999999
114 93 85 92111138163180183170142104 65 33 14 12 27 56 9313015817317215727 411TB 741184212417499999999999999 2 2 851437 1199999999999999
135115102100110128148165173169153126 94 62 38 24 25 39 64 9512414715915927 412TB 813173222816099999999999999 238 991527 2399999999999999
149134121114115122134147157160154140119 94 70 50 39 38 47 66 9011413514727 413TB 853160235715199999999999999 3251131636 3799999999999999
151147140131125123125130136142144143135122104 85 66 53 46 50 62 8210412627 414TB10 9144999999999999999999999 45912318 9 4699999999999999
142151153149141131123117116119125132138139133121102 81 62 50 48 57 75 9927 415TB 145153124313999999999999999 7501161942 4799999999999999
124145159163158145128112100 95 99110126141150150139118 92 67 50 44 53 7327 416TB 256163143015299999999999999 9 3 952053 4499999999999999
101131156172174163141115 92 77 73 82102127151166168154128 96 67 48 43 5427 417TB 339175153716999999999999999 947 732148 4299999999999999
 79112145172184179159127 94 67 52 54 71101135165182182164132 96 65 47 4627 418TB 4141851629184999999999999991025 512233 4499999999999999
 62 93130164187192177145106 68 42 32 42 69107147179195190165129 92 63 5027 419TB 44419217151959999999999999911 0 322313 5099999999999999
 55 78113151182197191164124 80 43 22 20 39 75119161191201190160123 88 6427 420TB 5131971757201999999999999991135 182349 5899999999999999
 58 71100137172195198180144 99 55 23 10 17 45 87134173197200182150114 8427 421TB 54019918382029999999999999912 8  9999999999999999999999
 69 71 91123159187199190161119 74 35 11  7 24 5910314718119719217013810627 422TB 6 6199191619899999999999999 022 671240  699999999999999
 84 77 88113145175193193174138 95 53 22  8 14 39 7611915718319017915512627 423TB 631195195419099999999999999 053 771313  899999999999999
101 88 89106132161182189179153116 75 41 19 15 28 56 9313116117817916414127 424TB 656189203118099999999999999 123 861345 1499999999999999
117100 95103122146168180178161132 97 63 37 25 28 45 7310713716016916515027 425TB 722181211116999999999999999 153 951419 2499999999999999
131113103104116134153167171163143115 86 59 42 36 43 61 8711413815415815327 426TB 751171215715899999999999999 2251021456 3699999999999999
140126114110113124138151159158147129106 82 63 52 50 58 74 9411613414614927 427TB 824159225514999999999999999 3 41101541 4999999999999999
145136127119117119126135142146144135121104 86 72 64 62 68 80 9711413014027 428TB 9 9146999999999999999999999 4 01171642 6299999999999999
145144138131124120118120125130133134129121109 95 83 74 70 73 82 9611212727 429TB 016145103513499999999999999 55511818 6 7099999999999999
140147148144136126116110108111117124130132128119106 92 80 73 73 81 9411227 430TB 144148125013299999999999999 7541081930 7299999999999999
130145154156149136120105 95 92 97108122134141140131116 98 82 72 71 80 9627 5 1TB 241156142414299999999999999 852 922035 7099999999999999
118139156165163150129106 86 75 75 86105127146156155143122 99 80 69 70 8227 5 2TB 319166152515799999999999999 931 732126 6899999999999999
104129154170175165143113 84 63 54 60 80109139162173168150124 96 76 67 7227 5 3TB 34917516131739999999999999910 5 5422 9 6799999999999999
 90117146170183179159127 90 58 39 36 52 82119155180188178153121 92 73 6827 5 4TB 4171841656188999999999999991038 352248 6899999999999999
 79103134165185190176145104 63 32 18 25 50 90134172195198181151117 88 7327 5 5TB 4451911738199999999999999991111 182326 7199999999999999
 74 91120153181195190164124 78 37 11  5 20 55102149186205201179145111 8627 5 6TB 5141961820206999999999999991147  4999999999999999999999
 77 84107139171193198182147101 54 17 -3 -1 23 6511516119520719817213810727 5 7TB 54419819 420799999999999999 0 3 771224 -599999999999999
 88 85 98124156183197192168128 81 37  5 -7  2 32 7612516819620319016313227 5 8TB 616197195020399999999999999 041 8413 5 -799999999999999
106 93 96113139167187193181152111 67 28  3 -3 11 43 8713216919119317915427 5 9TB 651193203819599999999999999 120 921348 -499999999999999
127108101107125149170184183168138100 61 28  9  8 24 55 9413416518218216827 510TB 729185213118499999999999999 2 11011436  699999999999999
147126112109116132150166174171155129 96 63 37 22 22 37 65 9913215917217227 511TB 815174222917499999999999999 2481091530 2099999999999999
161144128117114119130143155161158147126100 73 51 38 37 49 7210113015316527 512TB 915161233616799999999999999 3501141633 3699999999999999
167158144130119114114120130140147149144130110 87 67 54 51 59 7810312915027 513TB1047149999999999999999999999 5231131746 5099999999999999
163166159146131116106102104113125137145147139123103 82 67 61 67 8310613127 514TB 045166123814799999999999999 7 710219 1 6199999999999999
153166169162147127107 91 84 86 96113132147155151138117 95 77 70 74 8911227 515TB 147170141215599999999999999 819 8320 9 6999999999999999
138160173175164143117 91 72 64 68 83107133155166164150127103 84 76 81 9727 516TB 237175152216799999999999999 911 6321 8 7699999999999999
122148170181178161133101 71 51 45 54 77108140166178175158132106 88 81 8827 517TB 318182161817999999999999999 954 452159 8199999999999999
108134161181187177152117 81 50 33 32 48 78115152178189182161133107 90 8727 518TB 35418717 6189999999999999991033 302243 8699999999999999
 98120149174189188170138 98 60 32 19 26 49 86127164189195183158129105 9227 519TB 4281911750195999999999999991110 192324 9099999999999999
 93109135163185193184157119 77 41 18 13 27 58 9914217619519517815112310227 520TB 5 01931830197999999999999991146 13999999999999999999999
 94101122149175191191173140 99 59 27 12 15 36 7211515518419619016914111527 521TB 53019319 819699999999999999 0 1 941221 1199999999999999
 99 98111135161183191183158121 81 44 20 12 23 50 8913016618719217915612927 522TB 6 1191194419299999999999999 035 971255 1299999999999999
108 99104122147170185185170141104 66 36 19 19 37 6710614317118518316714327 523TB 632187202118699999999999999 1 9 991329 1799999999999999
120105102112132155174182175155124 89 57 34 25 32 53 8512015117217917215427 524TB 7 5182205717999999999999999 14210114 4 2599999999999999
132113104107120139158171173163140111 79 53 37 35 46 7010013015517017116127 525TB 740174213617299999999999999 2171041440 3499999999999999
143125111106112125141156164162150128102 76 56 46 48 62 8411113715616616427 526TB 820165221916699999999999999 2581061520 4599999999999999
153137122111109114125138149154151139121 99 78 63 57 62 75 9612014115616227 527TB 91015423 816299999999999999 34910916 5 5799999999999999
159148134121112108111119130139144143134119102 85 73 69 74 8610512514415727 528TB1019145999999999999999999999 5 110817 0 6999999999999999
161158147134119108102102109119129138140135125110 95 84 80 83 9411113014727 529TB 0 3161115114099999999999999 62810118 6 7999999999999999
159164159148132114 99 90 89 95108123136144143135121106 94 87 8910011613527 530TB 1 0164132714499999999999999 740 881916 8799999999999999
153165168162147125103 83 72 72 82100121141153156148133116100 92 9410412227 531TB 151168144515699999999999999 833 712022 9299999999999999
142161173174163141113 85 63 52 55 71 96125151168171162144122104 95 9710927 6 1TB 236175154617299999999999999 918 512121 9499999999999999
129152171181178160131 96 64 41 32 40 64 98134165183186173150126106 9710027 6 2TB 31718216391879999999999999910 0 322214 9699999999999999
115138163182188179154117 77 42 20 15 30 62103145179197196179153126105 9827 6 3TB 3561881728199999999999999991043 1523 2 9899999999999999
104123149174191193176144101 57 22  3  4 26 6411115719120620218115112310427 6 4TB 4361941816207999999999999991127  12348 9999999999999999
100110132160184198193170132 85 41  7 -8 -1 27 7012116719821020117714611927 6 5TB 51719819 3210999999999999991212 -8999999999999999999999
103102116141169191200190162120 73 30  0-11  1 33 7913017320120819616913927 6 6TB 6 0200195020999999999999999 0331011259-1199999999999999
115103106123148174193197184153111 65 26  0 -6 10 44 9013817720020218716027 6 7TB 645198203720499999999999999 1181021346 -699999999999999
132111103109127151174189190175145105 63 28  8  6 24 5910214517819519317627 6 8TB 735192212319799999999999999 2 41031435  499999999999999
150125108103110127149169181181166138102 66 37 22 23 42 7511415117818918427 6 9TB 829182221018999999999999999 2541031524 2099999999999999
166142120105101108122141158169170158134105 75 51 40 44 62 9212615617718327 610TB 932171225618399999999999999 3511011615 4099999999999999
175157135115101 96101113129145157160152135111 87 69 61 65 8210713516017527 611TB1047160234417999999999999999 5 0 9617 9 6199999999999999
178169151130110 95 88 90100115132146153151139121102 87 80 84 9812014316327 612TB1214153999999999999999999999 617 8818 9 8099999999999999
175175165147125103 86 77 77 86102122140151154147134118104 97 9911112914927 613TB 034176134715499999999999999 730 761915 9699999999999999
166175174163144119 94 75 64 63 74 9311613915516215814613011610810911913527 614TB 12617615 916299999999999999 832 62202410799999999999999
154169177175161138111 83 61 50 51 65 8811614416317216915613812211311412327 615TB 217178161317399999999999999 924 49212811299999999999999
140158173180175158131 99 69 47 38 42 61 9012315317518317716114112311411527 616TB 3 618017 4183999999999999991011 37222311399999999999999
127145164179183174152120 86 55 35 29 39 63 9713416618619018016013711911127 617TB 3511831747190999999999999991053 2923 911199999999999999
116130151171184184170142107 71 42 25 24 41 7111014817819319217615212911327 618TB 4321861825195999999999999991132 23234910899999999999999
109117136159179188183162130 92 57 31 19 26 49 8412516218819618816714111927 619TB 51018819 01969999999999999912 9 19999999999999999999999
106108122144168185189177151115 77 44 24 19 33 6210114117419319417915412827 620TB 546189193319599999999999999 0241051244 1999999999999999
109102110129154176188186168137100 63 35 22 25 46 8011915618219318616613927 621TB 62218920 519399999999999999 0571021318 2199999999999999
116102102115137162180187179156122 86 53 32 26 38 64 9913716818618817515127 622TB 657187203618999999999999999 1301001350 2699999999999999
126106 98104121144166180181168142108 75 48 35 37 55 8411915217618618016227 623TB 73418221 818699999999999999 2 5 981422 3499999999999999
138115100 98108126148166175172155129 98 69 50 44 53 7410413616318018217127 624TB 815176213918399999999999999 242 971454 4499999999999999
150127108 97 99110128147162167161144119 92 70 58 58 71 9412215017017917627 625TB 9 0167221318099999999999999 324 971529 5699999999999999
161140119103 95 98109125142154159152137116 94 78 71 75 9011213615917317727 626TB 955159225017799999999999999 415 9516 8 7199999999999999
169153132112 98 91 93103118134147152148136119102 90 86 9210612514616317327 627TB11 5152233217599999999999999 516 911656 8699999999999999
174164147127106 91 83 84 9310812614014914914112911510510210611713415116527 628TB1231150999999999999999999999 624 82175910299999999999999
173172161143121 99 81 71 71 80 9711813715115615314313011911411512413815427 629TB 02217414 515699999999999999 732 69191911399999999999999
167174173161141115 89 68 55 54 66 8711313915816916815914413012112012613927 630TB 120175152717099999999999999 833 53204111999999999999999
155170178176163139108 77 51 37 37 52 7811114416918318417215413612311912627 7 1TB 220178163118599999999999999 930 35215311999999999999999
140158175184182165136100 63 34 19 21 40 7311315218219719618115813612011627 7 2TB 3191851725199999999999999991024 18225211699999999999999
124141163182193188168133 91 50 19  4  8 33 7211916319520920418415613011427 7 3TB 4141931813209999999999999991116  3234311099999999999999
111122143169191201194169129 82 38  6 -7  2 32 7712817420521520517914812127 7 4TB 5 720118582159999999999999912 6 -7999999999999999999999
106106121147176198207196167123 74 29 -1-10  4 40 8914118521221619916913627 7 5TB 558207194121799999999999999 0291041254-1099999999999999
110 98102122151181202208194162116 67 26  0 -3 16 5510615619421321018715527 7 6TB 649208202021599999999999999 114 971340 -599999999999999
122 99 91100123153182201204187154110 65 29 10 13 37 7812516920021019917227 7 7TB 740205205821099999999999999 157 911423  899999999999999
139109 90 87 99123152178194194177145105 67 39 28 37 6410314518020020218527 7 8TB 831196213320399999999999999 242 8615 4 2899999999999999
156124 98 84 84 97120146169182181165137105 75 57 53 66 9212716018619619027 7 9TB 92618322 819699999999999999 330 821544 5299999999999999
170141113 91 81 82 95115137157168167155134110 90 79 80 9411714517018618927 710TB1028169224218999999999999999 423 801624 7799999999999999
178157131106 88 78 79 9010612614315515715013612010710110511713515617318227 711TB1143157232118299999999999999 524 78171010199999999999999
180168148125103 86 76 75 82 9711413214515215114413412512112313114515917127 712TB1321152999999999999999999999 637 74181312199999999999999
176173162144123101 83 72 68 74 8710512514215415815614814013413213714615727 713TB 0 917615 715899999999999999 753 68194413299999999999999
167172170160144122 99 79 65 59 64 7910012414616216916815914813813313514227 714TB 115172161917099999999999999 9 0 59211413399999999999999
153164171171162144120 94 71 55 50 57 7510113015617418117716414813412812927 715TB 22817217 618199999999999999 956 50221912799999999999999
138152166175175164143115 85 60 44 41 53 7610814116918618917916114112511927 716TB 3311761743190999999999999991042 4123 411999999999999999
124137155172181179164138106 73 48 34 36 54 8412115618319619217515112811427 717TB 4211821815196999999999999991123 33234011199999999999999
112122141163181188182160129 92 59 36 28 37 62 9813817319519918716313611427 718TB 5 31881845200999999999999991159 28999999999999999999999
104108125149174190193179151115 77 45 28 27 45 7711815718720119617514611927 719TB 540194191320199999999999999 0121041231 2599999999999999
101 98109133160184196192171138 98 62 36 26 35 61 9914017619720018615912827 720TB 616197194020299999999999999 043 9713 2 2699999999999999
103 92 96115143171191197185158121 82 50 33 33 51 8312316219020119317014027 721TB 65019720 520199999999999999 114 911330 3099999999999999
110 91 87 99123152178193192174143105 70 46 38 48 7310914818019719718115227 722TB 726195203020099999999999999 145 871357 3899999999999999
121 96 84 87105131159181189182160127 93 65 50 52 69 9913516819019818816427 723TB 8 3189205519899999999999999 218 831424 4999999999999999
134106 87 81 90110136161178182170146116 88 68 63 72 9412515618119419117427 724TB 844182212119499999999999999 253 811452 6299999999999999
148119 95 81 80 92113137159171172159137112 91 80 81 9511814516918619018027 725TB 931173214819099999999999999 332 791523 7999999999999999
160133107 88 78 80 92112134152163162152135116102 9710211613615717518418227 726TB1029164222118599999999999999 419 7816 0 9799999999999999
169148124101 84 76 77 8810512514315415715114012811911612113214716217417927 727TB114715723 417999999999999999 520 75165211699999999999999
175162143120 98 81 71 70 78 9411313314815615715214413713313414014916016927 728TB1337157999999999999999999999 636 69182113399999999999999
173171161143121 98 77 63 58 63 7910012414616116916916215214413913914515427 729TB 0 9174152617099999999999999 759 58202513899999999999999
165172173166150126 98 71 51 42 46 62 8912014917318518617616114613513213727 730TB 141174163318799999999999999 912 41215313299999999999999
148163176182177160131 96 62 36 24 28 49 8212115918820220018416213912412027 731TB 3 51821722203999999999999991015 23225112099999999999999
128145167186195190169134 91 51 21  8 15 42 8313017320421520618315312611027 8 1TB 41219618 32159999999999999911 9  8233710799999999999999
108121145174198209202175133 84 40  9 -1 11 45 9414619021722120417213710827 8 2TB 5 82091841222999999999999991157 -1999999999999999999999
 94 97117149183209219207175127 76 31  4 -1 19 6011316520622421919215411727 8 3TB 559219191622599999999999999 019 931241 -299999999999999
 90 81 91118154190215221205168119 69 29  8 12 39 8413718521622420817413327 8 4TB 647222194922499999999999999 059 811322  799999999999999
 97 75 72 89120159193215216196157111 66 35 24 36 6811416220021921519015127 8 5TB 734218201922099999999999999 138 711359 2499999999999999
112 80 66 69 91124160191206203181145105 70 50 49 6710214318220721319916827 8 6TB 821208204821499999999999999 217 651433 4799999999999999
130 95 71 63 72 95126158182193187166136105 82 72 7910113216619220520017927 8 7TB 9 9193211420699999999999999 258 6315 5 7299999999999999
148114 85 69 66 77 98125150169176170153132112 99 9810912915517819319518427 8 8TB10 2176214119699999999999999 341 651536 9799999999999999
161133105 84 72 72 81 9912014015416015714713512411912213214816517918518227 8 9TB11 9160221018599999999999999 432 71161011999999999999999
169149126104 88 78 77 83 9611212814114915214914514013814014615516417217427 810TB1256152225217499999999999999 540 7617 513899999999999999
170159144126109 94 83 78 80 8910211813314615515815815415014814815115616127 811TB1520158999999999999999999999 712 78192414799999999999999
164163157146132114 97 83 74 73 79 9311213215116417117016315414514114114627 812TB 014164162217199999999999999 840 72212614099999999999999
153160163161153138118 96 77 65 63 71 8911313916217818317716414813512913027 813TB 213163165718399999999999999 944 62222012899999999999999
138151163171170160141115 88 66 54 54 67 9112115317719119017715613512111627 814TB 3291721726192999999999999991030 52225511699999999999999
122137156173182179164137106 75 53 43 49 6910113717019219918916714111810627 815TB 41818217531999999999999999911 8 43232610499999999999999
107120143167186192184161127 91 60 41 38 52 8111915818920320018015012110027 816TB 4571921818204999999999999991141 372354 9499999999999999
 94103126155182198199182151112 74 46 34 40 6410114318020320719216212910027 817TB 5322011842208999999999999991210 34999999999999999999999
 86 88107137169195206198173135 94 60 39 37 53 8612816819821020117514010627 818TB 6 620619 421099999999999999 022 841237 3599999999999999
 82 76 88115150183204207191158117 79 51 40 49 7611415619020920818715311527 819TB 640208192621199999999999999 050 7613 3 4099999999999999
 85 70 73 94127163193207201177141101 69 51 51 7110414418020421019616612827 820TB 714207194721099999999999999 119 691328 4999999999999999
 93 70 65 77104139173196202190161125 91 68 61 72 9813316919620820117714227 821TB 75020320 820899999999999999 149 641353 6199999999999999
106 77 63 65 84115148177193193176147115 89 76 79 9712615818520120118515627 822TB 828195203020499999999999999 220 621419 7599999999999999
121 89 68 62 71 92122152175185180162137113 96 9210212214817419219718816727 823TB 911185205419799999999999999 255 611447 9299999999999999
137106 81 66 65 76 9712314816617316815413511911111312414216217918818617427 824TB10 5173212118999999999999999 336 64151911099999999999999
152125100 80 69 69 78 9611713815416116015214213313013314115316617517917527 825TB112116222 017999999999999999 432 6816 313099999999999999
163145123102 85 73 70 74 8710412314115315915915615114814714915416016516827 826TB1332160231616899999999999999 556 70175014799999999999999
167160148131112 92 75 65 63 71 8710913115116617317316816015114514414715427 827TB1533174999999999999999999999 740 63204914499999999999999
161167167161145123 97 72 54 47 53 71 9812915717919019017916214513212813227 828TB 137168162519299999999999999 9 3 47215912899999999999999
144160175182179161133 98 65 40 30 37 61 9513517219720720017915312811310927 829TB 31218317 42079999999999999910 5 30224310999999999999999
120141166189201196174137 94 54 26 18 30 60104151191214217200169134106 9127 830TB 4152011738219999999999999991056 182322 9099999999999999
 93112143177205218209180135 86 44 18 14 33 73123173210226218189149110 8127 831TB 5 72181810226999999999999991140 132359 7199999999999999
 72 82111150190219228213177128 77 38 18 22 51 96149195224228207168123 8427 9 1TB 5542281840229999999999999991219 17999999999999999999999
 61 59 78115159200226229208168118 72 40 29 43 78126175213228219187142 9727 9 2TB 63923119 822999999999999999 036 571256 2999999999999999
 63 48 54 81123167204224221195155110 72 51 51 7311215719722122220116211627 9 3TB 722225193422499999999999999 112 471329 4899999999999999
 76 50 44 58 90131171201214205179142106 80 70 8010714418120821720617713727 9 4TB 8 6214195821799999999999999 148 431359 7099999999999999
 95 63 47 49 68100137170192198186162133108 94 9411013716719320720418515327 9 5TB 850198202120899999999999999 223 451427 9299999999999999
117 84 61 53 60 8010813816317818016915113111711211913615817919319618616427 9 6TB 937181204419799999999999999 3 1 53145411299999999999999
135106 82 67 65 73 9011213415216316415714613613013113915216617818318016827 9 7TB103716421 818499999999999999 344 64152313099999999999999
148126105 88 79 77 83 9411012614015015415315014614514615015616316816916427 9 8TB1220154214116999999999999999 443 77161014499999999999999
155142127112 99 90 85 86 9210311613014215215715915815615215015015115315527 9 9TB15 8159231715599999999999999 621 85193915099999999999999
154151144135122109 96 87 82 85 9410812514315816817116815914914113613614027 910TB1558171999999999999999999999 8 9 82212913699999999999999
147153156154146132114 95 81 73 75 8610512815217118118017015413812512012427 911TB 210156162818299999999999999 919 7322 612099999999999999
134147160168166155135111 87 70 63 68 8511114016718619118316414011910710627 912TB 32316816531919999999999999910 5 63223410599999999999999
117135157174182177159132101 74 58 55 67 92125159186199195176148120 99 9127 913TB 4 81821717199999999999999991041 5423 1 9199999999999999
 98118145172190194182155121 87 61 49 54 76109147181202204189159125 96 7927 914TB 4451951739206999999999999991112 492328 7799999999999999
 80 97127161189204200179144106 72 52 48 63 94133172200211200172135 99 7327 915TB 51920518 0211999999999999991140 472355 6599999999999999
 65 76104142178204212199169129 90 62 50 57 82120161195213209186148107 7327 916TB 55221218212149999999999999912 7 49999999999999999999999
 56 58 81117159194214212190154113 78 58 57 75109149186210214197163120 8027 917TB 626216184221699999999999999 023 541233 5599999999999999
 54 46 60 92133175205216205176138100 74 64 74101138175204215205176135 9327 918TB 7 121619 221599999999999999 051 461259 6499999999999999
 59 42 46 69106148185207210192161124 94 78 79 9812816319321020718615110927 919TB 737211192321199999999999999 120 411325 7699999999999999
 72 47 40 53 81120158188202198177147117 96 9010012315318120020519216412727 920TB 815203194520599999999999999 151 401353 9099999999999999
 90 60 44 46 63 9312816118319118316413911810710812214516918819619217314427 921TB 85919120 919799999999999999 225 43142210699999999999999
111 80 59 50 55 7310012915517217717015613912612212814115817318418517615727 922TB 954177203718699999999999999 3 7 50145512299999999999999
132105 82 66 60 64 78 9812214315816416315514714013914315016016717217016327 923TB1115165211817299999999999999 4 5 60154613999999999999999
149131111 92 77 69 68 75 9010912814615716316316015615114914915015315715827 924TB1332164231215999999999999999 537 67184114899999999999999
157152141126107 89 74 65 66 76 9411613915917217717516615514313513213514327 925TB15 9177999999999999999999999 726 64205913299999999999999
153161164159144122 96 73 57 53 62 8311214316918719218516814712711411111827 926TB 155164155419299999999999999 848 53214611099999999999999
135155174183180162132 98 67 46 42 54 81118155186203203186158127102 88 9027 927TB 315184162920699999999999999 946 412224 8799999999999999
107134165191203197173135 94 59 38 37 56 91134175205216205177138101 75 6527 928TB 41220417 0216999999999999991034 3523 0 6599999999999999
 75102140179208219208176132 88 53 37 43 69110157197220219196156111 73 5027 929TB 5 02191729223999999999999991115 362335 4699999999999999
 48 68105151193221227209172125 82 53 44 58 92137182214225212177130 83 4827 930TB 5452281757225999999999999991153 44999999999999999999999
 33 41 70114163204226226202162117 80 60 61 83121165202223220194151102 592710 1TB 628229182422599999999999999 010 321227 5799999999999999
 31 26 43 79126173208223216188149111 83 73 84112150187213220204170124 782710 2TB 710224184922099999999999999 044 251259 7399999999999999
 43 26 30 54 93138179205212200172138109 92 921091391721992132071821441012710 3TB 751213191221399999999999999 118 251329 9099999999999999
 63 38 31 42 701081471781961971821571311121051131331591842002021871581222710 4TB 832199193620399999999999999 152 30135810599999999999999
 86 58 43 43 59 861181491721831801661471301201201311491691851911841661392710 5TB 917183195919199999999999999 227 41142711999999999999999
108 81 63 55 60 75 981231461621681651561441341301341441561691761751661482710 6TB1010169202617699999999999999 3 6 5515 113099999999999999
127105 86 74 70 75 871031221391511571571531471421401421471531591611581512710 7TB112915821 016199999999999999 357 70155914099999999999999
139124110 97 87 83 84 911021161301431511561571541501461431411421441451462710 8TB1339157224314699999999999999 518 83191214199999999999999
144139131120109 98 90 86 89 971091251401541621651621541441341281261281342710 9TB1459165999999999999999999999 7 8 86205512699999999999999
141146147142132118103 90 82 82 91106126146163173174166151133118110109117271010TB 143147153617599999999999999 829 81213210899999999999999
130144156160155142122101 84 75 76 88109135159177184179162138114 97 91 97271011TB 3 016016 418499999999999999 922 7422 1 9199999999999999
113135156171175165145119 93 75 68 75 93121151177191191175148117 91 76 76271012TB 34717516281939999999999999910 1 682229 7499999999999999
 91117147173187186170142110 83 67 66 80107140172194200188160125 90 66 58271013TB 4261891651200999999999999991035 652257 5899999999999999
 68 94129165191201192167133 99 75 64 71 94127163192206200175137 96 62 44271014TB 5 220117132069999999999999911 6 642325 4399999999999999
 46 68104146184206209191159122 89 70 68 85115152186207208189153108 67 39271015TB 5372101735210999999999999991136 672354 3099999999999999
 30 44 76120165199215209184147110 83 72 80104139175202212200169125 79 43271016TB 61321617582129999999999999912 5 72999999999999999999999
 23 25 49 90137180209216202172135102 83 82 98128162193209206183144 98 55271017TB 650217182221199999999999999 024 211235 8099999999999999
 27 17 30 61105152189210210190158125100 90 97119149180201206192161119 76271018TB 729212184720799999999999999 056 1713 5 9099999999999999
 40 21 21 40 75119160190203197176147121104102115138165188199195174140100271019TB 810204191420099999999999999 130 18133710199999999999999
 63 36 25 31 53 87126161184192184164141122114117132152172186189178156125271020TB 858192194418999999999999999 2 9 24141211499999999999999
 91 61 41 35 43 64 94126154173178172158142130126130142156168175174163144271021TB 956178202117699999999999999 256 35145712699999999999999
119 92 69 54 48 54 71 94121144161168166158147139136137142149156160159153271022TB1115168212416099999999999999 358 48161413699999999999999
140123103 84 68 60 61 71 90112135153164167164156147139134132133138144149271023TB1256167235015199999999999999 525 5919 213299999999999999
150146136120100 82 68 63 68 83105130152168175173163149133120112112119131271024TB1416175999999999999999999999 7 0 63203111199999999999999
145156160154138115 91 71 61 64 79104133159179186181164141116 97 88 90104271025TB 15416015 518699999999999999 817 612119 8799999999999999
125149169178173153125 95 71 59 63 81110143173192196183156123 92 70 63 72271026TB 3 8178154319699999999999999 916 592158 6399999999999999
 95127160185195187163129 95 70 60 67 91124160190204199176139 99 65 45 43271027TB 4 419516162059999999999999910 5 602235 4199999999999999
 61 94135173200208195166128 93 71 65 78107144180204210194160115 72 39 25271028TB 4532081646210999999999999991048 652311 2599999999999999
 32 59100147187211214196162124 92 74 75 95128165196212206179137 89 47 20271029TB 5372161715213999999999999991126 722346 1499999999999999
 14 30 66113160198216212189154118 92 81 90115149183206211194158112 65 29271030TB 62021717432129999999999999912 2 81999999999999999999999
 11 14 38 79127172203214203177143113 94 92108136168195208201175134 88 47271031TB 7 0214181020899999999999999 021  91236 9199999999999999
 20 11 23 53 96141179201205190163133110100106125153180198200184153112 712711 1TB 740206183720199999999999999 055 1113 810099999999999999
 38 20 20 39 71111150180194191174149126110108119140164184192186164132 952711 2TB 81919519 519299999999999999 129 18134010799999999999999
 61 38 29 36 57 891241551761831761601391221141171301491671791801681451162711 3TB 9 0183193418199999999999999 2 4 29141411499999999999999
 85 60 45 42 53 741021301541681711641501341231201251361501621681641511312711 4TB 94517220 816899999999999999 241 42145412099999999999999
107 84 66 57 58 68 871091321501601621561451351271251281361441511531491392711 5TB1040162205315399999999999999 325 56155212599999999999999
124106 89 76 70 71 79 941121301451541571531461381301261251281321371401392711 6TB1153157221814099999999999999 422 69174412599999999999999
133124112 99 88 81 80 85 971121281431531581571501401291201141131171231302711 7TB1315158999999999999999999999 541 80194211399999999999999
135136131122110 98 88 84 87 97112129146158164162153138121107 98 961031142711 8TB 038136141516499999999999999 7 7 842040 9699999999999999
128139145143134120104 91 85 87 97115135154168172166150128105 87 78 80 932711 9TB 216145145617299999999999999 815 842118 7799999999999999
112134151159157144125105 90 83 87101122146167179178164139110 82 63 58 68271110TB 317160152718099999999999999 9 8 832151 5899999999999999
 89118146167175169151126103 86 82 90109135162181188178154120 85 56 41 43271111TB 4 3175155618899999999999999 951 822223 4099999999999999
 62 94131163184188176151123 98 84 84 98123152178193191171136 95 57 31 23271112TB 4441891623194999999999999991030 822255 2399999999999999
 35 64105147181199197177148117 93 84 90110139170192199186155113 68 32 12271113TB 52420016511999999999999999911 7 842328  999999999999999
 12 34 73119164195207199173140110 91 87100126157185200197174135 88 44 12271114TB 6 42071721201999999999999991143 87999999999999999999999
  0 10 40 85134177204209194165132105 92 95113142172194201188157113 66 26271115TB 645210175220199999999999999 0 4  01219 9199999999999999
  1 -3 14 51 98147185205204185155125104 97106127156181196195175139 95 51271116TB 727207182519899999999999999 042 -41256 9799999999999999
 17 -1  2 25 63110154186200194174146121105104117139164183191183160124 83271117TB 81220019 219199999999999999 122 -2133510399999999999999
 44 17  5 13 38 75117156181191183163139119110112125144164177180170147114271118TB 9 1191194418199999999999999 2 7  5141910999999999999999
 78 46 25 18 27 51 84121154174181173156136121114117127142156165166157138271119TB 955181203816799999999999999 256 18151311499999999999999
112 82 56 39 33 41 62 91123150168173167153136123116115121131142150153149271120TB1056173215715399999999999999 354 33163311599999999999999
136116 93 71 55 49 55 71 96123147164170165153137123112106107114124135143271121TB12 2170234914699999999999999 5 2 49182110699999999999999
146140126108 88 72 63 66 79100125148164171167154136117101 90 88 94107123271122TB13 6171999999999999999999999 617 631946 8899999999999999
139149150141124104 86 75 74 85105129152169175170154130105 83 69 66 75 94271123TB 13615114 217599999999999999 732 732044 6699999999999999
118141157163156139116 96 83 81 92112137161177181171149119 87 61 47 46 61271124TB 256163144818199999999999999 838 802131 4599999999999999
 87118148170177169149124101 88 87 99121147171185185168138102 66 39 27 32271125TB 358177152818799999999999999 934 862213 2799999999999999
 54 87126160183188177154126103 91 92107132160182191184159123 81 45 20 13271126TB 45018916 5191999999999999991023 902252 1399999999999999
 25 54 95137173193195179153124102 93 99118145172190193177145104 61 26  7271127TB 53519716401949999999999999911 7 932330  599999999999999
  7 27 63107151184199195175146118100 95106129157181193188165128 84 43 13271128TB 6172001714194999999999999991146 95999999999999999999999
  1  9 36 77123164191200189165136111 98 99116141168187192178149108 66 29271129TB 656200174619299999999999999 0 6  11223 9699999999999999
  7  3 19 51 94138173193194178151124104 97106126152175187184164131 90 51271130TB 733196181918899999999999999 042  21257 9799999999999999
 22  8 12 34 70111150178189183163137114100100113135159177182172147113 752712 1TB 8 8189185118299999999999999 116  71330 9899999999999999
 42 21 15 27 53 88126158177181170149125107 99105121142161172171157131 982712 2TB 843181192617499999999999999 150 1514 5 9999999999999999
 66 40 27 28 44 721051371611731711571361171041011091251431571631581421172712 3TB 91917420 316399999999999999 224 25144310199999999999999
 88 62 44 37 44 62 891181441611671611461281121031031111241381481511451292712 4TB 958167204915199999999999999 3 0 37153110299999999999999
108 85 65 53 52 61 791031271471591611541401241111031031081181281361391342712 5TB1041162215113999999999999999 339 51163610299999999999999
122105 88 74 66 66 76 92112133149157158150137122109100 97 991071161251302712 6TB1131159232113099999999999999 426 6518 3 9799999999999999
129122110 97 86 79 80 87101119136150157157149135119103 91 85 85 931041172712 7TB1226158999999999999999999999 527 791923 8499999999999999
127131129120109 98 91 90 95107123140153160159149133112 92 76 68 69 79 962712 8TB 1 8131132216099999999999999 642 892022 6799999999999999
115131140141134122109 99 95100111127144158165162148126100 75 56 48 53 692712 9TB 237141141216599999999999999 758 9521 8 4899999999999999
 93119141154156148132116103 98102114133152166171164144115 82 53 34 29 40271210TB 340157145617199999999999999 9 3 982149 2999999999999999
 64 96129155170170158138118103 98103119140161175176163135 99 61 30 13 13271211TB 431172153617799999999999999 958 982230 1199999999999999
 31 63103142171185181164139116100 97106126150172183179158123 80 40  9 -4271212TB 5171851616184999999999999991046 962311 -599999999999999
  2 28 68114156185195186164136111 97 97111134161182189179150109 62 21 -7271213TB 6 11951657189999999999999991130 952353-1699999999999999
-16 -2 31 77127169195200186159129105 94 98117143170189191174140 95 47  7271214TB 6442011738192999999999999991213 93999999999999999999999
-17-20  0 39 89139178199198179150120 99 92101123151177191188167129 82 36271215TB 728201182219299999999999999 037-221255 9299999999999999
 -1-19-16  9 51101149183198192169139111 94 92105128155178188181157119 73271216TB 81119819 818899999999999999 121-211338 9199999999999999
 31  0-13 -4 24 67114157184193182157128103 91 92107130154173179171146110271217TB 854193195817999999999999999 2 6-131423 9099999999999999
 70 33  9  2 14 43 84126162182184170145118 98 88 91105126146162167159137271218TB 937186205416799999999999999 252  11514 8899999999999999
106 72 42 24 22 36 65101136164177175159135111 93 85 87 99116134148153148271219TB102017822 115399999999999999 338 211615 8599999999999999
131106 80 58 45 46 60 85115143164172166150127105 89 80 80 88102118133141271220TB11 4172232514299999999999999 427 441729 7999999999999999
140130113 93 77 68 69 81101125148163167160144123101 83 71 68 73 86103120271221TB1153167999999999999999999999 523 671851 6899999999999999
132138134124110 96 88 88 97113132150162164157141119 95 74 59 53 58 71 90271222TB 1 6138124616599999999999999 631 8720 6 5399999999999999
111130141144138126113104101106119135151161164156139115 88 63 45 38 43 59271223TB 247144134516499999999999999 75110121 7 3899999999999999
 83110134151157152139124112106109121136152164166157137108 77 49 30 24 32271224TB 4 2157144316699999999999999 9 81062158 2499999999999999
 52 82115144163169162146128113106109121139156168169156132 99 64 35 16 13271225TB 45616915351709999999999999910111052242 1299999999999999
 26 53 89126157175178166146124107101107123144162173171153123 86 49 20  5271226TB 54017916201749999999999999911 01012323  499999999999999
  7 27 60101141170184181163138114 99 97107128151170177170146111 70 34  8271227TB 61718517 1177999999999999991140 96999999999999999999999
 -1  8 35 74118156181187176153125102 91 95111136160176179164134 95 54 20271228TB 651188173818099999999999999 0 0 -11215 9199999999999999
  1 -1 17 50 93136169186184165137110 91 86 97119146168180175153118 77 39271229TB 723187181318099999999999999 035 -31248 8699999999999999
 11 -1  7 32 71114152178185174149120 96 83 86103128154173178165138101 61271230TB 752185184717899999999999999 1 7 -11319 8299999999999999
 28  8  6 22 54 94134165180177159131103 84 79 89110136160172170152121 84271231TB 820181192217399999999999999 137  41350 7999999999999999
