116151191227249254242216184155140141158187221252271272254221179136102 8427 1 1TH 44625516342749999999999999910261382341 8299999999999999
 84105138179218247260256238211184165159167187214239256258242211170128 9327 1 2TH 6152611736259999999999999991154159999999999999999999999
 73 73 9312817321825527527626123420217616216317920322924825223720616411927 1 3TH 734278184325399999999999999 030 70132416099999999999999
 81 60 61 8412517622827029329527624420517215315317019822825025423720115427 1 4TH 833297194125599999999999999 127 57142915199999999999999
104 64 44 51 8213119024729031030628023919415714014516920323826025923519127 1 5TH 918311202926399999999999999 215 43151513999999999999999
137 84 45 31 48 8914721227030932030627022217313812914417821925527326322727 1 6TH 956320211027399999999999999 257 31155112999999999999999
174114 60 27 25 5410617223829332232129424919514712212615319524127428225927 1 7TH1028325214628399999999999999 334 22162212099999999999999
212151 87 37 15 28 7013220226731232731227322016412411313117021926428928427 1 8TH1058327222029199999999999999 4 8 15165111399999999999999
247190123 60 19 13 41 9616523629432532329424518613510811314519224328429627 1 9TH1126328225329799999999999999 440 10172010699999999999999
275227162 94 37 10 22 6612920227031632931126921215311110112116321526429527 110TH1153329232729899999999999999 512 10174910099999999999999
293258202134 68 23 15 43 99168240299328323290238177123 9510113418223527927 111TH1220330999999999999999999999 543 131819 9499999999999999
296280236175109 52 23 32 75137208274318329307263204144100 8810714819824927 112TH 0 2296124832999999999999999 615 211851 8899999999999999
284289263214154 93 49 37 61112175242296323317283231171117 86 8811616021027 113TH 039291131832599999999999999 649 361927 8399999999999999
255280276246198143 92 62 64 96148207264303314295253199143 98 79 9012216627 114TH 122282135131499999999999999 726 5920 8 7999999999999999
213253271264236193146107 88 97130176226270295294269226174124 88 76 9012127 115TH 213272142829899999999999999 810 882057 7699999999999999
164208244261258236202165134121129155191230261277272246206159115 83 73 8427 116TH 319262151627899999999999999 9 71212159 7399999999999999
113152195232255260248223193167152152167192220244257254233197154112 79 6427 117TH 44626016202589999999999999910291502314 6499999999999999
 70 95134179223256272269252225197173162165180203227244247232200157112 7227 118TH 6212731741248999999999999991216161999999999999999999999
 49 49 7211316521926329029528125221618115815316418821724225324221016310927 119TH 74429619 125399999999999999 031 46134815299999999999999
 60 28 23 48 9515722227831332030426922217514413514918021825326925922216627 120TH 84832120 827099999999999999 139 21145013599999999999999
102 43  4 -1 29 8515723229733433931627121415812311914118122927229027422927 121TH 93934121 329099999999999999 238 -3153811799999999999999
164 91 23-18-17 21 8616725031735034731526019313310310814119124729330828427 122TH1024353215230899999999999999 329-23162010199999999999999
230157 75  4-32-21 27100187273336359345302237163106 8710414720526831231827 123TH11 5359223932199999999999999 416-331659 8799999999999999
285224144 59 -8-33-10 47126216299349358331277204130 82 7710615722228532227 124TH1143359232432699999999999999 5 0-331737 7499999999999999
318277211129 47 -9-19 16 79161249320354346307243166 98 66 7411317023729527 125TH1217355999999999999999999999 541-211816 6499999999999999
321308263195116 43  4 11 54121201279333346323273203129 74 58 7812218124627 126TH 0 9322125034799999999999999 621  21855 5899999999999999
295310291245181110 54 33 52 99164236298330326291234165101 62 59 8613219027 127TH 055310132233399999999999999 7 0 331935 5699999999999999
246284292271229173116 78 73 97143200258300313296255198136 86 62 67 9614027 128TH 145293135531399999999999999 740 712018 6199999999999999
191238267272254220176136114116139177221261285285262221170121 85 70 7810427 129TH 241273143028899999999999999 82511221 8 7099999999999999
142185223248255245221192166152153169195223247259254232198158120 93 81 8627 130TH 353255151225999999999999999 9241512212 8099999999999999
106137173207233246246235216197183178182194210224232229215190159128102 8827 131TH 52924816172329999999999999911 41782335 8599999999999999
 8610012515919522724925925524122120118417717918920221421921319516813610727 2 1TH 7122591759219999999999999991316176999999999999999999999
 86 78 8711315019223226227727525823120017415915917219221222522420617613827 2 2TH 822278192622799999999999999 058 78143015799999999999999
101 73 63 7410515020024728229528826222518415213814416619622624324021617727 2 3TH 9 8296202224599999999999999 159 63151013899999999999999
130 84 53 46 6610716122027030130728825120315612712214117521625026525321727 2 4TH 94230821 326599999999999999 246 45154012199999999999999
166109 60 32 36 6812118524829531630727522617012610811915219824527728125527 2 5TH1012316213828399999999999999 323 3016 610899999999999999
206144 81 34 18 37 84148218279315320296249190134100 9912717322727529728627 2 6TH1038322221029899999999999999 356 181631 9699999999999999
244183114 50 14 17 53113185256308327312272214150101 8510314520125829930627 2 7TH11 2327224130899999999999999 426 101656 8599999999999999
278223154 81 26  8 31 83152228293328325293238171110 76 8111616923028531227 2 8TH1126331231331399999999999999 455  81722 7499999999999999
302259195122 54 15 19 60123198270321333310261196127 77 64 8813519525730327 2 9TH1149334234631499999999999999 524 121749 6399999999999999
313287234166 95 39 22 46100169242303333323281221151 88 55 6310115722027727 210TH1214334999999999999999999999 554 211818 5499999999999999
309304267210143 80 42 45 84143211276319326297244177110 61 47 7111817723827 211TH 022312124032899999999999999 625 381850 4799999999999999
286305289248192131 82 63 80124182243292316304262204139 81 48 50 8213319127 212TH 1 130513 931699999999999999 7 1 631926 4499999999999999
246283293273234185135101 96119160209256289295272227171114 68 49 58 9214027 213TH 148293134229699999999999999 741 9420 9 4899999999999999
192240271278262231193156134133151183219251269266242202153107 72 57 66 9427 214TH 247278142327199999999999999 83313021 7 5799999999999999
135180223253265260241214188169164171189210230242240223193155116 85 67 6727 215TH 411265152324399999999999999 9541642230 6599999999999999
 85117157200236260268262244221199181174177189204219226222203172136 99 7127 216TH 6 226817 9227999999999999991211174999999999999999999999
 57 64 9013117922626428628927424721418216015416318320823023822719815510827 217TH 739290185723899999999999999 011 57135215499999999999999
 65 38 37 6210816722827930931429625921216513412714317421324926625622116827 218TH 84131520 926699999999999999 133 34144712799999999999999
107 49 13 11 43 9816824130133233130325319213610510613417923227829628023527 219TH 92733521 229699999999999999 233  8152710299999999999999
170 95 28 -9 -3 38104185265325347334293230158101 79 9513619525930731929327 220TH10 6348214832099999999999999 322-1116 3 7999999999999999
237161 77  9-19 -1 52127214295344351323268193117 69 64 9414821828632933027 221TH1040353223033599999999999999 4 5-191637 6199999999999999
292227144 58 -1-13 20 82163251322353341298230148 77 46 5910316724230833927 222TH1112354231234099999999999999 444-151711 4599999999999999
327280210124 45  3 10 55123206287339348318260183103 47 36 6411918926431927 223TH1141350235333699999999999999 521  01744 3499999999999999
336313261188108 45 24 47 99170248312341328283215136 67 31 39 7813821027727 224TH1210341999999999999999999999 557 241819 2999999999999999
318322292238170102 60 58 91146212277320325295240170 98 47 32 52 9815922527 225TH 035325123832899999999999999 632 541853 3199999999999999
279306301269218160110 89100135186242287307295255198134 77 45 45 7311917527 226TH 11930813 730799999999999999 7 9 881930 4199999999999999
230271287278249207163132124139171212251277279257217165114 75 59 67 9413527 227TH 2 7287133628199999999999999 7491242010 5999999999999999
182225254265259237208179162159170192218240251245223189150114 89 81 8811027 228TH 3 626514 825199999999999999 84015821 1 8199999999999999
14117721023524724823722020319018418619420621622021520117915312911010110227 3 1TH 4322491458220999999999999991017184222610099999999999999
11413516319321923924924924022621019418418018319019720119918817115012911127 3 2TH 62925017122019999999999999913 0180999999999999999999999
10210512114718021324326226725924021418716515615917218920621421019316613527 3 3TH 753267191221599999999999999 018101141315699999999999999
107 88 8710413617722125928128426923920116313813314517020122824123420917127 3 4TH 839285201024299999999999999 135 85144713299999999999999
127 88 66 68 9413719024228230029326522117213111211914618522826026925121227 3 5TH 912300204926999999999999999 225 64151411299999999999999
160105 62 45 59 98153215271305310288245189134100 9611916221426329028725427 3 6TH 940312212329399999999999999 3 2 451538 9499999999999999
201136 75 37 35 65118184251301321308269211147 96 77 9313318925029631129027 3 7TH10 5321215431199999999999999 334 3116 1 7799999999999999
243177105 47 24 41 87151224288323322290235166102 66 6810315822428532031727 3 8TH1027327222532499999999999999 4 4 241625 6299999999999999
280220146 75 30 28 63122194266318331308258190117 63 48 7312318825831233127 3 9TH1050332225733199999999999999 433 241650 4899999999999999
310261192116 54 30 49 99165239302333322279215140 72 37 46 8815022128832927 310TH1113334233033499999999999999 5 2 291717 3599999999999999
329294236165 93 48 46 83140209277323329296239167 92 38 26 5511017824930727 311TH1138332999999999999999999999 532 421746 2599999999999999
332317274213144 85 60 76122181245300324308260194121 56 22 30 7213320226827 312TH 0 633212 632499999999999999 6 5 601818 2099999999999999
314324300255196136 94 86112159214267303306275221154 88 39 23 44 9115121627 313TH 046325123631099999999999999 642 851855 2399999999999999
273307308283241190144117120146186231269287277241188129 76 41 37 6110516027 314TH 133311131028899999999999999 7241151939 3599999999999999
216263289290271238199166148151170199229253260247215172125 84 59 56 7410927 315TH 233293135226099999999999999 8211472038 5599999999999999
154201242268276268247220195178173179193210225232225206176142108 84 73 7827 316TH 35827615 123299999999999999 9561732210 7299999999999999
100134176217250270276267247222197179169171182198212220216200172138105 8027 317TH 5512761713220999999999999991219169999999999999999999999
 70 7910814919724227629329127123820016614514215518020923424423420616411727 318TH 72129419 224499999999999999 0 2 70134114199999999999999
 75 52 55 8413118924729331431028223718413811211313717622226227926823217827 319TH 81831620 627999999999999999 123 50142711099999999999999
116 61 31 36 72129198266315332317277218152101 81 9513318824929631129224527 320TH 9 0332205531199999999999999 221 2915 4 8199999999999999
178104 42 16 31 77144222293334338309254182110 65 60 9014321228132633230127 321TH 935341213833499999999999999 3 7 161537 5799999999999999
243166 86 29 16 44100175255319344329284216135 68 38 52 9816424131034533727 322TH10 6344221834799999999999999 347 1516 9 3899999999999999
296229147 70 27 31 72136214289336340307247168 88 34 26 5811619127033035027 323TH1035344225735099999999999999 424 231640 2499999999999999
330280208127 62 40 61111178254315339321272201119 49 16 29 7514121929333827 324TH11 3339233734699999999999999 459 401712 1599999999999999
343313258185113 68 65 98152219285325326290229154 78 26 16 44 9916924530627 325TH1131331999999999999999999999 534 611744 1499999999999999
335327291234167110 86 98136191251299317299251185113 52 22 30 6912719626227 326TH 016336115931799999999999999 6 9 851817 2099999999999999
307321305267213158120111131170219266295294263211148 87 46 35 55 9715421527 327TH 056321122829999999999999999 6461111850 3499999999999999
267297302283246201161139140160194233264275261227178125 81 58 59 8312317327 328TH 140303125727599999999999999 7271361926 5599999999999999
222260280281263234200174161164180204229245246229199160122 93 81 8610714027 329TH 231283133124899999999999999 8191612011 8199999999999999
17921724626126425323321019218117918619921222021820718616113511610710812127 330TH 339264142122099999999999999 944179212310699999999999999
14417320322924725625324222520719118017618018819620220119317816014112611827 331TH 5162561626202999999999999991157176231811799999999999999
12013515918821824326026425623721318716615515716818520221421620518415813227 4 1TH 6502641838217999999999999991321154999999999999999999999
11210711814418021825227527926723920416713912913716019022124224623020016127 4 2TH 746280194124799999999999999 05010714 212999999999999999
122 95 8810413918423227229429126722717813410810712916721225327527324620227 4 3TH 824295202327899999999999999 147 88143210499999999999999
150102 74 74101147203258297308292252198141 97 82 9713618924528930428824827 4 4TH 853308205930499999999999999 229 701458 8299999999999999
191128 78 58 72112170233288316311277223157 97 64 6710215622128332032129127 4 5TH 920318213232599999999999999 3 4 581524 6199999999999999
237169102 60 56 85138203269314323298248180109 57 43 6811918625831633932427 4 6TH 94532522 533999999999999999 336 531549 4299999999999999
281217143 81 55 69112172241300328315271207131 63 28 37 8114422029233934527 4 7TH1010328223934899999999999999 4 8 541617 2699999999999999
317263193121 72 64 94146210275320325292233160 83 27 14 4410217425231834927 4 8TH1037328231635199999999999999 440 621646 1399999999999999
341302242171107 76 86126181244299324308259191115 46  8 16 6112620227733127 4 9TH11 6324235534899999999999999 514 751719  699999999999999
348329284223157106 92114157211267307312280223152 80 24  6 29 8114922429127 410TH1138315999999999999999999999 551 921755  699999999999999
332338313268210153118116141182231275299290250191125 62 23 18 4810116623427 411TH 039340121430099999999999999 6341121837 1599999999999999
291322322298257206162137139162197236268279263224171114 65 37 39 6711517227 412TH 130326125527999999999999999 7241351927 3499999999999999
231279305306287254214178159158173198226247254241210169124 86 63 61 8211927 413TH 234309135025499999999999999 8321562033 5999999999999999
166217259286294284260228197174165169183203222233230213185150116 90 79 8727 414TH 355295151823399999999999999101116522 6 7999999999999999
112151196240273291290273244210179158151158177201222234232215184148112 8827 415TH 52829317222359999999999999911571512346 8299999999999999
 83 9913317822727029730228725421116813612313015519022725426324921717212427 416TH 64530318532639999999999999913 7122999999999999999999999
 87 72 85120170227278309314293251197142104 9210714419324528429627924018427 417TH 740315195429699999999999999 1 3 721355 9299999999999999
125 79 62 78119176240295323318286233167106 70 68 9614721127331532229824927 418TH 822325204332499999999999999 2 0 621433 6499999999999999
184116 70 60 84132196263313330311265200126 67 42 5610016423830433933730327 419TH 857330212634399999999999999 246 5915 7 4299999999999999
245172105 66 68102157225289327326291232157 83 34 28 5911619026832835233827 420TH 92833122 635299999999999999 327 621539 2599999999999999
295230156 96 72 88130190257310329309259191112 46 16 29 7414122029634435327 421TH 958329224435499999999999999 4 4 721611 1599999999999999
328278210140 94 87114163224284320319282221147 73 22 13 43 9917225031534827 422TH1027324232235099999999999999 440 851643 1199999999999999
344310255188129101108143194252300317297248181108 45 15 25 6712920327532527 423TH1057317999999999999999999999 516 991715 1499999999999999
342328288231170127114132170221271302301268212145 80 34 23 47 9616023029027 424TH 0 0342112830699999999999999 5531141748 2399999999999999
325330307264210161132131154193239276291277237180118 66 39 43 7512618824927 425TH 03933112 129199999999999999 6321281822 3799999999999999
295317312286243197160143148172208245269271249208157106 69 56 6910315220727 426TH 119318123527399999999999999 71514219 0 5699999999999999
257290303294267229192165155162183212239252248226189147109 85 80 9512717027 427TH 2 4303131625399999999999999 8 51551944 7999999999999999
21625528028827825522519517416416818420522423322921218515312510710411514127 428TH 257288141223399999999999999 911164204510399999999999999
17621324626827627125222720117916616517419020621722021219517114712912112527 429TH 4 62761546220999999999999991038164221112099999999999999
14317120523626027327225723220317615614915617219321322622821719616914412727 430TH 52427417392299999999999999912 1149234312399999999999999
12313616319723326227927926223219516013512613616019222424725524421818314827 5 1TH 6302811855255999999999999991258126999999999999999999999
12211412615619623827329128726222217513210510212215920424827828426723218727 5 2TH 719292194628599999999999999 054114133810099999999999999
141110103121158206254291303288250198142 96 75 8411917022928030930928223527 5 3TH 756303202931399999999999999 1461021411 7499999999999999
179127 97 97125171225277307307277226163101 59 52 7812919326131333532328527 5 4TH 82931121 733599999999999999 229 931442 5099999999999999
228165112 90102140192251299317300255192121 59 30 41 8514822329434035032627 5 5TH 9 1317214535199999999999999 3 7 901513 2999999999999999
278215148102 93117162219276314316282224152 78 26 14 4310017325332135635427 5 6TH 932320222536099999999999999 345 921546 1299999999999999
320266198135101105138187245296320304256189113 43  5 11 5412019927933936227 5 7TH10 632023 636299999999999999 423 981621  299999999999999
349310251183129108122160210265307314284228156 81 21 -2 19 7114122129734627 5 8TH1042316235136099999999999999 5 310817 1 -299999999999999
359340296236173129119140179228277306301263203132 62 14  4 33 8916023730527 5 9TH1121309999999999999999999999 5471191744  399999999999999
345351328283225170136132154192237278297284243185118 58 21 20 5110617424527 510TH 04035212 629799999999999999 6361301832 1699999999999999
305337339315273220171144142162196236269282267230178120 69 40 41 7011918127 511TH 133342125828299999999999999 7331401928 3699999999999999
245297325326305266219176150147162191225253265255226183135 92 65 64 8612827 512TH 23332914 326599999999999999 8391462034 6199999999999999
182239286313316298264220179152143153176206235252252234202161121 92 84 9827 513TH 339317152925599999999999999 9571432152 8499999999999999
132179230274303310296264221178145130134155187221248260253228191150116 9927 514TH 44931017 82609999999999999911161292315 9999999999999999
10513117322226829930929626221616812810811013417121525427727825721917413327 515TH 5553091832281999999999999991223106999999999999999999999
108107130171220268301310293255203147103 82 8811916622227130130428124018827 516TH 651311193630699999999999999 0311041315 8199999999999999
140110109133174226275307310286239180119 73 58 7411517323929432432429724927 517TH 737313202832899999999999999 1331061358 5899999999999999
191139110113141186240288312305270215148 86 46 42 7112419226331834233430027 518TH 816313211434399999999999999 2251081436 4099999999999999
246184134112122155204258300313292246183113 55 28 39 8114321828833635133427 519TH 852313215635199999999999999 3101111512 2899999999999999
292233171128117136175226277308306272217148 80 33 23 4810117024631134735027 520TH 926312223435399999999999999 3501171546 2299999999999999
324275214157126126153197249292309292247184115 55 23 29 6712820027332734927 521TH10 0309231235099999999999999 4281221620 2199999999999999
341306253193146127139172219268300302273219153 87 40 24 45 9315823029433527 522TH1034306234834599999999999999 5 61271654 2499999999999999
344325283228174139133153192239280300289249191126 69 36 36 6812218925630927 523TH11 9300999999999999999999999 5431311729 3299999999999999
336333305259205160137141167209253285292270225166107 61 43 55 9515221727627 524TH 024338114529399999999999999 62113518 5 4299999999999999
317331318284236187152139150181221259281278250203148 97 64 58 7912218023927 525TH 1 0331122328399999999999999 7 11391844 5799999999999999
289317321301264218176149144159190227257271262232188140 99 77 7810414820127 526TH 13832313 727199999999999999 7441431926 7499999999999999
253293312308285247205169149147164192224249258248221184143111 9510112616727 527TH 220313135925899999999999999 8331462015 9599999999999999
21425929030329627223619716514714616118721623924824322219115712911612014327 528TH 3 830315 824999999999999999 932145211511599999999999999
17821925728529528726422919115914013815117620623224724823420817715013313327 529TH 4 52951634250999999999999991038137223013199999999999999
15018121825428029128325922218214712512113616420023425826625623119816614427 530TH 5 62911756266999999999999991142120234913899999999999999
138151179215252280291282253212166126101 9912015720224627829028025321517627 531TH 6 429119 2290999999999999991234 97999999999999999999999
146136148177216255285295280244195142 97 73 7810915721426830531730226922327 6 1TH 654295195631799999999999999 0571361319 7299999999999999
176142132147179222265294299274229171111 64 47 6310616623329433133831727727 6 2TH 738300204333999999999999999 15313214 0 4799999999999999
223170136129150187234278304299263208142 78 35 28 5711218225631835235232427 6 3TH 820306212935699999999999999 2421281441 2699999999999999
276217162130131158200250293311294248184113 48 12 17 5912320027833836535727 6 4TH 9 1311221536699999999999999 3281271522  999999999999999
323269206153128137169215265304313285231161 87 26  0 16 6613721829635137027 6 5TH 94431423 237099999999999999 41312716 6  099999999999999
356316258194145129144180229279312311275215142 69 14 -3 23 7815223531035827 6 6TH1028316235037099999999999999 4591291652 -399999999999999
369349305244182140131151190240287314305264202129 59 12  4 35 9416825031927 6 7TH1116315999999999999999999999 5461301741  299999999999999
359364339292230170135132156196246290310297254194124 60 20 19 5411218526227 6 8TH 03836612 631099999999999999 6351291831 1599999999999999
324356355326276214160131132157198246286302288248191127 70 39 42 7613320227 6 9TH 12735913 130299999999999999 7271281924 3699999999999999
272325348342310259200151126129154194239276291280246196140 91 65 7010215327 610TH 21634914 429199999999999999 8231252020 6399999999999999
215276320337327293243188143121123146184227264281276251209161119 96 9912527 611TH 3 7337151728299999999999999 9231192123 9499999999999999
17022327431032331127823017713511311313417021325227627926323018815012712527 612TH 4 03231640281999999999999991028110223512399999999999999
144180225268299310298265218167125101 9911915620224627829028125421617815127 613TH 45831018 3290999999999999991134 97235314399999999999999
143155184223261290300287253206155111 85 8410614619724928830630127623819727 614TH 5563001916307999999999999991233 81999999999999999999999
165152159184220258286294279242193139 93 68 70 9814420326030432431829225027 615TH 651295201632599999999999999 1 71511325 6699999999999999
205168153159185221260287291271229176119 74 53 63 9815321727832233832829727 616TH 74129321 633899999999999999 2101521411 5399999999999999
250200163149160189229268291289261213155 97 56 44 6310817023829933734632927 617TH 825294214934699999999999999 3 21491452 4499999999999999
290238187154147164199242280297285247193131 75 42 42 7312719426331834634527 618TH 9 6297222734999999999999999 3451461530 3899999999999999
319273217170145148174215259292299276230169107 57 36 49 9115222228733334927 619TH 94430023 234999999999999999 42214316 7 3699999999999999
336300248193153139154189234277302297263208145 85 45 38 6411618225130934227 620TH1021304233534799999999999999 4571391642 3699999999999999
345320276221170140140165207254292306289245185121 68 41 48 8614521427932727 621TH1057306999999999999999999999 5301361717 3999999999999999
346334299248193150133145179226271301303274223161101 58 45 6711417824630427 622TH 0 6346113330699999999999999 6 31331752 4599999999999999
338342318274220168136132155195242282302292256202141 88 58 60 9214621127427 623TH 037344121130399999999999999 6371301826 5499999999999999
321341331297248193149128136165208253286296278238185129 86 68 8212317924127 624TH 1 9341125129699999999999999 71312819 3 6899999999999999
295329335314274222171136126141174216257283286264224175128 95 8911015320727 625TH 142336133628899999999999999 7521261943 8899999999999999
26230632732229425019915412712514417821825527627625622017713811511513817827 626TH 218328143027999999999999999 836123202911299999999999999
22627230531630527322918214212112214217521525027127325722819115914014016027 627TH 259316153727499999999999999 927119212813799999999999999
19423427129630228825621316813211211313416820824527027926924521318316315927 628TH 3483031657279999999999999991027110224315999999999999999
173199232264285291276245202157120 98 9912015620124527829428926923820618027 629TH 4472911817294999999999999991129 96999999999999999999999
169175196225255278285271238194145104 79 7910414619825129331431329325922127 630TH 551285192631799999999999999 0 81691230 7699999999999999
187169170189219251278286272235186131 84 57 58 8813920026231133633531227227 7 1TH 653287202633999999999999999 1251671326 5499999999999999
226185162162183217255285294275233176115 62 34 40 7813720727733035635132227 7 2TH 750294212035799999999999999 2281591419 3299999999999999
276222175151156182221265298304280230165 97 41 15 27 7314021829334837036027 7 3TH 84330622 937099999999999999 3201501510 1499999999999999
324271210161141152185231279312314282225154 80 23  2 23 7615023331036237727 7 4TH 934318225637899999999999999 4 71411559  299999999999999
360318257192145133151191243294325321281219143 67 12 -2 28 8716525132737227 7 5TH1023328234038099999999999999 4521321647 -399999999999999
379353303236171130126153199255307334322277211133 58 10  6 4310718727334227 7 6TH1112335999999999999999999999 5351231734  299999999999999
377373339281211148117122156206265315335318270203126 57 20 26 6813421529527 7 7TH 02337912 133599999999999999 6191151821 1799999999999999
353374359317254183128107120158211270315329309262198126 67 42 5710216724227 7 8TH 1 3374125333099999999999999 7 410719 7 4299999999999999
311355362338289224158113101120160213269308318298255197135 89 75 9413819827 7 9TH 143364134831899999999999999 7501011954 7599999999999999
263318346342312260197140105 9912015921026129530428925420515612211513317127 710TH 222348145130599999999999999 841 98204611499999999999999
221273312328317284234178130102 9911915520224828029328526022218515915216527 711TH 3 532816 629499999999999999 937 97214915299999999999999
194232269297305293261216168127102 9811514819123527028929027424621619118027 712TH 3543051732292999999999999991041 97231418099999999999999
184202228256278285274247208165126101 9410713818022626729330229327124121327 713TH 4552851858302999999999999991150 94999999999999999999999
194189198217241263272266242206164124 95 86 9813017522627330531831228825527 714TH 6 727320 831999999999999999 0511891256 8699999999999999
219193181187206232257271266243205159116 85 76 9112817923528732133332329427 715TH 71627221 133399999999999999 2 91811353 7699999999999999
253211180168177202234263279272243200149102 71 66 8913419225330533734232327 716TH 812279214234399999999999999 3 21681440 6599999999999999
286237191162158176209247279291276239188132 83 57 62 9614921327732534734127 717TH 858291221634899999999999999 3401561521 5699999999999999
312265212167147155184226268298301275227168109 64 49 6711217424230334235027 718TH 936303224735199999999999999 4121471557 4999999999999999
331290236181146140161201249292313303265208143 85 49 49 8213820627432735227 719TH1011314231535399999999999999 4411381630 4499999999999999
344311260201153131141176224275312321296246182116 64 44 6110817224330734627 720TH1045322234135499999999999999 51013017 2 4499999999999999
353329284225167130125150195248297324318280222155 92 53 51 8514221128133427 721TH1119326999999999999999999999 5381231733 4799999999999999
356344306250188137116128165216270312326305259197131 77 55 7211818225231427 722TH 0 7356115332699999999999999 6 711618 3 5599999999999999
351353325275213154116111137182236287318318287236175115 76 7310415722228727 723TH 033356122932299999999999999 6371091835 6999999999999999
335353337296239177126104114149198251295316305270219162113 9110214019525527 724TH 1 035313 931699999999999999 7101031910 9099999999999999
30934034031126320414710910112116021025929630729225721116212711713617522527 725TH 130344135530799999999999999 746100195011799999999999999
27531433031728223117612810210212616621425928929828425521617815314916720027 726TH 2 3330145229899999999999999 828 98203914899999999999999
24027830430929125520815912010010312716420925028029228526423420418317818927 727TH 24331016 729299999999999999 922 98214817899999999999999
212241268285287271239198155119 99 9911815319523827329429628326023321019727 728TH 3372891739297999999999999991030 96233019699999999999999
197209228250267273263237200158120 94 8610113317822827230331530928825822727 729TH 45427319 8315999999999999991150 86999999999999999999999
203191195211234257271269247210164118 82 67 7711216322227731933833431027327 730TH 623273201833999999999999999 11519113 6 6799999999999999
231195175177196227259283286264222167110 64 43 54 9515522429033936035232127 731TH 738288211336099999999999999 2251731410 4299999999999999
274220176155161189230273304308281230165 97 43 21 38 8715623430835937636027 8 1TH 838310215937699999999999999 31415415 4 2199999999999999
320262198151136152191242294328328292232157 81 24  7 33 9116925433137638327 8 2TH 929333224038599999999999999 3561351552  699999999999999
357305237168126122151199260317348339295227145 65 12  6 4411019328135338627 8 3TH1017350231838899999999999999 4351191637  399999999999999
379341279203136105115154212279336359341289217132 55 14 22 6914022631036927 8 4TH11 3359235438699999999999999 5141041719 1199999999999999
386365315244165107 91114162225294346359333278204122 56 31 5310617826133527 8 5TH1149360999999999999999999999 552 9118 0 3199999999999999
376374339280203130 87 86118171238303345349319265193120 71 63 9314821929227 8 6TH 027380123635299999999999999 631 821841 6199999999999999
348368351305240166105 78 8912618124630333533330325218913210010513819025127 8 7TH 1 0368132633899999999999999 712 781922 9899999999999999
309344347319268204139 94 81 9713618924729431831428924619715613914817822127 8 8TH 134350142231999999999999999 755 8120 813899999999999999
268308325316284235179128 97 9110814419123927829929928125021518817818420527 8 9TH 2 9325153130199999999999999 843 9021 617799999999999999
23626729029628425421316913110810411814618522626128429128426524122120920727 810TH 250296165929199999999999999 943103223820699999999999999
21623225026426825923820717314312111312014117421124827729329528526724522527 811TH 35026818402969999999999999911 3113999999999999999999999
21220921522724024924923721518615512911411413016220224428130531330528325427 812TH 530251195831399999999999999 048209123011199999999999999
22320019019420922924725624922819616012610410111915520125129532232931528527 813TH 7 7256204832999999999999999 2111901339 9999999999999999
245206178169180204234261274266239199153112 87 8711315821327031633933731327 814TH 8 8274212534199999999999999 2551691429 8499999999999999
271222178154156179215255286295278240189134 89 69 8111817323729633734933327 815TH 851295215534999999999999999 32615215 8 6999999999999999
296243188149138155191239284312310279228167107 67 60 8613720226932535234827 816TH 926315222135499999999999999 3521381542 5899999999999999
317266206153127133166215270314330312267205137 80 53 6410616823930534835727 817TH 958330224535899999999999999 4171251612 5299999999999999
335289227165123116141188245301336335302245176107 61 53 8313920928133836127 818TH102934023 836299999999999999 4411141641 5199999999999999
349310251183127104118158214276326346328281217145 83 56 7011618125432035927 819TH11 0346233136499999999999999 5 610417 9 5599999999999999
360328274206140 99 98129181243303341343310255187119 74 6810115822629634727 820TH1132347235436399999999999999 532 941737 6599999999999999
363342294230160105 85103148206269321344330289230164107 81 9614120126732527 821TH12 6344999999999999999999999 6 0 8518 8 8199999999999999
357350311253185121 83 8311616922928832933731326821015211110513218123929627 822TH 019359124333899999999999999 629 78184010399999999999999
337347322273211147 96 76 9113218724629732632429725320215713213816921526427 823TH 046348132632999999999999999 7 3 76191813199999999999999
306329322288236178123 87 8110314519725029331431028625020917716317219923427 824TH 117330141931599999999999999 742 7920 516399999999999999
270298307292257211160117 92 9111215019524227929930028526023020619519921427 825TH 153307153330299999999999999 832 88211519599999999999999
236259276279267240203163127104 9911214118022226028729929628126023722021127 826TH 245280171730099999999999999 946 99232221099999999999999
21222223625025825624121418014511610010112015419824328230831730928825923027 827TH 41825919 0317999999999999991127 98999999999999999999999
206195197211232252263260239205162121 90 78 9212817923628832634233430726727 828TH 61826420 934299999999999999 1191941258 7899999999999999
222185167171193226261286290268226172115 70 52 6711017124130535036434931027 829TH 739292205736499999999999999 21816614 3 5299999999999999
256198154139152188236285318321292238171100 47 30 5310717925932937137634927 830TH 835324213737899999999999999 3 01391455 3099999999999999
297230163121117145194256315349344304239160 81 29 22 5712120128735538537527 831TH 922352221338699999999999999 3361141539 1999999999999999
333268190123 93105148210281343370353303230144 65 24 32 7915023531937538627 9 1TH10 6370224538799999999999999 411 921620 2199999999999999
359303227146 88 76104159230306362377350293215128 59 35 5911418927434738227 9 2TH1049378231638499999999999999 446 741658 3599999999999999
373330263181105 64 71113175251325370371337276198119 67 62 9815823230836227 9 3TH1132376234737699999999999999 520 621736 5999999999999999
375347292217137 75 55 77127194269333364356318258185121 9010114220126832927 9 4TH1216366999999999999999999999 556 551813 8999999999999999
360352311249174104 62 60 9214521228033134933529724218213712414218323629127 9 5TH 01736213 234999999999999999 632 56185312399999999999999
331341318271209143 90 67 7711216422428131832831428123519116316118021425527 9 6TH 047341135332999999999999999 711 66193615999999999999999
293314309280235181129 94 84 9913217822827229930729727224021019419320723027 9 7TH 119315145530799999999999999 753 84203219299999999999999
25627728427424821117013511310812014618222125528029128827425423522121521727 9 8TH 155284161929199999999999999 846107221121499999999999999
22724025025324623020517815313612813214917520623826528429128727425623622027 9 9TH 24925318 6291999999999999991010128999999999999999999999
21120921522323123423021719817615413813214016119122726128930430329026623627 910TH 5 0234192930599999999999999 038209115813299999999999999
20819018419120722624224824022019216013311912414718322727130532131729526027 911TH 657248201832299999999999999 154184131611999999999999999
21918316216217920824026627526323419415111510010914118824129232633532028527 912TH 757275205233699999999999999 23016014 7 9999999999999999
237187151138152184226269297300277235181129 92 8310514920726931934433930927 913TH 836302212034699999999999999 2571381446 8299999999999999
260201149122126156204258304325314276220156101 72 7911617324030334435232927 914TH 9 9325214535399999999999999 3211201518 7099999999999999
283220157114105129175235295335341314261194126 77 65 9114220927933535834527 915TH 94034322 735899999999999999 3451041548 6499999999999999
304243173115 89102144204271328354342299236163 99 67 7611818025231835635627 916TH1010354222936199999999999999 4 8 891616 6599999999999999
322266194125 82 80114170238305351358330276206134 83 7310315722429434636127 917TH1041360225236299999999999999 432 761643 7299999999999999
338286218144 85 64 86136201271332361350309249178115 84 9614019926632635727 918TH1113362231635999999999999999 458 641712 8499999999999999
348305242168100 60 6310316223129934735833428622415811110212917923929834227 919TH1146359234235299999999999999 525 56174410099999999999999
350320264195124 69 51 7412518925731735034631426520615212313016521426731427 920TH1224352999999999999999999999 555 51181812199999999999999
338326283223156 95 58 58 9214620927232134133029725120116114716219523828027 921TH 01033813 834199999999999999 629 53185814799999999999999
311318294248191132 85 64 7411016121827231132531428725021118317618921524627 922TH 04331914 232599999999999999 710 63195017699999999999999
275292289264224176130 95 81 9212116421225829230730428726123321120120421827 923TH 122293152030899999999999999 8 4 81211320199999999999999
23625426426224621818314711810210312115219323527129530429928225823421420427 924TH 22226517 730499999999999999 926101233320299999999999999
20321222623924824623220817714411810410813016621125629331531930627924521127 925TH 4212481843320999999999999991118103999999999999999999999
186176181200225250265263243208165123 94 8610414319625330333534132328623827 926TH 624266194534299999999999999 1 71751248 8599999999999999
189154142155186227269297300276231174117 75 63 8513319626532435635632727627 927TH 736302202936099999999999999 1571421350 6399999999999999
213153116113139186244300333332299242172102 57 50 8213921328934737135631327 928TH 82833721 637199999999999999 2361101439 4899999999999999
248173111 83 95138200272333362351307240159 86 47 53 9616324231836737334127 929TH 913363213837599999999999999 310 821521 4499999999999999
283206126 72 61 92149223302360379355302227143 76 52 7312619827834537436027 930TH 95437922 937599999999999999 343 6016 0 5299999999999999
312241157 82 45 55101169250328376380347287209129 77 721061642373103603662710 1TH1035384223836999999999999999 416 431637 6899999999999999
333272193111 50 34 62119194276345378369330267191124 921021442042723323592710 2TH111637923 835999999999999999 449 331713 9099999999999999
344296227148 75 35 40 811442192953503683513082461791291161371812382963372710 3TH1158368233834599999999999999 523 32175111599999999999999
342312256185113 58 39 591061702413053453513292862301761451441702122613042710 4TH1242352999999999999999999999 558 39183014199999999999999
325313274217153 95 59 57 851331932553053303303072682221841661721952302672710 5TH 0 9325132833399999999999999 634 54191516699999999999999
294299279240189136 95 77 841121562082582943123092902582251991881932102352710 6TH 042300142231399999999999999 713 76201218899999999999999
2582712682482151761381121031111351712122502782932942812592352162042032102710 7TH 119272153229599999999999999 8 1103214020299999999999999
2242372442412292071801551371291321471732052362632812882832682492282101992710 8TH 21524417 328899999999999999 914128234219799999999999999
1972032122212272262162001801611461401461641912232542792932932802572282012710 9TH 42122718302959999999999999911 3140999999999999999999999
181173179193212230241240226203176151135134150180218257289306305286253214271010TH 625242192530899999999999999 1 4173123213299999999999999
177153148161187220251269269249217177141118118140178226273308322311280234271011TH 72927120 432299999999999999 146147133111599999999999999
184143123128156198244283301293262216164121100108141190247298328330305259271012TH 811301203433399999999999999 2161221413 9999999999999999
200144107100123167223279317326304260201142100 89111156216277324341326283271013TH 84632721 034199999999999999 243 991448 8899999999999999
222156101 78 91132192259316345338302245177117 86 92128185250310343340305271014TH 919346212534799999999999999 3 8 781520 8499999999999999
247176108 66 64 98155225296345359336288221151100 86110158221286335348323271015TH 950359214934999999999999999 333 601550 8699999999999999
271201125 66 45 66117186262328363359323265195130 95101138194258316346336271016TH1023366221534899999999999999 358 451621 9399999999999999
292227151 80 38 40 81144219294350367348303241172120104126171229288333341271017TH1056367224334399999999999999 426 33165310499999999999999
311253182106 47 27 50104173249318359361332282220159122123155202257307334271018TH1133364231333499999999999999 457 27172811899999999999999
322278214141 74 32 31 68128199272329356348314264206157136147181226273310271019TH1214357234732199999999999999 531 2618 713699999999999999
320295244181114 59 34 46 89149217282328344332299253203167155169200238275271020TH13 2344999999999999999999999 610 33185415599999999999999
299297267219161105 63 49 66107162223278316329318290251211183174184207235271021TH 02630214 032999999999999999 656 49195617499999999999999
262277272246206160115 83 72 85118164216264299314310290259226199186186199271022TH 116278151631599999999999999 756 72212618499999999999999
219239253254239212177140110 95 98119155200245283306310298273240208185174271023TH 232255164731199999999999999 921 93231517499999999999999
178192213234248248234208173138112101111139181229274306319311285247205169271024TH 43225018 73199999999999999911 2101999999999999999999999
148147164193227257272267243204159119 96 98124168223276316332322289240185271025TH 61627319 633299999999999999 0331451226 9499999999999999
139114116142185235279304302274226169117 87 87117167229289331342323278217271026TH 724307195134399999999999999 1251121329 8399999999999999
151100 80 93132190255310337329293236168109 79 85122180247309345344311253271027TH 817338202934999999999999999 2 6 801419 7799999999999999
181109 62 54 83137209283340360344299233159101 79 96141204273329351333285271028TH 9 236021 235199999999999999 242 5215 2 7999999999999999
216136 67 33 43 87154235312361371345292220147 98 89117168234299342345310271029TH 944372213434999999999999999 316 321542 8899999999999999
249172 93 35 20 47104180264335372369334276203137103109145200263318343327271030TH102537522 634399999999999999 349 19162010099999999999999
278208129 57 18 22 64130209289348370357315254186133115133174229286326331271031TH11 5370223733499999999999999 423 14165811599999999999999
299241168 93 37 17 38 901592373073513603382922321731361321572002522993222711 1TH1145361231032299999999999999 457 17173713099999999999999
310267205135 71 32 31 631191882603173463443162692141671441501782202652982711 2TH1225348234430699999999999999 532 27181714399999999999999
305282235174112 64 43 54 921492132743173343242942492031681561661942312662711 3TH13 7334999999999999999999999 6 8 4219 215699999999999999
286282254208154104 71 63 821211742302793093183052752361991741671782022312711 4TH 021287135331899999999999999 647 63195316799999999999999
256266257230191147111 90 891081441902372752983032902642312011811741811992711 5TH 1 3266144530399999999999999 732 87205817499999999999999
2212382452382171871551281131131291591972352662862912812602322051841731752711 6TH 159245155029199999999999999 830111222117299999999999999
1872042202292292181981741511351311401621942282582792882812622342041771612711 7TH 33023117 428899999999999999 951130234415799999999999999
1581671852072252362342201981721501381401571872212552802922862642301931592711 8TH 5232361810292999999999999991122137999999999999999999999
1381341471742062362562602462191861541341331501822222612903012902592161692711 9TH 642260185930199999999999999 043133123613199999999999999
130108111135174219260285287267231188148124124146185232276304308286243189271110TH 736289193831099999999999999 124107133112199999999999999
134 94 80 96134188245292315309279232179134113120152198251295317307270215271111TH 818316201131799999999999999 157 80141411299999999999999
151 93 60 61 93148214278323337320279223163120108126167220275314321294243271112TH 855337204232299999999999999 228 56145210899999999999999
176107 54 35 55104171246311348349320269205146112112142190247298324313271271113TH 932352211332599999999999999 257 35152810899999999999999
207133 65 24 24 63125201278337361349310252186133112126164216272314324296271114TH10 8361214532599999999999999 329 1916 411299999999999999
240168 92 31  7 27 79150230304352363340295233170127120144187240291320313271115TH1047364221932299999999999999 4 2  7164211899999999999999
271207132 60 12  5 39100175255322358357327278216159129133162207257300316271116TH1128362225631699999999999999 439  2172212699999999999999
296245178105 41  6 14 56121196272330355346313262204156135146177220266299271117TH1213356233830699999999999999 519  418 813599999999999999
304275223157 90 36 14 29 75139211280329346334300251197157143156186225264271118TH13 3346999999999999999999999 6 5 1419 014399999999999999
289287257208148 89 46 31 49 93153219281322335322289244196161149159185219271119TH 026292135833599999999999999 656 3120 014999999999999999
252273271246204153103 66 54 70108161220274311324313283241197163149154174271120TH 12527515 032499999999999999 756 54211314899999999999999
203234255259244213172128 94 79 88118163215265300315307281240196160139138271121TH 24226016 931599999999999999 9 8 79223413699999999999999
153181214242256253233199159123102101122161208256293310305279238190147120271122TH 4202571717311999999999999991030 99234711399999999999999
114128159198237265273261230189148118109123157203252291310305276229175125271123TH 5542731817311999999999999991153109999999999999999999999
 93 86104142192244283299289258213164126111123156203254295313302266213151271124TH 7 729919 831399999999999999 046 8513 311199999999999999
 96 63 61 88136198261306324313277225170127112126161211264303314294249187271125TH 8 5324195131599999999999999 134 5814 011299999999999999
119 63 36 45 83143215283329343326284226166125114133173226278310311279224271126TH 855343203131599999999999999 215 35144911499999999999999
155 85 34 19 41 92161239307346352327278216157122120146191245292314300257271127TH 93935421 731499999999999999 253 19153311799999999999999
194121 54 15 15 50111187265326355350316262199146121130163211264302310283271128TH1020357214331299999999999999 330 10161312199999999999999
230161 89 32  8 23 70137215288338354338298240179137125143182232280306300271129TH1058354221830899999999999999 4 6  7165112599999999999999
261200130 64 20 12 41 97168243306342345320273215162131132159202250289302271130TH1135348225430399999999999999 441 10172912899999999999999
283235172104 48 19 27 671271982673183403312972471921491311411742182622912712 1TH1211340233129599999999999999 517 1818 613099999999999999
291261209146 86 42 29 49 961592262863233313132732221731411341521872302672712 2TH1247332999999999999999999999 553 29184513399999999999999
284274239186128 77 47 47 761261882492973213182922502021611381391611962342712 3TH 0 9284132432399999999999999 631 43192713599999999999999
263271255218170120 80 62 711051552112633003133032732311871531381431661982712 4TH 05127114 331399999999999999 710 62201413799999999999999
230252255238205164123 93 84 981311772262692953012872562171781491371431642712 5TH 140256144630299999999999999 754 8421 913799999999999999
1922202392422302031701371141081211511902322672872892742452071701431311362712 6TH 243243153829199999999999999 848108221413199999999999999
1541802082292382322141861581371291381611942302612792812662361991611321182712 7TH 4 7238163728299999999999999 958129232011799999999999999
1201391682002282452472332091801561431451631922262562752772612291881461122712 8TH 5372481738279999999999999991121142999999999999999999999
 961001231592012392642702582311981671471441601882232562772772572191701222712 9TH 649270183228099999999999999 018 95123714399999999999999
 85 70 81113160212259289295280247206167142139156188227263283278249202146271210TH 746296192028499999999999999 1 5 70133913899999999999999
 92 55 46 67111170233285315317294254204160134134157194238275290277237180271211TH 83331920 329099999999999999 147 45142913199999999999999
116 59 26 28 62118188258311336330299251194148126134163206253288296270220271212TH 917337204329799999999999999 227 22151412699999999999999
154 84 28  4 18 65132209282332349334296240180136122138174222270300297260271213TH10 0349212530399999999999999 3 7  3155612299999999999999
200127 55  4 -9 18 75150231303346354331285225165127122146188239285307293271214TH104335522 730799999999999999 348-10163812099999999999999
246179103 33-11-12 26 90169252319354352322271207150120125155201253295308271215TH1127357225130999999999999999 432-17172111899999999999999
284231161 85 19-15 -6 40108189269330355345309253189137116128163211262299271216TH1211356233930699999999999999 517-1718 611699999999999999
304274218148 75 16 -8  9 59129209284335351334292234172127114130167215264271217TH1256351999999999999999999999 6 4 -8185411399999999999999
295294262209142 75 25 10 32 83151227293334341318274215157118111130166213271218TH 029299134234299999999999999 653  9194511099999999999999
258284282253205145 86 45 37 61109172240296326326300254197144112106125159271219TH 126287143033099999999999999 744 36204110599999999999999
203245270271249209158109 76 70 91133188245291313309282237183135105 99114271220TH 232274152031599999999999999 841 692145 9899999999999999
146188229257265252222181140111103118151196243280298292266223172126 96 87271221TH 353265161729899999999999999 9491032254 8799999999999999
 99129170214248266264243210173144130137160195234267284279254213163117 83271222TH 5232671718285999999999999991111130999999999999999999999
 71 81112156205248275282268239202168147145161190225257275271246204153103271223TH 648282182127699999999999999 0 2 71123614399999999999999
 67 53 65 99148205257292303291260219178151144156184221254273268240195139271224TH 757303191827499999999999999 1 2 53135014399999999999999
 86 48 36 53 94152216273310320305270222176145138153184224259276266232181271225TH 85332020 927699999999999999 154 36144813799999999999999
121 65 30 25 51100165235293326330308266212163135133154192235270281263220271226TH 939332205328199999999999999 239 23153413099999999999999
162 99 44 16 22 58117188258311336330299249191145125133163207252282283254271227TH1018337213328799999999999999 320 14161112499999999999999
203139 75 26  9 28 76142215282325337319278222166128120140179227270291280271228TH1052337221029299999999999999 357  9164511999999999999999
240180113 52 14 12 45102173245303333330300251192141115121153199248285294271229TH1124336224629599999999999999 433  8171811499999999999999
270219154 87 33 10 24 70134207274320333316275219161120109129170220267293271230TH1154334232129699999999999999 5 7 10174910999999999999999
289252195128 66 24 18 48103172242299328325293243185133106111142188238278271231TH1223331235729399999999999999 540 16182110499999999999999
