125118109101 96 97105120137153162162154140123106 90 77 70 70 77 8910311527 1 1TK1034163999999999999999999999 421 951830 6999999999999999
122126125122118114114120131144156162160152138122103 84 68 58 56 64 79 9627 1 2TK 122126111716299999999999999 5311131938 5699999999999999
112125134138137132126123125134145155160159152139121 99 76 56 44 44 55 7327 1 3TK 316138121916099999999999999 7 51232030 4399999999999999
 95116134147152149140130124125133144154161161155140118 90 63 42 32 35 5027 1 4TK 4 6152133516299999999999999 8211242115 3199999999999999
 73100126148161162154141128120122131144156165166158138110 78 48 28 22 3027 1 5TK 440163143916799999999999999 9211202156 2299999999999999
 51 80111141162171166152135120114118130147163172172158131 97 62 33 17 1627 1 6TK 5 917115261749999999999999910 81142233 1499999999999999
 30 57 92127156172174163144125111108116133154172180173152118 80 45 20  927 1 7TK 53717516 518099999999999999104710823 9  999999999999999
 15 37 71109144168177171153132112102104118141165181184169140101 63 31 1127 1 8TK 6 317716391859999999999999911211012342  799999999999999
  8 22 51 89128159175175161140117101 95104125151175186181158123 83 47 2027 1 9TK 6291771711187999999999999991154 95999999999999999999999
  8 14 36 71111147169176167148124103 91 92108133161180184170142105 67 3627 110TK 654176174418599999999999999 012  81225 9099999999999999
 16 13 28 57 95133161174172156133109 91 85 93114141166179175156124 88 5527 111TK 719175181817999999999999999 041 121257 8599999999999999
 31 20 26 49 82119150169173163142117 95 82 82 96120145164171162140109 7727 112TK 745174185617199999999999999 1 8 201330 8199999999999999
 50 34 33 47 74107139162172167151127103 85 77 82 99121143157159148126 9927 113TK 811172193916099999999999999 135 3114 6 7799999999999999
 73 54 46 53 72 99128153167169158138114 92 78 74 82 9811713514614613611727 114TK 838170203314899999999999999 2 2 461449 7499999999999999
 96 77 66 66 76 95119142160167163148126103 85 73 71 77 9110712313413612927 115TK 9 8167214213699999999999999 232 651546 7199999999999999
115101 90 85 89 99115133150162164155139118 97 80 69 64 67 78 9311012312927 116TK 942164231712999999999999999 3 6 8517 7 6499999999999999
127121114109107110117127141153160159150134115 96 77 62 52 52 61 77 9711427 117TK1025161999999999999999999999 3571071834 5199999999999999
126132134133130127125127133142152158157150137118 96 73 51 36 33 42 61 8527 118TK 2 1134112615899999999999999 6 61251946 3399999999999999
109129143151152148140133130132140149157160156145124 97 65 37 18 14 25 4827 119TK 342152125916099999999999999 8 31302047 1399999999999999
 78110137158168167158145132126127135148160168168155130 94 56 22  1 -3 1127 120TK 426169142716999999999999999 9191252142 -499999999999999
 40 77117150173181175160140124116119131150168181180164131 89 45  8-13-1427 121TK 5 318115291829999999999999910151162233-1699999999999999
  5 41 85130165185187174152129111104111129155179193189167128 81 35 -2-2027 122TK 53718816201949999999999999911 11042320-2199999999999999
-16  9 51101146178191185165138112 95 92105131162188199191162120 72 27 -527 123TK 6 919117 5199999999999999991142 91999999999999999999999
-18 -7 26 72122163186189175149119 94 80 83103135168191198184152110 64 2427 124TK 639190174919899999999999999 0 3-181220 7999999999999999
 -1 -6 14 52100144176188181159129 99 76 69 79105138169187188170138 99 5927 125TK 7 6188183219099999999999999 041 -71256 6899999999999999
 28 12 18 44 84128163182183167140109 81 64 63 79107138163175171153124 9127 126TK 731185191617699999999999999 115 111333 6199999999999999
 60 39 34 48 78116151174182172150121 92 69 59 63 8210813315115815213611227 127TK 75518220 215899999999999999 145 341411 5899999999999999
 88 67 57 62 81110141165177174158133105 81 64 59 67 8310412313614013512327 128TK 818178205614099999999999999 212 571454 5999999999999999
107 92 82 81 90110134156170173163144120 96 77 66 63 69 81 9611112112512327 129TK 84317322 712599999999999999 236 801548 6399999999999999
116109103100104114129146160167163151133113 95 80 70 65 67 75 86 9810811427 130TK 911167999999999999999999999 2571001712 6599999999999999
117118118118119122128138148156158153142128113 98 84 72 64 61 65 74 87 9927 131TK 9481589999999999999999999991852 61999999999999999999999
110120128132134133131133137143148149147140131119104 86 69 56 51 54 64 7927 2 1TK 358134104915099999999999999 61013120 7 5199999999999999
 96114130142147145139132129130135140145146145138125106 83 61 45 39 44 5827 2 2TK 41414713 514699999999999999 81412921 3 3999999999999999
 78102125145156157149136125119120127137146153154146127101 73 48 32 28 3727 2 3TK 435158143615599999999999999 9221192147 2899999999999999
 57 84114141160165159144127114108112124140155165164149123 90 58 33 20 2127 2 4TK 45716515241669999999999999910 51082225 1999999999999999
 37 64 98132158170168153132112100 98108127150168176168145112 75 42 20 1227 2 5TK 51917116 1176999999999999991039 972258 1299999999999999
 21 45 81119152171174162140115 96 87 92110137163181182165134 96 58 28 1127 2 6TK 5401751634184999999999999991110 872328  999999999999999
 12 30 64104142168177169149122 96 80 77 91118150176187180155118 78 42 1827 2 7TK 6 117717 7188999999999999991139 762356 1099999999999999
 10 21 50 89130162178176158130101 77 67 74 97130162183187170139100 62 3227 2 8TK 62117917391889999999999999912 8 67999999999999999999999
 17 19 41 77118154176180166140109 80 62 60 76106141170184178156122 85 5227 2 9TK 642180181418499999999999999 022 151237 5999999999999999
 30 25 39 68107144171181172150119 87 63 52 59 82115148170177165140107 7527 210TK 7 2181185117799999999999999 047 2513 7 5299999999999999
 50 38 44 66 99134163178176159130 98 70 52 49 63 90121148164165151126 9827 211TK 723179193316799999999999999 112 381339 4899999999999999
 73 57 56 69 95125154172176165141111 81 58 47 51 68 9312014215315113711727 212TK 746177202115499999999999999 136 551415 4799999999999999
 96 80 74 80 97120145164172168150124 96 71 54 48 54 69 9011313013913812827 213TK 810172212214099999999999999 2 1 7415 1 4899999999999999
114102 95 96105120138154165166156137114 90 70 56 51 54 64 81 9911512512827 214TK 837166225412899999999999999 224 941610 5199999999999999
125120116116118125134145154159156146131112 93 75 61 51 48 53 66 8210011427 215TK 911159999999999999999999999 2441151753 4899999999999999
123130133135135135136138143147150148143133120103 84 64 47 37 37 48 66 8727 216TK10131509999999999999999999991928 36999999999999999999999
108127141150153150143136133133136141146148145135117 91 63 38 22 20 31 5327 217TK 35515313 014899999999999999 8281322040 1999999999999999
 81111138157167165155140127119118125137151161162151127 93 57 26  8  5 2027 218TK 419167143916399999999999999 9341172137  499999999999999
 48 85123154174177168149127109100103117139162178179163132 90 49 15 -3 -227 219TK 44517815361819999999999999910151002226 -599999999999999
 19 56100142172185179160133106 87 81 92116147176192190167129 83 40  7 -727 220TK 5111851623194999999999999991052 8123 8 -799999999999999
  2 31 75123163185187171143110 82 65 66 86120157187200191163121 75 33  627 221TK 53618917 6200999999999999991127 632345 -199999999999999
  0 18 56103149180191181155120 85 59 48 59 88128166192198183151110 67 3227 222TK 6 019117471999999999999999912 0 48999999999999999999999
 14 18 46 88134171189187165132 95 62 41 40 60 95136170189188169136 99 6327 223TK 622191182719199999999999999 019 131233 3899999999999999
 38 31 47 80122160184189174145108 72 45 33 41 68104140167177171151122 9127 224TK 64319019 717899999999999999 048 3113 6 3399999999999999
 65 52 57 79114150176187179155122 87 56 38 35 50 7811013915716115313411127 225TK 7 4187194916299999999999999 115 511339 3499999999999999
 89 74 72 85110141167181179163135103 73 51 40 44 61 8611113214314413612227 226TK 725182203514599999999999999 139 711413 4099999999999999
106 94 89 95111133156171175165145118 91 68 54 50 56 70 8810712112812912427 227TK 747175213312999999999999999 159 891455 5099999999999999
116109106107115129145159165162149130108 88 73 64 61 64 73 85 9810811511827 228TK 811165999999999999999999999 2151061558 6199999999999999
119119119120123129137146152153148136122107 94 83 74 68 66 69 77 87 9710727 3 1TK 8411539999999999999999999991751 66999999999999999999999
115123129133134133133135138140140137131123115105 93 80 68 61 60 66 76 9027 3 2TK 9291409999999999999999999991937 60999999999999999999999
105120134142145141135128125125127130133134133126114 97 78 61 51 49 56 7027 3 3TK 35314513 113499999999999999 8301252042 4999999999999999
 90112133148154151140127116111112118128138145146137119 95 70 50 39 39 5127 3 4TK 4 8154143214799999999999999 9211102128 3899999999999999
 72 99127149161160149131113100 96102116135151160157141115 85 57 37 29 3527 3 5TK 427162151716099999999999999 953 9622 5 2999999999999999
 54 84117146164168158138114 93 82 84 99123148167173163138106 72 43 26 2427 3 6TK 4451691552173999999999999991022 822236 2399999999999999
 39 68104139164174167146119 92 73 67 79104135164181179161129 92 57 32 2227 3 7TK 5 41741626182999999999999991049 6723 5 2299999999999999
 29 54 91130161177175156127 95 68 54 58 80115151179189178152116 78 46 2727 3 8TK 5221791659189999999999999991117 532332 2599999999999999
 27 45 79119156178181166137102 69 46 41 57 89130166187189171139101 66 4127 3 9TK 5401821734191999999999999991145 412359 3299999999999999
 32 42 70109147175185175148113 76 46 31 37 63102143175188182158125 90 6127 310TK 5591851810189999999999999991213 31999999999999999999999
 44 46 66100138168184181159125 87 52 29 25 41 74115152176182170144113 8427 311TK 619185184818299999999999999 025 431243 2499999999999999
 63 57 69 95129160180182167138101 65 36 23 28 51 8512315317017015513210627 312TK 639184193017299999999999999 051 571315 2299999999999999
 85 74 78 95122150172180172149117 82 51 31 25 36 60 9212314715815514212327 313TK 7 1180201815899999999999999 116 741350 2599999999999999
106 94 92101120142162173171156131101 71 48 34 33 45 66 9111613414214113327 314TK 723174212114399999999999999 140 911435 3299999999999999
122113109112122137151162165158142119 95 72 55 44 42 50 64 8310311812813127 315TK 748165231113199999999999999 2 41091542 4299999999999999
130128126126130135143149153152145133117100 83 68 55 48 49 56 70 8710411827 316TK 817153999999999999999999999 2221261728 4799999999999999
128136140141140139137137138138138137133125115100 82 63 49 42 44 56 74 9527 317TK 3 7141 93313999999999999999 6491371914 4199999999999999
116135148154153147137128121120123129137142142134116 92 66 44 32 32 45 6827 318TK 323154133114399999999999999 8501202028 3099999999999999
 96125148162165157142124108 99100110127145158162151128 96 63 36 22 24 4227 319TK 345166144516299999999999999 926 992122 2199999999999999
 72108141165175169151127102 83 76 84104132159177178163132 94 57 30 18 2627 320TK 4 8175153618099999999999999 959 7622 7 1899999999999999
 51 88128161180180163135103 75 57 57 75106143174191188166130 89 52 27 2227 321TK 4301821621192999999999999991031 552245 2199999999999999
 37 71113152179187175148112 76 48 36 46 74115156186198188161123 82 49 3127 322TK 45318717 21989999999999999911 4 362320 3099999999999999
 35 60 99141174190185161125 85 49 27 25 45 82127167191195180150113 77 5127 323TK 5151911742196999999999999991136 232352 4399999999999999
 44 57 89129166188190173140 99 59 29 15 24 53 95138172188186167137104 7627 324TK 53619218221909999999999999912 7 15999999999999999999999
 60 63 85119155182191181153115 75 40 18 16 33 67108145170179171151125 9827 325TK 55819119 117999999999999999 022 591238 1499999999999999
 79 74 86112145172187184163130 93 57 31 19 25 49 8211814616316515513711627 326TK 619188194116699999999999999 049 7413 9 1999999999999999
 98 88 92109135161178181168143110 76 49 32 29 41 64 9312114115115014112727 327TK 642182202415299999999999999 115 881342 2899999999999999
113103101110128148166173167150124 95 69 51 41 44 56 76 9811813213813713127 328TK 7 5173211913899999999999999 1391011419 4199999999999999
123115112115124138152160161151133111 90 72 60 55 58 67 81 9711112112712927 329TK 731162225812999999999999999 2 511215 9 5599999999999999
127125123123126131139146148145136123107 93 81 72 67 66 70 79 9010211212127 330TK 8 1148999999999999999999999 2361231639 6699999999999999
127131133133131130130131133134132127121112103 93 83 74 68 67 72 82 9510827 331TK 221133 85013499999999999999 5321301839 6799999999999999
122133140142140133126120118118121125127127124116103 89 74 64 60 65 76 9327 4 1TK 256142123212799999999999999 8141171957 6099999999999999
112130144151149140127113104101105114126135140137126108 88 69 56 53 60 7727 4 2TK 31815114 914099999999999999 8541012049 5399999999999999
100124145157159149132112 94 85 86 97115135149155148131107 82 60 48 49 6227 4 3TK 338159145815599999999999999 924 842128 4799999999999999
 86115142161167159140115 90 72 66 76 97124150166167155131101 73 52 44 5227 4 4TK 357167153716999999999999999 952 6622 2 4499999999999999
 73104136161173169150122 90 64 50 53 73105139167180175155125 93 65 48 4727 4 5TK 4151741614180999999999999991020 492233 4599999999999999
 63 92127158177178162132 96 62 39 32 47 78119156182188176150117 85 60 5027 4 6TK 4341801651189999999999999991048 3223 4 5099999999999999
 58 83117152177184173145107 68 36 19 23 49 90134171190190172142109 79 6127 4 7TK 4541841728193999999999999991118 182334 5899999999999999
 60 77108143172187182159122 80 42 15  8 24 59104148179192185163133102 7927 4 8TK 51618718 8192999999999999991149  8999999999999999999999
 69 77101133164184187170138 97 56 22  4  8 32 7211715518018517515212510027 4 9TK 538188184918699999999999999 0 4 691221  399999999999999
 85 84 99125154177186178153117 76 39 13  4 15 44 8412415517317416214212027 410TK 6 2186193517599999999999999 033 821257  499999999999999
103 96102120144166180179163134 99 63 33 15 13 28 56 9012314816116015013527 411TK 627181202816299999999999999 1 4 961337 1199999999999999
121111110119136154168173166147120 89 60 37 25 26 40 63 9111713714714914327 412TK 654173213814999999999999999 1351091427 2499999999999999
134126122124131143154160160151134113 90 68 50 40 39 48 65 8610712513714227 413TK 725161232714299999999999999 2141221535 3899999999999999
142138134132132134139143145144139129116100 83 66 54 49 51 62 79 9911713227 414TK 811145999999999999999999999 3321311711 4899999999999999
142146146142136131126125125128131133132127116100 82 65 53 51 58 73 9411627 415TK 125147111713399999999999999 7131251847 5099999999999999
136149155153145133119109103105112124135143143134116 93 71 55 49 56 73 9827 416TK 216155133114499999999999999 8191031958 4999999999999999
124146160164156140120 99 84 79 86102124145158160149127 99 73 54 49 58 8027 417TK 248164143916199999999999999 856 792052 4999999999999999
110139161172168152127 98 73 58 58 73100131158174174159132101 73 55 53 6827 418TK 314172153117699999999999999 931 562136 5299999999999999
 95128157176178165139105 72 46 36 44 69105143172185181162132 99 72 59 6327 419TK 34017916161869999999999999910 4 362216 5899999999999999
 84116150175185178154119 80 46 24 22 40 75117156182191182159127 96 74 6727 420TK 4 51851659191999999999999991037 202252 6799999999999999
 79105139169187187168135 95 55 24 10 18 46 86130166188191177151121 94 7827 421TK 4291891739192999999999999991110 102326 7699999999999999
 79 98128160183191179151113 71 35 11  7 24 59101142173187184166141114 9327 422TK 4541911818188999999999999991142  62358 8699999999999999
 86 95118148175189186165130 90 52 22  8 14 38 7511615117318017315413110927 423TK 5191901857180999999999999991214  8999999999999999999999
 96 97112137163182186173146109 72 40 19 15 28 55 9112615416817016014212327 424TK 544186193617199999999999999 029 941246 1499999999999999
108102109127150170180175156126 92 61 37 25 28 45 7210313115116015814813327 425TK 611180201816099999999999999 0591021319 2499999999999999
119110110120137156169171160139111 82 58 41 36 43 60 8410913114515014813927 426TK 64017121 715099999999999999 1311091356 3699999999999999
129120115118128142154160157144125101 79 62 51 50 57 72 9111012713814314127 427TK 711160221314399999999999999 2 71151441 4999999999999999
136129123121123130138145147143132117 99 83 71 63 62 67 78 9310812313313927 428TK 750148234314099999999999999 3 01211543 6299999999999999
140137132127124123125129132134132126116104 92 82 74 70 72 79 9210612113327 429TK 859134999999999999999999999 4491231712 7099999999999999
141144142136128121115112114118124127127122114104 92 81 74 73 79 9110712427 430TK 1 4144112812799999999999999 7 51121841 7399999999999999
139148150146136123110 99 95 98108119130135134126114 99 85 75 72 79 9411327 5 1TK 152150132113599999999999999 8 3 951946 7299999999999999
133149157156146130110 91 79 77 86103123139148148138122102 85 74 73 8310227 5 2TK 224158142714999999999999999 840 762036 7299999999999999
125147161165157139114 88 67 56 61 79105133154163161147126103 83 73 76 9227 5 3TK 250165151616499999999999999 912 562118 7399999999999999
115141162172169152124 92 61 41 37 51 79114147169177170151126101 82 76 8527 5 4TK 31517316 017799999999999999 944 362156 7699999999999999
105133159176179166138102 65 34 19 24 48 86127162183187175152124 99 84 8327 5 5TK 3411801643188999999999999991016 182233 8199999999999999
 98123152175186179155119 77 38 12  4 19 53 97141174192190174148121 99 8927 5 6TK 4 71861726193999999999999991050  423 9 8899999999999999
 94114142169187188172139 97 53 17 -3 -2 22 6210915118119318816914311810127 5 7TK 43519018 9193999999999999991127 -52346 9799999999999999
 97108131159181191184159121 77 36  5 -8  1 30 7311815718118918016113811727 5 8TK 5 519118551899999999999999912 6 -8999999999999999999999
106107123146170186188173144105 63 27  2 -4 10 42 8312415717618017115313427 5 9TK 537189194518099999999999999 0231051248 -499999999999999
119112118135156174183179160130 94 57 27  9  8 24 54 9012515216717016114727 510TK 612184204017099999999999999 1 21121335  699999999999999
132121119126141157170173166147121 90 60 36 22 23 38 64 9512414715916115527 511TK 651174214216199999999999999 1461191427 2099999999999999
144132124123128139150158159153138118 94 70 50 38 39 51 72 9712214215415627 512TK 742160225015799999999999999 2421221529 3799999999999999
152143133125121123129136142145143135121103 84 66 55 53 62 7910012314215327 513TK 9 9145235415699999999999999 4 81211641 5399999999999999
156152143131121113110111117125133138137130117100 83 70 66 71 8510612714627 514TK1124139999999999999999999999 6101101759 6699999999999999
157159154142126110 97 90 90 98112127139145142131115 97 82 75 79 9311413627 515TK 047159131014599999999999999 728 891910 7599999999999999
154164164154137116 94 76 68 70 84105127146156155144127107 90 82 8710312527 516TK 130165142615799999999999999 817 6720 8 8299999999999999
147164171167152128100 73 54 47 55 76104133156167167154134112 95 89 9611427 517TK 2 7171152616999999999999999 857 472058 8999999999999999
138160174177166144114 80 51 33 32 48 76111143167178175159137114 98 9510627 518TK 242177161517899999999999999 935 302143 9599999999999999
127151172182178161131 95 59 32 19 25 48 8312115517718517715913511310110227 519TK 3151821659185999999999999991011 19222410099999999999999
117140164181186175149114 75 40 18 13 27 57 9513416618418617515413011110327 520TK 3481861739187999999999999991046 1223 310399999999999999
110128153175187184166134 95 57 27 11 14 35 7011014717418618316714512410927 521TK 4201881816187999999999999991121 10234010699999999999999
107118140164182188177152116 77 43 20 12 22 49 8612415717718317415713611827 522TK 4511881853183999999999999991156 12999999999999999999999
108112128150172185183165135 99 63 35 19 19 36 6510113616217517516414612727 523TK 523186192817799999999999999 0151081230 1799999999999999
113110118136158175181173150119 85 55 33 25 31 51 8111514316317016615313627 524TK 55518120 617099999999999999 04910913 5 2599999999999999
121112113124143161173173159135106 76 52 37 35 45 67 9612414716116415714427 525TK 629175204516499999999999999 1241111341 3499999999999999
129117112116129145159165161146123 97 73 54 45 48 61 8210713114915815815027 526TK 7 6165212915999999999999999 2 31121419 4599999999999999
138125116113118129141151154148134115 94 75 62 57 61 74 9411513514915615427 527TK 752154221715699999999999999 25011315 2 5799999999999999
146134123115113115123132139142139128113 97 82 73 70 74 8610212113915115627 528TK 85814223 615699999999999999 3581131554 7099999999999999
153144133121112107106111119128134134128117105 93 85 82 85 9410912714315427 529TK1033135235515899999999999999 53210617 2 8299999999999999
158153143130116103 94 91 96107120131136134127117106 97 92 9310111613415027 530TK1215136999999999999999999999 651 911821 9199999999999999
159161154141124105 87 75 73 81 97117134144146141130118106 99 9910812414227 531TK 041161134414699999999999999 744 721930 9899999999999999
158166165155136113 88 66 53 54 69 9312014215616015514312711310410411513327 6 1TK 124167145516099999999999999 826 52202710399999999999999
152167173168152127 96 66 42 32 39 62 9312615317017416715213311610811012327 6 2TK 2 5173155117599999999999999 9 5 32211810799999999999999
143162176180170147114 76 42 20 15 29 59 9713616618318617515713511811111627 6 3TK 245180164118699999999999999 945 1422 511199999999999999
132153174186184168137 98 56 22  3  3 25 6110414517619219117815613411911427 6 4TK 3261871728194999999999999991028  0225111499999999999999
123141164184193186163126 82 40  7 -8 -1 26 6711315418319519117515313211827 6 5TK 4 71931813196999999999999991112 -8233611699999999999999
117129150173191195183155114 69 29  0-10  2 32 7512116018619418616914712827 6 6TK 4481961859194999999999999991158-10999999999999999999999
117119134157179193193176145104 62 25  1 -5 11 44 8612916418418817816014027 6 7TK 530195194518899999999999999 0201161246 -599999999999999
123115121137159179189186167136 98 60 28  8  7 26 59 9913716618018116915127 6 8TK 615190203018299999999999999 1 51151333  599999999999999
132117113120137157173180175157129 96 63 37 23 26 45 7611114416617617316027 6 9TK 7 5180211417699999999999999 1521131421 2299999999999999
142124112109117132148161167163148126 99 72 51 42 47 66 9412415016717216627 610TK 8 6167215617299999999999999 24410915 9 4299999999999999
152134117106103109120134146153152143126105 85 69 63 70 8611013515616816927 611TK 923154223617099999999999999 34810316 0 6399999999999999
160145127110 99 94 97105118131141145141130115100 89 84 9010412414516216927 612TK1058145231617099999999999999 5 8 941657 8499999999999999
167156140121103 89 81 81 8910312013414214413812811610610210611813515316627 613TK1241144235917199999999999999 629 8018 510299999999999999
171166154136115 94 76 66 65 75 9311313214515114914213112011411712714315927 614TK1418151999999999999999999999 733 64191411499999999999999
170172166152132107 82 61 50 52 65 8711213515216116115414112812112313314927 615TK 047172153116299999999999999 823 49201812099999999999999
163173174167150126 97 68 47 38 43 61 8811714316317217116014513012312613727 616TK 140175162217399999999999999 9 8 37211412399999999999999
153168177177167146116 83 54 34 29 39 63 9412615517418117616114312812212627 617TK 23217817 218199999999999999 949 2922 412299999999999999
140157173181179164138104 69 41 25 25 41 7010413916718318517415613712311927 618TK 3191821738186999999999999991029 23224811999999999999999
127144163179186179158126 89 55 31 20 27 48 8111915317718718316714712811727 619TK 4 118618101879999999999999911 8 20232811699999999999999
118130150171185187174147111 75 44 25 21 33 61 9713416518318617515613611927 620TK 4381881841186999999999999991144 20999999999999999999999
112118135158178189184164133 96 62 36 23 26 45 7711414917318417916414412427 621TK 513189191218499999999999999 0 41121219 2299999999999999
111109121142165183187176151118 83 53 33 27 37 62 9613116017718017015213127 622TK 548187194118199999999999999 0381091252 2799999999999999
114106110126148169181180164136104 73 49 36 37 54 8211514616817817416014027 623TK 623183201117899999999999999 1121051324 3499999999999999
120107103112130151168175169150123 94 68 50 44 53 7310213215817317516614927 624TK 7 2175204217699999999999999 1471031355 4499999999999999
129112102102113131149162165157138114 89 69 58 59 72 9412014616517417115827 625TK 746165211417499999999999999 2261011426 5799999999999999
139120105 98101112127142153155147130110 91 77 72 77 9111213515616917216527 626TK 842155214717399999999999999 313 9815 0 7299999999999999
149130112 99 94 96105118133143147141128113 99 91 89 9510812614616217117027 627TK 952147222317299999999999999 414 931541 8999999999999999
159142123106 93 86 86 9310712313614214113312311310810611112213715316617127 628TK111714323 417199999999999999 530 85164210699999999999999
167155137118 99 83 72 71 79 9511513214314614313713012412112313114415816827 629TK1259146235217299999999999999 641 70181212199999999999999
171166153134112 89 69 55 53 64 8410913114815615815414613713013013614816127 630TK1445158999999999999999999999 739 53193812999999999999999
171174168154133106 77 52 37 36 51 7610613415617017416915814513513213815027 7 1TK 052174155517499999999999999 832 34204913299999999999999
164175179174158131 98 63 34 19 21 40 7010614016818318717916314713513113827 7 2TK 159179164518799999999999999 923 18215013199999999999999
151168182187181161128 88 49 19  5 10 33 6911015017919419418216214313012827 7 3TK 3 21871729196999999999999991014  4224412799999999999999
136153173190196187161123 79 37  8 -4  4 32 7311916018920019517815613512227 7 4TK 35619618102009999999999999911 5 -4233212199999999999999
122134156180198202189158116 71 30  2 -6  7 40 8513217119520019016914512427 7 5TK 4462031848201999999999999991154 -6999999999999999999999
113116133159185202203185152110 66 28  4  0 19 5610214718019719518015613027 7 6TK 534204192419899999999999999 0171121239 -199999999999999
110103111133160185199197177145105 64 31 13 17 40 7912316118619418616614027 7 7TK 622200195819499999999999999 0591031322 1299999999999999
115 98 95108131158180190186167137101 67 41 31 41 6810514317318918917415127 7 8TK 712191202819199999999999999 141 9514 1 3199999999999999
124101 89 90105127151169177172155130101 75 58 56 70 9713016018118718016127 7 9TK 8 7177205718799999999999999 225 881438 5599999999999999
136111 92 83 86100120140155162158146127106 88 80 83 9912315017118318317027 710TK 910162212618599999999999999 313 831513 7999999999999999
149125103 87 79 82 9310912714114814814012811610610310912314216217718217627 711TK1026149215718299999999999999 413 79155210399999999999999
160140118 99 84 76 76 84 9811412913914214113613012512312813815316717617727 712TK1210142223417899999999999999 529 75164712399999999999999
169154136116 97 81 71 68 75 8810512113414314814814514013713814515616717327 713TK1435148232417399999999999999 647 68181613799999999999999
172165152136117 96 77 63 59 66 80 9911913615015916115715014314114515416327 714TK1548161999999999999999999999 753 59194714199999999999999
169170165155138116 91 69 54 51 58 76 9812214516217217116315114113814115027 715TK 041170162817399999999999999 848 5021 113899999999999999
160168172170158138111 83 59 44 43 54 7610313215817518117516214613513113527 716TK 2 9172165918199999999999999 936 42215713199999999999999
146160172179175160134102 71 48 36 39 55 8111414617218518517315413612512327 717TK 3111791727187999999999999991019 35224012399999999999999
131147166181186178156124 89 59 38 30 38 61 9413016218419018116314212411527 718TK 3551861754190999999999999991058 30231711499999999999999
117132153175190190175146111 75 47 30 29 45 7511214917719018717215012711127 719TK 4331921819191999999999999991134 28235010699999999999999
107116137163185195189166133 96 62 38 28 36 59 9513416718719117915813311227 720TK 5 719518431919999999999999912 5 28999999999999999999999
100102119145173191194180152117 81 52 35 34 50 8111915518119118516614111627 721TK 54119519 719199999999999999 021 991234 3299999999999999
 98 93102125154179191187168137102 71 48 40 48 7210714317318918917415112427 722TK 616192193019199999999999999 052 9313 1 4099999999999999
101 88 90106132160179186176153123 92 66 52 53 69 9813216318419018116013427 723TK 653186195319099999999999999 124 871327 5099999999999999
108 89 83 91111136160175176163140113 87 69 64 73 9512415317718818516914427 724TK 735177201718899999999999999 157 831352 6499999999999999
118 95 82 81 92113136156166165152131109 90 81 83 9711914516818318617615527 725TK 824167204318699999999999999 234 801419 8099999999999999
130105 87 78 80 92110130148157155145128112102 9910511913815917518317916527 726TK 922157211218399999999999999 319 771448 9999999999999999
143119 98 82 75 76 8610212113814814914213312411911912613715116617617917227 727TK1037149214717999999999999999 421 74152611999999999999999
156136114 95 79 70 68 75 9010912814014614714414113813814014715616717417427 728TK1232147223517599999999999999 542 68164313899999999999999
167154136116 95 76 61 56 61 76 9711813715015716015915515014815015616317027 729TK1511160235317299999999999999 7 2 5619 814899999999999999
172168158142120 95 69 49 40 45 61 8511313815817217717416515514714515015827 730TK16 6177999999999999999999999 811 40204614599999999999999
167174176169152125 93 60 36 24 29 49 7811214517218719018116615113913614127 731TK 143176164319099999999999999 912 24215313699999999999999
153169182188182161127 88 50 23 11 18 42 7812015818619919618015913912612327 8 1TK 3 218817171999999999999999910 7 11224212399999999999999
133152175194202192165126 81 41 13  3 15 45 8813517419920419317114512210927 8 2TK 3592021749205999999999999991058  3232510899999999999999
111127154183205210196164121 75 35  9  4 22 6010715418920620218315512610227 8 3TK 4482111819207999999999999991143  3999999999999999999999
 93101125158190210212193158115 70 34 14 17 42 8413217420020619316713410427 8 4TK 535214184720699999999999999 0 4 931224 1299999999999999
 84 80 96126162192208205184149108 69 40 29 40 7211515819020419917714611327 8 5TK 621209191320499999999999999 041 7913 0 2999999999999999
 85 70 74 95128162188198192170139104 73 53 52 7110614517919920118615912627 8 6TK 7 7198193720299999999999999 118 691333 5099999999999999
 94 72 64 74 98128157177183176157131104 83 74 8210513716819119919117014027 8 7TK 75718420 019999999999999999 156 6414 2 7499999999999999
109 83 67 65 77100126148163167160145127109 99 9911113415918119319217815327 8 8TK 851167202419599999999999999 237 641430 9799999999999999
126 99 79 69 70 81 9911913714815214813912912111812313515317118418818116427 8 9TK 957152205018899999999999999 325 68145611899999999999999
141118 98 82 74 74 81 9511012513614114214113813613614114916117217917816927 810TK1149142212318099999999999999 431 73152613699999999999999
154136119102 88 79 75 78 8810111512713714414915115014915015316016616916827 811TK1518151221116999999999999999 6 3 75172214999999999999999
161151139124109 92 79 71 71 79 9210812414015316116316015415014915115616027 812TK1552163999999999999999999999 729 70194514999999999999999
161160155146131112 91 74 63 63 71 8710712915016617317116315114213914114727 813TK 0 5161161717499999999999999 834 6221 613899999999999999
155162166164154135110 85 64 54 54 66 8711414116517918117215714113012613127 814TK 213167164018299999999999999 926 53215412699999999999999
143157170177173157132101 73 53 45 50 68 9512815818018818216514512611611627 815TK 31117717 31889999999999999910 8 44222911499999999999999
127146166183187178154122 89 60 43 39 51 7711214717619118917415112710910227 816TK 3511871725192999999999999991044 3923 110299999999999999
109129155179194193175144109 75 49 37 41 62 96134169190195183160132108 9327 817TK 4261951745195999999999999991115 362330 9199999999999999
 93109137168191200191165130 94 62 42 38 52 82121159186197190169140111 8927 818TK 45920018 5197999999999999991144 382359 8199999999999999
 81 90115149180199199182151115 81 55 43 49 73110149181197196178150118 9027 819TK 5322011825199999999999999991210 43999999999999999999999
 74 75 94126160188199192169136102 72 55 53 70101139173194199186160127 9627 820TK 6 6199184419999999999999999 027 721235 5299999999999999
 73 65 76102136168189193180154123 93 71 63 72 9713016418919919217013910627 821TK 64319419 519999999999999999 056 651259 6399999999999999
 78 63 64 81111144170184182166141114 91 79 81 9712415518119519417815011827 822TK 723185192619799999999999999 126 611323 7899999999999999
 88 67 59 67 88117145166175170154133112 98 9510412314817218819318316113227 823TK 8 8175194819399999999999999 159 591346 9499999999999999
102 78 63 61 72 9211714015716315914613111811211512714416417918718416914627 824TK 9 3163201318899999999999999 239 61141111299999999999999
120 95 76 65 65 73 9011013014515215014413613113113614515716917818017315827 825TK1018152204418099999999999999 335 64143513199999999999999
138117 97 80 69 65 69 81 9811613214214714914914914915115516016617117016527 826TK2130171999999999999999999999 5 1 65999999999999999999999
154140123105 87 71 61 59 67 8310212213915216116516516215715415415616016327 827TK1529166233716399999999999999 641 59193515499999999999999
163160151137116 92 69 52 45 51 68 9211814316417618017516515314414014315027 828TK1555180999999999999999999999 8 1 4521 614099999999999999
160169173168152125 94 63 40 31 38 58 8912315517919118917615813912612212927 829TK 2 0173162119299999999999999 9 5 31215212299999999999999
144164182190185163130 91 55 30 21 31 58 9613817319520018916714111810410427 830TK 3 9191164720099999999999999 957 21223010299999999999999
119144173197206196169129 86 48 23 19 36 70115159191206200179149118 93 8227 831TK 4 02061713206999999999999991043 1823 6 8299999999999999
 90114149184209215200167124 80 44 25 27 52 94141181205208191161125 92 6927 9 1TK 4472151738209999999999999991123 232342 6499999999999999
 65 82116157193214215195159117 77 46 35 47 80124168199211201174137 99 6827 9 2TK 53121718 12119999999999999912 0 35999999999999999999999
 52 57 83122164196211206183149111 77 56 55 76113155190208206186152113 7727 9 3TK 614212182421099999999999999 016 511232 5399999999999999
 51 44 58 89129166192200191169139108 83 73 83109145179202207194165129 9227 9 4TK 659200184620899999999999999 051 4413 2 7399999999999999
 62 45 46 66 98133163181185175155131109 95 9611213916919320319717614511027 9 5TK 74418519 820399999999999999 125 431329 9499999999999999
 79 57 49 56 7710513315516716815914512911611211913716018219519518115712827 9 6TK 834169193119699999999999999 2 2 49135411299999999999999
100 76 62 59 68 8610812914415315414814013212812913815317018218618016514327 9 7TK 935154195618699999999999999 244 59141712899999999999999
119 98 82 73 71 77 9010512013314114414414314114114415015916817417316515227 9 8TK1135145202617499999999999999 342 71143914199999999999999
136120105 93 84 79 81 88 9811112313314214815215315215115215515816015915427 9 9TK15 2153211316099999999999999 516 79171015199999999999999
147138127115102 90 81 78 81 9010311813314715716316215715014514314414715027 910TK1523163999999999999999999999 7 1 7820 514399999999999999
151151147138125107 90 76 70 72 83 9912014115817017216615414113212813113827 911TK 018151154517299999999999999 814 7021 312899999999999999
148156161159147128105 83 67 61 66 8110313015517318017516114312611511412227 912TK 21216116 518099999999999999 9 5 61213711399999999999999
137154168174168151125 97 73 57 54 64 87116147172185184170148124106 9810327 913TK 3 2174162518699999999999999 944 5422 7 9899999999999999
120143167182185172148117 86 62 50 53 72102137168187191179156128102 86 8527 914TK 3401861644192999999999999991017 492236 8399999999999999
 99125156182194190169139105 74 54 49 62 89125161186196188166135104 79 7027 915TK 41419517 3196999999999999991047 4923 3 6999999999999999
 78103137171195200188161126 92 66 53 57 80114152183198196176145109 78 6027 916TK 4482011721200999999999999991115 522331 5799999999999999
 59 79113152185202199179148114 83 63 60 75105142176198201185156119 83 5727 917TK 5222031739202999999999999991142 592359 4799999999999999
 47 58 87127166193202192168136104 80 69 76 99133168194203193167131 93 6127 918TK 55720217592039999999999999912 7 69999999999999999999999
 43 44 64100140174194195180154125 99 83 83 98127159187201197177145107 7227 919TK 635197181920299999999999999 028 411233 8199999999999999
 47 38 48 75112148176188184167143119101 95102123151178195198184157123 8827 920TK 715189184019899999999999999 058 381258 9599999999999999
 59 42 41 57 8611914917017717115613712011011212514516818619318716713910727 921TK 8 117719 219399999999999999 132 40132311099999999999999
 77 56 46 50 66 9111914315916415914813612712513114416017518418317215212627 922TK 858164192718599999999999999 213 46134812599999999999999
100 78 62 55 58 71 9011213114515215114714314014114615516417117417015914327 923TK1027152195617499999999999999 310 55141614099999999999999
124105 87 72 64 62 69 8210011813314415115415515415415415515715916015815327 924TK1359155204916099999999999999 441 62162215499999999999999
144132118101 84 69 61 61 71 8710712714515816616716415815014414114214615127 925TK1449168999999999999999999999 628 60201514199999999999999
155155149135115 92 70 55 51 59 7810313015417117917616615113512412012513627 926TK 032155151617999999999999999 749 51205812099999999999999
151165172168151125 95 67 48 43 53 77109142169186188177157133112 99 9811027 927TK 210172154018999999999999999 849 432133 9799999999999999
132158180190184162130 94 62 43 40 56 87125161187197190168139108 84 74 8027 928TK 3 919016 419799999999999999 937 3922 7 7499999999999999
103136170195204194167129 91 59 43 47 70107148182201201182150113 80 57 5327 929TK 3572041628203999999999999991019 422241 5299999999999999
 70104145183207211195164125 88 60 51 62 93134173200207194165126 85 53 3727 930TK 4422121652208999999999999991057 512315 3699999999999999
 42 69111155192211209189157120 87 67 66 86122161194209204179142 99 61 342710 1TK 5262131715210999999999999991132 642349 2699999999999999
 27 42 77121164195207201179148115 90 79 88114150184205208191158118 76 432710 2TK 6 820717382099999999999999912 4 79999999999999999999999
 25 28 51 89132168191197187166139113 97 96112141172197206197172136 96 612710 3TK 65119718 120699999999999999 023 241234 9499999999999999
 36 28 39 66102138167182183172153132115108115134161185199197180151116 822710 4TK 734184182520099999999999999 056 2813 310899999999999999
 55 40 39 54 811121401601701681591441311211211321511711871911821611331042710 5TK 821170185019199999999999999 132 37133112099999999999999
 78 59 51 55 69 911151361511571561501411341301341441581721791771651451222710 6TK 919157191717999999999999999 211 5014 113099999999999999
100 82 69 65 69 80 961141291411471481471431401391421491571631651611501362710 7TK1054148194916599999999999999 3 2 65144713999999999999999
119104 91 82 77 78 84 951081221331421481501501481451441441471491501471422710 8TK1322150204415099999999999999 422 77171014499999999999999
134125114103 92 84 80 83 901031171311441531581571521451371331321341371402710 9TK1421158999999999999999999999 6 9 80194813299999999999999
142140135125112 98 85 78 78 85100118137153163166161150136123116115121131271010TK 0 3142145116699999999999999 730 77203511599999999999999
142150152147134116 97 81 72 73 84103126149166174171158139119104 97101114271011TK 149152151417499999999999999 825 7121 7 9799999999999999
133151162165156138115 92 75 67 72 89114141165179180168146120 97 82 80 93271012TK 242165153518199999999999999 9 6 672136 7999999999999999
116142165177175161137110 85 69 67 78102132161181187178156126 95 72 62 70271013TK 324178155418799999999999999 941 6622 4 6299999999999999
 93125157180188181160131102 79 68 72 92122154180192188167135 99 68 49 48271014TK 4 11881614193999999999999991013 682232 4699999999999999
 67100139173193195180154123 95 76 73 86113146176194196179148109 71 43 32271015TK 4371961633197999999999999991043 7223 1 3299999999999999
 43 72113155186200195175146115 91 79 84105137169193200189161123 81 46 25271016TK 5142001654201999999999999991113 792331 2299999999999999
 25 46 84128168193200189166137110 92 89102128160187201197175139 97 57 28271017TK 5512001717202999999999999991142 88999999999999999999999
 17 27 56 98141175193194179155129108 98103122150178196199185155116 76 41271018TK 631196174120099999999999999 0 3 171211 9899999999999999
 21 18 36 69109148175187183168147126112110121142167187196190168135 98 63271019TK 71518718 619699999999999999 037 17124110999999999999999
 36 23 27 48 80116147168176171158142128121124137156175187187175151121 88271020TK 8 5176183318999999999999999 116 22131312199999999999999
 60 40 32 39 58 86116141157164161152142134132137148162173177173160139114271021TK 9 816419 317899999999999999 2 2 32135013299999999999999
 88 66 51 45 50 65 87110132147155156152147142141144149156161163159149135271022TK1039156194516399999999999999 3 2 45145014199999999999999
117 98 80 65 57 58 67 83103124140152157157154149144141140141144146147145271023TK1231157215414799999999999999 426 56175214099999999999999
139128113 96 79 66 61 66 79 99121141156163164159150138128122120124132142271024TK1337165999999999999999999999 6 2 61194612099999999999999
149150144130110 89 72 62 64 78 99125148165173171159142123106 97 97107124271025TK 043151141517399999999999999 720 622029 9599999999999999
144159166161145122 96 74 63 66 82108137162178181172152126 99 79 70 77 96271026TK 2 6166144518299999999999999 819 6221 5 7099999999999999
123152173182175156128 99 76 66 72 93123154178189185166136102 72 52 48 63271027TK 3 5182151319099999999999999 9 7 652141 4799999999999999
 93129163187194184160130 99 78 72 84110143173192195181152114 76 45 30 35271028TK 355194154019699999999999999 950 722215 2999999999999999
 60 98140175197200186159128 99 83 83101131164190201193169131 89 50 24 17271029TK 44020116 6201999999999999991029 812250 1699999999999999
 31 65108151184201199181154124100 90 98121152182200201184150108 66 31 13271030TK 52420216332039999999999999911 5 902324 1199999999999999
 15 38 76121161188199192172146120103100114141170194203194167129 87 48 21271031TK 6 519917 0203999999999999991140 992359 1299999999999999
 12 22 51 91133167187191181161138118108112131157182198197179148109 70 392711 1TK 6461921728199999999999999991213107999999999999999999999
 21 20 37 68106141168181180168150131117114124144168187193184161128 93 612711 2TK 726182175619399999999999999 033 18124511499999999999999
 38 28 34 54 84116145164171168156141128120122135153172183182168143113 842711 3TK 8 9171182618499999999999999 1 9 28131812099999999999999
 60 44 41 50 70 961221441571621581481371281251291411551671721661511291052711 4TK 858162185817299999999999999 147 40135712599999999999999
 82 65 55 55 65 821031241401511541511441371311291331411501571571511381212711 5TK 959154193715899999999999999 230 54144912999999999999999
103 86 74 67 68 76 891061231371471511501451391331301301341381421431391312711 6TK1116151204114399999999999999 326 67162513099999999999999
120108 95 85 79 77 82 921061221361471521521481411331251211201231281321342711 7TK123115323 013499999999999999 444 77184112099999999999999
132126117106 95 87 83 85 931081241401521581571501391261131051031071171282711 8TK1324158999999999999999999999 612 83194710299999999999999
136139136128116103 91 85 86 96112131149161165161148131111 94 84 85 961132711 9TK 1 113914 016599999999999999 722 842026 8399999999999999
131144151148139123107 92 85 88101121142160170170159139114 89 70 63 71 90271110TK 214151142917299999999999999 814 852058 6399999999999999
116140158164160146127107 92 86 93111134157173179171151122 90 62 46 46 64271111TK 3 5165145517999999999999999 857 862129 4499999999999999
 93126154172177168150127105 92 90103125151173184182165135 99 63 36 27 36271112TK 349177152018599999999999999 935 8922 0 2799999999999999
 64101139169185185172149124103 94 98116142168186191179151113 72 37 15 14271113TK 4301871547191999999999999991011 932233 1299999999999999
 34 70113153182193188170145120103 99109132159183195191169133 89 48 16  2271114TK 5101931615196999999999999991047 9823 8  299999999999999
 11 39 81126165189195185164139117105107123148175194198184154112 68 29  4271115TK 55119516451989999999999999911221042345 -299999999999999
 -2 14 49 93137171189191178156134116110118137162185197193172137 94 53 19271116TK 6341921716197999999999999991158110999999999999999999999
  1  2 24 60103143171184182168149130118117128149171188193182157122 82 46271117TK 720185175019399999999999999 026 -1123611699999999999999
 19  7 13 36 72110144167176172160144129121124136154172183182168143111 78271118TK 811176182718499999999999999 110  6131712199999999999999
 47 26 19 27 50 81114142161168164154141130125128138152164170167155134108271119TK 9 7168191117099999999999999 159 1914 712599999999999999
 81 56 39 34 42 62 88116140156162160151140130125126133142150154153145131271120TK1010162201915499999999999999 254 34151712599999999999999
112 90 70 56 51 57 72 94118140154160158150139128121117119124131137142141271121TK1112161222214299999999999999 359 51171111799999999999999
134121104 87 74 67 69 81100123143157162160150137122109101 98102112124136271122TK12 8163999999999999999999999 514 671854 9899999999999999
142142134120104 89 80 80 90108130150163167162149131110 91 78 74 81 97117271123TK 026143125516799999999999999 631 781951 7499999999999999
136149154149136118101 90 88 99118140159171172163144120 92 69 54 53 66 89271124TK 157154133717399999999999999 737 872035 5299999999999999
116142160167162148128108 96 96108129152170179176161135103 71 45 33 37 57271125TK 3 5167141618099999999999999 832 952115 3299999999999999
 88122152171178172154132112101103118141164180185177154121 84 49 25 18 30271126TK 359178145318699999999999999 9201002153 1899999999999999
 57 94132163182186175155132113105111129153175188188172142104 64 30 11 12271127TK 44518615281909999999999999910 41052230  999999999999999
 31 64105144173188188173151127111108119140165185193185162126 85 46 17  6271128TK 52619016 319399999999999999104410723 6  599999999999999
 13 39 77118155180190183165142122110112127151175191192177147108 67 33 11271129TK 6 419016371949999999999999911221092343  799999999999999
  7 22 53 92132164182185174155133116110117136160181191186164130 91 54 26271130TK 64018617 9192999999999999991159110999999999999999999999
 12 16 36 70108143169180176162143124112111123144167183186174147112 77 462712 1TK 715180174218799999999999999 018 11123311099999999999999
 25 19 29 54 87122151169173166150132117110115130150169179176158130 98 672712 2TK 750173181518099999999999999 053 1913 911099999999999999
 43 30 31 46 72103132155166165155140125114111118134152165169161142116 882712 3TK 827167185016999999999999999 127 29134611199999999999999
 64 47 40 46 63 881151391551611581471331201121121201331471551561461291072712 4TK 9 6161193215799999999999999 2 2 40143011199999999999999
 85 66 55 54 62 791021241431551581521421291181111111171271361421421341212712 5TK 949158202914399999999999999 239 53153011199999999999999
104 87 75 68 69 78 931121311461551561491381261151081061081141221291311282712 6TK1035156215613199999999999999 322 6817 110699999999999999
119108 96 87 83 84 90103119136149156155148136123110100 93 93 991091191272712 7TK1123156234612899999999999999 420 821834 9299999999999999
128124117109101 96 95100110125141153159156147134117100 84 75 75 84 991152712 8TK1212159999999999999999999999 542 951932 7499999999999999
128135135131123114106103106117132148159163159147128106 82 63 54 57 73 952712 9TK 132136125916399999999999999 7 31032015 5499999999999999
118136147150145135123112107111123139155166168161143118 89 60 40 34 44 66271210TK 251150134316999999999999999 8 61072053 3499999999999999
 96125148161164157144127115110115130148165174174161136103 67 36 18 17 35271211TK 346164142617699999999999999 8581102132 1599999999999999
 65102136162175175164147128115112120138158175183178158125 85 45 14  0  7271212TK 43117715 818399999999999999 9451112211  099999999999999
 32 69111148174185181166145125114114126147169185190178150111 66 25 -2-11271213TK 51318615481909999999999999910291122253-1199999999999999
  2 34 76121159183190181162140121113117133156179193193174140 96 50 12-12271214TK 55419016291959999999999999911111122337-1699999999999999
-14  5 41 87132167186188176155133117111120139164186196190166128 83 39  5271215TK 63618917 9196999999999999991154111999999999999999999999
-13-10 14 53 99141172185182167146125112110122144168187192181155117 74 35271216TK 718186175119399999999999999 022-14123710999999999999999
  6 -6  2 29 69112149173180174157136117107109123145167181182169143108 71271217TK 759180183718399999999999999 1 7 -6132110699999999999999
 38 15  9 21 49 86124154171174164146126110102107121140158168168156133104271218TK 840175192917099999999999999 151  814 910299999999999999
 74 47 31 29 44 71104135158169167155137118103 98102113129143152153144127271219TK 920170203515399999999999999 235 2815 5 9899999999999999
105 82 62 52 54 68 92119144161167161147129111 97 91 92100112125135139136271220TK 95916722 413999999999999999 321 511618 9199999999999999
126111 95 81 75 78 90109132151163164156141123105 91 81 79 84 94108121130271221TK1039165235613399999999999999 413 751750 7999999999999999
133130122111102 96 98107123141156164163154138120100 82 68 62 66 77 95112271222TK1123165999999999999999999999 520 9619 8 6299999999999999
127136139136129120113111118131146159165163153137116 92 69 52 45 50 65 87271223TK 158139121516599999999999999 64111120 6 4599999999999999
110130144151150143132122118123135150162167165155136111 82 55 36 30 39 59271224TK 323152131516899999999999999 7551182054 3099999999999999
 85113138156164162151136124120125137152165171169156133102 68 40 22 20 33271225TK 415165141517299999999999999 8571202138 1999999999999999
 59 90123151169174167151134121117124139156170177172154125 89 53 26 12 15271226TK 45417415 717799999999999999 9491172219 1199999999999999
 34 65101137164178178165145126114114124142162177182172148112 74 39 15  7271227TK 52818015511829999999999999910341122257  799999999999999
 16 42 77117151174182175157135116108111126149171184184167136 97 58 27  8271228TK 55818216281869999999999999911131072334  699999999999999
  7 24 55 95134164180179165144122106102112132157178187179155119 80 44 18271229TK 62818217 3187999999999999991149102999999999999999999999
  8 14 38 74114149172179171152129109 98100116140166182184169139102 65 34271230TK 655179173618599999999999999 0 8  71222 9799999999999999
 16 14 29 59 97134161175173158137115 98 93101122148170180175153122 86 54271231TK 72117618 918099999999999999 039 131254 9399999999999999
