105 96 87 79 76 79 88101116130139142138128113 95 79 67 61 61 67 77 87 9627 1 1TT1057142999999999999999999999 4 2 761828 6099999999999999
101103101 97 93 92 95102112125135142142136123105 85 66 51 42 42 49 61 7527 1 2TT 025103113714399999999999999 449 921932 4199999999999999
 89100107110108106104104109118127136140140132116 96 72 51 34 26 27 37 5327 1 3TT 3 2110122314199999999999999 6191042021 2599999999999999
 72 91106116120118114110109112118127134138136126108 85 59 36 20 13 18 3227 1 4TT 411120131313999999999999999 75210921 3 1399999999999999
 53 76 99116126128124117110107110116125133137133121100 74 47 24 10  7 1727 1 5TT 45012814 513799999999999999 9 31072141  799999999999999
 36 61 87111127134133125114106103106114124132136130115 92 64 37 15  5  827 1 6TT 520134145513699999999999999 9581032216  599999999999999
 22 46 74101123135138132119107 98 97102113125134136128110 84 55 28 11  627 1 7TT 5461381542137999999999999991040 972251  699999999999999
 14 34 61 90116133140136125110 97 91 93102116130139138125104 76 46 22 1027 1 8TT 6 91401625139999999999999991114 912324  999999999999999
 11 25 49 78107128139140130115 99 88 86 93106122137143138121 96 66 39 2027 1 9TT 63114117 4143999999999999991143 862355 1499999999999999
 14 21 40 67 97122137141135121104 90 83 86 97113131143145135114 86 57 3327 110TT 6521421740146999999999999991211 83999999999999999999999
 20 21 35 58 86113133142139128111 94 83 81 88103121138146143128104 76 5027 111TT 714142181514799999999999999 026 191241 8199999999999999
 32 26 34 52 77104128141143134119101 86 79 81 92108126140144136118 93 6827 112TT 739144185214499999999999999 055 261315 7999999999999999
 47 36 37 50 71 96120138145141128110 92 80 76 81 93109125135136126108 8527 113TT 8 5145193513799999999999999 123 351356 7699999999999999
 65 51 47 54 69 90113133144145136120102 85 75 72 78 8910311712612511610027 114TT 835146202612799999999999999 152 471447 7299999999999999
 83 69 62 63 73 88107126140146143131114 95 78 68 65 69 79 9210511411510927 115TT 9 7146213811599999999999999 221 611554 6599999999999999
 99 89 81 78 82 91104119133143145139125108 88 71 59 54 56 64 78 9210210827 116TT 943146233710999999999999999 255 781715 5499999999999999
108105100 96 96 99105114125136143142135121103 82 62 48 40 40 48 63 80 9527 117TT1026144999999999999999999999 338 961834 3999999999999999
107114116115113111111113118127135140140133119 99 76 54 36 25 24 34 52 7327 118TT 2 3117112414199999999999999 5291111938 2399999999999999
 94112124130129126121117114117124132138139134120 97 71 46 24 11 11 23 4527 119TT 323130124213999999999999999 8 21142034  999999999999999
 71 97120136142140133124115110112120130138142137122 97 67 38 14  0  2 1827 120TT 41214214 114299999999999999 9121102125 -199999999999999
 44 75105131146150145133119108103107117131142148143125 97 64 31  6 -7 -227 121TT 45115015 61489999999999999910 31032213 -799999999999999
 18 49 83116141153153143127110 97 95102117134149155148127 95 59 25  0 -927 122TT 52815516 2155999999999999991045 942259 -999999999999999
  1 25 58 95127149157151135115 98 88 89101120140156161151126 91 53 20 -127 123TT 6 21571652161999999999999991124 872342 -699999999999999
 -5  9 37 73108137154155143124102 86 80 86102124146160162148120 84 47 1827 124TT 63615617371639999999999999912 1 80999999999999999999999
  3  6 25 56 91123146155150133110 90 77 75 85104128147158156139110 75 4327 125TT 7 8155182115999999999999999 021  21240 7499999999999999
 21 14 23 46 78110136151153141121 98 80 70 72 85105126142149143125 98 6827 126TT 73715419 314999999999999999 057 141321 6999999999999999
 44 31 32 46 71100126145152147131109 87 72 65 69 83101119131134127110 8827 127TT 8 4152194913499999999999999 128 3014 7 6599999999999999
 67 52 48 54 71 95119138149149138120 98 79 65 61 65 77 92105114116111 9927 128TT 830150204511699999999999999 155 4815 0 6199999999999999
 85 73 66 68 78 95114132144147142128109 89 72 60 55 58 67 78 89 97100 9927 129TT 854147221110099999999999999 217 6616 6 5599999999999999
 94 88 84 84 89 98112125137142141133119101 82 66 54 48 49 55 64 75 84 9027 130TT 920143999999999999999999999 232 831725 4899999999999999
 95 97 98 98100105111119128134136133124112 95 77 61 48 40 38 43 52 64 7627 131TT 9521369999999999999999999991845 38999999999999999999999
 88 98105109111112113115119123127127125118107 91 74 56 41 31 29 34 45 6027 2 1TT10471279999999999999999999991948 28999999999999999999999
 76 93106115119119116112110111114118121121116105 90 70 50 33 23 21 29 4327 2 2TT 425120123212199999999999999 8 81102039 2199999999999999
 62 83102117124125120112104100101106112118121117106 88 67 44 26 17 18 2927 2 3TT 437125135912199999999999999 9161002122 1699999999999999
 47 70 94114126129124114101 92 89 93101112121125121107 86 61 37 19 13 1827 2 4TT 454129145912599999999999999 955 8922 1 1399999999999999
 34 57 83107124131129118103 89 81 81 89103117129132124106 81 53 28 14 1227 2 5TT 5141321546132999999999999991025 802236 1199999999999999
 23 44 71 99121132133124108 90 76 73 78 92110128138137124101 72 43 21 1227 2 6TT 5341341625139999999999999991053 7323 9 1299999999999999
 17 33 59 89115132137130115 95 77 68 69 81100121139146139120 92 61 33 1727 2 7TT 55413717 0146999999999999991120 672338 1499999999999999
 15 27 50 79108130140137123103 81 67 63 71 88111133147148135110 80 50 2827 2 8TT 6141401734149999999999999991148 63999999999999999999999
 19 25 44 71101127142143132112 89 69 59 62 76 97121141150144125 98 69 4327 2 9TT 63514418 815099999999999999 0 5 191218 5999999999999999
 29 29 43 66 95122141148140122 98 76 60 55 63 81104126142145135114 87 6227 210TT 657148184514699999999999999 030 271251 5599999999999999
 45 39 47 66 91117139150147132110 85 64 52 53 64 84106125137136124104 8227 211TT 719150192713899999999999999 054 391328 5199999999999999
 64 55 57 71 91114134148151141121 96 73 55 47 51 64 82102119127125114 9927 212TT 742151201812899999999999999 117 541410 4799999999999999
 84 74 72 80 94112129143150145131109 85 64 49 44 48 59 75 9310811611510927 213TT 8 6150212811699999999999999 141 7215 3 4499999999999999
101 93 89 92100112125136144145137121101 79 60 46 41 43 51 65 81 9610611027 214TT 835146233711199999999999999 2 5 891612 4199999999999999
110109107106110115121128135138137129115 98 78 59 45 37 36 41 53 69 8610027 215TT 914139999999999999999999999 2321061745 3599999999999999
110117120120120120121121123127130130125115100 81 62 45 32 26 29 41 59 7927 216TT10221319999999999999999999991913 26999999999999999999999
 98114126131131127122117113113118124127127121108 87 65 43 26 16 18 32 5327 217TT 325131123012899999999999999 8221122021 1599999999999999
 77102122135139135127116106100102111121130135131117 93 66 39 18  7 10 2727 218TT 35713914 813599999999999999 9121002116  699999999999999
 52 81109131142142133119103 91 87 94107123138145141124 96 64 33 10  0  727 219TT 428144151214599999999999999 951 8722 4  099999999999999
 28 58 91120140147141125106 87 76 77 89108129147155148126 94 58 26  4 -127 220TT 5 014716 4155999999999999991028 752247 -199999999999999
 12 38 71105132147147134113 90 71 64 70 88112137155160149123 87 50 20  427 221TT 53014916501609999999999999911 4 642325  399999999999999
  6 24 55 90122144151143123 97 73 57 55 67 89117142157158142113 78 44 2027 222TT 5591511733159999999999999991141 542358 1299999999999999
 12 21 45 78111138152150134109 81 58 47 50 67 92120142152149130101 69 4227 223TT 6251531815153999999999999991218 46999999999999999999999
 28 29 44 72104132150154144121 92 65 47 41 48 68 94119136142134115 90 6527 224TT 648154185714299999999999999 027 261256 4199999999999999
 48 43 52 72 99126146154149132105 77 53 40 38 49 69 93113125127119103 8427 225TT 7 8154194212899999999999999 052 431336 3799999999999999
 68 61 64 78 98122141151150138116 90 64 46 37 39 51 69 88103112112106 9527 226TT 725152203511399999999999999 112 611419 3699999999999999
 85 78 79 86100118134145147139123101 78 57 43 38 41 51 66 81 92 99101 9927 227TT 742147215510199999999999999 127 7715 8 3899999999999999
 95 92 92 96104115127136139135125109 91 72 56 45 41 43 50 61 73 82 90 9527 228TT 8 0139999999999999999999999 130 911611 4199999999999999
 98100102105109114119125128127122113100 86 71 58 49 43 42 47 55 65 76 8627 3 1TT 8211289999999999999999999991739 42999999999999999999999
 95103108111113113113113114115114111106 98 88 76 63 52 43 39 42 49 60 7427 3 2TT 9 111599999999999999999999919 7 39999999999999999999999
 87101110116117114109104100100102104106106102 93 81 66 51 39 34 36 46 6027 3 3TT 346117122910799999999999999 8291002011 3499999999999999
 76 94109118120117108 98 89 86 89 94102109113110100 84 65 47 33 28 33 4527 3 4TT 35312114 511399999999999999 9 2 862059 2899999999999999
 64 85104118124121111 97 83 75 75 82 94107118123117103 83 60 38 25 23 3327 3 5TT 4 9124145812399999999999999 929 742138 2399999999999999
 50 73 97116126126116100 82 68 64 69 82100118130132122102 77 50 29 19 2327 3 6TT 427127153913299999999999999 955 642212 1999999999999999
 38 61 88112128131124107 86 67 56 57 69 89111130140137121 96 67 39 22 1927 3 7TT 4481321615141999999999999991023 552242 1899999999999999
 30 51 79107128137132117 94 70 53 47 56 74 99124142146136115 86 56 32 2227 3 8TT 5 91371649147999999999999991053 472310 2299999999999999
 27 45 71101126141141127104 78 54 41 43 58 83110135148147131105 75 49 3227 3 9TT 5301431725150999999999999991123 402336 2999999999999999
 31 44 67 96123142148138116 88 60 40 34 43 64 92120142150143123 96 69 4927 310TT 55114818 2150999999999999991154 34999999999999999999999
 41 48 67 93120141152147128100 69 44 30 31 46 71100126143146135114 90 6927 311TT 611152184214699999999999999 0 1 411226 2899999999999999
 58 59 72 93117139152152138113 82 53 32 25 32 51 77104127139138126108 8927 312TT 631154192714099999999999999 025 5613 1 2599999999999999
 77 73 80 96116135149153145124 96 67 42 27 25 35 55 7910312213112912010727 313TT 651153202013299999999999999 049 731340 2499999999999999
 95 90 92102116131143149146133110 84 58 38 28 28 39 57 78 9811412212211727 314TT 712149213012399999999999999 113 891426 2799999999999999
110105104109117126135141142135121101 79 58 42 33 34 41 54 71 8910311311727 315TT 738142235011899999999999999 1391041528 3299999999999999
118117116117120123126129131131125114 99 82 65 50 40 37 39 48 62 78 9410727 316TT 818132999999999999999999999 21011617 5 3799999999999999
117123125124123121119117117119121119114105 92 75 59 45 36 33 39 52 70 8827 317TT 21712510 212199999999999999 7251171854 3399999999999999
106120129131128122115107102103108115120121117104 86 66 46 32 25 29 44 6527 318TT 252131124912299999999999999 82010220 7 2599999999999999
 88110126135134126114100 90 86 91101115126132129115 93 67 43 24 17 24 4227 319TT 322135141313399999999999999 856 8621 1 1799999999999999
 67 94118134139132118 99 82 71 71 81 99119135143139121 94 64 37 18 14 2527 320TT 352139151014499999999999999 931 702145 1499999999999999
 49 78107130142140126104 81 62 54 59 76100125143150143121 90 58 31 17 1827 321TT 42114315591509999999999999910 7 542224 1599999999999999
 36 63 95123142146136114 87 61 44 41 52 75104130148152140115 83 52 30 2227 322TT 4481471645152999999999999991043 402258 2299999999999999
 31 54 85116139150146126 98 67 42 29 32 49 77108133148148132106 76 50 3627 323TT 5131511729150999999999999991120 282327 3499999999999999
 37 52 79109136151152138111 78 47 26 20 29 51 81111133143139122 97 72 5427 324TT 5351541813144999999999999991156 202354 4999999999999999
 49 57 77105131150155147124 92 59 32 17 17 31 56 86113130135129112 91 7427 325TT 5541551856135999999999999991230 15999999999999999999999
 65 67 81102126146154150133106 73 43 22 14 20 38 64 90112124126118104 9027 326TT 611155194112699999999999999 017 6513 4 1499999999999999
 81 80 87102121139149149137115 87 58 35 21 19 29 47 71 9210811611611010127 327TT 628151203111799999999999999 037 791339 1999999999999999
 93 91 94104117131141143136120 98 74 51 34 27 29 40 56 75 9110310810910627 328TT 645143213710999999999999999 055 911416 2799999999999999
102100101106113122129133130120105 86 68 52 41 38 40 49 61 75 88 9610210527 329TT 7 5133999999999999999999999 11010015 3 3899999999999999
106106106108110113117119119115107 95 83 70 59 51 48 48 53 62 73 83 92 9927 330TT 7291209999999999999999999991622 48999999999999999999999
105109110110109107105105106105103100 94 87 78 69 61 54 51 52 59 68 79 9127 331TT 2301109999999999999999999991814 51999999999999999999999
101109113114110104 97 92 91 92 95 98101100 96 88 77 65 54 48 47 54 66 7927 4 1TT 232114122510199999999999999 753 911931 4799999999999999
 94107116118114105 94 83 77 78 83 92101108110106 95 80 63 49 41 42 52 6727 4 2TT 250118135011099999999999999 823 762022 4099999999999999
 85103116122120110 95 79 67 63 69 80 95109119120112 97 77 57 41 35 40 5527 4 3TT 310122143912199999999999999 853 6321 1 3599999999999999
 74 96115127127118101 81 62 52 53 65 82103120130128115 95 71 49 35 34 4527 4 4TT 332128152013199999999999999 923 512135 3299999999999999
 65 88112129135128110 87 63 45 39 47 65 89113132139132114 90 64 43 35 4027 4 5TT 355135155913999999999999999 954 3922 7 3499999999999999
 57 81107129141138122 97 69 44 30 31 46 70 99125141144132110 84 60 44 4227 4 6TT 4181411639145999999999999991026 282237 4199999999999999
 54 76102127144147134110 79 49 26 18 27 49 79110135148145129106 81 61 5227 4 7TT 4411471719149999999999999991058 1823 7 5299999999999999
 57 75 99124144152145123 92 58 29 12 12 28 56 89120142150144126103 82 6827 4 8TT 5 415218 1150999999999999991131 102336 6699999999999999
 67 78 98121141153152136107 72 39 15  5 12 34 65 99127145149140122102 8727 4 9TT 52515518461509999999999999912 4  5999999999999999999999
 80 85 99118138151155145121 89 55 26  8  6 19 44 7510613114414513512010527 410TT 547155193314699999999999999 0 6 801239  599999999999999
 96 95103117133146152148132106 75 44 21 10 13 29 54 8210812813813813011927 411TT 6 9152202713999999999999999 035 941317  999999999999999
110106109117128138145146138120 95 67 43 25 19 24 39 60 8310512213013112727 412TT 635147213613299999999999999 1 710614 3 1999999999999999
121116115118123130135138135127111 91 69 50 36 31 35 45 61 80 9811312212627 413TT 7 7138232812699999999999999 14811515 5 3199999999999999
126124121120120121123124126125119108 94 78 62 49 42 41 46 57 73 9010511727 414TT 8 9126999999999999999999999 3211201639 4199999999999999
125128127123119114111109110113116116112104 91 75 60 49 43 43 51 66 8410227 415TT 113128103011799999999999999 7 51091828 4299999999999999
117128131128121111102 94 91 95103112118120115103 85 67 51 40 38 47 64 8527 416TT 2 1131125012099999999999999 753 911941 3899999999999999
105123133134126113 98 83 74 73 82 96111124129125111 90 68 49 37 36 48 6827 417TT 23613514 612999999999999999 832 722032 3599999999999999
 92115132139134120100 78 61 53 57 72 92113130136131114 91 66 46 37 40 5627 418TT 3 613915 413799999999999999 910 532115 3699999999999999
 80106128142143130108 81 56 39 35 45 66 92116134140132113 88 64 47 42 5127 419TT 333144155614099999999999999 947 352151 4299999999999999
 72 98123142149141120 90 59 34 20 22 38 64 94120137141131110 86 65 53 5427 420TT 3581491645141999999999999991024 192225 5299999999999999
 68 92118140152149132104 69 37 15  7 15 37 68 99124139139127106 85 69 6427 421TT 4211521732140999999999999991059  72256 6499999999999999
 71 88112135151154143118 84 48 19  2  1 16 43 75106128138135122103 86 7627 422TT 4431551817138999999999999991133  02325 7699999999999999
 77 89108130147154148129 99 63 30  7 -2  5 25 54 86112129135130117101 9027 423TT 5 315419 01359999999999999912 5 -22353 8699999999999999
 86 92105123140150149136111 80 47 20  5  4 16 39 68 9611712813012411210127 424TT 5241511942131999999999999991235  3999999999999999999999
 95 96104117131143145138120 94 65 38 19 12 17 32 55 8110311812512411810927 425TT 546146202312599999999999999 022 9413 6 1299999999999999
102100103111122132137135123104 81 57 37 26 25 33 48 69 8910611612011811327 426TT 61213821 912099999999999999 0521001338 2499999999999999
107104104107113120126127122110 93 75 57 44 38 39 47 60 77 9310511211511427 427TT 643127221511599999999999999 1311031419 3899999999999999
111107105105106109113116115110101 89 76 63 55 50 51 56 66 79 9210210911227 428TT 727116234811399999999999999 2461051521 5099999999999999
113112108105102100 99102104105103 98 91 82 73 64 59 57 59 67 78 9010010927 429TT 849105999999999999999999999 535 9917 1 5799999999999999
114116114108101 94 89 87 89 94 99101101 98 90 81 71 63 58 58 65 77 9010327 430TT 054116112810299999999999999 653 871829 5799999999999999
113120120115105 93 82 74 73 79 88 97104108106 98 86 74 62 55 55 64 79 9527 5 1TT 133121131010899999999999999 738 731927 5499999999999999
111122127123112 97 80 65 58 60 70 85 99111117114104 89 73 59 52 56 68 8627 5 2TT 2 4127141011799999999999999 815 572012 5299999999999999
105122133133123105 83 62 46 42 49 66 86106121126121107 90 72 58 54 62 7827 5 3TT 23213415 012699999999999999 851 422052 5499999999999999
 99119135141134116 91 64 41 27 28 43 66 91115131135126110 91 73 61 61 7327 5 4TT 259141154813599999999999999 926 262130 6099999999999999
 93115134146145130104 73 43 20 12 20 41 70100126141142131113 93 76 69 7327 5 5TT 32614716341439999999999999910 0 1222 7 6999999999999999
 89110131146152142119 87 52 22  3  2 18 45 79111137149147134115 96 83 8027 5 6TT 3531521721150999999999999991035  02245 7999999999999999
 89106126144154151134104 68 33  6 -6  0 22 54 90123146155150135117100 9127 5 7TT 42015518 6155999999999999991110 -72323 9099999999999999
 92104121139152156146122 88 51 18 -3 -8  5 32 6610213215115614913411810527 5 8TT 4481561852156999999999999991146 -8999999999999999999999
100105117133147155152136109 74 39 12 -3 -1 16 45 7811113715115314513111827 5 9TT 518155193915499999999999999 0 11001224 -499999999999999
110108115126139149152145126 98 66 36 14  6 11 30 57 8711513614714713912827 510TT 550152203014899999999999999 04010813 7  599999999999999
119113114120130139145145136118 92 65 40 24 19 25 42 66 9111413114014013427 511TT 629146213014199999999999999 1231131355 1999999999999999
126119116116120127133137136128112 92 70 50 37 33 38 51 70 9111012513313527 512TT 721137224513599999999999999 2211151456 3399999999999999
131125119115113114117122126126122111 96 79 62 50 45 47 56 71 8910712113027 513TT 838127999999999999999999999 4 31131613 4599999999999999
133131124116109104101103107113118118113103 89 73 61 53 52 58 71 8910712227 514TT 0 3133103311899999999999999 6111011741 5299999999999999
132135131122110 98 88 83 84 91102111117117110 98 82 68 59 55 61 74 9311227 515TT 058135123311899999999999999 718 831854 5599999999999999
127137138130115 98 80 67 61 65 76 92106118122117104 89 74 63 60 67 8210227 516TT 138139135812299999999999999 8 7 611949 6099999999999999
121136143140125104 80 58 44 40 48 65 85105120126122109 93 78 68 67 77 9427 517TT 21014315 412699999999999999 849 402035 6699999999999999
115133145147136115 87 58 35 22 22 36 58 84108125131126113 96 82 75 77 8927 518TT 23914816 213199999999999999 928 202116 7499999999999999
108128144151146127 99 66 36 14  5 12 31 58 88113130135128115 99 87 83 8827 519TT 3 615116551359999999999999910 4  52155 8399999999999999
103121139151151138113 80 46 17 -1 -3  9 34 65 96121135137130115101 92 9127 520TT 3321521743138999999999999991039 -42234 9099999999999999
 99114132146152145126 97 62 28  4 -7 -2 16 45 78107128139138128114101 9627 521TT 3591521825140999999999999991112 -72312 9699999999999999
 98108123139149148135112 80 46 17 -1 -4  7 30 61 9311813414013512411110127 522TT 42715019 2140999999999999991143 -42349 9999999999999999
 99104115129141146140123 97 66 36 14  4  7 23 49 7910612613613713011810627 523TT 4571461934138999999999999991213  3999999999999999999999
100101108119132140140130110 85 57 33 18 15 24 42 68 9411613013413112211127 524TT 53014120 413499999999999999 0251001244 1499999999999999
103100103110121131136132119100 76 53 35 27 29 41 60 8310512112913012511627 525TT 6 6136203613099999999999999 1 11001317 2699999999999999
107101100103110120127129123110 92 72 54 42 38 43 55 73 9311012212712512027 526TT 647129211512799999999999999 144 991356 3899999999999999
112104 99 99102108115121121115104 89 73 59 51 49 55 66 81 9811312212512327 527TT 73612222 712599999999999999 242 991442 4999999999999999
118110103 97 95 96101107113114109100 89 76 66 59 58 63 72 8610211512312627 528TT 84111423 712699999999999999 411 951542 5899999999999999
124118109100 92 87 86 90 97104107106101 92 82 73 67 65 68 77 9010611912727 529TT1014107999999999999999999999 542 861656 6599999999999999
130127118106 93 82 74 72 77 87 96103107105 99 90 80 73 70 72 81 9611212527 530TT 0 1130121310799999999999999 647 721810 7099999999999999
133135129116 99 81 66 56 55 63 77 92104111113107 98 88 80 75 78 8810412027 531TT 046135134211399999999999999 736 541913 7599999999999999
133141139128109 87 64 46 36 39 52 71 91109120123118107 96 86 81 85 9711427 6 1TT 124141144912399999999999999 818 3620 8 8199999999999999
130142146140123 98 70 44 25 18 26 45 70 96118131134128117104 93 88 9410727 6 2TT 159146154613599999999999999 858 182059 8899999999999999
124139149149137114 83 51 24  6  5 19 44 75105130144145137124110 98 9510227 6 3TT 234150163714699999999999999 936  32148 9599999999999999
116133146153149131102 67 34  7 -6 -2 19 50 8411714215415414312811310310227 6 4TT 3111531725155999999999999991015 -7223610199999999999999
110125140152155146123 90 54 20 -4-11 -1 25 60 9612915216115714512811410527 6 5TT 3491561810161999999999999991055-11232110599999999999999
107117132146156156142115 80 43 12 -6 -8  7 36 7210913915816315614212511227 6 6TT 4301571852163999999999999991136-10999999999999999999999
107111123137151158154137108 73 38 11 -2  1 20 50 8511814415816015013512127 6 7TT 512158193516199999999999999 0 41071219 -399999999999999
111108114127141152157150131102 69 38 16  8 14 35 64 9512414515515314312927 6 8TT 557157201915599999999999999 04610813 4  899999999999999
116109109116128141150152144125 98 69 43 26 21 30 49 7510312714314914613527 6 9TT 64515221 514999999999999999 1301081351 2199999999999999
123113107108114125135143144136119 96 71 51 38 36 45 62 8510812814114414027 610TT 738144215614499999999999999 2231071441 3599999999999999
130119109103103107115124131132126114 96 77 61 52 51 59 74 9311313014014227 611TT 844132224914299999999999999 3351021535 5099999999999999
137127115104 96 92 94100108116119118110 98 85 72 65 65 71 8410111813314127 612TT1013120234014399999999999999 510 921634 6499999999999999
142136124109 94 82 76 75 80 90100108112111104 94 84 78 77 83 9410912513727 613TT1213112999999999999999999999 636 741741 7799999999999999
144143134118 99 80 64 55 54 61 73 88101111114111104 96 90 88 9210311813227 614TT 02514514 111499999999999999 738 531850 8899999999999999
143147143130109 85 62 43 33 34 45 62 81100114121120114105 99 9610111112527 615TT 1 4147152112199999999999999 826 321953 9699999999999999
138147148140121 96 68 42 23 15 20 35 57 8210512112912812111210410210711727 616TT 141149162212999999999999999 9 7 15205110299999999999999
130142148146133110 81 51 24  8  4 14 34 61 8911413013613412511410610511027 617TT 217149171013699999999999999 945  4214410499999999999999
121133144148141124 98 66 35 11 -1  2 17 42 7210112513814113512411210510527 618TT 2551481749142999999999999991021 -1223210499999999999999
111123135145145135114 86 54 25  5 -1  7 27 56 8711513414314213211910710227 619TT 3341461821144999999999999991055 -1231410199999999999999
104112125138145142128105 75 44 19  6  6 19 44 7410412714114413812511110127 620TT 4151451849144999999999999991128  42350 9899999999999999
 98103114128140144138121 95 66 38 18 12 18 36 63 9211813614314113011510227 621TT 45414419131439999999999999912 0 12999999999999999999999
 96 97105118132142143132112 86 58 35 22 22 33 54 8210812914014113412010627 622TT 533144193614299999999999999 022 951232 2099999999999999
 96 93 98108123136142139125103 78 53 36 29 35 50 73 9812113614113712611227 623TT 61014320 114199999999999999 053 9313 3 2999999999999999
100 93 93100112126136139132116 95 71 52 40 40 49 66 8911213013913913211927 624TT 648140202914099999999999999 127 921334 3999999999999999
106 95 91 93101112125133133124108 88 68 54 48 52 64 8210312213614113712727 625TT 73013421 314199999999999999 210 9114 7 4899999999999999
114101 92 88 90 97108119125124115101 85 70 61 60 66 78 9511413014014113627 626TT 821126214114299999999999999 3 7 881442 5999999999999999
124110 97 87 82 83 89 98109115115109 99 88 78 72 73 79 9110612313614314227 627TT 929116222314399999999999999 423 821523 7299999999999999
135122106 90 78 71 70 75 85 97105109108103 96 89 86 87 9210111512914014527 628TT1115109231014599999999999999 544 701617 8699999999999999
143133118 99 81 65 56 53 59 72 8710010911311310910410010010210912113414327 629TT1325114999999999999999999999 649 53175010099999999999999
146143132113 90 68 50 37 35 44 61 81 9911412412612311811310910911412513727 630TT 0 0146145212699999999999999 743 35193310899999999999999
145148143129106 80 54 33 20 20 33 55 8010412413714013612912011311111712827 7 1TT 055148155214099999999999999 831 18204611199999999999999
139147150143126100 70 41 18  6 10 28 55 8511413715015214513512311311111727 7 2TT 152150164015299999999999999 916  6214511199999999999999
129141150153144124 94 61 30  7 -2  6 28 60 9412614916015914913512011010927 7 3TT 24715317231619999999999999910 1 -2223510899999999999999
118131145155157146122 89 53 21  0 -5  8 35 6910513715816516014612911410627 7 4TT 34015818 2165999999999999991047 -5231810599999999999999
108119135151161161147120 84 47 17 -1 -1 16 45 8211814716316615613912010627 7 5TT 4311631839166999999999999991131 -4235710199999999999999
101107122140157166163146116 79 43 16  3  8 28 60 9612915316416114712911127 7 6TT 5191671916165999999999999991215  2999999999999999999999
100 99108125144160167161141110 74 42 20 13 22 45 7711013815616115413711927 7 7TT 6 5167195216299999999999999 036 981256 1299999999999999
103 95 98109127145158162154132102 71 44 29 27 40 65 9412314515715714512827 7 8TT 650162202815899999999999999 117 951336 2699999999999999
110 97 92 96108124139149151141121 96 71 51 43 46 62 8511113415015615113827 7 9TT 73815121 215699999999999999 2 5 921413 4299999999999999
120103 92 87 91101114127135135127112 93 75 64 61 68 8310312414215215314527 710TT 834136213815499999999999999 3 3 871448 6199999999999999
131113 97 85 79 81 88 99109117119115106 95 85 80 81 8810111813414615215027 711TT 952119221415299999999999999 417 791522 7999999999999999
140125107 89 76 68 66 71 80 91100107109107103 99 97 9910511512713914714927 712TT12 5109225415099999999999999 543 6616 2 9799999999999999
146135119 99 80 64 53 50 53 63 76 8910110911411511311211211612213113914527 713TT1441115234414699999999999999 659 50172011299999999999999
146141130112 91 69 51 38 34 39 51 67 8510211612412612512211911912312913727 714TT16 2126999999999999999999999 758 34193111999999999999999
142143138125106 82 58 38 25 22 30 46 66 8911012613413513112411811611912527 715TT 044143164013599999999999999 845 22205511699999999999999
133139141135121 99 74 48 27 16 17 28 48 73 9912113614113913012011211011327 716TT 14614117 914199999999999999 928 15215211099999999999999
121131138140133117 93 66 39 20 12 17 33 57 8611213214314413612311110310227 717TT 24414117351459999999999999910 7 12223410299999999999999
109120132141142132113 87 58 32 17 14 23 44 72101126141146141128112100 9527 718TT 3351431759146999999999999991043 1323 7 9599999999999999
 98108123137145143130108 79 50 27 17 20 35 60 89117137146145133117100 9127 719TT 4201461820147999999999999991117 162335 8999999999999999
 90 98112130144150144126100 70 43 25 21 30 51 79108132145147139123104 9027 720TT 4581501840148999999999999991148 21999999999999999999999
 85 89102120139151152140118 89 60 38 27 30 46 70 99126143149144130111 9427 721TT 53315319 014999999999999999 0 2 851216 2799999999999999
 84 84 93110129146154149132106 78 53 37 34 44 65 9211914015114913711910027 722TT 6 6154192115299999999999999 030 821242 3499999999999999
 86 80 85 98117135148151140120 95 69 51 43 48 63 8711313615115414512910927 723TT 641151194415499999999999999 1 2 8013 6 4399999999999999
 91 80 79 87101119136145142129109 86 67 56 56 66 8510813114815615213811927 724TT 71914520 815699999999999999 138 781330 5499999999999999
100 84 76 77 86100116130136131119102 85 72 68 74 8710512614415515614713127 725TT 8 5136203615799999999999999 223 751355 6899999999999999
111 91 77 71 72 80 93108120125122113101 91 85 86 9410612113715015615214027 726TT 9 612521 715699999999999999 318 701422 8499999999999999
123103 85 71 64 64 70 82 9610911511611310810410210511112013114215115214727 727TT1042117214515399999999999999 429 63145410299999999999999
135118 98 79 64 55 53 57 69 84 9911011712112111911912012312713314114714827 728TT1331121223614899999999999999 552 52154711999999999999999
143132116 95 74 57 45 40 43 56 75 9311012413213513413212912612613013714327 729TT15 8135235814599999999999999 7 7 40193412699999999999999
145142133117 94 71 50 34 27 31 47 69 9311513414514714413813012312012413327 730TT1554147999999999999999999999 8 8 27205212099999999999999
141146146138120 95 68 43 24 16 23 42 68 9712414515515514813712411411211927 731TT 134147163115799999999999999 9 3 16214311299999999999999
130142152154146125 96 65 36 15  9 19 42 7310513515516215814612911310410527 8 1TT 24715417 616299999999999999 953  9222510399999999999999
115131148161163153128 95 60 29  9  6 21 48 82117146162165155137117101 9527 8 2TT 3441641740166999999999999991040  523 3 9599999999999999
100116136156170171156128 91 54 23  8 10 29 60 97131156167163147125104 9027 8 3TT 4351721813167999999999999991123  62340 8799999999999999
 88 99119143164176173154122 84 48 22 12 21 45 79114145163167156135111 9227 8 4TT 52017718441689999999999999912 2 12999999999999999999999
 82 84100123148167175168146112 76 45 27 25 39 67101133157168163146122 9827 8 5TT 6 4175191316899999999999999 017 811237 2399999999999999
 81 76 83101125147163167156133102 71 49 39 45 64 9312314916416715513410927 8 6TT 647167194016899999999999999 057 7613 9 3999999999999999
 87 74 72 81100122141152152141120 95 73 60 59 70 9111714215916616114512227 8 7TT 73215320 416699999999999999 141 711336 5899999999999999
 98 79 68 68 78 95113128136135126110 94 82 77 82 9611513615316216215113327 8 8TT 825137202716399999999999999 229 671359 7799999999999999
110 89 73 64 65 73 86100112119120115108100 96 9810511713214615615815314127 8 9TT 939120205115899999999999999 327 631416 9699999999999999
123102 83 69 61 59 65 74 86 9710511011211211211211612213013914615114914327 810TT2118151999999999999999999999 440 59999999999999999999999
131116 98 80 66 56 53 55 63 74 86 9710811612112412612712913213613914114027 811TT22 3141999999999999999999999 6 6 53999999999999999999999
135126112 96 79 64 52 45 46 54 66 81 9711212413113413313012712512612913127 812TT1613134999999999999999999999 723 4520 312599999999999999
132131125113 97 78 60 46 38 39 48 64 8210312113313913813212411711411511927 813TT 0 1132162213999999999999999 823 38211111499999999999999
125131132127115 98 76 56 40 33 36 48 67 9011313114114213612411210410210627 814TT 148132164014299999999999999 911 33214710199999999999999
115125135138132118 96 72 49 34 29 36 53 76102125139144140127111 98 91 9327 815TT 25313817 014499999999999999 952 292216 9199999999999999
102116132142144135117 92 64 41 29 30 42 64 91117137146144133115 97 85 8327 816TT 3401451720146999999999999991027 282242 8299999999999999
 90105124142151149135111 82 54 35 28 35 53 80108133146148139122101 83 7627 817TT 4191521740149999999999999991058 2823 9 7699999999999999
 80 94114136152157149129101 71 46 32 33 47 71100128147153146130108 87 7327 818TT 4531571758153999999999999991126 312336 7199999999999999
 72 82102125147160158144119 89 60 41 36 45 66 94123146157154139117 93 7427 819TT 5251611817157999999999999991151 36999999999999999999999
 67 72 88112136155161153133106 77 55 45 48 65 90119144159161149127102 7927 820TT 557161183616299999999999999 0 5 671213 4499999999999999
 65 64 75 96120143157157144121 95 72 58 57 68 90116141159165157138113 8727 821TT 632159185616599999999999999 035 631235 5699999999999999
 68 59 64 79101125144152148133112 91 75 70 76 93115138157166163148124 9827 822TT 711153191616799999999999999 1 8 591256 7099999999999999
 74 60 56 65 81103124139144138125108 94 86 88 9911613515216316515513511127 823TT 757144193816699999999999999 146 561318 8699999999999999
 86 66 56 55 65 8110011813113513112111110410310912013314615716215714412427 824TT 85713520 416299999999999999 231 54134110399999999999999
102 80 63 55 55 63 76 9210912112712712412011812012513314114815315414813527 825TT1032127203715599999999999999 328 5414 611899999999999999
118 99 80 65 56 54 57 67 82 9811212212813113213213313513713814214514514127 826TT2135146999999999999999999999 451 53999999999999999999999
132119103 85 69 57 50 49 57 71 8910712213414114314213913513112913113613927 827TT15 2143233914099999999999999 634 49195812999999999999999
139136127112 92 72 55 43 39 46 63 8410612614215015014513712711911712112927 828TT1532151999999999999999999999 752 39205011699999999999999
138145146138122 98 73 51 34 29 38 58 8311013415115715314212811310410411327 829TT 14214616 415799999999999999 852 29212910399999999999999
128143155158150129101 71 44 26 23 35 59 89119144159160150133113 97 90 9527 830TT 250158163516199999999999999 942 2222 6 9099999999999999
110131151166169157132 99 65 36 20 22 39 68101133156165159142119 97 81 7927 831TT 34417017 6165999999999999991025 192242 7899999999999999
 89111136160174175158129 93 58 32 21 29 53 85119148165167153129102 80 6827 9 1TT 43117717351689999999999999911 4 212319 6799999999999999
 71 87114142166177173153121 84 53 33 31 46 74108140163171164142113 85 6527 9 2TT 51617818 2171999999999999991139 302357 5899999999999999
 58 66 88117145166174165142110 78 54 44 49 70100132158172171154127 96 6927 9 3TT 55917418251739999999999999912 9 43999999999999999999999
 54 52 66 90119144161164153130102 78 63 62 74 98127153170174163140109 8027 9 4TT 643164184617499999999999999 035 511236 6199999999999999
 57 47 51 67 92118139150150139120 99 84 79 85101124148165172167149123 9427 9 5TT 72915219 517299999999999999 114 471259 7999999999999999
 68 51 46 53 70 92113129137136127115103 97 9910812414215816616515313310827 9 6TT 822138192216799999999999999 155 461317 9699999999999999
 83 62 51 49 57 72 9010611812512512111511211211712613814915715815213811927 9 7TT 934126193915999999999999999 240 48132911199999999999999
 98 78 63 55 54 60 71 85 9810811511912112112212512913414014514714413712627 9 8TT1958147999999999999999999999 337 54999999999999999999999
111 96 81 69 61 59 62 69 79 9010111111912512913113213213213213313313112627 9 9TT2025133999999999999999999999 459 59999999999999999999999
120111100 87 76 66 61 60 64 73 85 9811112313113513413112512111811812012127 910TT1524135999999999999999999999 640 59202511899999999999999
122121116107 94 81 67 58 55 59 69 8410011713013713713212311210510310611227 911TT 0 6122153513899999999999999 754 55205310399999999999999
119126128124114 99 81 64 52 50 56 70 88108126137140135124109 96 90 91 9927 912TT 156128155214099999999999999 846 492118 9099999999999999
111124135138132117 97 75 56 46 46 57 75 98120136143140129111 93 81 78 8527 913TT 250138161114399999999999999 926 452144 7899999999999999
100117135145145135115 90 66 48 42 48 64 87113134146146136117 95 77 69 7227 914TT 331147163114799999999999999 959 422212 6899999999999999
 86106128146154149132108 80 56 43 43 56 78105131148152144126102 79 63 6127 915TT 4 61541650153999999999999991028 412240 6099999999999999
 71 91116140156158147125 98 70 51 45 53 73 99127149158153137112 84 62 5327 916TT 4401591710158999999999999991054 4523 9 5399999999999999
 58 75101128151162158141116 88 65 53 56 71 95123148162162147123 93 66 4927 917TT 5141621729164999999999999991119 522339 4699999999999999
 47 59 83111139158163154133107 83 67 64 74 95121146163168158134104 74 5127 918TT 5501631749168999999999999991143 63999999999999999999999
 40 46 64 92121146160160147125103 85 77 82 98120143162171165146117 85 5827 919TT 62816218 817199999999999999 0 9 4012 7 7799999999999999
 40 37 49 72100128149158154140121104 93 93103121141159169169155130100 7027 920TT 710158182717199999999999999 041 371231 9299999999999999
 47 37 40 55 79106130147152147135121110107112123139154164167159141115 8727 921TT 758152184816799999999999999 116 36125510799999999999999
 62 45 40 46 62 8410712714114514113312512012112813714815616115814712910627 922TT 858145191316199999999999999 157 40132212099999999999999
 83 63 50 47 53 66 8310312013213713813513213113313714214615015114713812327 923TT1032138194815199999999999999 249 47135713199999999999999
105 87 71 60 55 57 65 78 9411112413313814014013913813713713713814013813427 924TT1319140211214099999999999999 410 55183413799999999999999
125113 98 82 69 60 57 59 69 8510211813214114614514113612912412212513013527 925TT1419146999999999999999999999 6 8 56195212299999999999999
136134126111 93 75 61 51 51 60 77 9811813614815114713812611510710711412527 926TT 0 0136145315199999999999999 734 50203110699999999999999
136145146139122 99 76 56 44 43 55 76100125144154153143128111 96 89 9310627 927TT 143147152515599999999999999 833 4221 8 8999999999999999
124142155158148128101 73 50 38 41 57 82110136154160152135113 91 76 73 8327 928TT 246158155416099999999999999 920 372145 7299999999999999
102126149163165152128 97 68 46 38 46 67 96126151164162146121 94 70 58 6027 929TT 33816616221659999999999999910 0 382222 5699999999999999
 76102130155169167151123 92 64 47 46 60 86117145164169158134103 73 51 4327 930TT 4261701648170999999999999991036 442259 4399999999999999
 51 73104134158169164145117 88 65 56 61 81110139162173168148117 82 53 352710 1TT 51316917121739999999999999911 8 562336 3299999999999999
 33 48 75107137158165157137111 88 73 71 83106134158173174159132 97 63 372710 2TT 5591651734175999999999999991138 70999999999999999999999
 26 31 51 80112138155158149130109 92 85 90106129153169174166144112 78 482710 3TT 645158175317499999999999999 012 2612 5 8599999999999999
 29 25 35 58 87116137149149140124110101101110126146162170166151125 94 642710 4TT 732150181117099999999999999 047 25123010099999999999999
 41 30 32 45 68 94117133141140132122114111115125139153162162152133109 822710 5TT 823142183016399999999999999 122 29125311199999999999999
 59 43 38 43 58 77 98116128133133128123120121125133142150152147136119 982710 6TT 925133185115299999999999999 159 38131812099999999999999
 78 62 53 51 56 68 83 991121211261281271261251261291321361381381321221102710 7TT11 8128191713999999999999999 245 51135412599999999999999
 96 82 71 65 63 66 73 84 961071161221271291291281261241231231241231211162710 8TT1328129201012499999999999999 353 63181212399999999999999
109101 91 82 75 70 70 74 82 921031141231291321301261191131091081111131162710 9TT14 4132235911799999999999999 541 69193710899999999999999
117115110101 91 80 72 68 70 78 90103117128134134128119107 98 93 95101109271010TT1429135999999999999999999999 7 8 682011 9399999999999999
117123124118108 94 79 67 63 66 77 92109125136139134122107 91 81 80 86 98271011TT 137124145113999999999999999 8 3 632041 7999999999999999
112125132132124109 91 73 61 59 66 82101120136144141129111 91 74 66 69 82271012TT 229134151314499999999999999 843 582111 6699999999999999
100119134141138125106 85 67 57 60 73 92115135148149138119 95 72 57 54 64271013TT 310142153515099999999999999 917 572141 5399999999999999
 83106128144148140123101 79 63 59 68 86109132150156149130104 76 53 42 46271014TT 349149155715699999999999999 948 592212 4299999999999999
 63 88116139153153140120 96 76 65 68 83104129150161158142115 84 55 35 32271015TT 4281541619162999999999999991018 652243 3199999999999999
 44 68 98127150159154138116 94 79 75 83102125147163166153128 95 62 36 23271016TT 5 81591641166999999999999991048 742314 2399999999999999
 28 47 77109139158163154136115 97 87 89103123144162169162141110 75 43 23271017TT 54916317 3169999999999999991118 862346 1899999999999999
 18 30 56 88121148163163152134116103 99106122141158168167152125 91 57 31271018TT 6311651726170999999999999991149 99999999999999999999999
 18 21 39 67100131153163160148132119111113123138153164168159139110 77 48271019TT 716163174916899999999999999 019 17122011199999999999999
 28 21 30 51 79109135153159155144132124121125135147157163161148127 99 70271020TT 8 4159181616399999999999999 055 21125312199999999999999
 47 33 32 42 62 86112133147152149142134129129133140148154156151138119 96271021TT 9 2152185015699999999999999 138 31133312899999999999999
 73 55 44 44 53 69 88109127139145144141136133133135138141144145142132118271022TT1024145194614599999999999999 232 43144013399999999999999
100 82 67 57 55 59 70 85103120132140143142139135131129128129132135135131271023TT1214143213413599999999999999 350 5518 712899999999999999
122110 95 79 68 61 61 67 80 97115129140145144139131123116112113118126132271024TT1322146235913499999999999999 537 60192011199999999999999
134131121106 89 74 63 58 63 76 95115132145150146136122108 97 92 96106120271025TT14 3150999999999999999999999 7 2 5820 5 9299999999999999
132140140131115 95 76 62 56 62 78 99122141152153144127107 88 75 72 80 97271026TT 133141143615499999999999999 8 1 562046 7299999999999999
116134146148138119 97 76 61 58 67 87111134152160154137113 87 65 53 54 68271027TT 23814815 516099999999999999 847 572125 5299999999999999
 91116138151152140120 97 76 64 65 79101127149163163149124 93 64 42 33 40271028TT 334153153216599999999999999 927 6322 3 3399999999999999
 61 88118141155154141119 97 79 72 78 95120144162169160138106 71 41 23 20271029TT 42715615581699999999999999910 4 722240 1999999999999999
 33 59 91122145156154139118 99 86 84 94114138158170168151122 85 50 23 11271030TT 5181571622171999999999999991039 832316 1099999999999999
 14 34 64 98128148156151136118102 94 98111131152166170159136103 66 34 13271031TT 6 61561646170999999999999991113 942350  799999999999999
  8 18 42 74107134150154147133117106104111125143159167163146119 85 51 252711 1TT 6511541710167999999999999991146104999999999999999999999
 12 14 30 56 87116138149150142129117111112121134149159160150130102 71 442711 2TT 735150173516199999999999999 023 11121911199999999999999
 26 20 28 46 72100123138145143135125117115118127138148153149136115 90 652711 3TT 81714518 315399999999999999 055 20125511599999999999999
 45 35 35 45 63 86108125135139136129122118117120127135141142136123105 852711 4TT 9 1139183714399999999999999 130 33133811799999999999999
 66 53 48 50 60 76 941111241311331311261211181171181221271311301241141002711 5TT 956133192113199999999999999 210 48145011799999999999999
 86 73 64 61 63 71 83 981111211271291281251201161131121131171191201161102711 6TT1111129203412099999999999999 3 5 61165711299999999999999
101 91 81 74 70 71 76 86 981101201261301291251181111051011011051091121132711 7TT1220130225011399999999999999 426 70182710099999999999999
111106 98 89 81 75 73 76 86 98111122130133131124113102 92 86 87 931021092711 8TT13 5134999999999999999999999 554 731920 8699999999999999
115116112104 94 84 75 72 76 87102116129137138132119103 87 75 70 74 85 982711 9TT 049116133913999999999999999 658 7220 0 7099999999999999
110120123119109 97 84 75 72 79 93110126139145141128109 88 69 56 55 64 80271110TT 15612314 714599999999999999 746 722036 5499999999999999
 99116127131125113 98 84 75 76 86103121138149150139119 94 68 48 38 42 58271111TT 249131143515199999999999999 828 742111 3899999999999999
 80104124137138130116100 86 79 83 97116135150156150131104 74 47 28 24 35271112TT 33713915 215699999999999999 9 8 792145 2399999999999999
 58 85113136147146135119103 90 87 95111130147159158144118 86 53 26 13 16271113TT 424148152916099999999999999 947 872218 1299999999999999
 35 63 95126147156152139122106 96 97108125143157163155133102 66 34 11  4271114TT 5 91561558163999999999999991027 952253  499999999999999
 15 40 73108138158163156141124110104108121137153163162148120 86 50 20  4271115TT 55316316281649999999999999911 71042328  299999999999999
  4 22 51 87121149164166156141125114111118131147159164158138108 72 39 15271116TT 63616717 0164999999999999991146111999999999999999999999
  5 12 34 65100131155165164153138125118118127139152161161151129 98 65 36271117TT 720166173516299999999999999 0 6  5122511799999999999999
 18 14 24 47 78109137155162158147135125121123132143153158156143121 93 64271118TT 8 6162181515999999999999999 046 1313 612199999999999999
 40 27 26 38 60 87114136151155151142132125122125132141148152149137117 92271119TT 85715519 415299999999999999 132 25135512299999999999999
 68 49 39 40 51 69 91114133145148145138130124121123127133139143140131115271120TT 95814820 914399999999999999 226 3815 712199999999999999
 96 77 61 52 52 60 74 93113130141145143137128121116114115120127132132128271121TT11 9145214013399999999999999 331 5117 411499999999999999
117103 86 72 63 61 66 77 94113129140145143136125113104 99 98103111120126271122TT1213145233812799999999999999 449 611838 9899999999999999
126121110 96 82 72 68 71 82 98117133144149144132117100 86 78 77 84 97110271123TT13 0149999999999999999999999 6 8 681937 7699999999999999
121127126118104 90 79 74 77 88106125141151152143125103 82 64 54 55 67 84271124TT 121128133715399999999999999 712 742024 5399999999999999
103120130132124111 97 86 81 85 98117135150157153137113 85 59 40 32 37 54271125TT 23913214 915799999999999999 8 5 8121 6 3299999999999999
 77101122135138130117103 92 89 95110128146158159149126 96 64 36 19 15 26271126TT 343138144016099999999999999 852 892145 1499999999999999
 48 76104128141143135122108 98 97105121139154161157140111 77 44 17  4  6271127TT 440144151016199999999999999 937 962222  399999999999999
 23 50 82112135147147137123110103104114130146158160150127 95 59 27  5 -2271128TT 53014815411619999999999999910211022257 -299999999999999
  7 29 60 93122142150148137122111106110121136150158155139113 80 45 17  2271129TT 61415116141589999999999999911 41062332  099999999999999
  2 16 42 74106131147151145132118109107113125140151154146128100 67 37 15271130TT 6521511648154999999999999991144107999999999999999999999
  7 13 32 59 91118138148147138125113107108115128141149148137116 88 59 352712 1TT 726149172415099999999999999 0 5  7122310699999999999999
 20 19 29 50 77105127141145140130117108105108117129140144140126106 80 562712 2TT 75714518 214499999999999999 038 1813 010599999999999999
 38 30 33 47 68 93115132139139132121111105104108117128136138131117 97 762712 3TT 828140184313899999999999999 112 30134110399999999999999
 57 45 42 48 63 83104122133136133125116107102102107115124130129122109 922712 4TT 9 2136192813099999999999999 148 42143110299999999999999
 75 61 54 54 61 75 93111125132134129121112104 99 991021081161211201141032712 5TT 943134202412199999999999999 228 531543 9899999999999999
 90 77 67 63 64 72 84100116127133133128120109100 94 91 93 981061111121082712 6TT1031134214111299999999999999 314 6217 9 9199999999999999
101 92 82 74 71 73 79 91106121131135135128118105 93 83 78 79 86 951021072712 7TT1122136233610799999999999999 411 711822 7899999999999999
107103 97 89 82 79 80 86 98113126136140137128113 96 80 68 61 63 73 85 972712 8TT12 9140999999999999999999999 521 791915 6199999999999999
106111110105 97 91 87 86 93105120133141144138124104 83 63 48 43 48 62 802712 9TT 123111125014499999999999999 634 861959 4399999999999999
 97111119120115107 99 94 93100112127139147146136116 91 66 43 28 26 37 57271210TT 237120132914899999999999999 738 922039 2599999999999999
 80102120131132126117107100 99106120134145150146131105 76 47 24 11 15 32271211TT 33613214 815199999999999999 836 982118 1199999999999999
 57 85112133143143135124112104104113126140150153144123 93 61 30  8  0 10271212TT 426144144815399999999999999 9301032157  099999999999999
 32 63 96125146155152141127114107108118132145154154140115 82 47 17 -2 -4271213TT 51215515291559999999999999910201062237 -599999999999999
 11 39 73109138157162156142127113108112123137150157154136107 72 37 10 -4271214TT 55416216131589999999999999911 51082318 -599999999999999
 -1 19 50 86121148163164154139123111108115128143155160153132101 65 32  8271215TT 6341651657160999999999999991147108999999999999999999999
 -1  8 31 63 99131154164161148132117109109118132147158160150127 95 61 31271216TT 714164174216199999999999999 0 1 -1122710899999999999999
 12  8 20 45 77110137155160154140124112107110121135149158157145121 91 59271217TT 754160182915999999999999999 044  713 810799999999999999
 34 20 21 35 59 89117140153154146132118108105110120134146152150137115 88271218TT 836155191815399999999999999 129 19135410599999999999999
 62 42 33 36 51 73 99123141150148139126113104102106115126136141139128109271219TT 920150201414299999999999999 214 32145310299999999999999
 88 67 53 47 52 66 86108128142147144134121108 99 95 96102112121127126119271220TT10 6147212812799999999999999 3 1 471613 9499999999999999
106 91 76 66 63 68 80 97116133143147142131116101 89 82 80 84 93103111115271221TT1054147231511599999999999999 351 631748 8099999999999999
114107 98 87 80 79 83 92107123137146147141127109 90 75 64 59 63 73 86 98271222TT1141147999999999999999999999 449 7919 3 5999999999999999
108113112107100 94 92 95103116130141148147138121 99 76 56 43 38 43 56 73271223TT 123113122514899999999999999 6 2 921959 3899999999999999
 91107117120118112106102103110122134144149146133112 86 59 37 23 20 28 46271224TT 3 012013 814999999999999999 7211022045 1999999999999999
 68 91111125130127121113108108114125136145148142126101 71 43 20  7  8 21271225TT 4 8130135214899999999999999 8311072127  699999999999999
 43 70 97120134138134125115109109115126137145146137117 89 58 29  8 -1  5271226TT 457138143614799999999999999 93110822 6 -199999999999999
 23 49 80108130141142135123112106106114126138145144131109 79 47 19  2 -1271227TT 53614315221469999999999999910231052244 -299999999999999
  9 32 62 93120138145142130116105100103113126139145141125100 69 38 14  2271228TT 6 914516 71459999999999999911 71002320  299999999999999
  5 21 47 78108130143144136121107 97 95101114129141144137118 91 61 33 14271229TT 6381451649145999999999999991143 952354  899999999999999
  9 17 37 65 95121137143139126110 97 91 93102118133143143131110 82 53 30271230TT 7 31431729144999999999999991215 90999999999999999999999
 18 19 32 55 84111130140139130114 99 89 87 93106123137143139123100 73 48271231TT 72614118 514399999999999999 026 171244 8799999999999999
