 51 64 90122151171179173157136116102 99108127152174188190178155123 90 6127 1 1UN 6 41791738191999999999999991146 99999999999999999999999
 42 40 55 82116149174188189178159139122114116128146164176176164141110 7727 1 2UN 733190183317799999999999999 037 39131811399999999999999
 49 33 32 47 77114152182201205196177154133119115122138155166166154131 9927 1 3UN 849205193316799999999999999 134 31145011599999999999999
 66 40 25 26 44 7711916019321421820718415713211510911713315116216114812227 1 4UN 946218202816399999999999999 227 23155510999999999999999
 88 54 29 17 22 45 8413017320622322420818115012410810511613615516416014227 1 5UN1032226211416499999999999999 313 16164110499999999999999
111 75 41 19 12 23 53 9714518721522722119916813711310110512314516316815927 1 6UN11 9228215216999999999999999 354 11171610199999999999999
134 98 60 28 10 11 30 68116163200221225210182149121103 9911113515817317227 1 7UN1141226222817499999999999999 430  81745 9999999999999999
155123 83 44 17  6 15 43 88137180210223216193161130107 9610212214917118027 1 8UN12 922323 218099999999999999 5 4  61811 9699999999999999
172147108 66 30  9  7 25 63111160197218220203173140113 96 9310813516318127 1 9UN1236221233718499999999999999 537  61839 9299999999999999
183167134 91 50 20  7 14 42 87138182211222213187153121 98 87 9411614617327 110UN13 2222999999999999999999999 610  719 9 8799999999999999
186180157119 75 38 15 11 28 65114164202222221201168132103 84 81 9612415627 111UN 014186132822499999999999999 643 101941 8099999999999999
179186174145105 64 33 18 22 48 91142187216225214185147112 86 73 77 9913127 112UN 053186135522599999999999999 717 172016 7299999999999999
162181183167135 96 59 35 28 40 72118166203222220199164125 92 70 64 7510227 113UN 136185142422499999999999999 754 282053 6399999999999999
136165181179161130 95 65 47 46 63 97140181209218207179142104 74 57 56 7227 114UN 225182145621899999999999999 835 442133 5499999999999999
102136164178176160133104 80 67 69 86117153185203204188158121 86 59 46 4927 115UN 323179153320699999999999999 923 662219 4599999999999999
 68 99133160176178166146122102 91 92105128155178189186169140106 72 48 3627 116UN 4371791617190999999999999991027 902314 3699999999999999
 41 60 91125156176184180166146128115110115129148165174170155129 96 64 3927 117UN 6 91841715174999999999999991159110999999999999999999999
 27 30 48 79117152179195198188171150132120116123137152162161149124 91 5827 118UN 743198182816399999999999999 019 26135011699999999999999
 31 16 17 34 67109151185208215208189164140121111114127145158160149125 9027 119UN 9 1215194216199999999999999 127 14151711199999999999999
 53 21  4  3 21 5710515319322022922119916913911610410712414616316715512827 120UN10 2229204616799999999999999 232  1161710399999999999999
 88 46 12 -8 -8 12 53107159202229237225197163131108 9810512815417317616227 121UN1054237214217799999999999999 332-1017 5 9899999999999999
130 85 38  3-16-14 10 57115169210235238220187151120 98 9310813716618418527 122UN1139239223318799999999999999 426-181746 9399999999999999
166129 79 31 -3-19-14 17 69128181218237233207170134106 89 9011314717719327 123UN1219238232319499999999999999 517-201826 8799999999999999
191167124 73 27 -4-16 -4 33 88147195225235221189150115 90 78 8811815618527 124UN1255235999999999999999999999 6 4-1619 4 7899999999999999
198192164119 68 27  2 -5 13 56113167208230229205167127 94 73 68 8612216027 125UN 013199132823299999999999999 648 -51942 6799999999999999
188200190159114 69 33 13 13 38 84139186218229217185143104 74 57 60 8512327 126UN 1 4200135822999999999999999 730 102022 5599999999999999
161188197185155114 75 46 32 39 68113161199220219198162120 82 55 44 54 8327 127UN 158197142922299999999999999 813 3121 3 4499999999999999
122159183191180153119 87 65 57 67 96136174201211202176138 99 65 43 38 5227 128UN 25519115 121199999999999999 857 572146 3799999999999999
 82119153177185177157131106 89 84 95119149175192194180153118 83 54 37 3627 129UN 4 1185153719599999999999999 949 842234 3599999999999999
 52 80114146169181179166147128114109115130149165174172158134105 75 51 3727 130UN 52118116191749999999999999910571092329 3599999999999999
 37 51 77108139164180185179166150135126124129139148154153142123 99 73 5127 131UN 6551851720155999999999999991244124999999999999999999999
 38 37 49 71102134164185195193183166147132122120124133140142136121 99 7427 2 1UN 824195184614399999999999999 035 36144912099999999999999
 52 37 34 44 66 9813516819320520519217114712611210711312513714313812410127 2 2UN 92820720 514399999999999999 144 34155710799999999999999
 74 48 32 28 39 64101141177202214210192164136113100 9911012914515114612827 2 3UN101521421 415199999999999999 246 281634 9799999999999999
100 68 40 24 22 37 68110154189211217206180149120 99 91 9811914215916315327 2 4UN1051217214816499999999999999 337 2117 2 9199999999999999
128 93 57 29 15 18 41 80127170201216213193161129103 88 8910713516017417327 2 5UN1121217222517699999999999999 419 141726 8699999999999999
154121 79 42 18 10 22 54100148187211216202173138108 88 83 9512315417718527 2 6UN1147217225818599999999999999 456 101750 8299999999999999
176147106 63 29 11 12 34 76126171203216209184149115 90 78 8310714117219027 2 7UN1210217233119299999999999999 529  91814 7799999999999999
190170133 88 48 21 11 22 56105155194215215195161124 94 75 72 8812115818527 2 8UN1232218999999999999999999999 6 0 111840 7199999999999999
196187159116 72 37 19 19 42 85137182211219206174134 99 73 62 70 9713617127 2 9UN 0 4196125322099999999999999 630 1619 8 6299999999999999
193197180145101 61 35 25 36 69117166203219214188148107 74 55 53 7210714827 210UN 040198131622099999999999999 7 0 251936 5299999999999999
181197194171133 93 59 41 40 59 98146188213217199163119 80 52 41 48 7611627 211UN 120198134021899999999999999 734 3820 8 4199999999999999
157186198190164129 93 67 55 61 85124165197210202176136 93 58 36 32 47 7927 212UN 2 519814 821099999999999999 812 552044 3199999999999999
121160187195186163133104 84 77 85108141172193196181151112 73 43 26 27 4627 213UN 259195144019799999999999999 859 772127 2599999999999999
 80120157182191186169146123107101106123145167178176160132 98 64 37 24 2627 214UN 4 719215211799999999999999910 21012222 2399999999999999
 44 75112148174188190181165146131121120126139152159157145124 95 65 40 2527 215UN 54019116201609999999999999911411192335 2399999999999999
 24 37 64 98134165187198197186169150134123120125135144147142127102 74 4627 216UN 7241991757147999999999999991350120999999999999999999999
 26 19 26 48 82121160190208213204184160136117108110122138149150139116 8427 217UN 850213193615199999999999999 1 1 19151810899999999999999
 51 24 11 13 33 69114160196219225214189158128106 9510112014316116515512927 218UN 952225205016699999999999999 222 101610 9599999999999999
 91 51 19  2  2 23 64116166204227230213181145114 92 85 9912715717718216927 219UN1040231214818399999999999999 330 -11650 8599999999999999
137 92 47 13 -5 -3 24 71127177213231226201163126 97 79 8110414117419419627 220UN1119232223719799999999999999 425 -71726 7799999999999999
177138 87 42 10 -5  2 36 90146191220229214179139104 78 68 8111515618920627 221UN1152229232320799999999999999 512 -618 0 6899999999999999
203177132 81 39 11  2 18 60116168206225221193152112 80 61 60 8412616819927 222UN1221226999999999999999999999 554  21832 5899999999999999
212203171124 76 40 19 18 43 90144189216222205168124 86 58 46 56 9013517727 223UN 0 8212124622399999999999999 633 1519 5 4699999999999999
205213199163118 76 47 33 41 73122169204219212183140 96 61 39 36 56 9614227 224UN 053213131222099999999999999 710 331939 3599999999999999
182206209191157117 82 59 53 68103147186209212193157113 72 42 27 33 6110327 225UN 141211133821399999999999999 749 522015 2799999999999999
147183202203185154121 93 76 76 95128163190201194168131 90 55 31 24 37 6827 226UN 23120514 720199999999999999 830 742052 2499999999999999
109149180196196180156130108 97100117142166181183170143109 75 47 30 30 4627 227UN 328198143718499999999999999 918 962132 2899999999999999
 76112147174188190180162142126117118128143156163160146124 96 69 48 37 3927 228UN 43619115121639999999999999910221162221 3699999999999999
 55 80111141166182187183172156142131127129134139142140131115 94 74 57 4727 3 1UN 6 218716 71429999999999999912 91272327 4699999999999999
 48 59 80105133159179189190182168152136125119119122127130127117102 85 6727 3 2UN 73519118 4130999999999999991439118999999999999999999999
 55 51 58 73 97127157181195198191174152130114105104112123133136130115 9527 3 3UN 848198194813699999999999999 051 51153510399999999999999
 72 55 47 50 65 92127161188203205193169142116 99 91 9711313314815214512627 3 4UN 938206205415299999999999999 213 4616 5 9199999999999999
 99 70 48 37 41 61 94135172198210206185155124 99 84 8410012615216717015727 3 5UN1015211214017199999999999999 315 371630 8299999999999999
129 94 60 37 28 37 65106150186208213198169134103 82 75 8611414717318618227 3 6UN1045213221718799999999999999 4 2 281654 7599999999999999
160123 82 48 28 24 42 80127170201214207181145110 83 69 73 9813416919219827 3 7UN1110214225019999999999999999 440 231717 6899999999999999
185152109 68 38 24 30 60105153190211212191156118 86 66 63 8011615618820527 3 8UN1133214232220699999999999999 513 231741 6299999999999999
202178137 93 57 34 29 47 87135178206214200167126 90 65 54 63 9313617620227 3 9UN1153214235521099999999999999 544 2818 6 5499999999999999
210198165121 81 52 38 44 73118165198213206178137 95 64 46 46 6810915419127 310UN1212214999999999999999999999 614 371830 4499999999999999
211210189151109 75 54 49 65102148187209210189150105 66 41 32 44 7712417027 311UN 029213123321299999999999999 646 481857 3299999999999999
202215207180142104 77 63 66 89128169199208196165120 76 42 24 24 47 8713627 312UN 1 8215125720899999999999999 720 621928 2299999999999999
179207215203175140108 86 77 86112147180198197176139 95 54 26 15 23 52 9527 313UN 153215132620099999999999999 8 1 7720 5 1499999999999999
143182206212199175145118101 95105127154177186178154118 78 43 21 14 26 5627 314UN 24721214 218699999999999999 852 952051 1499999999999999
 98141178200207199180157135119113118132150164168159138108 75 45 26 21 3127 315UN 35620714481689999999999999910 31132150 2099999999999999
 57 93132166190202201190172153136125122127137146150146132111 84 58 38 2927 316UN 52720316 21509999999999999911511222312 2999999999999999
 34 52 81116151180200207203188168146128117114119129139144139125103 77 5227 317UN 7 620718 2144999999999999991349113999999999999999999999
 36 32 42 65 99138174201215214200175147122104 97104120140153156147125 9427 318UN 827216194515799999999999999 049 3215 0 9799999999999999
 62 38 27 30 52 89133175206222221202171137107 87 82 9612215117117816914327 319UN 926224205717899999999999999 216 261546 8299999999999999
105 66 37 21 23 47 89138182212226219192155118 88 71 74 9813416819119818527 320UN1011226215219899999999999999 324 191624 6999999999999999
152107 65 34 19 24 54102152193218224207171130 94 68 59 7310815118720921127 321UN1046225223821399999999999999 417 181657 5999999999999999
191151104 63 34 23 36 73124171204220214185143102 70 51 52 7912316920422127 322UN1114221232022299999999999999 5 1 231728 4899999999999999
217189144 98 62 39 36 57101150190213216195156111 74 48 38 52 9013918421527 323UN1138217999999999999999999999 540 341757 3899999999999999
226214181136 95 65 49 55 85130174203214203170125 82 49 30 32 5810315419527 324UN 0 122612 121499999999999999 616 481827 2899999999999999
221225207171130 95 71 64 78113155190208206183142 96 57 30 20 33 6811716627 325UN 042226122521099999999999999 652 631858 2099999999999999
203222220198164127 98 81 81101136171196203190158115 73 39 19 19 41 8213027 326UN 125224125220399999999999999 729 781930 1799999999999999
174206219213190159128104 93 98120150176191188168133 93 56 30 19 27 55 9627 327UN 210220132119299999999999999 811 9220 4 1999999999999999
141179205213205184157131112106113131153171176167145113 79 49 31 27 41 7027 328UN 259213135417699999999999999 8591062042 2699999999999999
108147179199205198181159137122117122134148157157147127101 75 53 40 41 5627 329UN 356205143215899999999999999 9591172126 3999999999999999
 83115147174192198194181163144130123123128135140140133120101 81 65 55 5627 330UN 5 519815311419999999999999911281222227 5499999999999999
 67 88114141166185194193184168149133121116116120126131131125112 96 80 6927 331UN 62419517311329999999999999913241152354 6599999999999999
 65 71 86107134161182195196188171149128111102102109122135141140130113 9327 4 1UN 7381971919142999999999999991435101999999999999999999999
 76 66 66 78100129160186200201190168140115 96 87 9110712914916016014812627 4 2UN 837202203016299999999999999 127 651513 8799999999999999
 99 75 60 58 70 97132167194207204186156124 96 79 75 8811514617018218016127 4 3UN 920207212018399999999999999 239 571543 7599999999999999
130 96 68 52 51 69103144180203211199172136101 76 64 71 9613316819220119227 4 4UN 95421122 020199999999999999 333 501610 6499999999999999
164126 89 61 47 52 79119161194210207185148109 77 58 56 7511315519021121327 4 5UN1022212223621499999999999999 415 461636 5499999999999999
193157116 80 56 49 63 98142180204210194160118 81 55 45 56 8913417820822227 4 6UN1046210231022299999999999999 452 4917 2 4599999999999999
215186146106 76 58 60 84124166196208200171128 86 55 38 39 6310715619622127 4 7UN11 7208234522799999999999999 527 561727 3699999999999999
226210175135100 76 66 77109150185203203181141 96 57 33 26 40 7612617521027 4 8UN1128206999999999999999999999 6 1 661753 2699999999999999
228225202165128 99 81 79 98133170195203190157112 67 34 18 20 45 8914218827 4 9UN 022230115220399999999999999 636 781823 1699999999999999
219231222195160126102 90 94117150180196194171132 87 46 19  9 20 5310115427 410UN 1 4231122219899999999999999 716 891859  999999999999999
196223230218191159130109100107130158181189180153113 71 35 13  9 25 6110927 411UN 151230125918999999999999999 8 41001942  899999999999999
158198222227215192163136117110116134156173176164139103 66 35 17 16 33 6727 412UN 248227134517799999999999999 9 21102034 1499999999999999
111156193216222214195170145126117119130146159162153133105 73 46 30 27 4127 413UN 35622214471629999999999999910201162140 2699999999999999
 69107148183207218215200178153132118114119131144151150138117 91 66 47 4027 414UN 517219162215299999999999999115411323 4 4099999999999999
 46 67 98136171199215217206184158132112102103115132147155152138115 89 6527 415UN 6382181815156999999999999991321101999999999999999999999
 50 48 61 88125163195215220209186154123 98 85 8710312915317017316313910827 416UN 749220194717499999999999999 038 471424 8499999999999999
 78 57 48 56 82120162196217221207178141106 80 68 74 9913416718919618515827 417UN 845222205519699999999999999 2 3 481511 6799999999999999
121 86 60 48 55 83125167200218217196160120 85 60 53 6910514818520921520027 418UN 929220214921599999999999999 310 481550 5399999999999999
166126 89 63 52 62 95139179206217207176134 93 61 43 46 7411916620322522627 419UN10 3217223422899999999999999 4 3 521624 4199999999999999
205166125 90 66 60 78115157191209209188148104 66 40 32 47 8613718421823527 420UN1030212231523599999999999999 447 601654 3299999999999999
229201161122 91 73 75 99138176200208195162118 75 43 25 28 5610315519922827 421UN1054208235423899999999999999 526 711723 2499999999999999
237224192153118 93 82 92122159189204200175135 89 51 26 18 33 7112217221127 422UN1118204999999999999999999999 6 2 821752 1899999999999999
233234215181145115 96 93110142174195200185152108 66 33 17 20 45 8914018627 423UN 033237114420099999999999999 638 921822 1599999999999999
219234228204171139113100105125155180193189166129 87 49 24 16 29 6210815627 424UN 112234121519499999999999999 7161001854 1699999999999999
197223230219194163134113105114135160179185173146110 71 40 23 23 43 8012527 425UN 152230125018599999999999999 7571051929 2199999999999999
170204223224210185156130113110120139159172172157130 97 64 40 30 37 61 9727 426UN 235226132917499999999999999 84310920 7 2999999999999999
139178206219217202178151128115113122138153161158144121 92 66 48 43 52 7727 427UN 322220141616299999999999999 9381122051 4299999999999999
110147180203214210195173148128115113119131143150149138120 97 76 62 58 6727 428UN 41521415221519999999999999910451122148 5899999999999999
 88117149178198208205192170147126112107111122133143147142129111 92 78 7127 429UN 51720916571479999999999999912 010723 4 7199999999999999
 77 93117146173194205203190169144120104 97100112128144154155146129109 9127 430UN 62120618341569999999999999913 9 97999999999999999999999
 80 80 92113141170193205203188164135108 90 83 8910613015417017416614712327 5 1UN 722206195117499999999999999 031 7914 3 8399999999999999
 99 83 79 88110140172196207202183153119 91 73 69 8110814117119019518516127 5 2UN 812207204919699999999999999 150 781444 6899999999999999
130101 82 76 86112146179201208197170133 97 69 55 59 8211915919221121319627 5 3UN 853208213621599999999999999 254 761519 5499999999999999
166130100 80 76 90121158188205204184148107 71 48 42 56 9113718021222822327 5 4UN 927207221822999999999999999 345 751550 4299999999999999
199164127 98 81 81102137172196204193162119 78 47 32 35 6210715720022823727 5 5UN 956204225723799999999999999 429 791620 3199999999999999
225195158124 98 86 93120155185200197175135 89 51 27 21 36 7412517621623827 5 6UN1022201233724299999999999999 510 861650 2199999999999999
240222188152122101 95108138170192198185153108 63 30 14 16 42 8814219122627 5 7UN1049199999999999999999999999 550 941723 1299999999999999
243239216182149122105105123152180195192170132 85 44 16  6 17 5010115520227 5 8UN 019244112119699999999999999 63210318 0  699999999999999
232244235210178147123110113133160183191183156115 71 33 10  6 22 6011116427 5 9UN 1 424412 119199999999999999 7191091844  599999999999999
208235243232207176146123113118137161180185173146107 66 32 12 11 30 6811827 510UN 155243124918599999999999999 8121131934  999999999999999
169209234241229205174145123113117134156173177167142107 70 39 22 21 40 7627 511UN 251241134817799999999999999 9121132032 1999999999999999
123170208231237227203173144121110112126147163170164145116 83 55 38 35 5127 512UN 35123715 31709999999999999910201092138 3499999999999999
 82124167203226233223201171141116102102114134154166167155132103 76 57 5127 513UN 45523316341689999999999999911311002254 5199999999999999
 61 86123162197220228219197166134107 90 88100123147167176171153128100 7827 514UN 55822818 9176999999999999991239 87999999999999999999999
 67 70 89121158192215223214191158122 93 74 72 8711514717419019117715112127 515UN 659223193519299999999999999 017 661339 7199999999999999
 95 79 77 91120157189211218207180143105 75 57 58 7811415318620721119817027 516UN 753218204521299999999999999 139 761429 5599999999999999
137108 88 82 95124160190209211196163123 84 55 42 48 7712116620222422821127 517UN 839212214122999999999999999 250 821512 4199999999999999
180145114 93 88102133167193206202179141 98 62 38 31 47 8513418221823723727 518UN 917207222824099999999999999 347 871550 3199999999999999
216182146116 97 96114146176197202188157115 74 42 25 28 5510015219823024427 519UN 948202231024599999999999999 435 941623 2499999999999999
237211177143116102106129160185198193171133 90 52 28 20 33 6912017021223827 520UN1016198234924599999999999999 5161011654 2099999999999999
244230201167136114107118144172191195182151110 68 36 20 22 46 8914018722327 521UN1045196999999999999999999999 5541071724 1899999999999999
241239219188156129113113130156180193189167131 90 52 27 19 31 6311015920227 522UN 025242111619399999999999999 6291111755 1999999999999999
230239230206174144121112119139165184190179152114 74 42 24 24 45 8313017727 523UN 1 0239115219099999999999999 7 51121829 2199999999999999
214234235220192161133115112124146169184184168138101 64 37 26 35 6110315027 524UN 135237123218699999999999999 74311119 5 2699999999999999
192222235229209179149124111112126149170180177158127 92 60 39 35 49 8012227 525UN 211235131618199999999999999 8251091945 3499999999999999
166204227233222198168138116107111127149167175169150121 89 62 47 47 65 9727 526UN 25023314 617599999999999999 9111062028 4599999999999999
138179210227228213188157129110103109126146163170164147122 94 71 60 63 8127 527UN 33323015 61709999999999999910 21032119 5999999999999999
112150185211224221205178148121103 97104121141158167165152130106 86 76 7827 528UN 4202251619168999999999999991057 972221 7599999999999999
 94122155186208219214196169139112 94 89 96114136157170173163146124104 9227 529UN 5122191743173999999999999991155 892334 9099999999999999
 91103126155183204213207188159128100 82 77 8710813516118018718116514212027 530UN 6 621319 3187999999999999991250 77999999999999999999999
104 99107126153180200207200178146112 84 66 64 7710513917219520620118415827 531UN 7 0207201220699999999999999 055 991340 6399999999999999
132112103108126153180198202191165129 93 64 49 51 7210714918721322521919727 6 1UN 74820321 922599999999999999 2121031424 4899999999999999
168139116105109128156182197197180148107 70 44 33 42 7211616420423124023027 6 2UN 830199215824099999999999999 31610415 4 3399999999999999
204171140117107113135164187197191166127 84 48 26 22 39 7812917921924324827 6 3UN 9 8197224524999999999999999 4 91061542 2199999999999999
233204170140118110120145173191195182150106 63 30 13 16 42 8814219323025127 6 4UN 944196233025399999999999999 4571101622 1299999999999999
251231200166138119115129155181195192172135 88 46 17  6 16 48 9815520323827 6 5UN1022196999999999999999999999 54311417 4  699999999999999
254249226194162135120120137164186196189163122 76 36 11  4 19 5610916521127 6 6UN 01725411 519699999999999999 6301181750  499999999999999
242254245220188156132119122142168189196185157115 70 33 11  8 26 6612017427 6 7UN 1 4254115519699999999999999 7181181840  799999999999999
218245253241213180149125115121142169188194183155114 71 36 17 16 36 7713027 6 8UN 153253125119499999999999999 8 91141933 1499999999999999
182223247251235205171140117107116138165185192182156118 78 47 29 29 50 9127 6 9UN 241252135519299999999999999 9 21072029 2699999999999999
141190226246246227196160128106 98108131159181190183161128 92 63 47 47 6827 610UN 33024815 619099999999999999 957 982129 4599999999999999
105151194226241238217184148116 93 86 97122151175189187171143112 86 70 6927 611UN 4192421625190999999999999991053 862233 6799999999999999
 86118157194221233227204172135102 80 74 85111142171190195185163136111 9427 612UN 5 92331749195999999999999991151 742346 8999999999999999
 90101126159191213222214192158121 89 67 62 7410113617019520620318616113527 613UN 6 22221915207999999999999991249 61999999999999999999999
115107112130157185204211202178144107 75 54 50 64 9513517420422122120618127 614UN 656211203122399999999999999 1 91061344 4999999999999999
153130117117131155180197201190165129 91 60 42 41 59 9614118421723523621927 615UN 748201213223899999999999999 2301151434 3999999999999999
192162136120118132155178192193179150113 75 47 32 37 6210415219622924524327 616UN 835195222224799999999999999 3371171518 3199999999999999
223194162136120120136159180191187167134 95 60 36 27 39 7111816721023925027 617UN 91519123 525099999999999999 4301181556 2799999999999999
242218186155131119124143167185190180155118 78 47 28 28 48 8713618422124427 618UN 952190234224899999999999999 5121191632 2699999999999999
248233205173144125120131154177190189172141101 63 37 26 34 6210615519923027 619UN1026192999999999999999999999 54812017 5 2699999999999999
244240219188157133120123140165186194186162126 86 51 31 29 45 8112817521427 620UN 01524511 219499999999999999 6201191738 2799999999999999
237241228202170141123117127150175193195181151112 73 43 30 36 6110215019527 621UN 046242113919699999999999999 6511171813 3099999999999999
226240236215184152127114116133159183196193173139 99 63 40 34 47 8012517327 622UN 115241121919799999999999999 7241131849 3399999999999999
213236241228200167136115107116138166188197189164128 90 58 41 42 6310114927 623UN 14624213 219799999999999999 7591071927 3999999999999999
194227242238217185150122104102117142170189194183156121 86 60 49 57 8312427 624UN 217243134819599999999999999 83810120 6 4999999999999999
171210235242230203168134108 95 99117145172189191178152120 89 69 64 7610527 625UN 251242144019299999999999999 919 952050 6399999999999999
145187219236235217186151119 96 88 95117145171187189178155126101 85 83 9627 626UN 32723815401909999999999999910 2 882140 8299999999999999
123159194219229223201169135105 85 80 9011414317018719218416514111910510327 627UN 4 72291652192999999999999991050 80224210299999999999999
113136166193212218208186154120 91 74 71 8310914016919020019618216114012527 628UN 4522181814200999999999999991142 70999999999999999999999
119125141164187202205195172140106 78 61 60 7410213717219821321420218216027 629UN 545206193521599999999999999 0 21191236 5899999999999999
141130129140159179193196185161127 92 64 47 47 64 9713817820922823222119927 630UN 643196204423299999999999999 1331281331 4599999999999999
173150134129137154175189191179152116 79 49 33 35 56 9414118622224324623327 7 1UN 740192214324799999999999999 2541291424 3299999999999999
208179152133126135154176190190175145105 65 35 21 26 52 9614719623325325527 7 2UN 833192223525799999999999999 3571261515 2099999999999999
238210178149130125136159182195193173138 94 53 23 12 21 5210015620524125927 7 3UN 923196232426199999999999999 44912516 5 1299999999999999
257237205172144127125141167190201195172132 85 43 16  8 20 5610916621424727 7 4UN1011201999999999999999999999 5361241655  899999999999999
261254229195163137123126147175198207198170127 79 38 14  8 25 6512117722327 7 5UN 01126111 120799999999999999 6211221746  899999999999999
252260248218183151128118126151182204211200169124 76 38 17 15 36 8013619127 7 6UN 054261115421199999999999999 7 51181836 1399999999999999
232255257238205168137116110124153185207213200168123 78 44 26 27 52 9915427 7 7UN 136259125021499999999999999 7491101926 2499999999999999
205240256251225188151121102100119152185207213200169127 86 56 41 46 7512127 7 8UN 215257135021499999999999999 834 982016 4099999999999999
172216244253239209170133103 87 90114148182205212200172136100 74 63 71 9927 7 9UN 253253145321299999999999999 921 8621 7 6399999999999999
142187222242243224191151115 87 75 82107142176200210202180150121 98 89 9727 710UN 33224516 42109999999999999910 9 7422 3 8999999999999999
122157193220232227206172134100 75 65 7410013416919520920719317014512511627 711UN 41323317242109999999999999911 1 65231211699999999999999
120138164190209217209188156121 89 66 58 68 9212716319321121720919116915027 712UN 5 02171853217999999999999991157 58999999999999999999999
137135144161180195200193174145112 82 60 53 62 8612116019421822922621118927 713UN 556200201622999999999999999 0411351258 5399999999999999
166149140142153169182188182164137105 76 55 48 58 8312016220022724123922327 714UN 7 1188212224299999999999999 2201391357 4899999999999999
199172150137135145161176182177159132 99 69 50 44 56 8412517020923724924527 715UN 8 4182221425099999999999999 3381341450 4499999999999999
225197167143130130143162177183176156125 91 61 44 42 58 9113618222024425227 716UN 858183225525299999999999999 4301281537 4099999999999999
242217185155133124130148170185188176151116 80 52 39 43 6510515319723024827 717UN 942188232925099999999999999 5 71241618 3899999999999999
248230200168141125123137161183195193174142103 67 44 37 49 7912417221223827 718UN1020196235824799999999999999 5371211654 3799999999999999
247237212179149128119127149177197204194168129 88 56 39 40 60 9914819322727 719UN1055204999999999999999999999 6 31191728 3799999999999999
244242222190158132117118135164191208208190156114 75 48 39 49 7912517421427 720UN 024245113021099999999999999 62911618 1 3999999999999999
239245232203169138117110120146177203213206181142 99 65 46 45 6410415320027 721UN 04924512 621399999999999999 6561101833 4399999999999999
233247241217182147120105106125157189210214200169128 89 61 50 58 8713218127 722UN 113248124521599999999999999 72710319 7 4999999999999999
222245248231198160126103 95105131166196213212192158119 85 65 61 7811316027 723UN 139250132621499999999999999 759 951941 6099999999999999
205237249240213175137106 89 88106138173201213207185152117 90 76 8010213927 724UN 2 5249141221399999999999999 833 862019 7599999999999999
183220241242224191151115 89 77 84108142177202212205183154125103 9510212527 725UN 23424415 421299999999999999 9 9 7721 4 9599999999999999
160196223234226203168129 96 75 69 8110814417720121120618916514112411712427 726UN 3 623416 921199999999999999 950 6922 011799999999999999
143170197215218207182149113 83 66 63 7710514017419921221220118216214613827 727UN 3442191731213999999999999991039 62232013899999999999999
140151170188200201190167136104 76 59 57 70 9713316819721622321820318416627 728UN 43520219 3223999999999999991139 56999999999999999999999
153147151161175186189180161132100 72 53 49 60 8612316319822423723622320227 729UN 546189202523899999999999999 1 81471248 4899999999999999
179159146143151165178185180163134100 68 46 38 48 7411416020223325025123627 730UN 7 7185213125299999999999999 2451431357 3899999999999999
211182157140135143161180190187170139100 63 37 27 36 6611116220924226025927 731UN 818191222626299999999999999 35113515 1 2799999999999999
239209176149131129142167190202198178141 97 56 28 19 30 6311417021725026527 8 1UN 917202231326599999999999999 4401281559 1999999999999999
259233199165138124126148178203214208183141 91 49 23 16 31 7012518222725627 8 2UN1010215235426599999999999999 5221221652 1599999999999999
265251219182150126117127156190216225215184137 86 46 23 20 40 8514319723827 8 3UN11 0225999999999999999999999 6 11171740 1899999999999999
259259237200163132113110129165201225231217182132 84 49 30 32 5910816521427 8 4UN 030262115023299999999999999 6391091826 2899999999999999
247260249218178141113 98103131170207229233216178130 87 57 43 51 8413518827 8 5UN 1 3260124223499999999999999 717 981910 4399999999999999
230253254233196154119 94 85 98131173209230232213176133 96 71 63 7711316227 8 6UN 134256133623499999999999999 757 851954 6399999999999999
207239251242213172131 98 77 74 94130172207227228210178142111 92 8810614027 8 7UN 2 5251143423099999999999999 838 722040 8799999999999999
181217238240223190150111 81 65 68 9212916920222222421018515613111611513127 8 8UN 238242153922599999999999999 921 64213311499999999999999
159190215226222201169132 97 71 60 67 9112616419521622221419617415414113927 8 9UN 31322716552229999999999999910 8 60224013899999999999999
149167187202207200180152120 91 70 62 69 9112215718821122322221119417516127 810UN 35620718252249999999999999911 2 62999999999999999999999
154155163174183187181166144117 92 73 65 70 8811715018321022723222521019027 811UN 455187195423299999999999999 02015312 7 6599999999999999
171157150151158167173172162144120 96 76 66 69 8411114718321423424223621827 812UN 62317321 324299999999999999 2241501319 6699999999999999
194170151139138146159170172166149125 98 76 64 65 8011014918922124224823927 813UN 749173215424899999999999999 3381371426 6399999999999999
216187159138127130144163177182174155126 95 70 58 60 7911415819923124824927 814UN 853182223325199999999999999 4191261521 5799999999999999
232203171143125120131154177192194181155119 85 61 52 59 8512717321324025027 815UN 93919523 425099999999999999 44811916 6 5299999999999999
242217183151127115121143172196207203182147107 73 53 49 6510114819322824627 816UN1015208232924999999999999999 5121151643 4899999999999999
246227194159131114113130161192213218205175133 92 62 48 54 8012517421424027 817UN1048219235224899999999999999 5351111715 4899999999999999
248235205169137114106117145180210225221199160116 79 57 52 6810515420023327 818UN1120226999999999999999999999 5581061746 5199999999999999
248242216179143116101104126162198222229217186143102 72 58 63 9113618522427 819UN 013248115322999999999999999 6231001815 5799999999999999
246247227191152119 98 92106138178211229228207171128 93 72 67 8312016821227 820UN 033249122823199999999999999 649 921845 6799999999999999
241249236205163124 97 83 88112151191220231223196158121 93 79 8410915019527 821UN 05424913 523199999999999999 716 831917 7999999999999999
230246242217177134 99 78 73 88121163201225230217188153121100 9410613517427 822UN 117247134723199999999999999 746 721953 9499999999999999
212236240224191149108 78 64 68 9112917120622622821318715613111611412815527 823UN 142241143622999999999999999 819 63203711399999999999999
189216229224201166125 90 65 57 67 9413317320622422621419316814813513514627 824UN 212229153822799999999999999 858 57213413399999999999999
167190208213203179147112 81 61 56 67 9413016819921922522020518616815615127 825UN 25021317 222599999999999999 948 5523 215199999999999999
155167181192194185166140109 82 63 57 65 8712015618921422823022220618817127 826UN 3421941842231999999999999991056 57999999999999999999999
159154157165174180177165144117 90 68 56 59 7610514218021223424323922420127 827UN 514180201024399999999999999 1 71541221 5699999999999999
178158145143150164176181175158131 99 71 52 48 61 8913017521424225525123227 828UN 7 0181211725599999999999999 2431431344 4899999999999999
204174148132130142163184195193175144105 70 45 38 49 8012617722125026325527 829UN 82019622 826399999999999999 3401291456 3899999999999999
230195161134119122143173200213211189151105 65 39 31 44 8113318723025726427 830UN 921214224926599999999999999 4221181555 3199999999999999
249215176142118109121152189218230224197151101 61 37 31 50 9415120324126027 831UN1012231232426299999999999999 4581091645 3199999999999999
258232192153122102102125165205233242231196146 97 61 41 41 6811817422024927 9 1UN1059242235325899999999999999 532 991729 3899999999999999
258243207164127101 89 99133178218243248230190141 97 66 52 61 9514719823527 9 2UN1145248999999999999999999999 6 6 891810 5299999999999999
253249221179136102 81 78 99140188226247247225184139101 77 70 8612617521727 9 3UN 020254123225099999999999999 639 771850 7099999999999999
243249232196151110 80 66 72102147193228246243218181142111 93 9311415319627 9 4UN 046250132124899999999999999 715 651931 9099999999999999
228242237210169126 89 64 57 7110615219622824223721418214912411211613917327 9 5UN 114243141424399999999999999 752 56201611199999999999999
206227231217186146106 74 56 55 7611215519522423623121318716114113213715627 9 6UN 144232151323699999999999999 831 5321 713299999999999999
182203215211193163128 94 69 57 62 8311815619121722922821519517415714915227 9 7UN 217215162323099999999999999 914 56221514999999999999999
163178190195189172148119 93 73 65 71 9112015318520922422722020518817116027 9 8UN 25719517472279999999999999910 5 65999999999999999999999
157159165171174170159142121100 84 76 80 9511814717720422223022721519817827 9 9UN 359174191323099999999999999 0 21571111 7699999999999999
162151147148154160162158147131112 95 84 83 9311214017220222423523422120027 910UN 555162202423699999999999999 2141471235 8299999999999999
176154138131134144158167168160144122100 85 80 8610613717320723024123822027 911UN 738169211624299999999999999 3141311357 8099999999999999
193163138122118128148168182185175154126 98 79 72 8010414118221623924523527 912UN 844185215424599999999999999 3471181459 7299999999999999
209175144120109114134163188202202186156120 89 69 65 7911115519722924524327 913UN 929204222424799999999999999 4131081546 6499999999999999
222188152122104102120151185210220212186148109 78 62 64 8812917621524024627 914UN10 5220224924799999999999999 4361011624 6099999999999999
232200162127103 94105135174208228230213177134 96 70 61 7410915520023224527 915UN1038232231024699999999999999 459 941657 6199999999999999
238211172133104 88 91116155196226238231203161119 87 69 71 9513718422124227 916UN11 9239233024499999999999999 522 871727 6799999999999999
242220182141107 85 81 97133177215237241223188145109 85 76 8912316821023627 917UN1141242234924399999999999999 545 801756 7699999999999999
242227193149110 83 72 79108152196228242236211172134105 89 9111315319522727 918UN1214243999999999999999999999 6 9 721826 8899999999999999
240232204161117 84 65 64 8412317021123624322919916212910810011013817821327 919UN 0 8240125024399999999999999 634 62185910099999999999999
233234213175130 90 63 53 62 9213718422124024122319215913211711513015919327 920UN 030236133124399999999999999 7 3 53193711499999999999999
219228218189148105 70 49 47 6510014719222424023721919216414213013114617127 921UN 058228142124199999999999999 737 46202612899999999999999
197214214198167128 89 60 45 48 7010615019222123523422019817515614514415527 922UN 132216152423799999999999999 821 44213214399999999999999
172190199196179152119 87 62 50 54 7310614618321222923322620919017115815227 923UN 215199164923399999999999999 916 49231115299999999999999
154163174181180169149123 96 73 60 59 73 9913317020122423523422320418316427 924UN 3211811826236999999999999991032 58999999999999999999999
150145148156166172170159139114 89 70 62 67 8711815519222224024423521418727 925UN 519172194824599999999999999 1 814512 7 6299999999999999
161140129130142160176183178162135104 77 60 59 7310414618922524725224121427 926UN 7 8183205025399999999999999 2251281337 5799999999999999
180148123111116136165190203202184152113 79 57 51 65 9914619423125325523627 927UN 825204213725699999999999999 3151111449 5099999999999999
202163128104 96109141179209225223200160115 78 54 48 6610615820623925524827 928UN 923226221425599999999999999 354 961546 4899999999999999
220179137105 86 87112154197229243236206160114 77 56 55 8012617721924525027 929UN1012243224525199999999999999 428 831634 5399999999999999
232194148109 82 71 84122171215244253240203156112 80 65 7110315219923124627 930UN1056253231024699999999999999 5 0 711715 6499999999999999
238207162117 83 63 63 88135187228253256236196151113 88 79 941321782162382710 1UN1140258233424199999999999999 531 601754 7999999999999999
239218177130 89 61 50 62 98149199236255253227188148117 98 981191581982262710 2UN1223257235923699999999999999 6 2 501832 9599999999999999
236225193148102 67 46 45 661091612082402542462191831491241111171421772082710 3UN13 8254999999999999999999999 635 43191311199999999999999
226225204167122 81 53 40 47 771221712132402482382131811531321241341571862710 4UN 027228135624899999999999999 7 9 40195712499999999999999
208216207181144104 69 47 42 57 901331782142362422312091821571411361451642710 5UN 059216144824299999999999999 746 42204913699999999999999
184198199186160127 94 67 52 53 711031421812122302342262071841631481441502710 6UN 135200154823599999999999999 827 50215514499999999999999
162174181179167146120 94 73 64 67 851131471802062232292232081881681531462710 7UN 219182165722999999999999999 914 63232714599999999999999
146152159164163156141122103 87 79 81 951171451742002182262222101911701522710 8UN 3271641811226999999999999991017 78999999999999999999999
140136137143151156156148135118102 91 89 981151401681962162262242121911662710 9UN 526157192022799999999999999 1121351142 8999999999999999
144128121123133148161167164152134114 98 90 94109134166197220230227210184271010UN 710167201623099999999999999 2171201311 9099999999999999
154128111105113132156176186184170146119 97 85 87104134170204226234225201271011UN 820187205823499999999999999 2551051423 8499999999999999
168134108 93 95113143174198208202181149116 91 78 83105142182215233234216271012UN 9 9208213223699999999999999 325 921515 7899999999999999
183144110 87 80 93123162197220225212181143108 84 75 86117159199226236226271013UN 94822622 023699999999999999 352 801558 7599999999999999
196156116 86 70 75101142186219237234211174133101 81 79100138181215232230271014UN1023238222423499999999999999 418 691634 7799999999999999
206167124 88 66 61 79118166208236245233202161124 97 85 93122164201225230271015UN1057245224523199999999999999 443 6017 8 8499999999999999
214178133 92 64 52 61 92140188225245245224188149118 99 95113148187216227271016UN113024823 522799999999999999 5 7 521741 9499999999999999
218189145100 65 47 46 68110162207237249240212176142117105111135171203221271017UN12 4249232722399999999999999 532 44181410599999999999999
220199160113 72 45 36 47 80128180220243248232202168140121115127154186210271018UN1242248235421899999999999999 559 36185211599999999999999
218206176132 87 52 33 32 52 92143192227245244226197166142127126140165192271019UN1326247999999999999999999999 632 30193612499999999999999
208207188154112 71 42 28 34 60103152197229244241223196169147134134147168271020UN 028210141824599999999999999 712 28203213399999999999999
188198193173140102 66 42 32 41 68108155196226240238223200175154141138146271021UN 111198152324199999999999999 8 2 32214513899999999999999
161176184179162136104 73 51 43 50 73109150189218235237226206182160143135271022UN 2 9184164023899999999999999 9 4 43231613599999999999999
138148161170171161143117 90 68 57 58 75104141178210230237231212187161139271023UN 33517118 0237999999999999991023 56999999999999999999999
125123131145161170170159139113 88 70 64 73 96130169204229239234215186155271024UN 531172191123999999999999999 0431221156 6499999999999999
127109104114135159179187183164136106 81 68 70 89123164203229241235211176271025UN 7 918820 924199999999999999 1501041323 6799999999999999
139108 88 85102133167195209207188155118 88 70 68 87124168206232240228197271026UN 823210205524099999999999999 239 841435 6799999999999999
156116 85 68 72 98140182214230227203165125 92 73 72 94134178214233234213271027UN 921232213223699999999999999 320 671533 6999999999999999
174129 89 61 52 66104154199232247239209167127 95 78 82109151192220231221271028UN101024722 223199999999999999 357 521621 7799999999999999
189143 98 63 42 43 70117171216246255241206164127100 88 98131171205223223271029UN1054255222822699999999999999 429 4017 4 8899999999999999
201160112 70 41 31 43 81135188229253255235198159127105101118152188213220271030UN1136257225422199999999999999 5 0 31174310099999999999999
208175130 83 48 28 28 52 97152202237254249224189154127112115137169199214271031UN1217255232121599999999999999 531 25182111099999999999999
211189150103 62 34 23 33 661151682122412512402131801491271181271511792012711 1UN1258251235320899999999999999 6 2 2319 111899999999999999
208196168127 84 48 28 26 45 831331812202422452302031731451271241361581812711 2UN1340246999999999999999999999 636 24194412399999999999999
196196179148109 72 43 30 36 611011481912232392372211951661421281271391592711 3UN 030198142424099999999999999 712 30203312699999999999999
177186182163133 99 68 46 40 51 781171601982232342302121871611391281281382711 4UN 112186151123599999999999999 752 40212912699999999999999
154168173168151125 97 72 56 54 67 941301671992212282232061821571371261242711 5UN 2 217316 422999999999999999 838 53223612499999999999999
132145156162158146126103 83 71 70 821061371691972162232172011781531321202711 6UN 3 916217 222399999999999999 934 69234911699999999999999
117122134146155157150135117 99 87 83 921111381671932122192141971731471242711 7UN 44415718 3219999999999999991047 83999999999999999999999
109104110123141156164163152135116100 92 961111351641912112182111921651352711 8UN 62116519 121899999999999999 0551041211 9299999999999999
109 93 89 98118143166180182172152129108 96 951081331641932122182071831512711 9UN 740182195121899999999999999 147 891331 9499999999999999
117 90 75 75 92121155183200202189165136110 95 93107135169198215215199167271110UN 839203203221799999999999999 228 731436 9299999999999999
129 93 68 58 67 94133173204221219200169136109 93 93112144179205215208182271111UN 92522221 621699999999999999 3 3 581528 9199999999999999
143101 67 47 46 67106152194224236228202166132106 93 99124159190209211193271112UN10 6236213521399999999999999 334 441612 9399999999999999
157113 72 44 33 43 76124174214238243227196159127105 98111141174200209200271113UN104424422 220999999999999999 4 3 331652 9899999999999999
171127 82 46 26 26 48 91144193229246243220186152124108108127158187204203271114UN1121248222820699999999999999 432 23173010599999999999999
183145 98 55 27 16 26 59109163209238248238211177146123113119142172195203271115UN12 0248225720399999999999999 5 3 1618 911299999999999999
193163120 73 36 14 12 32 72126178219242246231202170143124118129153179196271116UN1242247233319999999999999999 537 11185211899999999999999
197180145101 57 25  9 14 40 85139188225243243225197166141125122134157180271117UN1328246999999999999999999999 617  9194212199999999999999
192189168133 90 50 22 11 20 49 95147194227243240221193164139124122134155271118UN 018193142024499999999999999 7 4 11203912199999999999999
175185180160127 88 52 28 20 30 59103152196226240237218190161136121117128271119UN 112185151724199999999999999 758 19214411799999999999999
147165176174158130 96 64 41 33 42 68108153194223236233215188158131113108271120UN 220177161823799999999999999 9 1 33225410899999999999999
116134154168171162141112 83 61 50 55 76111152190218231229211183151122101271121UN 3471711720232999999999999991013 50999999999999999999999
 93100119142163174173159135107 83 69 68 83111148185212226224206176141108271122UN 524175182122799999999999999 0 2 931134 6699999999999999
 85 76 83105134163183189181160132105 86 79 87111146181208221217197164125271123UN 657189191822199999999999999 1 4 761258 7999999999999999
 90 65 57 67 95133169196209204184154123 99 87 91113146180205215209184146271124UN 81520920 721699999999999999 158 571416 8699999999999999
104 68 45 40 57 93139181213228223200167133107 92 95118151183204209196165271125UN 917228204921099999999999999 245 391520 9199999999999999
122 80 46 27 29 55100151196228242234208172137110 97103127160188203201180271126UN10 9242212520499999999999999 326 251613 9699999999999999
142 97 56 27 16 27 62113167211240248235205169136111102113140170192199189271127UN1054249215620099999999999999 4 2 16165910299999999999999
160117 72 36 14 12 34 77131183223245247228196161131112109125153179195193271128UN1135249222619699999999999999 436 10173910899999999999999
174138 93 51 22  9 17 48 96150197230245239215183150125112116136164185193271129UN1213246225919399999999999999 5 8  9181611199999999999999
184157117 73 37 14 11 28 66117168209234241228200168139119113123146171187271130UN1249241233519099999999999999 541 10185211299999999999999
189173141 99 59 28 14 19 44 871371842182352342151851531281131131281511742712 1UN1324237999999999999999999999 615 13193011199999999999999
185181160126 86 49 25 19 31 631081561982252342252021701401181081131301542712 2UN 015186135923499999999999999 651 18201110899999999999999
173180172149115 77 46 29 29 48 831281732082282302151881571291101031111302712 3UN 059180143623199999999999999 730 27205610399999999999999
152169173163140108 75 50 38 44 66102145185214227223204176145119102 991082712 4UN 148173151622899999999999999 812 382145 9899999999999999
128148163166157136108 80 60 53 61 84119158192215222214193164134109 94 922712 5UN 246166155922299999999999999 9 0 532238 9199999999999999
103122142157162155138115 93 76 71 78100131164192210215204182153123 99 852712 6UN 357162164721599999999999999 956 702334 8299999999999999
 84 95115136154163161149130110 95 88 93110136164188204206194171141110 862712 7UN 52116417392079999999999999911 6 88999999999999999999999
 72 72 85108134157171174166150130112102102114135161183197198184159127 952712 8UN 647175183319999999999999999 030 70122810099999999999999
 70 57 59 761051371661861931861691461241101051141331581801921911741451092712 9UN 8 0193192419399999999999999 121 56135110599999999999999
 75 51 40 47 71107147181204212203183156130112105113133158179189183162127271210UN 859212201018999999999999999 2 7 40145910599999999999999
 88 54 31 25 39 72116161198221227214189158130111104114137163181187175147271211UN 948227205018799999999999999 248 25155410499999999999999
106 65 32 14 15 38 80130178214234235217188155127109106120145170185184165271212UN1032237212718699999999999999 327 12164110599999999999999
129 85 43 14  2 11 43 91145193226241236213181149123108110129155178187179271213UN111524222 418799999999999999 4 5  2172410799999999999999
153111 65 25  1 -5 12 51105160204233243232206173142119109116138165184188271214UN1158243224418899999999999999 445 -518 710999999999999999
173141 96 49 13 -6 -6 18 62118172213237241226196164135116110121145171187271215UN1242242232918999999999999999 528 -9185210999999999999999
186167131 85 40  7 -8 -2 27 74131183220239238218187154127110108122148173271216UN1326241999999999999999999999 614 -8193910699999999999999
187184163125 80 37  8 -3  7 38 88144192225240233209176143117102102119147271217UN 020188141124099999999999999 7 4 -3202910099999999999999
172185181160124 81 42 17  8 20 53103156200228237226199165131105 91 94113271218UN 118185145723799999999999999 756  82122 9099999999999999
141166180179160128 89 55 32 26 38 71117165204227231216187152118 92 78 83271219UN 224182154323299999999999999 852 252216 7899999999999999
103132158175177164138105 75 55 48 60 89129170202220221204174138104 77 65271220UN 339178163122399999999999999 953 482314 6499999999999999
 70 90120149170179173154127101 81 73 80103135169196210208190160124 89 63271221UN 5 517917232119999999999999911 3 73999999999999999999999
 51 55 77108142169185186174153128107 96 96111135163186197194177147110 75271222UN 637187181919899999999999999 014 501227 9499999999999999
 49 37 42 64 99138172195203196177152128111105112132156176186183165134 97271223UN 8 3203191618799999999999999 113 36135810599999999999999
 61 35 24 30 56 96141180208220215195168140118107111128151170179174154121271224UN 912220201017999999999999999 2 9 23151510799999999999999
 82 47 22 13 24 55101149191220232225203172141117105110128151169175167143271225UN10 8232205817599999999999999 258 13161410599999999999999
107 67 33 12  8 25 62112162203230238226199166135112103112133156172174160271226UN1053238213917599999999999999 342  717 110399999999999999
131 91 51 21  5  8 33 76128176213234235217186153124106104118142165176172271227UN1133237221517699999999999999 421  4173810399999999999999
152117 75 37 12  3 15 47 95147191221233225201168136113102108128154174179271228UN12 7233225117999999999999999 456  3181010299999999999999
168141101 59 25  7  7 27 67118167204225227211181148120103100114139165181271229UN1237229232718299999999999999 530  41840 9999999999999999
180162128 85 45 17  7 16 45 91142186215227218194160128105 95100121150174271230UN13 4227999999999999999999999 6 3  71910 9599999999999999
184177152114 72 36 15 13 31 68117166203223223205174139110 92 89102129158271231UN 0 5184133122699999999999999 637 111942 8899999999999999
