119118112101 90 83 81 87 98114129141146143133116 97 78 63 55 55 62 74 8927 1 1V7 02411912 914699999999999999 544 811932 5499999999999999
103113118117112104 98 96100108120132141145141130113 93 72 55 45 44 50 6427 1 2V7 21811813 314599999999999999 653 962042 4399999999999999
 82100115124127123116109104104110120131140144141130111 88 65 45 34 33 4227 1 3V7 35112714 714499999999999999 8261042138 3299999999999999
 59 82104123135137132122112105103108118131142147143129107 80 54 33 22 2427 1 4V7 44813715 514799999999999999 9441032223 2199999999999999
 37 60 88115135145145136122108100 99106119135147151145126 99 69 40 20 1227 1 5V7 5281461555151999999999999991037 9823 2 1299999999999999
 19 39 68100128147153148133116100 93 95107124142154156144120 88 54 25  827 1 6V7 6 11531637157999999999999991117 922338  599999999999999
  6 20 47 81114141156156144125105 90 86 94111132151161157139109 73 38 1227 1 7V7 6311581716161999999999999991150 86999999999999999999999
  0  6 27 60 97130152160153134112 92 81 83 97119142160165155130 94 56 2327 1 8V7 7 0160175116599999999999999 011  01221 8199999999999999
  2 -1 13 41 78115144159158144121 97 81 76 84104129151165163146115 77 4027 1 9V7 727161182616699999999999999 042 -21251 7699999999999999
 12 -1  5 27 61 98132154161151131106 84 72 74 89112138157165157133 99 6127 110V7 75416119 016599999999999999 112 -11322 7199999999999999
 28  7  4 18 46 82118146159157140116 91 73 68 75 95120143158159145117 8327 111V7 821160193516199999999999999 142  31355 6899999999999999
 48 22 11 16 37 69104135154159148127101 79 66 66 7810012414415414913110327 112V7 847159201215499999999999999 211 111431 6499999999999999
 70 42 25 22 35 60 91123146157153137113 89 70 62 66 8010212414014513711827 113V7 914157205414599999999999999 240 211510 6199999999999999
 92 65 44 35 39 56 82110136151154144125101 79 63 58 64 8010011913213512627 114V7 944155214513599999999999999 312 341556 5899999999999999
109 88 68 54 51 59 77100124142151148135115 92 72 58 55 61 75 9311012112527 115V71017151225212599999999999999 347 501653 5499999999999999
119107 92 78 70 69 78 94113131143147142128108 87 67 53 48 53 65 81 9811127 116V71057147999999999999999999999 431 6818 2 4899999999999999
118118112103 93 87 87 93104118132141144138126107 85 63 47 39 40 50 66 8527 117V7 029119115214499999999999999 533 861923 3899999999999999
102116123123118111104100102108118129139143140128109 85 59 38 25 23 32 5027 118V7 23212413 714399999999999999 7131002042 2299999999999999
 74 98119133138134125115106103105114127139147146135114 85 54 26  8  4 1427 119V7 4 3138142814899999999999999 9 41032148  399999999999999
 37 67100128146153148135118104 97 99109126143155157145119 84 45 12 -9-1427 120V7 5 21531537158999999999999991019 972244-1499999999999999
  0 29 68107140160165155136114 95 87 91106129151166168153122 80 35 -2-2427 121V7 5481651636169999999999999991112 872334-2799999999999999
-25 -6 31 75120154172171155129102 82 76 84106134160177176157120 73 25-1327 122V7 6281741729179999999999999991156 76999999999999999999999
-32-28 -1 41 90134166178170146115 86 68 66 80107140168183179154113 63 1627 123V7 7 5178181918499999999999999 019-331238 6599999999999999
-18-30-19 14 59108149174177161131 98 70 56 59 79110144171183174146103 5527 124V7 74017919 618399999999999999 1 2-301318 5599999999999999
 13-14-18  1 37 83128161176170146113 80 56 48 57 81113145168175162132 9127 125V7 812176195117599999999999999 141-191359 4899999999999999
 49 16  0  4 28 65108144167171156128 95 65 47 44 57 8211314115816014511727 126V7 842172203716299999999999999 217 -11440 4399999999999999
 82 49 27 21 32 59 93128154166160140111 80 56 43 45 60 8311013214414212827 127V7 910166212414599999999999999 251 211523 4299999999999999
104 78 56 45 46 62 87116141157159147124 97 71 52 44 48 62 8210211912712527 128V7 938159221812799999999999999 322 441611 4499999999999999
114 98 81 69 66 72 88108129145152147133112 88 67 53 47 51 61 76 9210511227 129V710 6152233311399999999999999 352 6617 7 4799999999999999
112107 98 90 85 86 93105120133142143136123105 86 69 56 50 51 57 68 81 9227 130V71040143999999999999999999999 424 851823 4999999999999999
101106107106103101102106114122129134134129118104 88 71 58 49 46 50 58 7027 131V7 151107113113599999999999999 5141011957 4699999999999999
 84 98108115117116113111110112117122127129127120107 91 73 56 44 38 39 4927 2 1V7 4 711713 512999999999999999 7431102117 3799999999999999
 64 83102117126129125118111106105108115124130131125112 92 70 49 33 26 3027 2 2V7 453129144113199999999999999 9441052211 2699999999999999
 43 65 89112130138137128116104 96 96102114127136139131114 89 62 37 20 1627 2 3V7 5221391545139999999999999991035 952252 1699999999999999
 24 45 72102127143146139123106 92 85 88101118136146147134110 80 48 22  827 2 4V7 54814716311489999999999999911 9 852326  799999999999999
  9 25 53 87119142152149133112 91 78 76 86106128147156151132101 65 32  827 2 5V7 6131531710157999999999999991139 752357  199999999999999
  1 10 35 70106137154156143120 95 75 66 72 90116141159163150123 86 48 1627 2 6V7 63715817451639999999999999912 7 66999999999999999999999
  0  1 20 53 92128152161153131102 76 60 59 73 98128153166163142108 68 3127 2 7V7 7 0161181916799999999999999 025 -21235 5899999999999999
  6 -1 11 39 77116147163160142113 82 59 50 57 79109140161168157129 91 5227 2 8V7 723164185316899999999999999 053 -113 3 5099999999999999
 21  5  8 30 64103138160165152125 92 63 46 45 60 88120148164163145113 7527 2 9V7 745165192716699999999999999 119  41333 4399999999999999
 40 18 13 26 55 91127154166159136104 72 48 38 45 66 96127151160153130 9727 210V7 8 816620 416099999999999999 146 1214 6 3899999999999999
 63 37 25 30 50 81116145162162146118 85 56 38 35 48 7210213014815113911627 211V7 831164204315299999999999999 213 241441 3599999999999999
 87 60 43 40 52 76105134154161152130100 70 46 34 36 52 7610312613913912727 212V7 856161212914199999999999999 242 401520 3399999999999999
106 84 66 57 61 76 98123143154153139115 87 61 42 34 39 53 75 9811612612627 213V7 923155223012799999999999999 313 5716 9 3499999999999999
117103 89 79 76 82 96114131144148142128106 82 60 44 36 39 50 67 8610211327 214V7 957148999999999999999999999 349 761715 3699999999999999
117115108101 96 95100108120130138139134122105 85 64 47 37 34 40 53 70 8727 215V7 0 6117104714099999999999999 441 951847 3499999999999999
103114119120117113110109111116123129133132126112 94 72 50 34 25 25 35 5327 216V7 241120122313399999999999999 6471092026 2499999999999999
 76 98118130135133126117109105106113122132138136125105 78 50 25 10  8 1927 217V7 410136142013899999999999999 9161052141  799999999999999
 42 71102129145151144130113 99 91 93103120137150151140115 81 45 14 -5 -727 218V7 4561511539152999999999999991021 902237 -999999999999999
  8 38 76114144161161148125101 82 74 80 98123148164166151120 79 36  1-1727 219V7 53216316381689999999999999911 5 742323-1899999999999999
-14  8 46 91132161172164141110 81 62 58 71 97130159177177156118 71 26 -727 220V7 6 51721729179999999999999991144 57999999999999999999999
-20-11 20 64111151174176158126 89 59 43 46 68101138169184179152110 62 1927 221V7 635177181518599999999999999 0 4-211221 4299999999999999
 -8-13  5 43 89134167180170142104 67 40 31 41 70107146174184172141 98 5327 222V7 7 4180185918499999999999999 042-141257 3199999999999999
 17  0  5 31 71116154176176156121 81 47 26 25 43 75114149171175159126 8627 223V7 732179194117699999999999999 116 -11333 2399999999999999
 49 24 18 32 62101139166175164136 99 61 33 21 27 50 8311814716216014111127 224V7 757175202216399999999999999 148 171410 2199999999999999
 78 52 38 42 62 92126154169166147115 79 48 28 23 35 58 8911813914714112327 225V7 82117021 414899999999999999 217 381446 2399999999999999
 99 76 61 58 68 89116142159162151127 96 66 42 30 31 44 66 9111312713112427 226V7 844163215113199999999999999 244 571525 2999999999999999
111 94 81 75 79 91110131146153149134111 85 61 45 38 41 53 70 8910411411627 227V7 9 8154225211699999999999999 3 9 751611 3899999999999999
112105 97 91 91 97108122134142142134120101 81 64 52 47 49 57 69 82 9310227 228V7 934143999999999999999999999 333 911713 4799999999999999
107108107105104105109115122128131129123113100 85 72 61 54 52 55 62 72 8327 3 1V7 057108101113199999999999999 4 21041853 5299999999999999
 94104111115116115114113113115117120120119114105 93 80 66 55 49 47 52 6327 3 2V7 359116115512099999999999999 7141132041 4799999999999999
 78 94109120126126122115108104103106112118122121114101 84 66 50 39 37 4427 3 3V7 430127142112299999999999999 9401032145 3799999999999999
 59 80102121133137132121108 97 91 92100112124132132123106 83 59 39 27 2827 3 4V7 4541371533133999999999999991021 902228 2699999999999999
 40 63 90116136145143130112 94 81 77 84 99118135144142128104 74 46 25 1827 3 5V7 5171461620145999999999999991050 7723 2 1899999999999999
 25 45 75107134150152141120 95 75 65 68 83106131149156148126 95 60 32 1527 3 6V7 5391531659156999999999999991117 652331 1399999999999999
 14 31 60 95128152160152130101 74 56 53 65 89119146162163147118 80 45 2027 3 7V7 6 01601734165999999999999991143 522359 1199999999999999
 11 21 46 82119149165162142111 78 52 41 46 68100134160171164140104 65 3327 3 8V7 62116618 8171999999999999991210 40999999999999999999999
 15 17 36 70108143165169154124 87 54 34 31 47 77114147169173158127 89 5227 3 9V7 642170184217499999999999999 026 131238 3099999999999999
 27 20 32 60 97134162173164138100 62 34 21 28 53 89127157172169147113 7627 310V7 7 4173191817399999999999999 053 2013 8 2199999999999999
 46 31 34 54 86123154171170150116 76 41 20 17 32 6210013616016815813310027 311V7 726173195616899999999999999 120 291340 1599999999999999
 69 48 43 54 79112143165170158131 94 56 28 14 19 40 7210813815615814412027 312V7 750171203715999999999999999 149 421415 1499999999999999
 92 70 58 61 77103131154165161142111 76 44 23 16 25 48 7810913314614413127 313V7 815166212414799999999999999 218 581455 1699999999999999
112 92 78 74 82 99120141155158148126 97 67 42 26 23 33 53 7810312213213127 314V7 843158222713399999999999999 250 741544 2399999999999999
123110 99 92 92100113129141148146135116 92 68 48 35 31 38 52 71 9110711827 315V7 917148999999999999999999999 327 911651 3199999999999999
122121116111107107111118126133137135127114 97 77 59 44 36 37 45 59 76 9427 316V7 011122101213799999999999999 4301071828 3599999999999999
110121127127125120115113113116120125129128122109 91 71 51 37 30 33 45 6427 317V7 241128122212999999999999999 7291122012 3099999999999999
 87110128138141136125113103 98 99107118129137136125106 80 53 32 20 21 3527 318V7 348141142613799999999999999 919 982126 1899999999999999
 59 89118141152152140121101 86 79 83 97117137150153141116 84 50 23 10 1327 319V7 42615415401539999999999999910 8 792219  999999999999999
 33 64101134157164156135107 81 63 59 70 93122149166167151120 82 44 16  527 320V7 4581651635169999999999999991047 5923 2  599999999999999
 15 41 80120153171170152121 86 57 41 43 63 95131161178176154118 75 37 1327 321V7 5281731723180999999999999991123 402341  899999999999999
  9 27 60102142170179167138 99 61 34 24 35 63102141171184176149109 67 3427 322V7 55617918 8184999999999999991158 24999999999999999999999
 18 23 48 86127161180177154117 74 38 17 16 35 70112150176183169138 99 6227 323V7 623181184918399999999999999 016 171233 1499999999999999
 37 31 45 75113149174181166134 92 51 21  8 16 43 80121155174174155124 9027 324V7 648181193017699999999999999 049 3113 7  899999999999999
 61 47 50 70102136164177172148111 70 34 13  9 25 55 9212815416616013911127 325V7 71317820 916699999999999999 119 461340  899999999999999
 84 66 62 73 96125152169171156126 89 53 26 14 18 38 6810113014815314412527 326V7 736172204815399999999999999 147 611414 1399999999999999
103 85 76 79 94116140158165158137106 74 45 27 22 32 52 7910612713813912927 327V7 8 0165213114099999999999999 214 751450 2299999999999999
114100 90 88 95110129145154153141119 92 66 46 35 35 45 63 8410411912712627 328V7 825155222512799999999999999 242 881530 3499999999999999
120111103 99100108120132141144139126107 87 68 53 46 47 55 69 84 9911011727 329V7 853144235611899999999999999 312 981623 4699999999999999
118117113110108110114121127131131126117104 89 75 64 57 56 60 68 79 9110227 330V7 931132999999999999999999999 4 21081745 5699999999999999
112118120120118115113113114116119120119115107 97 85 73 64 58 58 63 72 8527 331V7 22512111 812099999999999999 6471131936 5799999999999999
100113124129129124117109104102103108114119120117107 94 79 64 55 51 56 6827 4 1V7 328130134712099999999999999 9 21022055 5199999999999999
 85105122135139135125111 98 89 87 93103116126131128116 98 78 59 47 44 5227 4 2V7 4 113915 713199999999999999 945 872145 4499999999999999
 70 93117137147146135117 97 80 72 75 87105125139144138121 97 71 50 39 4127 4 3V7 4261481558144999999999999991016 722222 3899999999999999
 55 80108135152157147127101 76 60 57 67 88115139154156144120 90 62 42 3527 4 4V7 4491571639157999999999999991044 562255 3599999999999999
 44 67 98129153164159139109 77 53 41 46 67 97129154167163144114 80 52 3727 4 5V7 5111651717168999999999999991112 412325 3699999999999999
 38 56 86120150168169153122 85 52 31 27 42 72110144169176165138104 70 4727 4 6V7 5341711754176999999999999991140 262355 3999999999999999
 39 50 75109143168176165137 98 58 28 14 20 46 83124158178178160129 94 6427 4 7V7 5571761831181999999999999991211 14999999999999999999999
 48 49 67 98133162178175153116 73 34 10  5 21 54 96137167180174151119 8727 4 8V7 621179191018099999999999999 026 461243  599999999999999
 64 56 65 89121152173179165134 93 51 18  1  5 28 6510714416917516414011027 4 9V7 648179195217699999999999999 057 561318  099999999999999
 84 70 70 84110139163175171150115 74 36 10  2 12 38 7511314516316515213027 410V7 716176203716699999999999999 130 681357  299999999999999
106 88 81 86103126149166169158133 99 62 31 12  9 22 48 8111413915215214127 411V7 746170213015499999999999999 2 5 811442  899999999999999
124108 96 94101116135151160158144120 90 60 36 21 20 32 54 8110812914014227 412V7 821161223814299999999999999 244 941535 1999999999999999
135124113107106111122134144149146134114 91 67 47 34 31 39 56 77 9911813127 413V7 9 7149999999999999999999999 3371051645 3199999999999999
136134129122116113114118125132136136129117 99 80 61 46 40 42 53 70 9111127 414V7 016136102713699999999999999 5161121815 3999999999999999
127137140137129120111106106110117125131132126113 95 74 56 44 41 48 65 8727 415V7 157140124013299999999999999 7371051946 4199999999999999
111131144149144132116101 91 87 92104119133141140128108 84 60 44 39 46 6527 416V7 258149142414299999999999999 854 872056 3999999999999999
 91118142156158147128104 83 70 67 77 96119140153154141118 88 61 43 38 4827 417V7 339158153315599999999999999 942 672149 3899999999999999
 71102133156167162144116 85 61 48 50 67 94125151166166149121 89 60 43 4227 418V7 4121671628168999999999999991022 472233 4099999999999999
 57 86119150170174160132 96 62 38 29 39 64 98134162176172151119 86 59 4727 419V7 4431741716177999999999999991058 292313 4699999999999999
 52 73105139166179173149113 73 39 19 18 36 68108145171181171147114 82 6127 420V7 51217918 0181999999999999991134 162349 5599999999999999
 55 67 93126157177180164132 91 51 21  8 15 41 78119155176179165138107 8027 421V7 54018118411809999999999999912 8  8999999999999999999999
 66 68 86114145170181174148111 69 32 10  6 21 52 9213116017517215412710027 422V7 6 7181192017699999999999999 022 651242  599999999999999
 81 75 84105133159176177160129 89 51 21  8 12 34 6710513916116916114211727 423V7 633178195816999999999999999 054 751315  799999999999999
 96 85 86100122147166173166143109 72 40 19 13 24 49 8211514215715914813027 424V7 7 0173203616099999999999999 125 831349 1399999999999999
110 96 91 98113134153165165151125 93 61 36 23 25 39 64 9312114115014813727 425V7 729167211715099999999999999 156 911425 2299999999999999
121107 99 99108123140153158152135111 83 58 40 33 38 54 7610012113614113827 426V7 75915822 614199999999999999 229 9815 4 3399999999999999
129118108104106115127138146147139123102 80 61 48 45 51 64 8310211913013427 427V7 835148231013499999999999999 3101041552 4599999999999999
132126119112109110116124131136135128116100 83 68 59 56 60 71 8510111512627 428V7 923136999999999999999999999 4121091654 5699999999999999
132132128122116111109111116121125126123115104 90 78 68 63 65 73 8510011427 429V7 036132104712699999999999999 5591091815 6399999999999999
127134137133126116108102101104110117122124121112100 86 74 67 66 72 8510127 430V7 153137125112499999999999999 7481001937 6699999999999999
118133142144138126111 97 88 86 91101114125131131122108 91 76 67 65 73 8827 5 1V7 243144142413299999999999999 848 862040 6599999999999999
107128144152150138119 98 80 71 71 81 98118134143143132114 93 75 65 65 7627 5 2V7 318152152514499999999999999 928 692129 6399999999999999
 96119142157160151131104 78 59 52 58 76101127148157154138115 91 72 64 6827 5 3V7 34716016141589999999999999910 3 522210 6399999999999999
 84109136157168164146116 83 54 37 35 50 77110141163170162141114 87 70 6527 5 4V7 4151681657170999999999999991035 342248 6599999999999999
 76 98126153171175161133 96 58 30 18 24 48 84123156176178165139109 84 7027 5 5V7 44317517401799999999999999911 9 182325 6999999999999999
 72 88114144169180175152115 73 35 10  5 20 52 94135168184181163135105 8327 5 6V7 5121811822185999999999999991145  4999999999999999999999
 75 82103131160179183169137 95 51 16 -2  0 23 6010414517418617915712910227 5 7V7 54418419 618699999999999999 0 2 751223 -499999999999999
 85 83 95118146171183180158121 77 36  5 -6  2 30 7011315117518217115012427 5 8V7 617184195318299999999999999 040 8213 5 -799999999999999
102 91 93108131156175181171145107 65 28  4 -3 10 39 7811815117017316214227 5 9V7 654181204217499999999999999 120 901350 -399999999999999
121104 98103118139159172174160133 97 60 29 10  7 21 49 8411914716216415427 510V7 735175213716599999999999999 2 4 981439  699999999999999
138120108104109123140155164163149125 94 63 37 21 20 33 57 8811814115515627 511V7 823165224015799999999999999 2551041535 1999999999999999
149136122111107111120133146153152142122 97 71 49 36 34 44 64 9011613715027 512V7 925154234915399999999999999 4 21071639 3399999999999999
153147136123112106106112122133141143138125105 84 64 50 47 54 70 9211613627 513V71051144999999999999999999999 5311051751 4699999999999999
149153149137123108 98 94 97106119131139139132117 97 78 63 57 61 75 9611927 514V7 057153123614099999999999999 7 4 9419 5 5799999999999999
140153157151137118 99 85 78 80 91107125139145142129110 89 73 65 68 8210327 515V7 15415714 914599999999999999 815 772013 6599999999999999
127147160162152133109 85 67 59 64 79101124144154152139119 97 80 72 75 9027 516V7 240163152215499999999999999 9 9 592111 7199999999999999
113137158168166150124 94 67 48 42 51 72100129152163161147124101 84 77 8327 517V7 319169162016499999999999999 954 4222 1 7799999999999999
101125150168174165142111 76 48 31 30 45 72106138161171167149125102 86 8327 518V7 3551741710172999999999999991034 282246 8399999999999999
 93113139162176175159130 93 58 31 19 24 46 79115148170176167147122101 8927 519V7 4291771754176999999999999991112 182325 8799999999999999
 90104126152171179171148113 75 40 18 13 26 53 90127158175176163141117 9927 520V7 5 11791835178999999999999991148 13999999999999999999999
 92 98115139162177178163133 96 58 28 12 14 34 6610413916517617215513211127 521V7 533179191317699999999999999 0 2 921223 1199999999999999
 97 96107127150170178171150117 79 44 21 13 22 47 8111714816817216314412327 522V7 6 5178194917399999999999999 037 951257 1399999999999999
106 98102116137158172174161135101 65 36 20 19 34 62 9612815316616515313427 523V7 638175202516799999999999999 110 971332 1899999999999999
115103100108125145162170166149121 88 57 34 25 30 49 7710813615516115614227 524V7 71217021 216199999999999999 144 9914 8 2599999999999999
125110102103114130148160164155136108 79 54 38 34 44 64 9011814015315514827 525V7 748164214315699999999999999 2211011446 3499999999999999
134119108103107117132146155154144125100 75 56 45 46 57 7710112414215115027 526V7 829156222815299999999999999 3 41031527 4499999999999999
142130117108104108117129140146144134117 97 77 62 55 58 70 8810912814214927 527V7 918146231914999999999999999 3581041613 5599999999999999
148140128116107103105112122132137136129115 99 83 71 66 69 80 9611513214427 528V71023138999999999999999999999 5 810317 8 6699999999999999
149148139127114103 97 97103113123130133129119105 92 81 76 78 8810312013627 529V7 014150115313399999999999999 627 961812 7599999999999999
148153150140125108 94 86 85 91103116128135134127115101 89 83 84 9310812627 530V7 1 8153132713599999999999999 737 841920 8399999999999999
142154158152138118 97 80 70 69 79 95114131142145138125110 96 88 89 9811427 531V7 155158144614599999999999999 831 682025 8899999999999999
133151162163153133107 81 61 51 54 68 91117140154157150135116100 92 9310427 6 1V7 237164154815899999999999999 917 502122 9199999999999999
122143161170167151124 92 61 40 32 40 62 92124151167170160141119102 94 9727 6 2V7 31617116411709999999999999910 0 322214 9399999999999999
111132155172178169145111 74 41 20 16 30 59 97134163179179165143120102 9527 6 3V7 3551781730181999999999999991042 1523 1 9599999999999999
102119143166181182167137 97 56 22  4  5 26 6110414417318718416614211810227 6 4V7 4351841818188999999999999991126  22347 9799999999999999
 98107128153176188184163127 83 41  9 -6  1 27 6711115217919018316313811527 6 5V7 51718819 6190999999999999991211 -6999999999999999999999
101101114136162182190182156117 72 31  2 -8  3 33 7411915718218817915713227 6 6V7 6 2190195318999999999999999 032 991258 -899999999999999
111101104119142166184189177149109 65 27  2 -3 11 42 8412616018018317115027 6 7V7 648189204118499999999999999 1181001347 -499999999999999
126108101106122144166181183169141103 63 30 10  8 24 55 9413216117717716327 6 8V7 739184212917999999999999999 2 71011436  699999999999999
142121105 99105121141161174174161135101 66 38 23 24 41 7010513716217317027 6 9V7 833176221617399999999999999 259 991527 2199999999999999
156136116102 97102116134151163164153131103 74 51 40 43 59 8511514216116927 610V7 93516523 416999999999999999 359 971619 3999999999999999
164149130111 97 91 95106123139151154146130108 85 67 59 62 77 9912414716227 611V71048154235316699999999999999 5 7 911714 5999999999999999
166160145125106 91 83 85 94110126139146144133117 99 84 77 80 9211113215127 612V71215146999999999999999999999 620 831814 7799999999999999
162165157141120 99 82 73 72 81 97115132142145139127112 99 93 9410412013827 613V7 043165134814599999999999999 731 711920 9299999999999999
155164165156138115 91 71 60 60 69 8710812914415114813812411110310411212627 614V7 134166151215199999999999999 834 59202910299999999999999
144159167166154133107 80 59 48 48 60 8210813215015915714613111710910911727 615V7 223168161815999999999999999 927 46213210899999999999999
132149163170167151126 96 68 46 36 40 57 8311314015916716315113411911011127 616V7 3101711710167999999999999991014 36222610999999999999999
120137155169173166146117 84 55 34 28 37 59 8912215016817316615013111610827 617V7 3541731752173999999999999991056 28231210899999999999999
112125143162174175163138105 70 42 25 24 39 6610113516117517516314412411027 618V7 4351761830177999999999999991134 23235010699999999999999
106114130151169178174156127 91 57 31 20 26 47 7911514717017817215613411527 619V7 51417819 4178999999999999991210 20999999999999999999999
105106118138159175180170147113 77 45 25 20 33 59 9412915817517616514512327 620V7 551180193717799999999999999 0251041245 2099999999999999
107102108124146166178178162134 99 64 37 23 26 45 7511014316617517015413327 621V7 62718020 817599999999999999 0591011319 2299999999999999
113101101112131153170178171151120 86 55 34 28 38 61 9312615417017216114227 622V7 7 3178203917399999999999999 132 991353 2899999999999999
121105 98102117137157171173162138107 76 50 36 37 53 7911014016117016615227 623V7 740174211117099999999999999 2 7 981426 3599999999999999
132112100 97104120140157167164150126 97 70 51 45 52 71 9712615016516815927 624V7 820167214316899999999999999 246 9615 0 4599999999999999
142123106 96 96106122139153159154139117 92 71 58 57 68 8911413915716616427 625V7 9 4159221816799999999999999 330 951535 5699999999999999
152134115100 93 94104119135147151146132113 93 77 70 72 8510512714716116527 626V7 957151225516599999999999999 421 921615 6999999999999999
160146128110 95 88 89 99113128139144140130115 99 88 83 8810011713615316227 627V711 5144233916499999999999999 520 8817 2 8399999999999999
164156141122103 88 80 81 90104119133140140134123111101 9710111112614215627 628V71232141999999999999999999999 625 7918 3 9799999999999999
163163154138117 96 79 69 68 77 9311212914114614313512411410911011813114527 629V7 02916414 714699999999999999 732 67191910899999999999999
158166165155136112 87 66 54 53 64 8310612914715615614813612411611512113327 630V7 125167152915799999999999999 834 52204011499999999999999
148162170169157134105 75 51 37 37 50 7410413415616916916014512911811512127 7 1V7 223171163317099999999999999 931 35215011599999999999999
135152168177175160132 98 63 35 20 21 39 6910614116718118016814912911611327 7 2V7 3191781727182999999999999991025 18224911399999999999999
120137158176186182162130 89 50 20  5 10 33 6911115017819018717014712511127 7 3V7 4141861815191999999999999991116  4233910899999999999999
109120140164185194187163126 81 39  8 -4  5 33 7412016018719618816614011727 7 4V7 5 619419 01969999999999999912 5 -4999999999999999999999
104105120144171192199190162120 73 30  2 -6  7 40 8513117019319618315812927 7 5V7 558199194219799999999999999 0261021252 -799999999999999
107 96101120147175195201188157114 67 27  3  0 19 5510014417819419217314627 7 6V7 649201202219699999999999999 111 961338 -199999999999999
117 97 90 98119148175193196181149108 65 31 13 16 38 7511715618319218316127 7 7V7 74019721 019299999999999999 157 901422 1199999999999999
132106 89 85 96118145171186187171141103 67 41 30 38 62 9713416618418617227 7 8V7 832188213618799999999999999 244 8415 5 3099999999999999
148120 96 82 81 93114139161174173159133103 75 57 53 64 8711814917218217827 7 9V7 927176221218299999999999999 335 801547 5299999999999999
161136111 90 78 78 89108130149160160149129107 88 77 77 8911013515817317727 710V71029161224917799999999999999 430 771629 7699999999999999
169151128105 86 75 75 84100119135146148143131116104 9810011012714516117027 711V71147149233117199999999999999 532 741716 9799999999999999
170161144123101 83 73 71 77 9010712313614314213712812011511712413614916027 712V71328143999999999999999999999 643 70181811599999999999999
166165156141120 99 81 68 64 69 81 9811613214314814614013312712613013814827 713V7 022167151314899999999999999 758 64194712699999999999999
158164163155140119 97 76 62 56 60 73 9211413515015715615014013212712913527 714V7 127164162515799999999999999 9 6 56211812799999999999999
146156164165157140117 92 69 53 48 53 69 9311914316016616415414112912312427 715V7 23616517111679999999999999910 1 48222112399999999999999
132145159168168159139112 84 59 43 40 50 7110013015517017416615113512111627 716V7 3351691747174999999999999991046 3923 511699999999999999
120132149165174173159135104 72 47 34 35 52 7911214416717817616214312411227 717V7 4241751819179999999999999991124 33234110999999999999999
110119136156173181175156126 91 59 36 28 37 60 9312815817718217215313011227 718V7 5 61811847182999999999999991159 28999999999999999999999
103107122144166181185173147113 76 46 29 28 45 7511114617118317916313911627 719V7 543185191518499999999999999 0121031232 2699999999999999
100 98108129154175187184165134 97 62 37 28 36 60 9413116218118417114912327 720V7 619188194118499999999999999 043 9713 2 2899999999999999
102 92 96113137163181187178153119 82 52 35 34 51 8111615017518517815913327 721V7 65418820 618599999999999999 113 921331 3299999999999999
108 91 88 98119145169183183167139104 71 48 40 48 7110413816618218216814427 722V7 729185203118499999999999999 145 871359 4099999999999999
117 95 84 87102126151171179173153124 92 66 52 52 68 9512715617718317515527 723V7 8 6180205618399999999999999 219 841428 5099999999999999
129104 86 81 88106130153168172162141114 87 69 63 70 9011714616818017916427 724V7 846172212318199999999999999 256 811457 6399999999999999
141116 94 81 79 89108131150162162151132109 90 79 79 9111113615817417817127 725V7 931163215217899999999999999 337 781529 7799999999999999
153130106 87 77 78 89107127143153153144129112100 94 9711012814816417317327 726V71029154222617499999999999999 426 7616 8 9499999999999999
162144122100 83 74 74 8410011813414414714213312211411111412413815316417027 727V71150147231317099999999999999 526 73165911199999999999999
167157140118 97 79 69 67 75 8910712413814614714313613012612613214115216127 728V71343147999999999999999999999 640 67182212599999999999999
167165157141120 96 76 61 56 60 74 9411613615015715715214313613113313914827 729V7 020167152815899999999999999 8 2 56201813199999999999999
159167169162147123 96 70 50 40 44 59 8311213916017117216415113812912713227 730V7 146169163417399999999999999 915 40214712699999999999999
144159172178173155128 94 61 36 24 28 47 7811414817318518317015113212011727 731V7 3 41781722186999999999999991016 23224511799999999999999
125142163181190184164130 89 50 21  9 16 42 8012316118719618916914412010727 8 1V7 4 919018 31969999999999999911 8  9233110599999999999999
106120143170192202194168128 82 40 10  1 14 46 9113717519820218716012910427 8 2V7 5 52021840203999999999999991155  1999999999999999999999
 92 97117147178202210198168123 74 32  6  3 22 6110815418920520017714511227 8 3V7 556210191520699999999999999 014 921239  199999999999999
 88 80 91116150184206212196161115 68 30 11 15 41 8313017219920519116212627 8 4V7 646212194820699999999999999 055 801319 1099999999999999
 94 74 72 88118153185205206187151107 66 37 27 38 6810915218520219817614327 8 5V7 733208202020399999999999999 136 711358 2799999999999999
108 79 65 69 88119153181196193173140103 70 51 50 67 9713516919219818515927 8 6V7 821197204919899999999999999 218 651434 4899999999999999
125 94 71 62 69 90119148171182177158131103 81 72 77 9612415517919118817027 8 7V7 911182211819299999999999999 3 2 6215 8 7199999999999999
143112 85 68 64 73 92116140158165160146127109 97 9510412214416618018317527 8 8V710 6165214718499999999999999 349 641542 9499999999999999
155130105 83 71 68 76 9211113014315014814013012011511612513915416717417327 8 9V71117150222017599999999999999 443 68161811499999999999999
162145124104 86 75 72 77 8810311813113914214113713313113213714615516216527 810V7131114223 716599999999999999 552 72171213199999999999999
163155141125107 91 79 73 74 82 9410812313614414814814514214014014314815427 811V71527149999999999999999999999 721 73192014099999999999999
157158153143129111 94 79 70 68 73 8610312214015215815815314513913513514027 812V7 035158162715999999999999999 847 68212513499999999999999
147154159157149134114 93 74 62 59 66 8210512915016316816415414113012412627 813V7 21815917 116899999999999999 948 59221912499999999999999
134146158165165155136111 85 64 51 51 63 8511314116317517416414713011711327 814V7 3281661729176999999999999991033 49225511399999999999999
119133151166175172158133103 73 51 42 47 67 9612815717618217415613411510427 815V7 41817517541829999999999999911 9 42232510399999999999999
105118138161178184176155124 89 59 40 37 51 78113147174186183167142117 9927 816V7 4581841818187999999999999991141 372353 9499999999999999
 94103123149173188189174146109 74 47 35 41 64 98135167186190177152123 9927 817V7 5341911841191999999999999991210 35999999999999999999999
 86 88106132161184195188165131 93 60 40 38 54 8412215718319318516313210327 818V7 6 819519 319399999999999999 020 851237 3799999999999999
 83 78 89113144173192195181152114 78 52 42 50 7511014717719319217314411127 819V7 641196192519599999999999999 049 7713 3 4299999999999999
 85 71 75 94123155181194189168136100 69 52 53 7010013616819019518215612327 820V7 715194194719599999999999999 118 711329 5099999999999999
 92 71 66 77102133163184189178153121 90 68 61 71 9412615818319418816713627 821V7 75018920 919499999999999999 149 661355 6199999999999999
103 77 64 66 83110140166180180165140112 88 76 78 9311914817418918917514927 822V7 828182203219199999999999999 222 621422 7599999999999999
118 89 69 62 69 88115142163172168153131110 95 90 9811613916318018617916027 823V7 912172205818699999999999999 259 621452 9099999999999999
134105 81 66 63 73 9211513815416115714512911610810811813415216817817816727 824V710 6161212917999999999999999 343 63152610799999999999999
148124100 80 68 66 74 9010912814214914914313512812412613314415616617116827 825V71128150221217199999999999999 442 65161212499999999999999
159143123102 84 71 66 70 81 9711413014214814914714313913814014515215816327 826V71347150233416399999999999999 6 4 66175413899999999999999
163158146130110 90 72 62 60 66 8110112214015416116215715014213813814214927 827V71534162999999999999999999999 744 59203513799999999999999
158164164157142120 94 70 52 45 50 67 9212014716617617516615113712712412927 828V7 137165162517799999999999999 9 6 45215012499999999999999
142158171178173155128 94 62 39 29 36 58 9112716018219018416614312210910827 829V7 3 617817 31909999999999999910 5 29223710799999999999999
119139164184194188166131 90 52 26 18 30 60100142177197199184157127102 8927 830V7 4 91941736200999999999999991054 182317 8999999999999999
 93112141173197207198170129 83 43 19 16 36 72118162194207199174139104 8027 831V7 5 220718 8207999999999999991137 152355 7299999999999999
 72 83110147183208215201168122 75 38 20 25 52 94141182206209191157117 8127 9 1V7 5512161838211999999999999991217 19999999999999999999999
 61 60 79113153190213215196159114 71 41 32 46 78122165197211202174134 9427 9 2V7 63721719 721199999999999999 033 581254 3299999999999999
 62 48 55 80118158192209207184147106 72 52 53 7310814818420520618715311227 9 3V7 722211193420899999999999999 111 481328 5099999999999999
 75 51 45 58 86123160187199192168136103 79 70 7910313616919320319316813227 9 4V7 8 719920 020399999999999999 149 4414 0 7099999999999999
 94 64 48 48 65 94127157177183174154128106 93 9310612915718019319217614827 9 5V7 853183202519599999999999999 228 461431 9199999999999999
115 84 62 53 57 7510012715016416615814312711410911412814816718118517715827 9 6V7 943167205118599999999999999 3 9 52145910999999999999999
133106 82 67 62 68 8310212313914915214713913112612613214315616717317116227 9 7V71048152211917399999999999999 357 62153012599999999999999
145125105 88 76 73 76 8710011512813814314414213913713814114715415916115827 9 8V71247144215916199999999999999 459 73162013799999999999999
151140125110 96 86 80 80 85 9410611913114114715014914714414214214414714927 9 9V71515150234815099999999999999 633 79192614299999999999999
150148142132119105 91 81 77 78 86 9911613314715615915715014213513113113627 910V716 1159999999999999999999999 816 76212313199999999999999
142149152150141127109 91 76 69 70 80 9812014115816716715914613212111712027 911V7 2 7152162916899999999999999 923 6822 311799999999999999
130143155162160149130106 84 67 59 64 8010413115617217616915413411610510527 912V7 31916216531769999999999999910 7 59223310499999999999999
114131151166173168152126 98 72 56 53 64 88118149172183180164140116 97 9127 913V7 4 61731716184999999999999991042 5223 0 9199999999999999
 97115140163180183172148117 85 60 49 53 74104139168186188175149120 94 8027 914V7 4451841738190999999999999991112 482327 7899999999999999
 81 97123153178191188169138103 71 52 49 63 92127161186194185161128 96 7427 915V7 5201921759194999999999999991140 482353 6799999999999999
 67 78103136168190197186160124 89 62 51 58 82116152182197194173140103 7327 916V7 55419718201989999999999999912 7 51999999999999999999999
 58 61 81114150181198197178146109 78 59 59 76106142175196199184153114 7927 917V7 627200184020099999999999999 020 571233 5799999999999999
 55 49 62 90127163189199190165131 98 74 66 75 99132165191200192166129 9027 918V7 7 119919 220099999999999999 049 491259 6699999999999999
 60 44 48 69102139171191193178151120 93 78 79 9612315518219719517614410627 919V7 737194192519899999999999999 119 431326 7799999999999999
 72 49 42 53 78112147173186182165139114 95 90 9811814417018819318215812427 920V7 816186194919399999999999999 153 421354 9099999999999999
 90 61 46 46 61 8711914816817516915313311510510611813715917718618316714127 921V7 9 1175201618699999999999999 230 44142510499999999999999
111 82 60 50 53 69 9211914215716215814613312311912313314816317417717015427 922V7 959162204817799999999999999 316 5015 111999999999999999
131106 83 66 58 60 72 9011113014415115114714013513313514215115916416515927 923V71130152213616599999999999999 417 58155813399999999999999
148131111 92 76 66 63 69 82 9911713414515215415214814314114014314715215527 924V71353154232915699999999999999 546 63183314099999999999999
155150139123104 85 70 61 61 70 8610712914816016616415614613612912813214027 925V71513166999999999999999999999 730 60204512799999999999999
151158160154139117 92 69 54 50 58 7810513315817417917215713812111010811727 926V7 146161155417999999999999999 849 50213810899999999999999
133152169176171153125 93 64 45 40 52 78112146174188188173148121 98 87 9027 927V7 3 8176162719099999999999999 946 402218 8699999999999999
106132160182192186163128 90 57 38 37 55 88127164190199189164130 97 73 6527 928V7 4 71921658199999999999999991032 352256 6599999999999999
 76101136171196205194165126 85 53 38 44 69107149184203203182146106 71 5027 929V7 4572051727206999999999999991113 372332 4799999999999999
 50 69103144181206211195161119 80 53 46 59 91132171200209196165123 80 4827 930V7 5442111756209999999999999991151 45999999999999999999999
 34 42 69110153189209208188152112 79 60 62 83117156189207205182143 98 582710 1V7 628211182320999999999999999 0 8 341226 5899999999999999
 33 28 44 76119160191205199175142108 83 74 83108142176199205192161119 772710 2V7 711205185020699999999999999 045 271259 7499999999999999
 44 28 31 52 87127163187194184161132107 92 92107132162186199194173139 992710 3V7 754195191519999999999999999 121 271330 9099999999999999
 64 40 32 41 65 991331621781801681481271101041101271501721871901781531202710 4V7 837181194119199999999999999 157 3214 010499999999999999
 87 59 44 43 55 791071351561661651551401261171171261411591731801751601362710 5V7 92416720 718099999999999999 235 41143111699999999999999
108 82 63 54 57 69 891111321471531531461371301261291361471591661671601452710 6V71022154203716799999999999999 318 5415 712699999999999999
126105 86 73 67 69 79 941101251371441461441401361341351391451501541531472710 7V71154146211915499999999999999 412 67161113499999999999999
137123109 95 84 78 78 83 931051191311401461481461431391361341351381401422710 8V714 114823 714299999999999999 533 7719 113499999999999999
140136128117105 93 84 80 81 881001151301431521551531461371281231211241302710 9V715 2155999999999999999999999 717 80204912199999999999999
137141142137127113 98 85 77 76 84 98117136152162163156143127114107107114271010V7 138142153616499999999999999 834 76213010699999999999999
126139149153148135116 96 80 71 72 83102126149165172167152131111 96 90 95271011V7 25615316 317299999999999999 925 7022 1 9099999999999999
110129148161164156138114 90 72 65 71 89114142165178177163139112 89 76 77271012V7 34616516271799999999999999910 3 652229 7599999999999999
 90113139162174174159135106 81 66 65 78102133161181186175151119 88 67 59271013V7 4271761649186999999999999991036 632256 5999999999999999
 69 92123154177185178157127 97 74 64 71 92122154180191186164130 93 63 47271014V7 5 318617111929999999999999911 6 642323 4599999999999999
 49 68101137169189192177149117 88 70 69 84112145175193194177144104 67 41271015V7 5391931734196999999999999991135 672352 3399999999999999
 34 46 75114153182196191170139107 83 73 80103134166190198188160120 78 44271016V7 61419717571989999999999999912 4 73999999999999999999999
 26 29 50 86128165190197185160128100 83 82 97124155182197194174138 96 56271017V7 651197182219899999999999999 023 251234 8199999999999999
 29 20 31 60 99140172190190174148120 99 90 97116143170190195183155117 76271018V7 730193184919599999999999999 056 2013 5 9099999999999999
 43 23 22 40 71109146172184180163139117103102112133157178189186168137101271019V7 813184191918999999999999999 133 20133810199999999999999
 65 39 26 31 50 81115145166174168153135120112115126144163176180173153124271020V7 9 2174195218199999999999999 214 26141511299999999999999
 92 63 43 35 41 59 86114139156162158148136126122125135147160168168160142271021V710 5162203416999999999999999 3 4 3515 412299999999999999
119 93 70 53 46 50 64 85109130146154154149142134130130134141149155156151271022V71133155214215699999999999999 4 8 46163013099999999999999
139122102 82 66 57 56 65 81102122140152156155149140132127125128133140146271023V71315157234814899999999999999 532 55185212599999999999999
148143132116 96 78 64 59 63 76 97119141156164163154141126114108109117129271024V71422165999999999999999999999 7 4 59202110799999999999999
142152154147131109 86 67 58 60 74 97124149167174169154133111 93 85 88102271025V7 14615415 617499999999999999 819 572113 8599999999999999
123144161168162144118 90 68 57 60 77104135162179182171147117 89 69 63 71271026V7 3 3168154218399999999999999 917 562155 6399999999999999
 93122152173181174152122 91 68 58 65 87118151178190186164132 95 64 45 44271027V7 4 118116141919999999999999910 5 582233 4299999999999999
 61 91128162185191180155121 90 69 64 76103137169191195181150110 70 40 27271028V7 4521921645196999999999999991047 642311 2699999999999999
 33 58 95137172193196180152118 89 73 74 93123156184198193169131 87 48 22271029V7 5391971715199999999999999991126 722347 1699999999999999
 16 31 63105147179196194174144113 90 81 89111142172193198183151108 65 31271030V7 62219717441989999999999999912 2 81999999999999999999999
 13 16 38 74116155183193186164136109 93 92105130158183195189167130 88 49271031V7 7 4193181319599999999999999 023 121236 9099999999999999
 22 13 23 50 87127160181185174152127108 99104121145169185188175148110 722711 1V7 745186184218999999999999999 058 1313 9 9999999999999999
 40 22 21 37 65101135161174173160141122109107116133154172181177158129 952711 2V7 825176191218199999999999999 134 20134210699999999999999
 63 40 30 34 53 801111381581651611491331191131141251411571681711621421152711 3V7 9 7165194317199999999999999 211 29141711299999999999999
 86 62 46 41 49 67 911171381511551511411291201171201301421531591581471292711 4V7 956156201916099999999999999 251 4115 011799999999999999
107 84 66 55 54 63 78 981191351451481451381301231201231291371441471441362711 5V7105614821 714799999999999999 337 5416 412099999999999999
122105 88 75 67 66 73 851011181321411461441391321251201191211261311351352711 6V71215146223013599999999999999 435 65175011999999999999999
130121109 96 84 77 74 78 881021171311421481481421331231151101091131191262711 7V71329148999999999999999999999 552 74193710999999999999999
130131126117105 93 83 79 81 89103119135148154153144131116103 95 941001102711 8V7 037131142015499999999999999 713 782037 9399999999999999
122132137135127113 98 86 80 81 91107126144157161156142122101 85 77 79 902711 9V7 214138145716199999999999999 820 792117 7699999999999999
107126141148146135118100 86 79 82 95115137156167167154132105 80 63 59 67271110V7 317149152716999999999999999 911 792151 5999999999999999
 87112136154161156140119 98 83 79 86104128152170175167145114 82 56 43 45271111V7 4 5161155517599999999999999 953 792222 4199999999999999
 62 90122150168172162141116 94 82 82 95118144168180178160129 92 57 33 26271112V7 4461721622182999999999999991030 802254 2699999999999999
 36 63 99135164180179163138111 91 82 88107134161181186175147108 67 33 14271113V7 52618116511879999999999999911 6 822328 1299999999999999
 15 35 70111149176187180160132106 89 87 98122150175189186165129 86 45 15271114V7 6 61871721190999999999999991141 86999999999999999999999
  3 12 40 80123160183188176153125102 91 94111137164184190179151111 66 28271115V7 647189175319099999999999999 0 4  31217 9099999999999999
  4  0 16 49 91133166184184169144120102 96104123148172186186168136 94 53271116V7 730186182918899999999999999 042 -11255 9699999999999999
 19  2  4 24 59100138166179176160137117104103113133155174182177156123 84271117V7 81618019 818299999999999999 125  0133610299999999999999
 46 19  7 13 35 68106139162171166151133116107109119137155169173165144114271118V7 9 7171195217399999999999999 211  7142310799999999999999
 79 48 26 18 25 46 76109137157163159146131118111112120134148159161154136271119V710 4163204716199999999999999 3 2 18152311099999999999999
111 82 56 38 32 38 56 82110135152158155144131119111109114124135145149145271120V711 815822 314999999999999999 4 1 32164410999999999999999
133114 91 69 53 46 50 65 87111134149156154145131117106100101108119131139271121V71215157234514199999999999999 5 8 46182010099999999999999
141135122103 84 68 59 61 72 91114136152159157146129111 95 85 83 90103119271122V71316159999999999999999999999 622 581941 8399999999999999
133142142133117 98 80 70 69 79 97119141157164160145123 99 79 66 64 72 90271123V7 13014314 716499999999999999 734 682041 6399999999999999
112133147152145129109 90 78 76 86104128150165170161141113 83 59 45 45 58271124V7 254152145017099999999999999 839 752130 4399999999999999
 82111137156162155138116 96 83 82 93114138160173173158131 97 64 39 27 31271125V7 358162152917599999999999999 936 812214 2699999999999999
 51 81115146166171162143119 98 87 88102125150170179173151117 79 44 21 14271126V7 45217116 6179999999999999991024 862254 1499999999999999
 24 51 87124156174176164142117 98 90 95112136161178181167139100 60 27  8271127V7 53917716421829999999999999911 8 892332  699999999999999
  8 25 58 97135164179176160136113 96 93102123148170181177157123 82 43 15271128V7 6211801716182999999999999991147 92999999999999999999999
  3 10 34 70110146170179171152128107 95 97111133157175180169143106 66 31271129V7 7 0179175018099999999999999 0 9  31223 9499999999999999
  9  4 18 47 85123154171173161141118102 96103120143163176174157127 89 52271130V7 737175182417799999999999999 045  41258 9699999999999999
 24  9 12 32 63 99133158168165149129110 98 98109128149165171164142111 752712 1V7 813169185817199999999999999 120  81332 9799999999999999
 44 22 16 25 48 79112141158162154138119104 98101115133150162163151127 972712 2V7 849162193416499999999999999 155 1614 8 9899999999999999
 66 41 27 27 40 64 94122144155155144128112101 981051181341471541511371142712 3V7 926156201215499999999999999 231 251449 9899999999999999
 88 62 44 36 41 56 80106129145151147136122109100 991051171291401431391252712 4V710 6151205714399999999999999 3 8 361539 9999999999999999
106 84 64 52 48 55 71 92114133144147143132118106 99 971021111211291321282712 5V71052148215713299999999999999 349 481645 9799999999999999
118102 86 71 62 62 69 83101120135144146140129116104 95 91 941011101181232712 6V71143146232212399999999999999 437 6118 4 9199999999999999
122116105 92 81 74 74 80 92108124137145146140128113 98 86 80 81 88 991102712 7V71237147999999999999999999999 536 731920 8099999999999999
119123120113102 92 85 83 88 98113128141149149140125106 87 72 65 66 76 912712 8V7 1 7123132915099999999999999 647 832019 6499999999999999
107121129130124113101 92 89 93103118134147154152139119 94 71 54 47 51 662712 9V7 237130141515499999999999999 759 8921 7 4799999999999999
 87110129140142135122108 96 92 96107124142155160154135108 78 51 33 29 39271210V7 342143145716099999999999999 9 3 922149 2999999999999999
 60 89117141153154144128110 97 92 98113132152164166153128 94 59 30 14 14271211V7 434155153616799999999999999 957 922229 1199999999999999
 30 59 95129154166163149129109 95 93102120142162173169150117 77 39 10 -3271212V7 5201661616173999999999999991044 922311 -399999999999999
  3 27 63104141165174168149126105 93 93106128153172179169143105 61 21 -6271213V7 6 31741657179999999999999991128 922353-1499999999999999
-14 -1 29 71114151173178167145120100 91 95112137162178181166135 92 46  8271214V7 6471791740182999999999999991210 91999999999999999999999
-15-18  1 36 80124159177177162138113 95 90 98118144167181179160125 81 36271215V7 731179182418399999999999999 037-191253 9099999999999999
  1-17-14  9 47 91133163176172154129106 91 89100122147168179173151115 72271216V7 814177191117999999999999999 122-191338 8899999999999999
 32  2-11 -4 22 60102139164172164144120 99 87 88101122145164171164141107271217V7 85817220 217199999999999999 2 8-111426 8699999999999999
 69 33 10  2 13 39 75113144163166155135112 93 84 86 98117138154160152132271218V7 942166205816099999999999999 255  21520 8399999999999999
103 70 42 24 20 33 58 90122147160159147127106 88 80 81 91108126140146141271219V7102616122 314699999999999999 343 201623 7999999999999999
125102 77 55 42 42 54 76103129148157153140121100 83 73 73 81 95111125133271220V71113157232513499999999999999 433 401735 7299999999999999
132123107 88 72 63 63 73 91113134148154149136116 95 77 65 62 67 79 96112271221V712 2154999999999999999999999 529 611852 6199999999999999
123128125116102 89 81 80 88102120137149153147133113 90 69 54 48 52 65 83271222V7 1 6128125615399999999999999 636 8020 6 4899999999999999
102119130132127116104 95 93 97108123139150153147132109 83 58 41 34 38 53271223V7 248132135315399999999999999 754 9321 8 3499999999999999
 75 99121136142138128115103 98101111126141153156148129103 73 46 27 21 27271224V7 4 5142144715699999999999999 910 9822 0 2199999999999999
 46 73103129146152147134118105 98101112129146157158147125 94 61 32 14 11271225V7 5 11521538159999999999999991013 982245 1099999999999999
 22 47 79112139156159150134115101 95100115134152162160145117 82 47 19  4271226V7 54416016231639999999999999911 1 952325  399999999999999
  6 23 54 90124151163161147127107 94 92101120141159166160138106 68 33  8271227V7 62116417 4166999999999999991141 91999999999999999999999
 -2  7 31 66104138159166158139116 97 87 90105127149164167155128 91 52 20271228V7 655166174216899999999999999 0 2 -21216 8799999999999999
  1 -1 15 45 83120149164163148126103 87 83 92112135156167164145113 75 38271229V7 726166181816899999999999999 036 -31248 8399999999999999
 11 -1  6 29 63101135157164155135111 91 80 82 97119143160166156132 97 60271230V7 755164185316699999999999999 1 9 -11320 8099999999999999
 28  8  6 20 48 84119146160158143120 97 81 76 84103126147160159144116 82271231V7 823161192816199999999999999 139  51352 7699999999999999
