 14 13 13 13 12 11  9  8  7  7  7  7  7  7  8 11 13 16 18 19 19 19 19 1827 1 1WN1944 199999999999999999999991030  7999999999999999999999
 17 16 14 13 11  9  8  6  4  3  3  4  6  7  9 11 14 18 21 23 24 23 23 2227 1 2WN20 4 24999999999999999999999 925  3999999999999999999999
 21 19 17 15 12 10  7  5  3  2  1  2  4  6  9 11 14 18 21 25 27 27 26 2527 1 3WN2044 27999999999999999999999 955  1999999999999999999999
 24 23 21 18 14 11  8  6  4  2  1  1  3  6  9 11 14 17 21 24 27 29 29 2827 1 4WN2135 299999999999999999999991019  1999999999999999999999
 27 26 24 22 18 14 10  7  4  2  1  1  3  5  9 12 14 17 19 23 26 28 30 3027 1 5WN2236 309999999999999999999991033  1999999999999999999999
 29 28 27 25 21 17 12  8  5  3  2  2  3  5  8 11 14 16 18 21 23 26 28 3027 1 6WN2348 309999999999999999999991040  2999999999999999999999
 30 30 29 27 25 21 16 11  7  4  2  1  2  4  6 10 13 15 17 18 20 23 25 2827 1 7WN99999999999999999999999999991057  1999999999999999999999
 29 30 29 29 27 24 19 14  9  5  2  1  1  2  5  8 11 14 15 16 17 19 22 2427 1 8WN 1 2 309999999999999999999991129  1999999999999999999999
 27 28 29 28 27 25 22 17 12  7  3  1  0  1  2  5  9 12 14 14 15 16 18 2027 1 9WN 2 8 2999999999999999999999912 8  0999999999999999999999
 23 25 27 27 27 25 23 19 13  8  4  2  0  0  1  3  6  9 11 12 13 13 14 1627 110WN 3 0 279999999999999999999991249  0999999999999999999999
 20 22 24 25 25 24 22 19 14  9  5  2  1  0  0  1  4  7 10 11 11 11 11 1327 111WN 339 259999999999999999999991326  0999999999999999999999
 16 19 21 22 22 22 20 18 14 10  6  3  1  1  1  1  3  6  8 10 11 10  9 1027 112WN 4 8 221945 11999999999999991348  122 2  999999999999999
 12 15 17 18 19 19 18 16 13 10  6  3  2  2  2  3  4  6  9 11 11 11  9  927 113WN 426 1920 0 11999999999999991232  22254  999999999999999
 10 12 14 15 15 15 15 14 12  9  6  4  3  3  4  5  7  8 10 12 13 13 11 1027 114WN 429 162017 139999999999999912 5  32358  999999999999999
  9 10 11 12 12 12 12 11 10  9  7  5  4  5  7  8 10 12 13 14 15 15 14 1227 115WN 416 122033 15999999999999991159  4999999999999999999999
 10  9  9  9  9  9  8  8  7  7  6  6  6  7  9 11 14 16 17 18 19 19 18 1627 116WN2037 199999999999999999999991140  6999999999999999999999
 14 11  9  8  7  6  5  5  4  4  5  6  7  8 10 13 17 19 21 22 22 22 22 2127 117WN1941 22999999999999999999999 833  4999999999999999999999
 19 15 12  9  6  5  3  2  1  1  2  4  6  9 11 15 18 21 24 26 26 26 25 2427 118WN1950 26999999999999999999999 849  1999999999999999999999
 23 21 17 13  9  5  3  1 -1 -2 -2  0  3  7 11 14 18 21 25 27 28 28 28 2727 119WN2029 28999999999999999999999 925 -2999999999999999999999
 27 26 23 19 13  8  4  1 -2 -3 -4 -3 -1  4  9 13 16 20 23 26 28 29 29 2927 120WN2312 2999999999999999999999910 8 -4999999999999999999999
 29 29 28 25 20 14  8  3 -1 -3 -5 -6 -4 -1  4  9 14 17 19 22 25 27 28 2927 121WN99999999999999999999999999991055 -6999999999999999999999
 29 29 30 29 26 21 14  7  2 -2 -4 -6 -6 -4  0  5 10 13 16 17 19 22 24 2627 122WN 212 309999999999999999999991143 -6999999999999999999999
 27 28 29 30 30 26 20 13  6  1 -3 -5 -6 -6 -4  1  6 10 12 13 14 16 19 2127 123WN 317 309999999999999999999991229 -6999999999999999999999
 23 25 26 28 29 28 24 18 10  4  0 -3 -4 -5 -4 -1  3  7 10 11 11 11 13 1527 124WN 414 2999999999999999999999913 9 -5999999999999999999999
 18 20 21 23 25 26 25 21 14  8  3  0 -1 -2 -2 -1  2  6  9 10 10  8  8 1027 125WN 5 6 2619 5 10999999999999991335 -22129  899999999999999
 13 15 17 18 19 21 22 20 16 10  5  2  1  1  1  2  4  6  9 11 10  9  7  727 126WN 554 221921 11999999999999991216  12225  799999999999999
  9 11 12 13 14 15 16 16 14 10  6  3  3  4  5  6  8  9 11 12 12 11  9  727 127WN 639 161937 12999999999999991148  32322  799999999999999
  7  9  9 10 10  9 10 10 10  8  6  4  4  5  8 10 12 13 14 15 15 14 12 1027 128WN 722 101930 15999999999999991136  4999999999999999999999
  8  8  8  8  7  6  6  5  5  5  4  4  4  6  9 12 15 18 19 19 18 17 15 1327 129WN1819 199999999999999999999991117  4999999999999999999999
 11 10  9  8  7  5  4  2  1  1  2  3  4  6  9 13 17 20 22 23 21 20 18 1627 130WN1836 23999999999999999999999 830  1999999999999999999999
 14 12 11  9  7  5  4  2  0  0  0  1  3  6  9 13 17 21 24 25 25 23 21 2027 131WN1910 25999999999999999999999 9 3  0999999999999999999999
 18 16 13 11  8  6  4  2  0 -1 -1  0  3  6  9 12 16 20 24 26 27 26 24 2227 2 1WN1954 27999999999999999999999 930 -1999999999999999999999
 21 19 17 14 11  8  5  3  1  0 -1  0  2  5  8 11 14 18 21 24 26 26 26 2427 2 2WN2052 26999999999999999999999 951 -1999999999999999999999
 23 22 20 17 14 10  7  4  1  0 -1  0  2  4  8 11 13 16 18 21 23 25 25 2527 2 3WN2212 2599999999999999999999910 4 -1999999999999999999999
 24 24 23 20 17 13  9  5  2  0 -1 -1  0  3  6  9 12 13 15 17 19 21 23 2427 2 4WN99999999999999999999999999991018 -1999999999999999999999
 24 24 24 22 20 16 11  7  3  0 -2 -2 -1  1  4  8 10 12 13 13 15 17 19 2127 2 5WN 014 249999999999999999999991043 -2999999999999999999999
 22 23 23 23 21 18 14  9  4  0 -2 -3 -3 -1  2  5  8 10 11 11 11 13 15 1727 2 6WN 2 1 239999999999999999999991115 -3999999999999999999999
 20 21 22 22 22 19 15 11  6  1 -2 -3 -4 -3  0  3  6  9  9  9  8  9 11 1427 2 7WN 253 221759  9999999999999991148 -420 3  899999999999999
 16 18 19 20 20 19 16 12  7  2 -1 -3 -3 -3 -1  2  5  8  9  8  7  6  7 1027 2 8WN 332 2118 3  9999999999999991215 -32052  699999999999999
 12 15 16 18 18 18 16 12  7  3  0 -1 -2 -2 -1  2  5  8  9  8  7  5  5  627 2 9WN 4 8 181813  9999999999999991222 -22137  599999999999999
  9 11 13 14 15 16 14 12  8  4  1  0  0  0  1  3  6  9 10 10  8  6  4  427 210WN 443 161827 10999999999999991121  02224  499999999999999
  6  8 10 11 12 13 13 11  8  5  2  1  2  3  5  6  8 10 12 12 11  8  5  327 211WN 521 131842 139999999999999911 2  12317  399999999999999
  4  5  7  8  9  9 10  9  8  6  4  3  4  6  8 10 12 13 15 15 14 12  8  527 212WN 6 5 101853 159999999999999911 0  3999999999999999999999
  4  4  4  5  5  6  6  7  6  6  5  5  6  8 11 14 16 17 18 18 17 16 13  927 213WN 723  71839 1899999999999999 026  31051  599999999999999
  6  4  3  3  3  3  3  3  4  4  5  6  7 10 13 17 19 21 22 21 20 19 17 1427 214WN18 2 22999999999999999999999 620  3999999999999999999999
 10  7  5  3  2  2  1  0  0  1  3  5  7 10 14 18 21 24 25 24 23 22 21 1927 215WN1814 25999999999999999999999 733  0999999999999999999999
 16 12  8  5  3  1  0 -2 -2 -2 -1  2  6  9 13 16 20 23 25 26 25 24 23 2227 216WN1849 26999999999999999999999 823 -3999999999999999999999
 20 18 14 10  6  3  0 -2 -4 -5 -4 -2  2  6 10 14 18 21 23 25 25 25 24 2327 217WN1944 25999999999999999999999 912 -5999999999999999999999
 23 22 20 16 11  6  2 -1 -4 -5 -6 -5 -2  2  7 11 14 17 19 21 22 23 23 2327 218WN9999999999999999999999999999 959 -6999999999999999999999
 24 24 24 21 16 11  5  1 -2 -5 -6 -7 -5 -1  3  8 10 12 14 15 17 19 20 2127 219WN 117 259999999999999999999991045 -7999999999999999999999
 22 23 25 25 22 16 10  4  0 -3 -5 -6 -6 -4  0  5  8 10 10 10 11 13 15 1727 220WN 224 259999999999999999999991127 -7999999999999999999999
 18 20 23 24 24 20 15  8  2 -1 -3 -5 -5 -4 -1  3  7  8  8  7  6  7  9 1227 221WN 322 251723  99999999999999912 1 -520 2  699999999999999
 13 15 18 21 22 22 18 12  5  1 -1 -2 -2 -2 -1  2  6  9  9  7  5  4  4  627 222WN 415 221735  9999999999999991211 -221 3  499999999999999
  9 10 12 15 17 19 18 14  8  3  1  0  1  1  3  4  7 10 10  9  6  3  2  327 223WN 5 5 191752 10999999999999991048  02158  299999999999999
  5  6  8  9 11 14 15 13  9  5  3  2  4  5  7  8 10 12 13 12  9  5  3  227 224WN 555 1518 6 13999999999999991036  22253  299999999999999
  3  4  4  5  6  8  9 10  8  6  4  4  6  8 11 13 14 15 15 15 12  9  5  327 225WN 646 101750 15999999999999991031  4999999999999999999999
  3  3  3  3  4  4  5  6  6  5  4  4  7 10 14 17 19 19 19 17 16 13  9  627 226WN 747  61659 1999999999999999 0 2  31023  499999999999999
  4  4  3  3  3  2  2  2  3  4  4  5  7 10 15 18 21 23 22 21 18 16 13 1027 227WN1714 23999999999999999999999 6 8  2999999999999999999999
  7  6  5  4  3  2  1  1  1  2  3  4  7 10 14 18 22 25 25 24 21 19 16 1327 228WN1743 25999999999999999999999 722  1999999999999999999999
 11  9  7  5  4  3  2  1  0  1  2  4  6  9 13 17 21 24 25 25 23 21 19 1627 3 1WN1819 25999999999999999999999 8 4  0999999999999999999999
 14 12 10  8  5  4  2  1  0  0  1  3  5  8 11 15 18 21 23 24 23 22 20 1827 3 2WN19 4 24999999999999999999999 833  0999999999999999999999
 17 15 13 10  8  5  3  1  0  0  0  2  4  7 10 12 15 17 20 21 22 21 20 1927 3 3WN20 8 22999999999999999999999 852  0999999999999999999999
 18 17 16 13 10  7  4  1 -1 -1 -1  0  3  6  8 10 12 14 15 17 18 19 19 1927 3 4WN22 6 19999999999999999999999 911 -1999999999999999999999
 19 18 17 16 13  9  5  2 -1 -2 -2 -1  1  4  7  9 10 11 11 12 14 15 16 1727 3 5WN9999999999999999999999999999 936 -2999999999999999999999
 18 18 18 17 14 11  7  3  0 -2 -3 -3 -1  2  5  7  9  9  9  9  9 11 13 1427 3 6WN 123 1899999999999999999999910 5 -3999999999999999999999
 15 17 17 17 15 12  8  4  1 -2 -3 -3 -2  1  4  6  8  8  7  6  6  7  9 1127 3 7WN 217 171629  8999999999999991034 -31935  699999999999999
 12 14 15 16 15 13  9  5  2 -1 -2 -2 -2  0  3  6  8  8  7  5  3  3  5  727 3 8WN 3 1 161632  8999999999999991055 -22023  399999999999999
  9 11 13 14 15 13 10  7  3  0 -1 -1  0  1  4  7  9 10  8  5  2  1  2  427 3 9WN 342 151644 10999999999999991048 -121 7  199999999999999
  6  7 10 12 13 13 11  8  4  2  1  2  2  4  6  8 11 12 11  8  4  0  0  127 310WN 426 1317 0 129999999999999910 3  12153  099999999999999
  2  4  6  8 10 12 11  9  6  4  3  4  6  7  9 11 13 15 14 11  7  2 -1 -127 311WN 515 121716 1599999999999999 954  32243 -199999999999999
  0  1  3  5  7  9 10 10  8  6  5  7  9 11 13 14 16 17 17 15 11  6  2 -127 312WN 615 101728 1799999999999999 955  52341 -199999999999999
 -1  0  1  2  4  6  7  8  8  8  7  8 11 14 17 18 20 20 20 18 16 11  6  227 313WN 738  81713 2099999999999999 952  7999999999999999999999
  0 -1  0  0  1  2  4  5  7  8  8 10 12 16 19 22 23 23 22 21 19 16 11  727 314WN1638 23999999999999999999999 058 -1999999999999999999999
  3  1  0  0  0  0  0  1  3  5  7  9 12 15 19 23 25 25 24 23 21 19 16 1227 315WN1648 25999999999999999999999 330  0999999999999999999999
  8  5  3  1  0 -1 -1 -1  0  2  4  7 10 13 17 21 24 25 25 24 22 21 19 1727 316WN1719 25999999999999999999999 644 -1999999999999999999999
 14 10  7  4  2  0 -1 -3 -3 -2  0  4  7 11 14 18 21 23 23 23 22 21 20 2027 317WN18 2 23999999999999999999999 752 -3999999999999999999999
 18 15 12  8  5  2  0 -2 -4 -4 -3  0  4  7 10 13 16 18 19 20 20 19 19 1927 318WN19 6 20999999999999999999999 847 -42141 1999999999999999
 20 19 17 13  8  5  1 -1 -3 -4 -4 -3  1  4  8 10 11 12 14 15 15 16 16 1727 319WN 0 5 20999999999999999999999 935 -4999999999999999999999
 19 20 20 17 13  8  4  1 -1 -3 -3 -3 -1  2  6  8  9  9  8  9 10 11 12 1327 320WN 123 209999999999999999999991017 -3999999999999999999999
 15 18 20 19 16 12  7  3  0 -1 -1 -1 -1  2  5  8  9  8  6  4  4  5  7  827 321WN 226 201552  9999999999999991047 -11937  499999999999999
 10 13 16 18 18 15 10  5  2  1  1  1  2  3  6  9 10  9  6  3  1  1  2  427 322WN 323 1816 6 1099999999999999 927  12036  199999999999999
  5  8 11 14 16 15 12  8  5  3  4  5  6  7  8 11 12 12  9  5  1 -1 -1  027 323WN 417 161624 1299999999999999 912  32131 -199999999999999
  2  3  6  9 12 14 13 10  7  5  6  7  9 11 12 14 15 15 13  9  4  0 -1 -127 324WN 512 141637 1599999999999999 914  52227 -299999999999999
 -1  1  2  4  7 10 11 10  8  7  7  9 12 15 17 18 18 18 16 13  8  4  0 -127 325WN 6 9 111614 1899999999999999 919  72330 -199999999999999
 -1  0  1  2  4  6  8  9  9  8  8 11 14 17 20 22 22 21 19 17 13  8  4  127 326WN 712  91540 2299999999999999 919  8999999999999999999999
  0  0  0  1  2  4  5  7  8  8  9 11 14 18 22 24 25 24 22 19 16 12  8  427 327WN1556 25999999999999999999999 040  0999999999999999999999
  2  2  1  2  2  3  4  5  7  8  9 11 13 17 21 25 26 26 24 22 18 15 11  827 328WN1624 27999999999999999999999 151  1999999999999999999999
  5  4  3  3  3  3  3  4  5  7  8 10 12 16 19 23 26 26 25 23 20 17 14 1127 329WN1656 26999999999999999999999 317  3999999999999999999999
  9  7  5  4  3  3  3  3  4  5  7  9 11 14 17 20 23 24 24 23 21 18 16 1427 330WN1731 24999999999999999999999 613  3999999999999999999999
 12 10  8  6  4  3  2  2  2  4  5  7  9 12 14 17 19 21 21 21 20 18 17 1527 331WN1810 21999999999999999999999 658  2999999999999999999999
 14 12 10  8  6  4  2  1  1  2  4  6  8 10 12 13 15 16 17 18 17 17 16 1527 4 1WN19 5 18999999999999999999999 733  1999999999999999999999
 15 14 12 10  7  5  2  1  0  1  2  4  6  8 10 11 12 12 13 13 14 14 14 1427 4 2WN2338 14999999999999999999999 8 6  0999999999999999999999
 14 14 13 11  9  6  3  1  0  0  1  3  5  7  9 10 10  9  9  9 10 11 11 1227 4 3WN1528 10999999999999999999999 837  018 8  999999999999999
 13 13 13 12 10  7  4  2  1  0  1  2  4  7  9 10  9  8  6  6  6  7  8  927 4 4WN 122 1315 2 1099999999999999 9 2  01910  699999999999999
 10 12 13 12 11  8  6  4  2  2  2  3  5  7 10 11 10  8  5  3  3  3  4  627 4 5WN 217 1315 4 1199999999999999 912  21954  399999999999999
  8 10 11 12 12 10  7  5  4  4  4  5  6  9 11 13 12 10  6  2  0  0  1  227 4 6WN 3 8 121516 1399999999999999 844  42037  099999999999999
  4  7  9 11 12 11  9  7  6  6  7  8  9 11 14 16 16 13  9  4  0 -2 -2 -127 4 7WN 4 0 121535 1699999999999999 827  62123 -299999999999999
  1  3  6  9 12 12 12 10  9  9 10 12 13 15 16 18 19 18 14  8  2 -2 -3 -327 4 8WN 458 121554 1999999999999999 828  82213 -399999999999999
 -1  0  3  6  9 12 13 12 11 11 12 15 17 18 20 21 22 21 18 13  7  1 -2 -327 4 9WN 6 5 1316 9 2299999999999999 834 1123 9 -399999999999999
 -3 -2  0  3  6  9 12 13 13 13 14 17 20 22 23 24 24 24 22 18 13  6  1 -227 410WN16 0 249999999999999999999999999999999999999999999999999
 -3 -2 -1  0  2  5  8 11 13 13 15 17 21 24 26 27 27 26 24 22 18 12  7  227 411WN1522 27999999999999999999999 013 -3999999999999999999999
  0 -1 -1 -1  0  2  4  7 10 12 14 16 19 23 26 28 28 27 25 23 21 17 12  827 412WN1534 28999999999999999999999 132 -1999999999999999999999
  4  2  1  0  0  0  1  3  6  9 11 14 17 20 24 26 27 27 25 23 22 20 17 1327 413WN16 4 27999999999999999999999 414  0999999999999999999999
  9  6  3  2  1  0  0  0  2  5  8 10 13 16 20 23 24 25 24 22 21 20 19 1727 414WN1641 25999999999999999999999 610  0999999999999999999999
 14 10  7  5  3  2  0  0  0  2  4  7 10 12 15 17 19 20 20 19 18 18 18 1827 415WN1722 20999999999999999999999 717  0999999999999999999999
 17 14 11  8  5  3  2  1  0  1  2  5  8 10 12 13 14 15 15 15 15 15 15 1727 416WN9999999999999999999999999999 810  0999999999999999999999
 17 17 14 11  8  5  4  3  2  2  3  4  7  9 11 11 10 10 10 10 10 10 11 1327 417WN 0 7 171442 1199999999999999 853  21817 1099999999999999
 15 16 16 14 11  8  6  5  5  5  5  6  8 10 12 11 10  8  6  5  5  6  6  827 418WN 124 161426 1299999999999999 747  51924  599999999999999
 10 13 15 15 13 10  8  7  7  8  8  9 10 12 14 14 12  9  5  3  2  2  3  427 419WN 230 151440 1499999999999999 716  72017  299999999999999
  5  8 12 14 14 12 10  8  9 10 12 13 14 15 16 17 16 12  7  3  0  0  0  127 420WN 332 141458 1799999999999999 722  82112  099999999999999
  2  4  8 11 13 13 12 11 10 12 14 16 18 18 19 20 19 16 12  6  2 -1 -1 -127 421WN 433 1415 8 2099999999999999 733 1022 7 -199999999999999
  0  2  4  8 11 13 13 12 12 13 16 19 21 22 23 23 22 20 16 11  5  1 -1 -127 422WN 536 131429 2399999999999999 745 122258 -199999999999999
 -1  1  2  5  8 11 13 14 14 14 17 20 23 25 26 26 25 23 20 15 10  5  2  027 423WN1419 279999999999999999999992344  0999999999999999999999
  0  1  2  4  7  9 12 14 14 15 17 20 23 27 29 29 28 26 23 19 14  9  5  327 424WN1444 299999999999999999999999999999999999999999999999999
  2  2  3  4  6  8 10 13 14 15 16 19 22 26 29 30 29 27 25 22 18 13  9  627 425WN1514 30999999999999999999999 028  2999999999999999999999
  4  3  3  4  5  7  9 11 13 14 15 17 20 23 27 29 29 28 26 23 20 16 12  927 426WN1547 29999999999999999999999 118  3999999999999999999999
  7  5  4  5  5  6  7  9 11 13 14 15 17 20 23 26 27 27 25 23 21 18 15 1227 427WN1618 27999999999999999999999 225  4999999999999999999999
  9  7  6  5  5  5  6  7  9 11 12 13 15 17 20 22 24 24 23 22 20 18 16 1427 428WN1648 24999999999999999999999 411  5999999999999999999999
 11  9  8  6  5  5  5  5  7  8 10 12 13 15 17 18 20 20 20 19 18 17 16 1427 429WN1714 20999999999999999999999 534  4999999999999999999999
 13 11  9  8  6  5  4  4  5  7  9 10 12 13 14 15 16 16 16 16 16 15 14 1427 430WN1730 17999999999999999999999 622  4999999999999999999999
 13 12 10  9  7  6  5  4  5  6  8 10 11 12 13 13 13 13 13 12 12 12 12 1227 5 1WN1530 13999999999999999999999 655  4999999999999999999999
 12 12 11 10  8  7  6  5  6  7  8 10 12 13 13 12 11 10  9  9  9  9 10 1027 5 2WN1339 13999999999999999999999 712  51919  999999999999999
 11 11 11 11  9  8  8  7  8  8 10 11 13 15 15 13 11  9  7  6  6  6  7  827 5 3WN 119 111335 1599999999999999 653  71938  599999999999999
  9 11 12 12 11 10 10 10 10 11 12 14 16 17 18 16 13  9  6  3  3  3  4  527 5 4WN 235 121349 1899999999999999 620  92014  399999999999999
  7  9 11 13 13 12 12 12 13 15 16 17 19 20 21 21 18 13  7  3  1  0  1  227 5 5WN 343 131410 2199999999999999 615 122058  099999999999999
  4  6 10 13 14 15 15 15 16 18 20 21 22 23 25 25 23 18 12  6  1 -1 -1 -127 5 6WN1433 259999999999999999999992150 -1999999999999999999999
  1  3  7 11 14 16 17 17 18 20 23 24 26 27 27 28 27 23 18 11  5  1 -1 -227 5 7WN1454 289999999999999999999992246 -2999999999999999999999
 -1  1  4  7 12 15 18 19 20 21 24 27 28 30 30 30 30 28 24 17 10  4  1 -127 5 8WN1455 309999999999999999999992346 -1999999999999999999999
 -1 -1  1  4  8 12 16 18 20 21 23 27 29 31 32 32 31 30 28 23 17 10  5  227 5 9WN1415 329999999999999999999999999999999999999999999999999
  0  0  0  2  4  8 12 15 18 19 21 24 28 31 32 32 31 30 29 27 22 17 11  627 510WN1433 32999999999999999999999 055  0999999999999999999999
  3  2  1  1  2  4  7 11 14 16 18 21 24 28 30 31 31 29 28 27 25 21 16 1127 511WN15 5 31999999999999999999999 237  1999999999999999999999
  7  5  4  3  2  3  4  7 10 13 15 17 19 23 26 28 28 27 26 25 25 23 20 1627 512WN1541 28999999999999999999999 426  2999999999999999999999
 12  8  7  5  4  4  4  5  7 10 12 14 16 18 20 23 24 23 22 22 22 22 21 1827 513WN1614 24999999999999999999999 538  3999999999999999999999
 15 12  9  8  7  6  5  5  6  8 11 12 14 15 16 18 19 19 18 17 17 18 18 1827 514WN1639 192226 1899999999999999 632  51950 1799999999999999
 17 14 12 10  9  8  8  8  8  9 11 13 14 14 14 14 14 14 13 13 12 13 14 1527 515WN1342 14999999999999999999999 7 0  82015 1299999999999999
 16 15 14 12 11 10 11 11 12 12 13 14 16 16 15 14 12 11 10  9  8  8  9 1127 516WN 0 4 161258 1699999999999999 458 102045  899999999999999
 13 14 14 13 12 12 13 14 15 16 17 17 18 19 18 16 13 10  8  6  5  5  5  627 517WN 137 141313 1999999999999999 453 122118  599999999999999
  9 11 14 14 14 14 14 16 18 20 21 21 22 22 22 20 17 13  8  6  4  3  3  427 518WN1330 229999999999999999999992148  3999999999999999999999
  5  8 12 14 15 15 16 17 20 22 24 25 26 26 26 24 21 17 12  7  4  3  3  327 519WN1324 269999999999999999999992212  3999999999999999999999
  4  6  9 13 16 17 17 18 21 24 27 28 29 29 29 28 25 21 16 11  7  4  3  327 520WN1217 299999999999999999999992237  3999999999999999999999
  4  5  8 11 15 17 19 19 21 24 27 30 32 32 32 30 29 25 21 15 10  6  4  427 521WN1255 3299999999999999999999923 6  4999999999999999999999
  4  5  7 10 14 17 19 20 21 23 26 29 32 34 34 33 31 28 25 20 14 10  7  527 522WN1334 349999999999999999999992341  5999999999999999999999
  5  6  7  9 12 16 18 20 21 22 24 27 30 33 34 34 32 30 27 23 18 14 10  727 523WN1414 349999999999999999999999999999999999999999999999999
  6  6  7  9 11 14 17 19 20 21 22 24 27 31 33 33 32 31 28 25 22 17 13 1027 524WN1451 33999999999999999999999 023  6999999999999999999999
  8  7  7  8 10 12 14 17 18 19 20 21 24 27 30 31 31 30 28 26 23 19 15 1227 525WN1526 31999999999999999999999 115  7999999999999999999999
 10  8  8  8  8 10 12 14 16 17 18 19 21 24 26 28 29 28 27 25 23 20 17 1427 526WN1556 29999999999999999999999 225  8999999999999999999999
 11 10  9  8  8  8 10 12 14 15 16 17 18 20 23 24 25 25 24 23 21 19 17 1527 527WN1619 25999999999999999999999 341  8999999999999999999999
 12 11 10  9  8  8  9 10 12 14 15 16 16 18 19 21 22 22 21 20 19 18 16 1427 528WN1632 22999999999999999999999 435  8999999999999999999999
 13 11 11 10  9  9  9 10 12 14 15 15 16 16 17 18 18 18 18 17 17 16 15 1427 529WN1626 18999999999999999999999 5 6  9999999999999999999999
 13 12 11 11 11 11 11 12 13 15 16 17 17 17 16 16 15 15 15 14 14 13 13 1327 530WN1150 17999999999999999999999 452 11999999999999999999999
 13 12 12 12 12 13 14 14 15 17 18 19 20 19 17 16 14 12 12 11 11 11 11 1227 531WN1153 20999999999999999999999 218 122039 1199999999999999
 12 13 13 14 14 15 16 18 19 20 21 22 23 23 21 18 14 11  9  8  8  8  8 1027 6 1WN1212 239999999999999999999992029  8999999999999999999999
 11 13 15 16 17 18 19 21 23 24 25 26 27 27 25 22 17 13  9  7  6  5  6  727 6 2WN1238 279999999999999999999992055  5999999999999999999999
  9 12 15 17 19 20 22 24 26 28 29 29 30 30 30 27 23 17 11  7  5  4  4  427 6 3WN13 6 309999999999999999999992139  4999999999999999999999
  6 10 14 17 20 22 23 25 28 30 32 33 33 34 34 32 29 23 16 10  6  4  3  327 6 4WN1335 349999999999999999999992232  3999999999999999999999
  4  6 10 15 19 22 24 26 28 31 33 35 36 36 36 35 34 29 23 16 10  6  4  327 6 5WN1359 369999999999999999999992330  2999999999999999999999
  3  4  6 11 16 20 23 25 27 29 32 35 36 37 37 37 36 34 30 23 16 10  6  427 6 6WN1321 379999999999999999999999999999999999999999999999999
  3  3  4  7 11 16 20 23 24 26 29 32 35 36 37 37 36 36 34 29 23 16 10  727 6 7WN1352 37999999999999999999999 036  3999999999999999999999
  5  4  4  5  7 11 16 19 21 23 25 28 31 34 35 35 35 35 34 32 28 22 15 1127 6 8WN1543 35999999999999999999999 153  4999999999999999999999
  8  7  6  5  6  8 12 15 18 19 21 23 26 29 31 32 32 31 32 31 30 25 20 1527 6 9WN1644 32999999999999999999999 3 6  5999999999999999999999
 11  9  8  8  7  8 10 13 16 17 18 19 21 24 26 27 28 27 27 27 27 26 22 1827 610WN1733 28999999999999999999999 4 6  7999999999999999999999
 14 12 11 11 10 10 11 12 15 16 17 17 18 20 21 23 23 23 22 22 23 23 22 1927 611WN1548 232046 2399999999999999 450 101830 2299999999999999
 16 14 13 13 13 14 14 14 16 17 18 18 18 18 19 19 19 18 18 17 17 18 18 1827 612WN1530 192215 1899999999999999 239 131930 1799999999999999
 17 15 15 15 16 17 18 19 19 20 20 21 20 20 19 18 17 16 14 13 13 13 13 1527 613WN11 2 21999999999999999999999 210 152028 1299999999999999
 16 16 16 16 18 19 21 23 24 24 24 24 24 23 21 19 16 14 13 11 10  9 10 1127 614WN1120 249999999999999999999992116  9999999999999999999999
 13 15 16 17 19 21 24 26 28 28 28 28 28 27 25 22 19 15 13 11  9  8  8  827 615WN 859 289999999999999999999992155  8999999999999999999999
 11 13 16 18 19 21 24 28 30 32 32 32 31 31 29 26 22 18 14 11  9  8  7  827 616WN 941 329999999999999999999992222  7999999999999999999999
  9 12 15 18 20 22 25 28 31 34 35 35 34 34 33 30 27 22 17 13 11  9  8  827 617WN1031 359999999999999999999992237  8999999999999999999999
  9 11 15 18 21 23 25 27 30 33 36 37 37 36 35 34 31 27 22 17 13 11  9  927 618WN1128 379999999999999999999992246  9999999999999999999999
 10 11 14 18 21 23 25 26 28 31 34 37 38 38 37 36 34 30 26 21 16 13 10 1027 619WN1226 3899999999999999999999923 9 10999999999999999999999
 10 11 13 16 20 23 24 25 27 28 31 34 37 38 38 37 35 33 29 25 20 15 12 1127 620WN1321 389999999999999999999992345 10999999999999999999999
 10 11 12 15 18 21 23 24 25 26 28 31 34 36 37 37 36 34 31 28 23 18 14 1227 621WN1411 379999999999999999999999999999999999999999999999999
 11 11 11 13 16 19 21 23 23 23 25 27 30 33 35 35 35 34 32 29 25 20 16 1327 622WN1455 35999999999999999999999 031 10999999999999999999999
 11 11 11 12 14 16 19 21 21 21 22 24 26 29 32 33 33 32 31 29 26 22 18 1527 623WN1531 33999999999999999999999 124 11999999999999999999999
 13 11 11 11 12 14 17 19 20 20 20 21 23 26 28 30 30 30 29 27 25 22 18 1527 624WN1557 30999999999999999999999 216 11999999999999999999999
 13 12 12 12 12 14 15 17 19 19 19 19 21 23 25 26 27 27 26 25 23 21 18 1627 625WN1611 27999999999999999999999 255 12999999999999999999999
 14 13 13 13 13 14 16 18 19 20 19 19 19 20 22 23 24 24 23 22 21 19 18 1627 626WN 9 9 201612 2499999999999999 254 131117 1999999999999999
 14 14 15 15 16 17 18 19 21 21 21 21 20 20 20 20 21 20 20 19 19 18 17 1627 627WN 924 211555 2199999999999999 042 141245 1999999999999999
 15 15 16 17 19 20 21 22 23 24 24 23 22 21 20 19 18 18 17 17 16 16 16 1627 628WN 942 24999999999999999999999 026 152156 1699999999999999
 16 17 18 19 21 23 25 26 27 27 28 27 26 24 21 19 17 16 15 14 14 14 14 1527 629WN10 3 289999999999999999999992035 14999999999999999999999
 17 18 20 21 24 26 28 30 31 31 31 31 30 29 25 22 18 15 13 12 11 11 12 1327 630WN1019 319999999999999999999992050 11999999999999999999999
 16 18 21 23 25 28 31 33 34 35 35 35 35 33 31 26 21 17 13 11 10  9  9 1127 7 1WN 918 359999999999999999999992125  9999999999999999999999
 13 17 21 24 26 29 32 35 37 38 38 38 38 37 36 32 27 21 16 12 10  8  8  827 7 2WN 948 389999999999999999999992212  8999999999999999999999
 10 14 18 22 26 29 31 34 37 39 40 40 40 40 39 38 34 28 22 16 12  9  7  727 7 3WN1159 4099999999999999999999923 6  7999999999999999999999
  7 10 14 19 24 27 29 31 34 37 39 40 40 41 41 41 39 35 28 22 16 11  8  727 7 4WN1430 419999999999999999999999999999999999999999999999999
  6  7 10 14 19 24 26 28 30 32 35 38 39 40 40 41 41 39 35 28 21 15 11  927 7 5WN1540 41999999999999999999999 0 4  6999999999999999999999
  7  7  7 10 15 20 23 25 26 27 30 33 36 37 38 39 40 40 38 33 27 20 15 1127 7 6WN1644 40999999999999999999999 1 3  7999999999999999999999
 10  8  8  9 12 16 20 22 23 23 24 27 30 33 34 35 36 37 38 35 31 24 18 1427 7 7WN1742 38999999999999999999999 157  8999999999999999999999
 12 11 11 10 12 14 18 21 21 21 21 22 25 28 30 30 31 32 33 33 31 27 21 1727 7 8WN1837 33999999999999999999999 243 10999999999999999999999
 15 14 14 14 14 15 18 20 22 21 20 20 21 23 25 26 26 26 27 28 28 26 23 1927 7 9WN 820 221933 2899999999999999 3 8 141041 2099999999999999
 17 17 17 18 19 19 20 22 23 23 22 21 20 21 22 22 22 22 21 22 22 22 21 2027 710WN 838 2315 2 222039 239999999 043 171148 201759 219999999
 18 18 20 21 23 24 25 25 26 26 25 24 22 21 21 21 20 19 18 17 17 18 18 1827 711WN 846 26999999999999999999999 026 181930 1799999999999999
 18 19 21 23 26 28 30 30 30 29 29 28 26 24 22 21 19 18 16 15 14 14 15 1627 712WN 657 309999999999999999999992032 14999999999999999999999
 17 19 21 24 27 30 33 34 34 33 32 31 30 28 26 23 21 18 16 14 13 12 12 1427 713WN 722 349999999999999999999992117 12999999999999999999999
 16 19 21 24 27 31 34 37 38 37 36 35 34 32 30 27 23 20 17 15 14 12 12 1327 714WN 8 3 389999999999999999999992151 12999999999999999999999
 15 18 21 24 27 30 34 37 39 40 39 38 37 35 34 31 27 23 19 17 15 13 13 1327 715WN 853 409999999999999999999992215 13999999999999999999999
 15 18 21 24 27 29 32 35 38 40 40 40 39 38 37 34 31 27 22 19 16 14 14 1427 716WN 956 409999999999999999999992229 14999999999999999999999
 15 17 21 24 26 28 30 32 35 38 39 40 40 39 39 37 34 30 26 21 18 15 14 1427 717WN1111 409999999999999999999992241 14999999999999999999999
 15 17 19 23 26 27 28 30 31 34 36 39 40 40 39 39 37 34 29 24 20 16 14 1427 718WN1238 4099999999999999999999923 8 14999999999999999999999
 14 15 18 21 24 26 27 27 28 30 32 35 37 39 39 39 38 36 32 27 22 18 15 1427 719WN14 4 399999999999999999999992345 13999999999999999999999
 13 14 16 19 22 24 26 26 26 26 28 31 34 36 37 37 37 36 33 29 24 20 16 1427 720WN15 3 379999999999999999999999999999999999999999999999999
 13 13 15 17 20 22 24 24 24 24 25 27 30 33 34 35 35 35 33 30 26 21 17 1527 721WN1542 35999999999999999999999 025 13999999999999999999999
 14 13 14 16 18 21 23 23 23 22 22 24 27 29 31 32 33 33 31 29 26 22 18 1627 722WN 658 231612 3399999999999999 1 0 13 921 2299999999999999
 15 15 15 16 18 20 22 23 23 21 21 22 24 26 28 29 30 30 29 28 25 22 19 1727 723WN 710 231638 3099999999999999 119 1510 1 212359 169999999
 16 16 17 17 19 21 23 24 24 22 21 20 21 24 25 26 27 27 27 26 24 22 19 1727 724WN 721 2417 1 27999999999999991048 202334 1799999999999999
 17 18 19 20 22 23 25 26 26 25 23 21 21 22 23 24 24 24 24 24 23 21 20 1827 725WN 733 261714 24999999999999991145 212327 1899999999999999
 19 20 22 24 25 26 28 29 29 28 26 24 22 21 21 21 21 21 21 21 21 20 20 2027 726WN 743 2999999999999999999999923 7 20999999999999999999999
 20 22 24 27 29 30 31 32 32 31 30 28 25 23 21 20 20 19 19 18 18 19 19 2027 727WN 735 329999999999999999999991942 18999999999999999999999
 21 23 26 29 32 34 35 36 35 35 34 32 30 26 23 21 19 18 17 16 16 16 17 1927 728WN 7 2 3699999999999999999999920 6 16999999999999999999999
 22 24 27 30 33 36 38 39 39 38 37 36 34 32 28 24 21 18 16 15 14 14 15 1727 729WN 714 399999999999999999999992046 14999999999999999999999
 20 23 27 30 33 36 39 41 41 41 40 39 38 37 34 29 24 20 17 15 13 12 12 1327 730WN 752 419999999999999999999992132 12999999999999999999999
 17 21 25 28 32 35 37 40 41 42 41 41 41 41 39 35 30 25 20 16 13 11 10 1127 731WN 856 429999999999999999999992222 10999999999999999999999
 13 17 21 26 29 32 34 36 38 40 41 41 41 42 42 41 37 31 25 19 15 12 10  927 8 1WN1347 429999999999999999999992313  9999999999999999999999
 10 13 17 22 26 28 30 32 33 36 38 39 40 41 42 43 42 37 31 24 18 14 12 1027 8 2WN1454 439999999999999999999999999999999999999999999999999
  9 10 13 18 22 25 27 27 28 30 33 35 37 38 40 42 43 41 36 29 22 17 14 1227 8 3WN1554 43999999999999999999999 0 3  9999999999999999999999
 11 11 12 15 20 23 25 25 24 25 27 29 32 34 35 37 40 41 38 33 27 21 17 1527 8 4WN1649 41999999999999999999999 048 11999999999999999999999
 14 13 14 15 19 22 24 24 23 21 22 24 27 29 30 32 34 36 37 34 29 24 20 1727 8 5WN 629 241742 3799999999999999 122 13 917 2199999999999999
 17 17 17 18 20 23 25 25 24 22 20 21 23 24 26 27 28 30 31 32 29 25 22 2027 8 6WN 646 251835 3299999999999999 0 2 171013 202326 209999999
 20 21 22 23 24 25 27 27 27 24 22 20 21 22 23 23 23 24 25 26 26 25 22 2127 8 7WN 7 2 271934 26999999999999991112 202314 2199999999999999
 21 23 26 27 29 30 30 30 30 28 25 23 21 21 21 21 21 20 20 21 22 22 22 2127 8 8WN 654 302055 22999999999999991734 202253 2199999999999999
 22 25 28 31 33 34 35 34 33 31 29 26 24 23 22 21 20 19 18 17 18 19 20 2127 8 9WN 535 359999999999999999999991911 17999999999999999999999
 22 25 28 32 36 38 39 38 36 35 33 31 28 26 24 23 21 19 18 16 16 16 18 1927 810WN 556 3999999999999999999999920 9 16999999999999999999999
 22 24 28 32 36 39 41 41 40 38 36 34 32 30 28 25 23 21 19 17 16 15 16 1827 811WN 631 419999999999999999999992051 15999999999999999999999
 21 24 27 31 34 38 41 42 42 40 38 37 35 34 31 28 25 23 20 18 17 16 16 1827 812WN 716 429999999999999999999992122 16999999999999999999999
 20 23 26 29 32 35 38 40 41 41 40 39 38 37 35 32 28 25 22 19 18 17 16 1727 813WN 814 419999999999999999999992142 16999999999999999999999
 20 23 26 28 30 32 35 37 39 40 40 39 39 38 37 35 32 28 24 21 18 17 16 1727 814WN 938 409999999999999999999992156 16999999999999999999999
 19 21 24 27 29 30 31 33 34 36 38 39 39 39 38 37 35 31 26 22 19 17 16 1627 815WN1238 399999999999999999999992215 16999999999999999999999
 17 20 23 25 27 28 28 29 30 32 34 36 37 38 38 38 36 33 29 24 20 17 16 1527 816WN14 7 389999999999999999999992244 15999999999999999999999
 16 18 21 24 26 27 26 26 26 28 30 33 35 36 37 37 36 34 30 26 21 18 16 1527 817WN 510 271452 3799999999999999 714 262315 1599999999999999
 15 17 19 22 24 26 25 24 23 24 26 29 31 33 35 35 35 34 31 27 22 19 17 1627 818WN 516 261528 3699999999999999 8 7 232340 1599999999999999
 15 16 18 21 24 25 25 24 22 21 23 25 28 30 32 33 33 33 31 27 23 20 18 1727 819WN 527 2516 1 3399999999999999 849 212337 1799999999999999
 17 17 19 21 24 26 26 24 22 20 20 22 24 27 28 30 31 31 30 27 24 21 19 1827 820WN 538 261635 3199999999999999 930 202247 1899999999999999
 19 20 21 23 25 27 27 26 24 21 19 20 22 24 25 27 28 29 28 27 24 22 20 2027 821WN 550 281713 29999999999999991013 192233 2099999999999999
 21 22 24 25 27 29 30 29 27 23 20 19 20 21 23 24 25 26 26 26 25 23 21 2127 822WN 6 2 3018 2 269999999999999911 3 192230 2199999999999999
 23 25 27 29 30 32 32 32 30 27 23 21 20 20 21 22 22 23 24 24 24 24 23 2327 823WN 610 331928 249999999999999912 4 202222 2399999999999999
 25 28 30 33 34 35 35 35 34 31 28 24 21 20 20 20 20 20 21 21 22 23 24 2427 824WN 555 359999999999999999999991359 20999999999999999999999
 26 29 32 35 37 38 38 38 36 35 32 29 25 22 21 20 19 19 18 19 19 21 22 2427 825WN 528 389999999999999999999991830 18999999999999999999999
 26 29 33 36 39 41 41 40 39 37 36 33 30 27 24 21 19 18 17 16 16 17 19 2227 826WN 539 419999999999999999999991939 16999999999999999999999
 25 28 32 35 39 41 42 42 40 39 38 37 35 32 28 24 21 19 17 15 14 14 16 1927 827WN 612 429999999999999999999992032 14999999999999999999999
 22 26 29 33 36 39 40 41 41 40 39 39 39 37 34 30 25 21 18 15 14 13 13 1527 828WN 7 5 419999999999999999999992123 12999999999999999999999
 18 23 26 29 32 34 36 38 39 39 39 39 40 40 39 35 30 25 20 17 14 12 12 1227 829WN1248 409999999999999999999992211 12999999999999999999999
 15 19 23 26 28 30 31 32 34 35 36 37 38 40 41 40 36 30 24 19 16 14 12 1227 830WN1358 419999999999999999999992257 12999999999999999999999
 13 16 20 24 26 26 26 27 28 30 32 33 35 37 40 41 39 35 29 23 18 15 14 1327 831WN1458 419999999999999999999992335 13999999999999999999999
 13 15 18 22 25 25 24 23 23 24 26 28 30 32 35 38 39 37 33 27 21 18 17 1627 9 1WN 448 251554 3999999999999999 743 232356 1699999999999999
 16 16 18 22 25 26 25 22 20 19 21 23 25 27 29 33 36 36 34 30 24 21 19 1927 9 2WN 5 1 261648 3799999999999999 845 192221 1999999999999999
 20 20 21 23 26 28 27 24 21 18 18 19 21 22 24 26 29 32 32 30 27 23 21 2227 9 3WN 519 281743 3399999999999999 941 182212 2199999999999999
 23 25 26 27 29 30 30 28 24 20 18 18 18 19 20 22 24 26 28 28 27 24 23 2427 9 4WN 535 301842 28999999999999991039 1822 8 2399999999999999
 26 29 31 32 33 33 33 32 29 24 21 19 18 19 19 19 20 21 23 24 25 24 24 2527 9 5WN 521 331953 25999999999999991152 182159 2499999999999999
 27 31 34 36 37 37 36 35 32 29 25 22 20 20 19 19 19 19 19 21 22 23 24 2527 9 6WN 421 379999999999999999999991635 19999999999999999999999
 27 31 35 39 41 41 40 38 35 33 29 26 24 22 21 20 19 19 18 18 19 21 23 2427 9 7WN 438 419999999999999999999991824 18999999999999999999999
 27 30 35 38 42 43 42 40 38 35 33 30 27 25 23 22 21 20 19 18 18 19 21 2327 9 8WN 5 9 439999999999999999999991923 18999999999999999999999
 26 29 33 36 40 42 43 42 39 37 35 33 31 29 26 24 22 21 20 18 18 18 20 2227 9 9WN 547 4399999999999999999999920 3 18999999999999999999999
 25 27 30 33 37 39 41 41 40 38 36 35 34 32 30 27 24 22 20 19 18 18 19 2127 910WN 633 419999999999999999999992030 18999999999999999999999
 23 26 28 30 33 35 37 38 38 37 37 36 35 34 32 30 27 23 21 19 18 17 18 2027 911WN 740 389999999999999999999992048 17999999999999999999999
 22 24 27 28 29 31 32 33 34 35 35 35 35 35 34 32 29 25 22 19 17 17 17 1827 912WN10 2 3599999999999999999999921 7 17999999999999999999999
 20 23 25 27 27 27 28 29 30 31 33 33 34 35 34 33 30 27 23 20 17 16 16 1727 913WN1322 359999999999999999999992131 16999999999999999999999
 19 21 24 25 26 25 25 25 25 27 29 31 32 33 34 33 31 28 24 21 18 16 16 1627 914WN 351 261411 3499999999999999 636 252155 1699999999999999
 18 20 23 25 25 25 23 22 22 23 25 27 29 31 32 32 31 29 25 22 19 17 17 1727 915WN 352 251451 3299999999999999 731 222210 1799999999999999
 18 20 23 25 26 25 23 20 19 20 21 23 26 28 29 31 31 29 26 23 20 18 18 1827 916WN 4 0 261529 3199999999999999 814 192156 1899999999999999
 19 21 24 26 27 27 24 21 18 17 18 20 22 24 27 28 29 29 27 24 22 20 20 2127 917WN 411 271611 2999999999999999 856 172130 2099999999999999
 22 23 25 28 29 29 27 23 19 17 16 18 19 21 23 26 28 28 27 26 23 22 22 2327 918WN 426 301658 2899999999999999 939 162125 2299999999999999
 25 26 28 30 32 32 31 27 22 18 16 16 17 19 21 23 25 26 27 26 25 24 24 2527 919WN 442 321758 27999999999999991026 162127 2399999999999999
 28 30 31 33 34 35 34 31 26 21 18 16 16 17 18 20 22 24 25 26 26 25 25 2727 920WN 454 351919 26999999999999991120 162126 2599999999999999
 30 33 35 36 37 37 36 34 31 26 21 18 17 17 17 18 19 21 22 24 25 26 26 2827 921WN 445 379999999999999999999991228 17999999999999999999999
 31 34 37 39 39 39 38 37 34 31 26 22 19 18 17 17 18 18 19 20 22 24 26 2827 922WN 413 409999999999999999999991433 17999999999999999999999
 30 34 37 40 41 41 40 38 36 34 31 27 23 20 19 18 17 17 16 17 18 21 23 2627 923WN 420 419999999999999999999991759 16999999999999999999999
 28 32 35 39 41 41 40 39 37 36 34 32 28 25 22 20 18 16 15 15 15 17 20 2327 924WN 449 419999999999999999999991914 14999999999999999999999
 26 29 32 35 38 39 39 38 37 36 36 35 33 30 26 23 20 17 15 14 13 14 16 1927 925WN 531 399999999999999999999992011 13999999999999999999999
 22 25 28 30 33 35 35 36 35 35 35 36 36 34 31 27 23 19 16 14 13 12 13 1627 926WN 632 361133 3699999999999999 9 5 3521 1 1299999999999999
 19 22 25 26 28 29 30 31 31 32 32 34 35 36 35 31 27 22 18 16 14 13 13 1427 927WN1253 369999999999999999999992144 13999999999999999999999
 17 20 23 24 25 24 24 25 26 27 28 30 32 35 36 34 30 26 21 18 16 15 15 1527 928WN1358 369999999999999999999992217 15999999999999999999999
 17 19 23 24 24 22 21 20 20 21 23 25 27 30 33 35 33 29 24 20 18 18 18 1827 929WN 322 241458 3599999999999999 712 2021 1 1899999999999999
 19 21 23 26 26 24 20 18 16 17 18 20 22 24 28 31 33 31 27 23 21 20 21 2227 930WN 336 261556 3399999999999999 812 162047 2099999999999999
 23 24 26 28 28 27 23 19 15 14 15 16 17 19 22 26 29 30 29 26 23 22 24 252710 1WN 355 281654 3099999999999999 9 9 142049 2299999999999999
 27 28 29 30 31 31 28 23 18 15 13 14 15 16 18 21 24 27 28 27 25 24 25 282710 2WN 410 311756 289999999999999910 9 132054 2499999999999999
 30 32 34 34 34 34 32 28 22 18 15 14 14 15 16 17 20 23 25 26 26 25 26 292710 3WN 356 3419 5 26999999999999991118 142055 2599999999999999
 32 35 37 38 38 37 35 32 27 22 18 16 15 15 16 16 18 19 22 24 25 25 26 292710 4WN 3 9 389999999999999999999991236 15999999999999999999999
 32 36 39 41 41 39 37 35 31 27 22 19 18 17 17 17 17 18 19 21 23 25 26 282710 5WN 327 419999999999999999999991354 17999999999999999999999
 31 35 39 41 42 41 39 36 34 30 27 23 21 19 18 18 18 18 18 19 21 23 25 262710 6WN 357 429999999999999999999991654 18999999999999999999999
 29 32 36 39 41 41 40 37 35 32 30 27 24 22 21 19 19 18 18 18 19 21 23 252710 7WN 432 429999999999999999999991811 18999999999999999999999
 27 29 33 36 38 39 39 37 35 33 31 29 27 25 23 21 20 18 18 17 18 19 21 232710 8WN 5 9 399999999999999999999991853 17999999999999999999999
 25 27 29 32 34 35 36 35 34 33 31 30 29 27 25 23 20 19 17 17 17 18 19 212710 9WN 553 369999999999999999999991922 17999999999999999999999
 23 25 26 28 29 31 31 32 31 31 30 30 29 28 26 24 22 19 17 16 16 16 18 20271010WN 7 0 329999999999999999999991946 16999999999999999999999
 22 23 24 25 26 26 27 27 28 28 28 28 29 28 27 25 23 20 18 16 15 16 17 18271011WN1150 2999999999999999999999920 8 15999999999999999999999
 21 22 23 24 23 23 23 23 24 25 25 26 27 27 27 26 24 21 18 17 16 16 17 18271012WN 248 241312 2799999999999999 558 232026 1699999999999999
 20 22 24 24 23 21 20 19 20 21 22 23 25 26 26 26 24 22 20 18 17 17 18 19271013WN 233 2414 6 2699999999999999 658 192030 1799999999999999
 21 23 25 25 23 21 18 17 16 17 18 20 22 24 25 25 25 23 21 19 19 19 20 21271014WN 236 251455 2599999999999999 742 1620 9 1999999999999999
 23 25 27 27 26 23 19 16 14 14 15 17 19 21 23 25 25 24 23 21 21 21 22 24271015WN 248 271545 2599999999999999 824 141955 2199999999999999
 25 27 29 30 29 26 22 17 14 12 13 14 16 18 21 23 25 25 24 23 23 23 25 27271016WN 3 5 301641 2599999999999999 9 8 121957 2399999999999999
 28 30 31 33 33 30 26 20 15 12 11 12 13 15 18 21 24 25 26 25 25 25 27 29271017WN 325 331746 2699999999999999 956 1120 4 2599999999999999
 31 33 34 35 35 34 30 25 19 14 12 11 12 13 15 18 21 24 25 26 26 26 28 31271018WN 343 369999999999999999999991049 11999999999999999999999
 33 35 37 37 37 37 34 30 24 18 14 12 12 12 13 15 17 20 23 25 26 27 28 31271019WN 345 379999999999999999999991150 12999999999999999999999
 34 37 38 39 39 38 36 34 29 24 18 15 13 13 13 13 15 16 19 22 24 26 27 30271020WN 312 3999999999999999999999913 8 13999999999999999999999
 33 36 39 40 40 38 37 35 33 29 23 19 16 14 14 13 13 14 15 17 20 23 25 27271021WN 316 409999999999999999999991541 13999999999999999999999
 30 33 37 39 39 38 37 35 34 32 28 24 20 17 15 14 13 13 12 14 16 19 21 24271022WN 344 399999999999999999999991738 12999999999999999999999
 26 29 32 35 36 36 35 34 33 33 31 28 24 21 18 16 14 13 12 12 13 15 18 20271023WN 420 379999999999999999999991846 12999999999999999999999
 22 25 27 30 32 32 32 31 31 31 31 30 28 25 21 18 16 14 13 12 12 13 15 18271024WN 5 2 329999999999999999999991939 12999999999999999999999
 20 22 23 25 26 27 27 27 27 27 28 29 29 28 25 21 18 16 15 14 13 13 14 17271025WN1130 299999999999999999999992023 13999999999999999999999
 19 21 22 22 22 22 22 22 22 23 24 26 27 28 27 24 21 18 17 16 16 16 16 17271026WN1251 289999999999999999999992030 16999999999999999999999
 20 22 22 22 20 18 17 17 17 18 19 20 23 26 27 26 23 21 19 18 19 19 20 20271027WN 2 0 2214 2 2799999999999999 657 171856 1899999999999999
 22 23 25 24 22 18 15 13 13 13 14 15 18 21 24 26 25 23 21 20 21 22 24 24271028WN 214 2515 9 2699999999999999 755 131857 2099999999999999
 25 26 27 28 25 21 17 13 11 10 11 12 13 16 20 23 25 25 23 22 23 25 27 28271029WN 233 281614 2599999999999999 854 1019 7 2299999999999999
 29 30 31 31 30 26 21 15 12 10  9 10 11 13 16 20 23 25 24 24 24 26 29 31271030WN 248 311722 2599999999999999 957  91918 2499999999999999
 33 34 34 34 33 30 26 20 15 11 10  9 10 11 13 16 20 23 25 25 25 26 29 32271031WN 218 349999999999999999999991054  9999999999999999999999
 35 37 37 37 36 34 30 25 19 15 12 11 10 11 12 14 17 21 23 25 25 26 28 322711 1WN 151 379999999999999999999991143 10999999999999999999999
 35 38 39 39 38 36 33 29 24 19 15 13 12 12 13 14 16 18 21 23 25 25 27 302711 2WN 219 399999999999999999999991228 12999999999999999999999
 33 37 39 40 39 37 35 32 28 23 19 16 14 13 14 14 15 16 19 21 23 24 25 272711 3WN 253 409999999999999999999991319 13999999999999999999999
 30 34 37 39 39 37 35 33 30 26 22 19 16 15 14 14 15 15 17 19 21 22 23 252711 4WN 329 399999999999999999999991431 14999999999999999999999
 27 30 33 36 37 36 34 32 30 28 25 21 19 17 16 15 14 14 15 16 18 20 21 222711 5WN 4 5 379999999999999999999991623 14999999999999999999999
 24 26 29 31 33 33 32 31 29 27 25 23 21 18 17 15 14 14 14 15 16 18 19 202711 6WN 440 339999999999999999999991727 14999999999999999999999
 22 23 25 27 28 29 29 28 27 26 25 23 21 19 18 16 15 14 13 14 15 16 18 192711 7WN 514 2999999999999999999999918 5 13999999999999999999999
 20 21 22 23 24 25 25 25 24 23 23 22 21 20 18 17 15 14 13 13 14 15 17 182711 8WN 542 259999999999999999999991830 13999999999999999999999
 20 20 21 21 21 21 21 21 21 20 20 20 20 19 18 17 16 15 14 14 15 16 17 192711 9WN 354 219999999999999999999991840 14999999999999999999999
 20 21 21 20 19 18 17 17 17 17 17 18 18 19 18 18 17 16 16 16 17 18 19 21271110WN 117 211313 1999999999999999 710 171816 1699999999999999
 22 23 22 21 18 16 14 14 14 14 15 15 17 18 18 18 18 18 18 18 19 20 21 23271111WN 110 231439 1999999999999999 737 141735 1899999999999999
 24 26 25 23 20 16 13 11 11 11 12 13 14 16 18 19 19 19 19 20 22 23 24 26271112WN 122 26999999999999999999999 813 11999999999999999999999
 27 29 29 27 24 19 14 11  9  9  9 10 12 14 17 20 21 21 21 22 24 26 28 29271113WN 142 29999999999999999999999 856  9999999999999999999999
 30 31 32 31 28 24 18 12  9  7  7  8  9 12 15 18 21 23 23 24 25 28 30 32271114WN 2 7 32999999999999999999999 945  7999999999999999999999
 33 34 35 35 33 29 23 16 11  8  7  6  7  9 12 16 19 22 24 25 26 28 31 33271115WN 232 359999999999999999999991038  6999999999999999999999
 35 36 36 36 36 33 28 22 15 11  8  6  6  7  9 12 16 20 23 24 26 27 30 33271116WN 249 369999999999999999999991135  6999999999999999999999
 35 37 37 37 37 36 33 28 21 15 10  8  7  7  7  9 12 15 19 22 24 25 27 31271117WN 228 379999999999999999999991242  7999999999999999999999
 34 36 37 37 37 36 35 32 27 20 15 11  9  8  7  7  8 11 14 18 21 22 24 27271118WN 227 379999999999999999999991417  7999999999999999999999
 30 33 35 36 36 35 34 33 30 25 20 15 11 10  8  8  7  8 10 13 17 19 20 22271119WN 254 369999999999999999999991555  7999999999999999999999
 25 29 31 33 33 32 31 31 30 28 24 19 15 12 10  9  8  8  8 10 13 16 17 19271120WN 328 3399999999999999999999917 6  8999999999999999999999
 21 23 26 28 29 29 28 27 28 27 25 22 18 15 13 11 10  9  9 10 11 14 16 17271121WN 4 2 299999999999999999999991759  9999999999999999999999
 18 19 21 23 24 24 23 23 23 23 24 22 20 17 15 13 12 12 12 12 12 14 15 17271122WN 430 24 942 2499999999999999 719 231833 1299999999999999
 18 18 18 19 19 19 18 18 18 18 19 20 20 19 17 15 14 14 15 15 15 16 17 18271123WN 418 191120 2099999999999999 750 181634 1499999999999999
 19 19 18 17 16 15 14 13 13 13 14 16 18 18 18 17 16 16 17 19 20 20 20 21271124WN 031 1913 4 1899999999999999 829 131621 1699999999999999
 22 22 21 19 16 14 12 10 10  9  9 11 13 16 18 18 18 18 19 21 23 24 25 25271125WN 047 22999999999999999999999 913  9999999999999999999999
 25 26 25 23 19 15 11  9  8  7  7  7  9 13 16 18 19 19 20 22 25 28 29 29271126WN 1 7 26999999999999999999999 955  7999999999999999999999
 29 29 29 27 24 19 14 10  7  6  5  5  7  9 13 17 19 20 21 23 26 29 31 32271127WN 0 5 292338 33999999999999991030  5999999999999999999999
 33 32 32 31 28 24 18 13  9  7  6  5  6  8 11 15 18 21 22 23 25 28 31 34271128WN99999999999999999999999999991057  5999999999999999999999
 35 35 34 33 32 28 23 17 12  9  7  6  6  7  9 13 17 20 22 23 24 27 30 33271129WN 025 359999999999999999999991121  6999999999999999999999
 35 36 36 35 34 31 27 22 17 12  9  7  7  8  9 11 15 18 21 22 23 24 27 30271130WN 112 369999999999999999999991150  7999999999999999999999
 33 36 36 36 34 33 30 26 21 16 12  9  8  8  9 10 13 16 19 21 22 22 24 272712 1WN 156 369999999999999999999991226  8999999999999999999999
 30 33 35 35 34 33 31 28 24 19 14 11  9  8  9  9 11 13 16 18 20 20 21 232712 2WN 238 359999999999999999999991313  8999999999999999999999
 26 29 32 33 33 32 30 28 25 21 17 13 10  9  9  9 10 11 13 16 17 18 19 202712 3WN 317 339999999999999999999991413  9999999999999999999999
 22 25 28 30 30 29 28 26 24 21 18 14 12 10  9  9  9 10 11 13 15 16 17 172712 4WN 352 309999999999999999999991514  9999999999999999999999
 19 21 24 26 26 26 25 24 22 20 17 15 12 11 10  9  9  9 10 12 14 15 16 162712 5WN 419 269999999999999999999991559  9999999999999999999999
 17 18 20 22 22 23 22 21 20 18 16 14 12 11 10 10 10 10 10 12 13 15 15 162712 6WN 435 239999999999999999999991619 10999999999999999999999
 16 17 17 18 19 19 18 18 17 15 14 13 12 11 11 11 11 11 12 13 14 16 17 172712 7WN 426 192311 179999999999999914 3 11999999999999999999999
 17 17 16 16 16 15 15 14 14 13 12 12 11 11 11 12 13 13 14 16 17 18 19 202712 8WN2316 209999999999999999999991255 11999999999999999999999
 19 18 17 16 14 13 12 11 11 10 10 10 11 11 12 13 14 15 17 18 20 21 22 232712 9WN2336 23999999999999999999999 958 10999999999999999999999
 23 22 20 17 14 11 10  9  8  8  8  9 10 11 13 14 15 17 19 21 23 24 25 26271210WN9999999999999999999999999999 910  8999999999999999999999
 26 26 24 20 16 12  9  7  6  5  5  6  8 11 13 15 17 19 21 23 26 27 28 29271211WN 0 5 26999999999999999999999 922  5999999999999999999999
 29 29 28 25 21 15 10  7  5  4  3  4  6  9 12 15 18 20 22 25 27 29 31 31271212WN 038 30999999999999999999999 953  3999999999999999999999
 32 32 32 30 26 20 14  9  5  3  2  2  3  6  9 14 17 20 22 24 27 30 32 33271213WN 114 329999999999999999999991036  2999999999999999999999
 33 34 34 33 31 26 20 13  8  4  2  1  1  2  6 10 15 18 21 23 25 28 31 33271214WN 154 349999999999999999999991126  1999999999999999999999
 34 34 35 35 34 31 26 19 12  7  3  1  0  1  2  5 10 15 18 20 22 24 27 30271215WN 241 359999999999999999999991225  0999999999999999999999
 33 34 34 34 34 33 30 25 18 11  6  3  1  0  0  2  5 10 14 17 19 20 22 26271216WN 342 349999999999999999999991329  0999999999999999999999
 29 31 32 32 32 33 32 28 23 16 10  6  3  2  1  1  3  6 10 13 15 16 18 20271217WN 451 339999999999999999999991432  1999999999999999999999
 23 27 28 29 29 29 30 29 26 20 14  9  6  4  3  2  2  4  7 10 13 14 14 16271218WN 441 309999999999999999999991525  2999999999999999999999
 18 21 24 25 25 25 25 25 25 21 17 12  8  6  6  5  5  5  7  9 12 13 13 13271219WN 659 2599999999999999999999916 2  5999999999999999999999
 14 16 19 20 20 20 19 20 20 19 17 13 10  8  8  8  8  9  9 11 12 14 14 14271220WN 8 2 2099999999999999999999914 5  8999999999999999999999
 14 14 15 16 16 15 14 14 14 15 14 13 11 10 10 10 12 13 14 14 15 16 16 16271221WN 333 16 921 152222 179999999 7 7 141341 1099999999999999
 16 15 14 13 13 12 10  9  9  9 10 10 11 10 11 12 14 16 18 19 19 20 20 20271222WN2239 20999999999999999999999 813  9999999999999999999999
 19 18 16 14 12 10  8  7  5  4  5  7  8 10 11 13 15 18 21 23 24 24 24 23271223WN2027 24999999999999999999999 9 5  4999999999999999999999
 23 22 20 17 13 10  8  6  4  2  2  3  6  8 11 13 15 18 21 25 27 28 28 27271224WN21 6 28999999999999999999999 948  2999999999999999999999
 26 26 24 21 17 13  9  6  4  2  1  1  3  7 10 13 15 18 21 25 28 30 31 30271225WN2156 319999999999999999999991024  1999999999999999999999
 29 29 28 25 21 16 12  8  5  3  2  1  2  5  9 13 15 18 20 23 26 29 31 32271226WN2256 329999999999999999999991054  1999999999999999999999
 31 31 30 28 25 21 16 11  7  4  3  2  2  4  7 11 15 17 19 21 24 27 30 32271227WN99999999999999999999999999991115  2999999999999999999999
 32 32 31 30 28 25 20 14 10  6  4  3  3  4  6 10 13 16 18 19 21 23 26 29271228WN 0 1 329999999999999999999991132  3999999999999999999999
 31 32 32 31 30 27 23 18 13  8  5  3  3  3  5  8 11 15 17 18 18 19 22 25271229WN 1 6 329999999999999999999991154  3999999999999999999999
 28 30 31 30 30 28 25 21 16 10  6  4  3  3  4  6  9 12 15 16 16 16 18 21271230WN 2 4 319999999999999999999991227  3999999999999999999999
 24 26 28 28 28 27 25 22 18 12  8  5  3  2  3  4  6  9 12 14 14 14 14 16271231WN 255 2899999999999999999999913 4  2999999999999999999999
