109112109104 97 91 89 92100111123133139138131119104 88 73 62 57 58 66 7727 1 1WY 059112122514099999999999999 556 892016 5799999999999999
 90103111115114111108106107113120128134137136128114 98 80 64 51 45 46 5527 1 2WY 315115131313799999999999999 7 61062117 4499999999999999
 70 87105118125126123119115114116122128133136135126111 92 72 53 39 33 3727 1 3WY 444126141313699999999999999 85011422 6 3399999999999999
 49 68 91113129136136131124117113115121128134138136125107 85 62 40 26 2227 1 4WY 52713715131389999999999999910101132249 2299999999999999
 30 48 73101126142147142133121112108112120130138142138124101 75 49 27 1427 1 5WY 55714716 51429999999999999911 01082327 1299999999999999
 15 29 54 84115140153152142128113103102110122134144147139119 92 62 34 1327 1 6WY 6251541651147999999999999991137101999999999999999999999
  5 12 34 64 98131153159151135117102 95 99112127141151151137111 79 47 2027 1 7WY 653159173115299999999999999 0 2  512 9 9499999999999999
  3  1 17 45 79115145161159144124105 91 89 99116134149156151130 99 65 3327 1 8WY 72116218 815699999999999999 035  01240 8899999999999999
  8 -2  5 28 61 97132156162152132111 92 83 87103123141154157145118 84 5027 1 9WY 750162184415899999999999999 1 6 -21311 8299999999999999
 21  2  1 17 45 80116146161157141119 97 82 78 89108128145156153134103 6927 110WY 817162192115799999999999999 135 -11343 7899999999999999
 38 15  4 12 35 66 99132155159148127105 86 75 78 93112131146152143119 8827 111WY 845160195815299999999999999 2 5  41418 7499999999999999
 58 32 16 15 30 56 87118144157152135114 94 77 72 79 9511313014214413110627 112WY 913157203814599999999999999 234 131456 7299999999999999
 78 52 33 25 32 52 78106132150153142123102 84 71 70 79 9411112513513311927 113WY 942154212413699999999999999 3 3 251539 6999999999999999
 96 73 54 42 41 53 74 98121140149145130111 92 76 66 67 76 9010411812512327 114WY1012150221812699999999999999 335 401628 6599999999999999
110 93 76 64 58 61 75 94113130142145136120101 83 69 61 61 69 81 9510811627 115WY1044145233011799999999999999 4 9 581728 6099999999999999
116108 96 86 79 77 82 94109123134140139128112 94 77 62 53 52 58 69 83 9727 116WY1121141999999999999999999999 451 771839 5199999999999999
109114112107101 97 96 99107117126133137134124108 90 71 55 43 39 43 54 7027 117WY 11211412 913799999999999999 555 961957 3999999999999999
 89106118123122119115110109113119126132135134125108 88 67 46 29 22 25 3827 118WY 320123131813699999999999999 7441092110 2299999999999999
 58 83108128138139135127118112111116123131138139131113 88 61 35 13  3  727 119WY 444140143913999999999999999 9361112214  399999999999999
 24 51 83116141154154146132118107105111121134144148140119 88 55 22 -4-1527 120WY 531155155414899999999999999104510423 7-1599999999999999
 -8 15 49 88128157168163149129110 96 96106122139154160150123 86 47  9-1927 121WY 6 91681656160999999999999991133 942355-2999999999999999
-29-16 14 54100143171176164144119 95 83 87104124146165171156123 81 38 -227 122WY 6451771750171999999999999991214 82999999999999999999999
-30-33-14 22 66116158180176157132103 79 71 82103127153173176156118 75 3127 123WY 720181183917899999999999999 039-351254 7199999999999999
 -9-30-26  0 39 85134170181168144115 85 65 63 79103129156175173148109 6827 124WY 754181192517799999999999999 120-321334 6199999999999999
 26 -7-20 -7 23 62106149174174154127 97 70 55 59 78102129155169161135 9927 125WY 828177201116999999999999999 159-201415 5499999999999999
 63 28  5  2 21 51 87127159171160137109 81 59 50 59 7810012514715514412027 126WY 9 0171205615599999999999999 236  01457 5099999999999999
 91 62 37 25 31 52 80111141160160144120 94 70 53 50 60 76 9611713413712727 127WY 930163214413899999999999999 310 251543 5099999999999999
108 87 68 54 51 62 82105128147154146127105 83 64 53 52 60 73 8910611812027 128WY 958154224112099999999999999 340 511634 5199999999999999
113101 89 79 74 78 90106122136145143132114 95 77 63 54 53 58 68 80 9310327 129WY1022145999999999999999999999 4 5 741739 5399999999999999
106105101 97 94 95101110120130136137132121106 91 76 63 55 52 54 61 71 8227 130WY 0 9107104213899999999999999 421 9419 6 5299999999999999
 92100105108109110112115120125129131129123115103 90 77 64 54 48 47 52 6127 131WY11 41319999999999999999999992041 47999999999999999999999
 74 88102112119122122122121121121123124123120115105 92 77 62 49 40 37 4327 2 1WY 53912212 412499999999999999 8481212150 3799999999999999
 55 72 92110124131132128123118114114117120122123119109 93 75 56 40 29 2727 2 2WY 53313214431239999999999999910301132238 2699999999999999
 37 54 77101123137141136127117108104107113120127130126112 91 68 46 27 1727 2 3WY 54914116 41309999999999999911 31042316 1699999999999999
 20 36 59 87116139148144133119105 95 94103115126136139131111 85 58 32 1327 2 4WY 6101481652139999999999999991131 932349  899999999999999
  8 19 41 71103134151153141124105 89 83 90104120136147147131104 74 43 1727 2 5WY 6341541731149999999999999991158 83999999999999999999999
  3  6 25 54 88123150159150131109 88 74 76 90110129147156149125 93 59 2827 2 6WY 65715918 615699999999999999 019  21225 7399999999999999
  5  0 13 39 73110143161158140116 91 70 64 74 94117140157160144113 78 4427 2 7WY 720162184016199999999999999 046 -11253 6499999999999999
 15  1  7 29 60 96132158163149125 98 72 57 59 76100125149162157132 98 6427 2 8WY 743164191516399999999999999 113  01323 5599999999999999
 32 10  7 23 51 84120150164156134106 79 56 49 59 81107132154161147118 8527 2 9WY 8 7164195116199999999999999 140  61355 4899999999999999
 53 27 15 23 46 76108140160161142116 88 62 46 46 62 8611113615315313410527 210WY 831163203015599999999999999 2 7 151430 4399999999999999
 75 49 32 30 46 72100128151160149125 97 71 50 40 47 65 8811313414614112127 211WY 857160211214699999999999999 236 2915 7 4099999999999999
 96 72 54 46 52 72 96120141153151133108 82 59 43 39 48 66 8811012713512827 212WY 92215422 213599999999999999 3 5 461549 3999999999999999
112 93 77 67 67 77 95115132144147138118 94 72 53 41 39 48 64 8310111612327 213WY 94714823 712399999999999999 336 661640 3999999999999999
119109 98 90 86 89 98112126136140138126108 87 68 52 41 39 45 57 72 8910327 214WY1012141999999999999999999999 4 8 861748 3899999999999999
113115112109106105107113121128132133129119104 87 70 54 41 35 36 45 58 7427 215WY 051115104313399999999999999 4551051918 3599999999999999
 92107117123124123121119119121123125127125120109 94 76 56 39 27 23 29 4227 216WY 4 7124121012799999999999999 7311192056 2399999999999999
 62 86109127137140136129121114112114118124128129121105 82 57 34 15  7 1227 217WY 45314014351299999999999999910 411222 6  799999999999999
 30 56 87118141153151142128113101 98104114126138143136116 87 55 25  1 -827 218WY 52215316 1143999999999999991048 982258 -899999999999999
  1 25 58 96133158164156139117 96 82 84 96114133152160150122 87 50 13-1227 219WY 5501651659160999999999999991124 812342-1899999999999999
-17 -1 30 69113152172169151127 98 73 64 72 92116143167174157123 84 42  327 220WY 62017317481749999999999999912 0 64999999999999999999999
-19-15  9 44 88134169178164138108 75 52 49 66 92121153178179155118 77 3427 221WY 649178183318299999999999999 021-201236 4799999999999999
 -1-14 -1 29 67112155178174150119 85 52 36 42 65 94127161180174146109 6927 222WY 719180191618199999999999999 058-141312 3599999999999999
 31  5  4 24 56 94136169177161131 97 63 36 28 41 67 97131162174161132 9927 223WY 748178195817499999999999999 133  11350 2899999999999999
 64 35 21 30 54 85120153172166142110 77 46 28 28 45 7110013215515914311827 224WY 816172204016099999999999999 2 5 211428 2599999999999999
 91 65 47 46 61 84112139160164148121 91 61 38 28 34 52 7510212714214012627 225WY 841165212414399999999999999 235 4415 6 2899999999999999
108 88 72 66 72 89110131148156148128102 76 54 38 35 42 58 78 9911812612327 226WY 9 2156221412699999999999999 3 0 661548 3499999999999999
114102 92 85 87 97111126139146144131111 90 70 53 44 43 50 62 77 9310611227 227WY 917147232611299999999999999 320 851636 4299999999999999
111108104100101106114124132137137130117101 85 70 58 52 50 54 62 73 84 9427 228WY 928138999999999999999999999 3281001743 5099999999999999
101106109111112114118123126129129126118108 98 86 75 65 58 54 53 57 65 7627 3 1WY 9341299999999999999999999991938 53999999999999999999999
 87 98108116121123123123122120119119116112107102 93 82 70 60 52 47 49 5727 3 2WY 6161239999999999999999999992117 47999999999999999999999
 70 85101117128131129125119113109109110112113114110101 86 71 57 44 38 4127 3 3WY 5 513114461149999999999999910331082213 3799999999999999
 52 70 90112130138137130120108 99 97101107114121125120106 87 67 48 33 2827 3 4WY 51913916 0125999999999999991050 962252 2899999999999999
 36 53 76102127143145137123107 92 84 87 98110123134137126106 82 57 35 2227 3 5WY 5391461643137999999999999991112 842323 2199999999999999
 23 38 62 90121144153146129109 88 74 72 83100118137148145127100 72 44 2227 3 6WY 5591531719149999999999999991136 712351 1699999999999999
 16 27 49 78111141157154138115 89 67 58 66 84107131152159147121 90 58 3027 3 7WY 61915817531599999999999999912 1 58999999999999999999999
 15 19 39 66100134159162147122 94 65 47 48 65 90118146165164142111 78 4527 3 8WY 640163182716799999999999999 017 141228 4599999999999999
 22 17 32 58 89125155167157132101 70 43 33 44 69 99131159172161133100 6627 3 9WY 7 116719 217299999999999999 043 161257 3399999999999999
 37 22 29 52 82114147167165142111 78 47 26 27 46 76108142167171152121 8927 310WY 724169193917299999999999999 111 221329 2499999999999999
 59 37 34 50 77106136161168152122 89 56 29 18 27 52 8311714816616214011127 311WY 748169201816799999999999999 140 3214 2 1899999999999999
 83 59 47 54 75101127151164158134101 69 40 20 18 33 59 8912114715814912827 312WY 81316521 215899999999999999 210 471439 1699999999999999
104 83 68 65 77 98121141155157142115 84 55 32 20 22 39 63 9111913914513627 313WY 838158215214599999999999999 241 641520 1999999999999999
120103 90 83 87 99117133145150144125100 73 50 33 25 29 44 64 8811012513127 314WY 9 015023 013199999999999999 312 831611 2599999999999999
126118109103101106116127136141139130113 93 72 54 40 33 34 44 60 78 9611127 315WY 918141999999999999999999999 3461011719 3299999999999999
120122121119118117119123128130131128121110 95 79 63 49 39 36 40 50 66 8327 316WY 1 1122 93513199999999999999 4461171856 3699999999999999
101116126131132130126123120119119120120119115106 92 74 57 42 32 31 39 5427 317WY 35013212 112099999999999999 9271192039 3099999999999999
 75 98119135143142136126116107104106111118125128122106 85 62 40 25 20 2927 318WY 42414314521289999999999999910 41042149 2099999999999999
 48 74103131149153147134116 98 87 86 94107122138146138117 91 62 35 15 1327 319WY 44915416 2146999999999999991033 852238 1299999999999999
 27 51 82117148162159143122 97 75 65 71 87108132155162150124 93 59 27 1027 320WY 51516316531639999999999999911 4 652319  999999999999999
 13 33 62 98137165170155132103 72 49 46 61 84113145170174155125 90 53 2227 321WY 5421711739176999999999999991138 452356 1299999999999999
 12 24 49 82121158176168144113 78 45 28 35 57 86122158180177153120 84 4827 322WY 6111761821182999999999999991213 28999999999999999999999
 24 24 43 71106144172177157125 90 53 24 17 31 59 93132167182171145113 7827 323WY 63917819 318299999999999999 031 211248 1699999999999999
 48 35 44 67 97130161177167138103 66 32 12 14 35 6510114016917515913410527 324WY 7 6177194417699999999999999 1 4 351323 1099999999999999
 75 55 53 69 93121149169170149116 81 47 20 11 21 44 7411014316316114512227 325WY 732172202516599999999999999 135 521358 1199999999999999
 98 78 69 76 94116139158165154128 96 64 36 19 18 32 55 8411514015114613127 326WY 75416521 815199999999999999 2 3 691434 1699999999999999
114 97 86 86 97114132148156152134108 80 54 34 26 30 44 66 9111513213713227 327WY 812157215613799999999999999 229 841511 2699999999999999
121110100 98103114127139147146135116 94 72 53 40 37 42 55 73 9311012112427 328WY 827148225912499999999999999 252 971552 3799999999999999
122117111108109115123131137138132120104 87 71 58 50 48 53 62 75 9010311127 329WY 841139999999999999999999999 3141081646 4899999999999999
116118118117117118121125127128126120110 99 88 77 67 60 57 59 64 73 84 9527 330WY 128118 85112899999999999999 3451171811 5799999999999999
106114121124125124122120119117116115112107102 95 86 76 67 62 59 60 67 7927 331WY 3371259999999999999999999992012 59999999999999999999999
 92105119128132130125119112106104105108110111111105 95 82 70 60 54 55 6427 4 1WY 4 713214231119999999999999910 31042125 5499999999999999
 77 94112129138138131121109 97 91 92 99107115122122114100 84 68 55 48 5127 4 2WY 4301401537123999999999999991019 912210 4899999999999999
 64 82103125142146139126109 91 79 77 85 97112127136134121101 81 61 47 4427 4 3WY 4511461621137999999999999991041 762244 4399999999999999
 53 71 93119142153148133112 89 69 61 67 82102124143150142122 99 74 52 4127 4 4WY 51115316581509999999999999911 4 612313 4099999999999999
 45 61 84111139157157142118 91 64 47 47 62 85112140160161145120 92 65 4527 4 5WY 5311591734163999999999999991130 452342 4099999999999999
 41 54 76103133158165153128 97 65 39 29 39 63 93127158173166143114 84 5727 4 6WY 5521661810174999999999999991158 29999999999999999999999
 43 49 70 96124153170164140107 72 39 17 18 38 68104143172180164138107 7727 4 7WY 615171184718099999999999999 011 431229 1499999999999999
 55 50 65 89116145168172153120 84 48 17  4 15 42 7711715517917815813010127 4 8WY 641173192718299999999999999 042 4913 3  499999999999999
 74 60 65 85110136160172164136 99 62 28  5  1 19 49 8612616117717014912327 4 9WY 7 8173201017799999999999999 115 591339  099999999999999
 98 78 73 84105128149165167149117 81 46 18  2  6 26 57 9413015816815914027 410WY 736168205816899999999999999 149 721419  199999999999999
119100 88 89103121139154161154132101 68 39 18  8 15 35 64 9612714815414727 411WY 8 3161215415599999999999999 225 8715 4  899999999999999
134119107102106117131143150150139118 91 65 42 25 19 26 43 67 9411813514227 412WY 82915223 714299999999999999 3 51021559 1999999999999999
139131123117115118125133138140137127110 90 70 52 38 31 35 47 66 8710812427 413WY 856140999999999999999999999 3581151710 3199999999999999
134136134130126123122123125127127126121111 97 81 65 51 42 41 48 62 8010027 414WY 057136 95112799999999999999 5541221838 4099999999999999
118132139140137131123116112111112115119122119110 96 79 62 49 43 46 58 7627 415WY 24314013 412299999999999999 85211120 9 4399999999999999
 98119137146146139128114101 93 93 98107119129132125109 90 70 53 43 46 5927 416WY 328147144913399999999999999 933 922117 4299999999999999
 79103128148155149135118 97 79 72 76 88104124142148139120 98 74 53 43 4927 417WY 4 015515521489999999999999910 6 7222 8 4399999999999999
 65 88115142160160146125100 74 55 52 64 82107135157161148127102 74 53 4727 418WY 4291621643162999999999999991039 512249 4699999999999999
 57 77102132158168158136108 77 48 33 38 57 83115149170170153129101 73 5527 419WY 4591681728173999999999999991114 332327 5399999999999999
 55 71 94120150170170149120 86 52 25 18 31 56 88127162178172152127 98 7227 420WY 5281731811179999999999999991149 18999999999999999999999
 61 69 89112139165175162134100 64 30 10 12 32 62 99140170180168147121 9427 421WY 557175185318099999999999999 0 3 611224  999999999999999
 75 73 86107131155172170148115 79 43 16  5 15 40 7311215017317516013911427 422WY 624174193517699999999999999 037 711259  599999999999999
 92 82 87104124146164170157129 95 61 30 10  9 25 52 8612315416916515012927 423WY 650170201616999999999999999 1 9 811334  799999999999999
109 94 92102119138155164160140110 78 48 25 14 20 38 66 9813015216015313927 424WY 713164205816099999999999999 139 9114 9 1499999999999999
122107100103115130145156156145123 95 67 43 28 24 33 52 7810713114614914227 425WY 735157214514999999999999999 2101001446 2499999999999999
130118109107113124136146149144129108 85 63 46 36 37 47 65 8711012813813927 426WY 757149224014099999999999999 2421071527 3599999999999999
134126118114114119127135139138131117100 81 65 53 47 49 59 74 9210912313127 427WY 821140235413399999999999999 3231131615 4799999999999999
133131126121118118120124127129126120110 97 84 72 63 58 60 67 78 9310711927 428WY 855129999999999999999999999 4331181715 5899999999999999
127132132129124120117115115116117117114108101 91 81 72 67 67 71 80 9210627 429WY 136132101911799999999999999 7311151835 6699999999999999
119129135136132125117110104103104108112114113109100 89 79 72 70 72 81 9427 430WY 243136132011499999999999999 85910320 3 7099999999999999
109123135141140132120107 96 89 89 95103113121124119109 96 84 74 70 73 8427 5 1WY 320142145612499999999999999 932 8821 5 7099999999999999
 99116132144147140126108 91 77 72 77 89104120133137130116101 85 73 70 7727 5 2WY 346147155013799999999999999 959 722150 7099999999999999
 91108127145154149134113 90 68 56 56 69 88111134149150139121102 83 71 7227 5 3WY 4 91541633152999999999999991026 542228 7099999999999999
 83101121142158159145121 94 66 43 36 45 66 93124152165161145123100 80 7127 5 4WY 4341611714166999999999999991056 3623 4 7199999999999999
 77 94114137158167158133103 70 40 20 21 39 68103140169178168147123 97 7827 5 5WY 5 11671755178999999999999991128 182341 7499999999999999
 75 87107130153170170150118 82 46 16  3 13 39 74115155181184169146119 9427 5 6WY 53017318371869999999999999912 4  3999999999999999999999
 80 83100122145166176166137100 61 25  0 -5 12 43 8312716618718416614211627 5 7WY 6 2176192218899999999999999 018 791242 -699999999999999
 94 86 95114136157173174155122 83 45 12 -7 -5 16 50 9213517018417816013727 5 8WY 63517620 918599999999999999 057 861324 -999999999999999
114 98 96108126146163172166143108 71 36  8 -5  1 25 59 9913816717616915327 5 9WY 71017321 117699999999999999 137 951410 -599999999999999
133115105106118134150162165155131 99 66 35 13  4 13 35 6710213615916616027 510WY 748165215816699999999999999 22210415 1  499999999999999
147132119112114124136147154154143122 95 67 43 25 18 26 46 7310313115015727 511WY 83115523 315799999999999999 3151121558 1899999999999999
153143132123117117123130137142142134118 97 75 55 40 34 40 56 7810312614327 512WY 932142999999999999999999999 42611617 1 3499999999999999
151149142133124116113115119123129132129119105 87 70 56 49 52 64 8210412527 513WY 01615111 813299999999999999 6 71131811 4999999999999999
141149149143132121109102100103109117126129126115101 85 71 62 63 72 8810727 514WY 12715013 312999999999999999 7531001926 6199999999999999
127143152150141128112 96 85 82 87 96110125135136127113 98 83 73 72 81 9627 515WY 221152143513799999999999999 852 822034 7199999999999999
114134150156151137118 97 78 65 64 73 88108129144147138124108 92 80 80 9127 516WY 3 2156154114899999999999999 935 632130 7999999999999999
106124143158160148128104 79 57 46 49 64 85111138156157147132114 96 86 8927 517WY 3381611636158999999999999991014 452218 8699999999999999
101117135154165160141115 87 59 37 31 40 60 88120150166165153136116 98 9127 518WY 4121651724168999999999999991051 3023 0 9199999999999999
 97112128147164168155130100 68 39 21 22 37 63 96133162174169155135114 9927 519WY 44516918 8174999999999999991129 192339 9699999999999999
 97107122140158170166145115 83 50 24 12 20 41 7210914617117716815113011127 520WY 51717018501779999999999999912 5 12999999999999999999999
100103116133151166170158132100 66 35 15 11 24 51 8512315717517516314412327 521WY 548170193117799999999999999 016 991242 1099999999999999
107103110125142158168165147118 84 52 26 13 16 35 6410013516217416915413527 522WY 618169201017499999999999999 0521021319 1299999999999999
117106107118134150162165155133103 72 44 24 18 26 48 7911314316316816014427 523WY 647165205016899999999999999 1261051355 1899999999999999
126113107112124139153160157143120 91 63 41 28 27 40 63 9312214716016015027 524WY 717160213016299999999999999 2 21071432 2699999999999999
135121112110117129141151153147131108 83 60 43 36 40 55 7810412814715515227 525WY 750153221315599999999999999 2401101510 3699999999999999
142130119112113119129138144144136121101 80 62 50 47 53 69 8911213114515027 526WY 83014523 015099999999999999 3271121551 4799999999999999
146137127118113113118125131135134127114 98 82 68 60 59 67 81 9911713314427 527WY 923135235214799999999999999 4281121635 5899999999999999
146143135126117111109112116121125126121112100 87 77 71 71 78 9110612213627 528WY1040126999999999999999999999 5501091726 7099999999999999
144146142134123113104100101105111118122121116107 96 87 81 81 88 9911212727 529WY 047146122212399999999999999 7211001828 8199999999999999
139146147142131117103 92 87 88 94104115124127124116106 97 90 89 9510611927 530WY 13714814 212799999999999999 822 861940 8999999999999999
132144151149139124106 89 75 70 74 85100117132139137128117105 97 9510111227 531WY 219151151513999999999999999 9 5 702046 9599999999999999
126140151156150134113 91 70 55 52 61 78101125145153150139126111101 9810627 6 1WY 257156161115399999999999999 943 522142 9899999999999999
119134149160161148125 99 72 47 34 36 52 7610613716016816214913211410210127 6 2WY 33416217 0168999999999999991022 33223210099999999999999
112127143159168163143114 82 51 25 15 23 46 7711415117518017115413311310227 6 3WY 41216817481819999999999999911 3 15231810199999999999999
105118135153169175163136101 65 31  7  1 16 44 8212516418618817515513211127 6 4WY 4521751835189999999999999991146  0999999999999999999999
103109125144163177178160127 89 50 16 -6 -6 14 47 9013517319219017415212827 6 5WY 534179192219399999999999999 0 31031231 -999999999999999
109105114132151170181177154119 79 40  7-10 -6 17 54 9814317819218616814627 6 6WY 618182201019299999999999999 0481041318-1299999999999999
124108107119137156172180172147111 72 35  6 -7  1 27 6410714817818717916127 6 7WY 7 5180205818799999999999999 13510614 7 -799999999999999
140120108110122139155169174165140106 71 38 13  4 15 41 7511415117417916927 6 8WY 755174214618099999999999999 2241071457  499999999999999
152134117108110121135149161165156133104 74 46 26 21 33 57 8812115116917127 6 9WY 851165223517299999999999999 3181071547 2199999999999999
161145129114106107116127139150154146128105 81 59 44 42 54 7510012815216427 610WY 954154232516599999999999999 4201051639 4199999999999999
163153139124110101100106115126137143139127111 93 76 65 64 74 9111213415227 611WY1110143999999999999999999999 5341001733 6399999999999999
160158148134118103 92 89 93101112125134136130119106 93 85 84 9210612313927 612WY 016161124213799999999999999 657 891833 8499999999999999
153158155143128110 93 81 76 78 8710111713113813712912010910210110711813127 613WY 1 6158141913899999999999999 8 8 76194110099999999999999
144154158152139121101 82 67 61 65 77 9411413314414614013212211411211712627 614WY 154158154014699999999999999 9 4 61204911299999999999999
137148157159150133112 90 68 53 48 55 70 9211714015315515014113012111812327 615WY 240159164415699999999999999 952 48215111899999999999999
132142153161159147126102 77 54 40 38 49 69 9612615116316415714513212211927 616WY 3241611733165999999999999991035 37224311999999999999999
126136147158164159142118 90 63 41 29 32 49 7410613816217217015914412811927 617WY 4 71641813173999999999999991116 29232811899999999999999
119128140153163166157136108 78 50 29 23 32 53 8411915117217817015513712227 618WY 4481671850178999999999999991155 22999999999999999999999
115119131146159168167153127 96 65 38 22 21 36 64 9813316317917716414612827 619WY 527169192518099999999999999 0 71151233 1999999999999999
115112121136152164171165145116 83 53 30 19 25 47 7711314717117917215513527 620WY 6 4171195917999999999999999 04311113 9 1999999999999999
118109112125141157168170159135103 72 45 27 23 36 61 9312815717517516314427 621WY 641170203217799999999999999 1171091344 2299999999999999
125111107114129146160168165149122 92 63 41 29 33 50 7810914016417316715227 622WY 71916821 517399999999999999 1521071417 2899999999999999
133117107107117132147159163157137111 83 59 42 37 47 68 9512415016616815827 623WY 757163213816999999999999999 2291051450 3799999999999999
142125111104108119133145155156146126102 78 60 49 51 65 8611113615616616227 624WY 840157221116699999999999999 3111041523 4899999999999999
150134119107103107117129140147147136118 97 79 66 61 67 8310312514515916227 625WY 927148224616399999999999999 3581031557 6199999999999999
155142127113103 99104112123133140139129114 99 85 77 76 8510011813615115927 626WY1025140232316099999999999999 454 991635 7599999999999999
158149135121107 96 93 96104114125133134128117106 96 91 9210011412914315427 627WY1139135999999999999999999999 558 931721 9099999999999999
158155144129113 98 87 83 86 9410611913013513212511711010510611312413614727 628WY 0 3158131013599999999999999 7 5 83182310599999999999999
155158152139123105 88 74 69 72 83 9711513114014213813112411811612113014127 629WY 049158144314299999999999999 8 6 69194311699999999999999
150157159151136116 95 74 59 53 57 71 9111413615115615314513512612212513327 630WY 14115916 115699999999999999 9 2 5321 412299999999999999
143153161162152133109 83 59 41 35 43 61 8711714616517116615614213012312527 7 1WY 23616317 117199999999999999 956 35221312399999999999999
135146158167168155132102 71 43 23 18 29 54 8712415717918417616214412712027 7 2WY 3331691750184999999999999991047 1823 912099999999999999
124135150165175175159130 96 60 28  7  4 21 51 9113317019119318016113912127 7 3WY 4291771835194999999999999991137  3235811499999999999999
114121137155172184182162128 89 49 15 -5 -3 19 55 9814418219919517815513127 7 4WY 5241851917200999999999999991226 -7999999999999999999999
113109120139160179191186162124 82 42  8 -9 -2 25 6411015619020119117014527 7 5WY 617192195720199999999999999 0441081312-1099999999999999
120104104120140162182193186158119 78 38  7 -4  9 39 7812416719319718115827 7 6WY 7 9194203719899999999999999 1281021357 -499999999999999
133109 97101118139161181190179151114 76 41 16 12 28 59 9713817419218716927 7 7WY 8 0190211619299999999999999 214 971441 1199999999999999
146121100 92 99115135156174181168142111 79 50 33 35 54 8211615117718517527 7 8WY 852181215418599999999999999 3 1 921524 3299999999999999
156134111 94 88 95110127146163167156135111 86 66 57 63 8110513315917517627 7 9WY 947167223217899999999999999 353 8816 5 5799999999999999
163145124104 89 85 90102117134148152145131115 98 86 83 9110612514616317027 710WY105015323 917199999999999999 453 851647 8399999999999999
166153135116 98 85 80 84 9310612113514113913212311410710711412613915216227 711WY1215141234716499999999999999 6 4 80173210699999999999999
164158145128111 94 81 75 76 83 9511012513513913813412912612613013714615427 712WY1417139999999999999999999999 722 74183212599999999999999
159159152140124107 90 76 67 67 74 8610312113514414714614313913713814214727 713WY 030160161014799999999999999 835 66201113699999999999999
153156156150138122103 84 68 59 58 66 8110112314215415815615114413913814127 714WY 12915717 815899999999999999 936 57214813899999999999999
146151156156151138119 98 77 59 49 50 61 8110613115316516716215314213513327 715WY 2401571741167999999999999991026 48224613399999999999999
137145152158160153137115 90 67 49 40 45 61 8611514416617517116114813412627 716WY 34616018101759999999999999911 9 40232612599999999999999
127135146156164165155134108 81 56 38 33 44 67 9612915917718017015413712327 717WY 4391661839180999999999999991147 33235911899999999999999
118123136150163171169154128 98 69 44 29 32 50 7811114517318417816214312427 718WY 52417219 7184999999999999991222 28999999999999999999999
112112124141157171177170148117 85 56 34 27 37 62 9412916218218417115012927 719WY 6 3177193518699999999999999 0301101254 2699999999999999
111104110127147164177179165137105 73 46 30 32 50 7911214717518617815913627 720WY 64018020 318699999999999999 1 11041325 2899999999999999
115101100113132152170180176155124 92 63 41 34 45 69 9913316318218216714527 721WY 716180202918499999999999999 133 981353 3499999999999999
122103 94100116137156172177166141111 82 58 44 46 64 9012015117418217315427 722WY 752177205618399999999999999 2 7 941422 4299999999999999
131110 94 91102119139157170170154128101 77 60 55 65 8611314016417917716127 723WY 831172212318099999999999999 243 911450 5499999999999999
140119100 89 91103120138154164159142119 97 79 69 72 8710913215417117616727 724WY 913164215017699999999999999 322 881520 6999999999999999
148127108 92 85 89102118134149155149134116100 89 85 9210812814716217116927 725WY10 3155221917299999999999999 4 7 851552 8599999999999999
156136117100 87 82 86 9811312814114714313212011010310411212614215516416727 726WY11 5147225016799999999999999 5 0 82162910399999999999999
161146127109 93 81 76 80 9110411913314114113612912412112112813814915716227 727WY1231142233016399999999999999 6 2 76172112099999999999999
162155140122105 88 75 68 70 80 9311012714014614614414013613513814415015627 728WY1435146999999999999999999999 715 68185213599999999999999
160160153139122102 83 67 57 57 65 8110112414315516015915414714214014214727 729WY 029160161816099999999999999 832 56205414099999999999999
154159161157144125101 77 56 43 40 50 69 9612515116917617316315114013513627 730WY 15216117 817699999999999999 942 40221813499999999999999
143153163168166153129100 70 44 26 23 37 62 9613216418418918016514713212427 731WY 3181691746189999999999999991040 2223 912499999999999999
128140155169180179162133 97 61 30 10 10 30 6210214418019819618015913611727 8 1WY 4291811822199999999999999991130  8235111199999999999999
111121139159179193191169133 93 52 18  0  6 32 7011516119520619517314611927 8 2WY 5261951856206999999999999991215 -1999999999999999999999
101100116139164188204198170130 87 45 11 -1 13 45 8513217820520518615912927 8 3WY 617205193020899999999999999 031 981257 -199999999999999
101 86 92114140167194208197165125 82 42 14 11 31 6510715319120719717214227 8 4WY 7 520820 420799999999999999 111 861337  999999999999999
111 85 77 89112139169195204188156118 80 46 28 34 58 9113017019720018215427 8 5WY 752204203620299999999999999 152 761415 2799999999999999
124 95 74 72 87110137166188191174145114 83 59 52 64 8811815118119518716527 8 6WY 83919221 819599999999999999 235 711452 5299999999999999
137109 84 70 72 87108132158174174159137114 93 79 81 9511714116518318517127 8 7WY 929176213718699999999999999 321 691526 7899999999999999
148123 99 80 71 74 8710412514615715714713311910810310912213915617017717127 8 8WY102615922 417799999999999999 411 71155710399999999999999
156136114 95 80 74 76 85 9911613214214414113512912512613214115216216816727 8 9WY1148144222616899999999999999 512 74162512599999999999999
159145128111 95 83 77 77 82 9310612013113814114214214114214615115515916027 810WY1457142224816099999999999999 630 76165314199999999999999
157150139126112 97 85 77 74 77 85 9811312713914815215315215115015015115327 811WY1650153233915399999999999999 8 3 74203015099999999999999
153151147140129114 99 85 74 68 69 78 9311113014715816216115715114614314427 812WY1710162999999999999999999999 920 68221414399999999999999
146149150150145133116 98 81 67 59 62 75 9311614015916916916315414313513327 813WY 2231511728170999999999999991014 59224713399999999999999
137144150155158151135115 93 72 56 50 58 7610012715417317717015814413012227 814WY 3491581750177999999999999991056 50231512299999999999999
125134145156165166155134109 83 60 45 45 59 8311214417018317916514712911427 815WY 4391671813183999999999999991131 43234211199999999999999
112121136152166176173155127 98 70 47 38 46 68 9713016218418617315413111127 816WY 51917718371879999999999999912 2 38999999999999999999999
101106122142161178184173148117 85 57 39 39 56 8311615118019118216213711327 817WY 55418419 119199999999999999 0101011230 3699999999999999
 95 92106127150172187187167136103 72 47 38 49 7310413917119118917014511827 818WY 628189192419399999999999999 038 911257 3899999999999999
 94 83 89109134159181191182155123 90 62 45 48 68 9612816118619317915412627 819WY 7 2191194719399999999999999 1 8 831322 4499999999999999
 99 80 77 91115141166186188171141110 81 60 54 66 9112015117819218516313527 820WY 737190201019299999999999999 139 761349 5399999999999999
107 83 71 77 96120146171184179157129102 79 67 71 9011614316818618717114427 821WY 815185203418999999999999999 212 711416 6699999999999999
117 92 73 68 79100124149170177167145121100 85 82 9311413715917718517615427 822WY 855177205818599999999999999 247 681445 8199999999999999
127102 81 69 69 82103125147163166156138120106 9910211613515316817817616127 823WY 942167212217899999999999999 327 671514 9999999999999999
138114 93 76 68 71 8410212114015315514813612611911712313514916116917116427 824WY1042156214517199999999999999 414 68154611799999999999999
148128107 89 76 69 71 81 9611313014214714614113713513513914715616216416327 825WY1211147221216499999999999999 516 68163013499999999999999
155142124107 91 77 68 67 74 8510111813414515015215215014914815115315615727 826WY1526152232015799999999999999 638 67183214899999999999999
157152143129113 95 78 65 59 61 71 8810913014816116616616115414814514414727 827WY1625167999999999999999999999 815 59213414499999999999999
152155156152140122 99 77 58 46 46 57 7810513315917518017516415113813113227 828WY 145157165518099999999999999 933 44222213099999999999999
140150160168167154130101 72 47 31 32 48 7510914417519018917715913812011327 829WY 3281691724192999999999999991028 29225911399999999999999
120135152170184184166135100 65 35 19 25 48 81121162192201190169144117 9827 830WY 4311861753201999999999999991114 182334 9599999999999999
 96111133158183200197172136 96 57 25 15 28 58 96140182206203183154123 9327 831WY 5222021823208999999999999991155 15999999999999999999999
 77 84106134165196212202171132 91 51 24 22 44 77118163199211196167134 9827 9 1WY 6 9212185421199999999999999 011 771233 1999999999999999
 70 62 77104136172203215198165126 86 51 33 42 6810314318320820518014711127 9 2WY 654215192421099999999999999 049 621310 3399999999999999
 76 54 55 76105139176204207187155120 86 59 53 69 9713016519520519016012627 9 3WY 738209195320599999999999999 127 521344 5399999999999999
 91 62 48 56 79108141175195192172145117 91 77 8110012515318019719317014027 9 4WY 822196202019899999999999999 2 6 481417 7699999999999999
108 78 56 51 62 83110141167179174158138118103 9910912714816818418717515027 9 5WY 9 9180204318899999999999999 247 501446 9999999999999999
123 96 73 59 59 70 8811213615516215814713512511912213314716117317817215627 9 6WY10 316221 117899999999999999 331 57151111999999999999999
135112 91 75 67 68 77 9211012814114714714313913513614014815716416816615727 9 7WY1123147211116899999999999999 422 67152713599999999999999
142126109 94 83 76 76 81 9110411813013714214514614714815115415715815715327 9 8WY2111158999999999999999999999 532 76999999999999999999999
145135124113101 90 83 80 81 87 9711012313514515215515615515315114914814627 9 9WY1639156999999999999999999999 716 80999999999999999999999
144140136130120108 96 86 78 76 81 9210612314015416216315915414614013613727 910WY1639163999999999999999999999 851 76221813699999999999999
139141143143138127112 96 82 72 69 75 8910813015116617016615714513312512527 911WY 236144165517099999999999999 949 68223212499999999999999
130137145152154146130111 92 74 62 62 74 9311714316517617316214713011511127 912WY 3451541716176999999999999991030 61225411199999999999999
117128141154164164150129105 82 63 55 61 79104132160179181170151130110 9827 913WY 42816617371829999999999999911 3 552319 9799999999999999
101114132150168176169149123 96 70 54 53 68 92121152178187178158134108 8927 914WY 5 41771758187999999999999991131 512344 8499999999999999
 85 97117140164182184169142112 83 60 51 61 83111143173190187167140111 8527 915WY 5381861818191999999999999991158 51999999999999999999999
 72 78 98124152178192186162132101 72 55 57 76103134166190193176149118 8727 916WY 611193183919599999999999999 011 721223 5499999999999999
 65 62 78104134165190196180151120 90 66 60 73 98126157185196185159127 9427 917WY 64519719 119699999999999999 039 601249 5999999999999999
 66 52 59 82112145176195192169140110 84 69 74 9412114917619419216913710427 918WY 721197192419699999999999999 1 9 511317 6899999999999999
 73 51 47 62 89121154182193182158131105 86 81 9411814316718619217814911627 919WY 759193194819299999999999999 141 461346 8199999999999999
 85 59 45 49 69 97127158180183170148125107 9610011713815917618618115912927 920WY 841184201118699999999999999 217 441416 9699999999999999
 99 73 53 46 55 7610213015517117115814212611511212013615316817717716514227 921WY 929173203317899999999999999 256 46144711299999999999999
115 90 69 55 52 62 8010212614615815915114113312913013814916016716916415127 922WY1032160205016999999999999999 344 52152012899999999999999
131109 89 73 62 59 65 79 9711613414615115014714514314414815415816015815327 923WY121615121 516099999999999999 448 59161214399999999999999
143128112 96 81 69 63 65 73 8710512313814915515715715415114914814814814827 924WY1516158999999999999999999999 617 63999999999999999999999
147143135122107 90 74 63 59 64 76 9511613815516616916515814813913413313627 925WY1555169999999999999999999999 759 59213913399999999999999
142147151149137119 97 76 59 50 54 68 9111714516717817716715213512011411727 926WY 211151162117999999999999999 914 5022 811499999999999999
127140155166166152128101 74 52 41 48 68 95127160183188178160137113 96 9327 927WY 33116816471889999999999999910 7 412239 9299999999999999
104122144168184182163134102 70 45 38 50 76108144178196191171144114 86 7127 928WY 4261861715197999999999999991050 372313 7099999999999999
 76 96122152183199193167135 99 65 43 43 62 92127166196202185156122 87 5927 929WY 5132001744203999999999999991129 402348 5199999999999999
 51 66 93125163196209195166132 96 63 48 57 82114150186205198170135 97 6127 930WY 55820918132069999999999999912 6 48999999999999999999999
 39 41 63 94132173203209190161127 93 67 63 80107138171198204184150112 742710 1WY 641210184220599999999999999 025 361241 6299999999999999
 42 29 39 66100140179202200180152122 94 79 85105131159186200192164128 912710 2WY 72520419 920099999999999999 1 1 291314 7999999999999999
 56 33 29 46 73108146179193186167144119101 971081291511731901911721421082710 3WY 8 9193193419399999999999999 139 281345 9699999999999999
 75 48 35 38 56 831151481721791711551371211131161291471641781831741521232710 4WY 855179195418399999999999999 217 34141311299999999999999
 94 68 50 44 51 68 921191441601631571471351271261331441571671731691551342710 5WY 94716420 917399999999999999 257 44143912699999999999999
111 88 70 59 57 64 79 981191371481511481431381361381441511581621611531402710 6WY1058151201816299999999999999 342 5715 313699999999999999
123106 90 78 70 69 75 851001151281381431451451441441451471491511501471402710 7WY1324146201715199999999999999 440 69154414499999999999999
130120109 97 88 81 78 80 86 971101221331421491511511491461431401381371352710 8WY1516151999999999999999999999 6 7 78999999999999999999999
132129124116106 96 88 82 80 84 931061201351481561571541471391311261241262710 9WY1544158999999999999999999999 752 80215212499999999999999
129131134132125114101 90 81 77 80 91107125143158164161151139126115110113271010WY 21513416 816499999999999999 9 3 7722 511099999999999999
120129138144143133118102 87 76 73 80 95114135156168168158142124107 96 97271011WY 324145163017099999999999999 949 722227 9599999999999999
106120135149157152137118 99 81 70 72 84104127151170175166148125102 85 80271012WY 4 71571650175999999999999991024 692250 7999999999999999
 88105126147164168157137115 92 74 68 77 95118145168180174156130102 77 64271013WY 4441691710180999999999999991054 682315 6499999999999999
 68 86110137163179175157133108 84 70 72 88111137164183183165138107 76 53271014WY 5191801730186999999999999991121 692342 4899999999999999
 49 64 89120153180188177154127 99 78 72 83105131158182190176148115 80 50271015WY 5541891752190999999999999991149 71999999999999999999999
 35 42 66 97133169192192173147119 93 77 81100124150176191186161126 90 56271016WY 630195181719299999999999999 011 351219 7699999999999999
 31 26 42 72108147181196188166139112 91 84 96119143167187191174141104 68271017WY 7 8196184219299999999999999 042 251250 8499999999999999
 37 21 25 48 81118157185193180157132109 95 98114137159178188181156121 85271018WY 74919319 918899999999999999 117 201323 9499999999999999
 53 28 20 31 57 89126160181183169149129113106114131150167179180166138105271019WY 834185193518299999999999999 155 20135710699999999999999
 73 46 29 27 40 65 96128156171171159144130121120129143157168172167150124271020WY 92717320 117299999999999999 238 25143511999999999999999
 95 70 49 37 37 49 71 97124147159160153144136132133139148156160160153138271021WY1035161202516199999999999999 330 35152313199999999999999
117 95 75 58 48 47 56 73 94117136149154153149144141139141144147148146142271022WY121115421 014899999999999999 436 4617 013999999999999999
133119102 86 70 59 55 60 72 89109129145154157155150144137133131131133136271023WY14 5157999999999999999999999 558 55202213199999999999999
137135128115 99 83 68 60 60 70 86106128147160164160151139126116112114120271024WY 0 6137145816499999999999999 728 5921 911299999999999999
129139145142130112 93 75 62 60 69 86109133156169170160144125106 93 90 98271025WY 212145153217199999999999999 842 592142 9099999999999999
111129147159157143123100 78 63 61 73 93118146169178171153130104 80 68 71271026WY 32316016 217899999999999999 937 602216 6799999999999999
 86107133159174170153130104 79 64 66 83106133162182183165139109 78 53 46271027WY 4171751632185999999999999991022 632251 4699999999999999
 57 80109143173187179158133104 79 69 77 97122151177190179153121 85 52 31271028WY 5 518717 31909999999999999911 2 692327 2899999999999999
 32 51 79115155185194181159132103 82 78 92115140168189190169136 99 61 30271029WY 5501941733192999999999999991139 77999999999999999999999
 17 26 51 85126166192194178155128102 87 92110132157180191181152115 77 41271030WY 63419618 219199999999999999 0 4 171215 8799999999999999
 17 13 29 58 95137174191188171147123103 97107126148169185185165132 96 60271031WY 718192183018799999999999999 041 121250 9799999999999999
 30 14 18 38 69107146175185178160139119107109122141159175181171146114 802711 1WY 8 1185185618199999999999999 118 13132310699999999999999
 49 27 20 29 52 83118150170174165150132119115121134150164172170154129 992711 2WY 846175191817399999999999999 155 20135511599999999999999
 70 46 33 32 44 66 951241481621621541411291221221301411531611621541371142711 3WY 934163193916399999999999999 234 30142812199999999999999
 89 67 51 43 46 58 791031261431521521461371301271281341421491521491401242711 4WY102915320 115299999999999999 315 43151012799999999999999
106 87 71 60 56 59 71 871061241381451461421371331301311331371391391351282711 5WY1140146202814099999999999999 4 2 56162513099999999999999
117104 90 78 70 67 70 79 921071221341421451441401351301271261261261261252711 6WY1313145214512699999999999999 5 0 67193712699999999999999
121115107 97 88 80 77 78 84 951081221341431471471411331251171131111131162711 7WY1421148999999999999999999999 615 76205511199999999999999
120121120115106 96 88 83 82 87 97110125139149152149139126113102 96 961022711 8WY 11012115 015299999999999999 740 812124 9599999999999999
111120128129125115103 93 85 84 89101116132147156156146130112 95 82 79 852711 9WY 247130152715799999999999999 845 832150 7999999999999999
 97112128139141134121107 94 85 85 94108126144158162154137115 92 72 62 65271110WY 342141155116299999999999999 932 842216 6199999999999999
 78 98120141153152141125108 93 85 89102119138157167163146122 94 67 48 44271111WY 4241541614168999999999999991010 852244 4499999999999999
 56 77104134158167161145126105 90 86 96113132153170172158132101 69 41 27271112WY 5 31671640173999999999999991045 862314 2799999999999999
 32 52 81116150173177165146123101 88 91106126147168178171146113 78 44 19271113WY 54217817 8179999999999999991120 872347 1299999999999999
 13 27 54 90130166185182165143118 98 90 99118140161178181163131 93 55 22271114WY 6211861738182999999999999991155 90999999999999999999999
  3  6 27 61101144177189181162138113 97 96110131152172183176150114 75 37271115WY 7 3189181018399999999999999 023  11232 9499999999999999
  8 -4  6 33 70112153181187176155132111101105122142161176180166136 98 61271116WY 748187184418099999999999999 1 2 -4131110099999999999999
 27  3 -2 12 41 79120156178180167148128113107115131149164173171153123 87271117WY 836181192117499999999999999 146 -3135410799999999999999
 54 25  7  6 23 51 86123154170170159143127117115122136149159164158141113271118WY 92917220 216499999999999999 233  5144211499999999999999
 83 54 31 18 19 35 60 91122148162161152140129121119124134142149151146131271119WY1028163205415199999999999999 326 16154411999999999999999
109 85 62 43 32 33 47 69 94121142154155149140130122118119124129134137136271120WY1134156221813899999999999999 424 31171311899999999999999
127111 93 74 58 48 48 58 76 97120140151153149140129118110107108112119126271121WY1245154999999999999999999999 530 4719 810799999999999999
130128119105 89 74 64 62 69 83102122141152155149137123108 95 88 89 95106271122WY 011130134515599999999999999 643 612025 8899999999999999
119130134129118103 89 77 73 78 91108128145157157147131112 91 75 67 70 80271123WY 158134143115899999999999999 757 732113 6799999999999999
 97117135144142131116101 87 82 87100117136153162158142120 96 71 52 46 54271124WY 315145151016399999999999999 9 0 822154 4699999999999999
 70 93121145156153142126108 94 89 96110127146162167155133106 76 49 31 30271125WY 416156154716799999999999999 953 892233 2999999999999999
 43 66 96130156167162149131111 97 95104120138156169167148120 89 56 28 15271126WY 5 71671623171999999999999991039 942312 1599999999999999
 20 40 69105142167174167151131111 99101113130148165173163138105 70 37 13271127WY 5541741658173999999999999991121 982350  699999999999999
  6 18 43 77117154175177166148126108100107122140158171171154124 89 53 22271128WY 63717817311739999999999999912 0100999999999999999999999
  4  4 22 52 90130163178175160140119105103114130148164171164141109 73 40271129WY 71817918 417199999999999999 029  2123710299999999999999
 14  3 10 33 66104141167175167150130113104107121138154165167153127 93 60271130WY 757175183616899999999999999 1 6  3131310399999999999999
 31 12  9 21 48 81117148167168157139121108105112127143156162157139112 802712 1WY 83616919 716299999999999999 143  8134910599999999999999
 51 29 17 20 37 64 96127151162159146129115107108117131144152153144125 992712 2WY 915162193915499999999999999 220 16142710699999999999999
 72 48 32 27 34 53 791071321501551491361231121071101191301391441421311122712 3WY 955155201614499999999999999 256 27151010799999999999999
 90 68 51 40 40 50 69 921151351471481411301201111071101171241301331301202712 4WY103814921 313399999999999999 332 3916 610799999999999999
104 86 70 58 52 55 66 831021211361431431361271171091051051091141181211192712 5WY1125144221112199999999999999 411 52172310599999999999999
112101 88 76 68 65 69 80 94110125136142140134125114104 98 96 971011071122712 6WY1216142234911399999999999999 455 6519 3 9699999999999999
113110103 95 86 80 78 82 90102116128138142140132121108 95 86 82 83 89 982712 7WY13 8142999999999999999999999 550 782014 8299999999999999
107113115111105 97 91 88 91 98109121132141144139129114 97 81 69 65 69 792712 8WY 146115135314499999999999999 7 2 882059 6599999999999999
 93108120125123116108100 96 97104114126138146146138122102 81 62 50 49 572712 9WY 311125143314799999999999999 819 952136 4899999999999999
 73 94116132138135127117106 99100108120133145152148134112 87 61 40 30 34271210WY 4 9138151215299999999999999 922 992213 2999999999999999
 49 72100128147152147136121107100103113126141153158148127 99 68 39 18 12271211WY 45715215501589999999999999910141002251 1299999999999999
 22 45 76111143162164155140121105 99105118134150162162146118 84 49 18 -2271212WY 54016516301649999999999999911 0 992331 -499999999999999
 -2 15 45 83124158174172159139117101 98108124143160170164141107 69 31  0271213WY 6231751712170999999999999991144 97999999999999999999999
-16-10 14 50 93137169181174156134111 98 98112131151167174163134 96 55 17271214WY 7 5181175617499999999999999 014-161227 9699999999999999
-12-22-11 19 59104147175182171150126106 95100117137156170173158126 86 45271215WY 749182184117499999999999999 058-231311 9599999999999999
  9-16-21 -4 28 70114154176177163141119101 94102120139156168168150117 78271216WY 832179192917099999999999999 143-221356 9499999999999999
 41  8-11-11  9 42 82123156173169153132112 97 94103119136151161158139109271217WY 917173202116299999999999999 229-141446 9399999999999999
 75 42 16  2  6 27 58 94129156166159143125107 94 92101114128141149146129271218WY10 2166211815099999999999999 316  11541 9299999999999999
104 76 50 30 21 28 48 75105134153158150135118102 90 88 93103115126135134271219WY1048158222513699999999999999 4 3 211646 8799999999999999
122103 83 64 49 44 52 69 91115136150151142128112 96 84 79 82 89 99111121271220WY1135152235012499999999999999 453 4418 7 7999999999999999
124119107 94 80 70 67 74 87104122138147146137122106 89 75 67 67 73 83 97271221WY1225148999999999999999999999 548 671932 6699999999999999
111119121116107 98 90 87 91101114127139145143133117 99 80 63 53 51 57 70271222WY 139121131714699999999999999 656 872041 5199999999999999
 87106121127127121114106102103110120130140145142130112 91 69 49 37 36 45271223WY 322128141014599999999999999 8161012136 3599999999999999
 61 84108128138139134126116109109115123133142147142127105 81 56 34 23 24271224WY 43813915 214799999999999999 9311082223 2299999999999999
 37 58 86116138149149142131118110109116126137146150142123 97 69 42 20 11271225WY 529150155015099999999999999103110823 6 1199999999999999
 17 35 62 95128151159155144129114106108117129142151152140116 87 56 27  8271226WY 6 715916361539999999999999911181052346  299999999999999
  3 15 39 72109142161164155139121106100106119134148156153136107 75 42 15271227WY 6411651719157999999999999991158100999999999999999999999
 -1  1 20 50 86124154167163148129110 97 96107124140153159151128 95 61 29271228WY 714168175815999999999999999 023 -21233 9599999999999999
  5 -4  6 31 65103138162167156137116 99 90 96111129146157158144115 81 48271229WY 746168183615999999999999999 059 -413 7 9099999999999999
 19  2  1 18 47 83119150165161145124104 90 88 98116134149157152132101 68271230WY 817165191115799999999999999 132 -11340 8799999999999999
 38 15  5 13 36 67101134156161150131110 93 84 87102120136148152141117 87271231WY 847162194815299999999999999 2 3  51414 8399999999999999
