126147164173173162145126113110118133153173188194191177154127102 85 78 8127 1 1X2 328174151019499999999999999 84611022 9 7899999999999999
 93112133152167173170158144133128131141155171185191188174152124 97 78 6827 1 2X2 5 917316121919999999999999910 71282323 6799999999999999
 69 81101126151171182182172157142133131138152169184193190176151120 89 6627 1 3X2 6311831719193999999999999991142131999999999999999999999
 55 57 72 97128159183196195182162142128124132150171190200196178147110 7627 1 4X2 727197181420099999999999999 022 54124912499999999999999
 51 40 47 68102140175200210204184157132117115128152180201210201176138 9527 1 5X2 8 821019 121099999999999999 1 7 40133611499999999999999
 58 33 28 42 7311415819421622020517714411610410813016119321521920316912327 1 6X2 842221194222099999999999999 146 27141410399999999999999
 75 38 18 21 45 86134180213228222198161125100 9410813817621022722319715427 1 7X2 913228201922899999999999999 222 171448 9399999999999999
102 53 19  9 23 58107159202228232216181140105 87 9011515319422423422018427 1 8X2 943233205423499999999999999 255  91520 8599999999999999
133 78 32  7  9 35 80134184220235228200158117 88 80 9512917221123323320827 1 9X21011236212923699999999999999 327  51550 7999999999999999
164108 54 17  4 19 56108162206231234214177133 96 77 8010514618922223522427 110X2103823522 223599999999999999 358  41621 7599999999999999
190140 84 37 12 13 39 85139187221233224194152110 81 73 8712016220122522827 111X211 4233223622999999999999999 427  91651 7399999999999999
207168116 65 29 18 31 67116167206227227206170128 92 73 75 9713417420622027 112X21130229231322199999999999999 457 181724 7199999999999999
214188146 98 56 33 34 58 98146188215224213186147109 81 71 8110714317820227 113X21156224235320999999999999999 528 311759 7199999999999999
209198170131 90 60 48 59 87127168199216214197166129 96 75 72 8611314517427 114X21226217999999999999999999999 6 1 481841 7199999999999999
192195183157125 94 73 70 86114148179201209202181151118 89 73 72 8611013827 115X2 04219613 120999999999999999 639 691932 7099999999999999
163178182173155130108 94 95109133159182196200191172145114 87 71 69 79 9927 116X2 147182134720099999999999999 727 932039 6899999999999999
124148166174173162146129117116125141159177189193187171146115 86 66 59 6427 117X2 320175145519399999999999999 83511522 4 5999999999999999
 81105133157174182179167151137129130138152168184192191178153119 84 56 4227 118X2 51318216251939999999999999910251292328 4099999999999999
 42 58 86121155183199201190170148131124127140161184200204192164123 78 4127 119X2 6392021746205999999999999991213123999999999999999999999
 19 16 35 70115162199221224209181148122109111130159191215222209174123 6727 120X2 740225185222399999999999999 036 15132010899999999999999
 20 -6 -8 17 62120176220243243219180137104 89 9612316420523424122318011827 121X2 829246194824299999999999999 133-101411 8999999999999999
 52 -1-28-25  9 65133196241261253218166116 81 70 8512317422225225623117827 122X2 913262203925899999999999999 223-301455 7099999999999999
107 34-19-41-29 14 81155218258270250203143 90 59 56 8213018823726426222927 123X2 953270212726799999999999999 3 9-411536 5499999999999999
168 91 20-27-41-18 35108181237268267235178115 66 44 51 8614120024526525727 124X21029271221326699999999999999 352-411616 4399999999999999
217152 76 12-23-25  8 68140205249265252209148 89 49 37 55 9715320724325527 125X211 3265225725599999999999999 432-281654 3799999999999999
240196133 66 16 -5  6 46107170221249251226177119 70 42 41 6611016120523127 126X21134254234123799999999999999 5 9 -51732 3899999999999999
235215173117 65 32 26 46 89143192226239228195147 98 61 45 53 8012016219427 127X212 2239999999999999999999999 544 251810 4599999999999999
211209188152110 75 58 63 89127169202220220201167125 87 62 55 67 9312515527 128X2 025212122822299999999999999 616 581850 5599999999999999
177187183167141114 95 90101124154181200206198177147114 87 70 68 79 9812127 129X2 115187125520699999999999999 649 891938 6799999999999999
141157164164155141127119119130146165180189189179162139114 93 81 78 84 9527 130X2 225165132819099999999999999 7251182047 7899999999999999
110125139149155156152146141141145153162170176176170158141121102 88 80 7927 131X2 436156143217699999999999999 8321402238 7999999999999999
 85 96112129146159167168163157150146146151158166171171164149129107 87 7327 2 1X2 6391681632172999999999999991128146999999999999999999999
 67 71 84104129153173183184175161145135132137149164177182175158133104 7627 2 2X2 732185175718299999999999999 0 7 67125113199999999999999
 57 51 58 77106140171192200195177152130116116128149173191196187163129 9127 2 3X2 8 5200185219799999999999999 1 0 51133311499999999999999
 58 38 36 50 80120161193211212195166133108 9810512715919020921019315911527 2 4X2 833214193521299999999999999 139 3514 6 9899999999999999
 70 36 21 27 54 95143186215225214184145108 86 8510313717721022521819014527 2 5X2 859225201222599999999999999 212 211435 8399999999999999
 92 45 16 11 30 69121172212232229203162117 83 70 8011115619922823521817727 2 6X2 923233204723699999999999999 243 1015 4 6999999999999999
122 65 23  4 12 45 97154202232239221181131 87 62 61 8512817922024123620727 2 7X2 946240212024299999999999999 312  31532 5899999999999999
155 94 40  8  3 27 73132187227243234201150 99 62 49 62 9915120123524422827 2 8X210 9243215324599999999999999 340  21559 4999999999999999
187128 68 24  6 17 54109168215241242217171116 70 45 46 7311917321724023827 2 9X21032245222624299999999999999 4 7  51627 4299999999999999
211162103 50 19 17 43 90147199233243228190138 86 50 38 52 8914018922323527 210X2105424323 023599999999999999 435 151656 3899999999999999
224189138 84 45 29 41 77127179218237232205160108 64 40 41 6510715419521927 211X21117238233822499999999999999 5 3 291728 3799999999999999
222204167121 79 53 52 74113159199224228212178133 88 54 41 50 7911915919127 212X21142229999999999999999999999 534 4918 5 4199999999999999
207204184152116 86 74 81107142178205217211190156116 79 54 48 60 8712015327 213X2 021208121121799999999999999 6 7 741850 4899999999999999
177188186171148123105101111133159183199203194173144112 82 62 57 66 8511127 214X2 118189124820399999999999999 6481011951 5799999999999999
136157170173168156141131128134147161175185187181168146120 93 72 61 62 7227 215X2 250173134918799999999999999 7481282127 6099999999999999
 91114137157171176174166155147143145150159169177180175161137107 79 57 4727 216X2 51217615561809999999999999910151432316 4799999999999999
 50 66 92123155180195198189172153137128130140158177191194182156118 78 4427 217X2 6431981743195999999999999991223128999999999999999999999
 24 24 42 77120164200220221205176143116103106125155188212219206172122 6727 218X2 736223185221999999999999999 031 22131910299999999999999
 23  0  1 27 74131185225243238209164119 87 75 8611816320723724322417911627 219X2 817244194624499999999999999 127 -314 2 7599999999999999
 51  2-20-12 26 86154212249260242197139 87 56 52 7412117822925826023217527 220X2 853261203526399999999999999 213-211440 5099999999999999
102 32-14-28 -9 42113184238267265230171105 55 31 38 7413319724627126622727 221X2 926270212027399999999999999 255-291517 3099999999999999
161 83 18-19-21 12 73147214258272254204136 71 29 17 37 8515021325627225727 222X2 95827222 227299999999999999 334-251552 1699999999999999
210140 67 14 -9  3 47113183236264262228169100 44 15 16 4810416722125426027 223X21026267224326199999999999999 4 9-101627 1199999999999999
236185119 59 22 15 40 91154210247257238193132 71 29 15 29 6912417922024127 224X21052257232124299999999999999 442 1417 0 1599999999999999
237208159105 62 43 51 84134185224242236206157102 55 29 28 51 9213918120927 225X21114243235921899999999999999 512 421732 2599999999999999
218208179140101 77 73 91125167203224225207173128 84 53 40 49 7411014617427 226X21135227999999999999999999999 540 7218 5 4099999999999999
190192180158131109 99106126155184204210202179147112 81 63 59 71 9211814227 227X2 038193115621199999999999999 6 7 991842 5999999999999999
159169169161148134125125134150169184192191179159135110 90 79 78 8610011527 228X2 131170122019399999999999999 6331241935 7799999999999999
130142150154154151148145146151159166172175172164152136120105 95 90 90 9527 3 1X2 335154125917599999999999999 7121452125 9099999999999999
103114126139151160164165162158154152152155158161161158148135119104 91 8327 3 2X2 63816515391629999999999999911251522339 8199999999999999
 82 88101119140161175182180171157143134133138149162171172165149126101 8027 3 3X2 7181821740173999999999999991243132999999999999999999999
 67 65 75 95124154179195198187167142122112115129151174189191179155122 8827 3 4X2 743198183919299999999999999 040 64131711299999999999999
 61 48 51 70102141177202212205182149117 96 9210513216519420920718615010727 3 5X2 8 6213192221099999999999999 118 471345 9299999999999999
 66 40 33 47 79123168204223222200162120 88 73 7910614618721722721618313527 3 6X2 827225195822799999999999999 150 331412 7399999999999999
 83 43 24 28 55101153199228236219181131 87 60 57 7811916921323823821416827 3 7X2 849236203224199999999999999 219 221438 5599999999999999
110 58 24 17 36 78134189228245236202149 94 54 39 51 8814119623525124020327 3 8X2 91024521 625199999999999999 247 1615 4 3999999999999999
145 84 37 16 23 57112172221248249222171111 59 29 29 5710816822025125523127 3 9X2 932251213925799999999999999 315 151531 2699999999999999
182119 62 26 20 43 90151206243254238195134 73 31 16 31 7313219223625624827 310X2 955254221325799999999999999 343 191559 1699999999999999
213158 97 50 30 39 74128186231252246214161 98 45 15 16 44 9515520824125027 311X21018253224925099999999999999 412 291629 1299999999999999
232191136 84 52 47 68111164211240246226184127 70 29 14 27 6411617021223427 312X21042247232823799999999999999 442 4517 2 1499999999999999
233210169123 85 67 74102145189222236228199155102 56 28 24 44 8212917320427 313X211 8236999999999999999999999 513 661740 2399999999999999
217212189156121 97 92105133168199218220205175135 92 57 39 40 60 9313016327 314X2 012218113822199999999999999 547 911825 3799999999999999
186196191176154132119119132153176194203200185160129 97 70 56 56 69 9211927 315X2 111196121520399999999999999 6291171929 5499999999999999
144164176179174163151143142147157168178183182175160139114 90 72 64 67 7927 316X2 251179132418399999999999999 7401412113 6499999999999999
 99122145165179184182173162152146145148156165174178174159136108 82 62 5427 317X2 5 918416 217899999999999999104614523 6 5499999999999999
 59 77104136167191203203190169146128120122135156178194197185158120 81 5027 318X2 6262051744198999999999999991217120999999999999999999999
 35 39 61 98142183213226220195160124 99 90 98122158193218224209173122 7127 319X2 711226184822499999999999999 018 3413 3 9099999999999999
 33 17 25 56105160207237244226186136 92 65 61 8012017021524324722417611427 320X2 747244194024899999999999999 110 161341 6099999999999999
 55 17  6 23 67128188234257252218162102 56 35 41 7513018923726326022816827 321X2 820258202626599999999999999 153  61416 3499999999999999
 99 41  8  7 37 92159218256266245195128 65 25 14 34 8314721025427326121827 322X2 85026621 827399999999999999 233  41451 1499999999999999
152 83 33 11 23 65128193243267261223161 91 34  5  8 4210116822626227124927 323X2 919268214827299999999999999 3 9 111525  399999999999999
198132 72 34 27 51102165221256263241190123 58 15  0 18 6212418723425925727 324X2 945264222626299999999999999 343 261557  099999999999999
227174115 69 47 54 89141197238255246210153 90 37  9 10 39 8914719823324527 325X210 925623 224599999999999999 415 461628  699999999999999
234199152105 75 69 88127175216240241218175120 67 31 19 32 6711416220022127 326X21032244233722599999999999999 445 681658 1999999999999999
224206174136106 91 97122159195221230218187144 98 59 38 38 58 9313216719227 327X21055230999999999999999999999 513 911730 3599999999999999
203199182157132115112125149178201213210192161124 90 65 55 62 8211013916327 328X2 013203111821499999999999999 54111218 5 5599999999999999
178183178166151137131134146164182194196188170145118 95 80 76 83 9811613527 329X2 059183114619799999999999999 6121311851 7599999999999999
150161166166162155150148150156164172177177171159143125109 98 93 9410111227 330X2 226166122817899999999999999 7 31482014 9399999999999999
124137148158165168168164159155152152155159162163160152140126112101 95 9427 331X2 51816914461639999999999999910271522235 9499999999999999
100111127145162176183182173160146136132135144156167171168157139118 98 8527 4 1X2 62318317 61719999999999999912 21322352 8199999999999999
 81 88104127154177193198190172148126113111121140163181190186170143113 8627 4 2X2 6531981812190999999999999991239110999999999999999999999
 70 68 81106140173199212208189157124 99 88 94116147180203210201175137 9927 4 3X2 718212185721099999999999999 038 6713 9 8899999999999999
 69 56 61 85122163199221225208173130 92 69 67 8612216620322622720817012227 4 4X2 740226193522999999999999999 113 561336 6699999999999999
 79 53 47 64101148194226238227194144 94 58 44 56 9014019122924523820615627 4 5X2 8 3238201224699999999999999 144 4714 3 4499999999999999
102 61 42 49 79127181224246245217167107 57 29 28 5510516521825125823919527 4 6X2 826249204825999999999999999 215 421431 2599999999999999
136 83 49 42 61104160213247256238194131 69 25  9 24 6712819124026426223127 4 7X2 851256212426799999999999999 246 4115 1  999999999999999
177117 69 47 52 84136193238259253219162 94 36  4  3 32 8615221225326825427 4 8X2 91726022 226899999999999999 318 451533 -199999999999999
214158102 66 56 73114168219251257237192128 64 16 -3  9 4910817222425425927 4 9X2 945258224226199999999999999 351 5516 7 -399999999999999
238195142 97 73 75101145193232250244214163101 46 11  3 25 6912618222324427 410X21015251232524699999999999999 426 711645  399999999999999
243219178135102 90100129169207232238224189140 86 42 19 20 44 8613518021227 411X21048239999999999999999999999 5 3 901727 1699999999999999
226222201169137116112125150181207221220202170128 86 52 36 40 61 9613416927 412X2 016227112522299999999999999 5441111819 3599999999999999
194206204190169147134132142159178194202200186162131 98 71 56 57 71 9512527 413X2 121207121620399999999999999 6391311928 5599999999999999
153176191195190177162149144145153164175183186181167145118 93 74 67 72 8727 414X2 256195135318699999999999999 81514321 6 6799999999999999
111138165185198199190174157142134134141154169181187183167141111 84 68 6527 415X2 43720016 61879999999999999910321332241 6499999999999999
 76100131164192209213202179151126111107117137163188204205189159121 85 6227 416X2 54421317342069999999999999911461072350 5699999999999999
 56 68 96135175208226226206172132 99 80 80 97130169203224226207169122 8027 417X2 6292281836228999999999999991232 78999999999999999999999
 54 49 67103150196229242232200152103 67 51 58 8713318322324524321717011527 418X2 7 6242192724799999999999999 042 481311 5099999999999999
 71 48 49 75121174220247251228181123 70 36 29 47 9014620124226025221616127 419X2 739252201326099999999999999 127 461348 2899999999999999
105 64 48 59 94147201241258249211153 89 39 14 18 4910316522025526624920627 420X2 8 9258205426799999999999999 2 7 481423 1299999999999999
148 95 62 56 77122177226255258234185120 59 18  5 21 6412418623426126323727 421X2 838260213426699999999999999 244 551456  599999999999999
188133 89 67 72103152203242257247210152 89 36  8  8 37 8714820324225825027 422X2 9 6258221125999999999999999 319 661529  599999999999999
217169121 88 79 95132180223248249225180121 65 25 11 24 6111316821324024627 423X2 933251224624799999999999999 352 7916 1 1199999999999999
230194151115 95 97121160201231243231198150 96 52 26 25 47 8813618221523127 424X210 0243232023299999999999999 424 931633 2299999999999999
228207174140115107118145180211229229208172126 82 50 37 46 7311215218620927 425X21029231235721699999999999999 45510717 6 3799999999999999
216207187161137122123138163190210218209186151113 80 59 55 69 9512715818327 426X21059218999999999999999999999 5291211743 5599999999999999
197199190174156141134138152171189200201190168140111 87 74 75 8810913415727 427X2 041200113520399999999999999 6 81331828 7399999999999999
174185186181171159149144147155167178185185176160139118101 91 90 9911413227 428X2 144187122818699999999999999 7 81441932 8999999999999999
150166177182181175166156149146148154163170173171162148131115103 9910211227 429X2 32218214 717399999999999999 9 214621 5 9999999999999999
127145162177186188183172157143134132137148160171176173162145126109 99 9927 430X2 44718916 81769999999999999910471322234 9899999999999999
107123145167186198199189171147126113111120138160179190189176155129107 9327 5 1X2 53720017261919999999999999911411112335 9199999999999999
 92103125153181203213208189159126101 88 91109138170196209206189159126 9927 5 2X2 6112131820210999999999999991218 87999999999999999999999
 85 87105135170202222225210178136 97 71 64 7710714918921823022119515611627 5 3X2 64122619 623099999999999999 022 841251 6399999999999999
 88 78 87114153194225239231202156104 63 42 45 7111516721324124823119414727 5 4X2 710239194724899999999999999 1 2 781323 4099999999999999
104 79 75 93130177219245249228184126 70 31 19 34 7413119023626025923318727 5 5X2 740250202926399999999999999 140 741357 1999999999999999
135 94 74 79107152202241258250215159 94 38  7  6 34 8615121125327126322827 5 6X2 811258211127299999999999999 218 731433  399999999999999
176124 88 76 90126176224255262242196131 65 15 -6  3 4210216922626327425727 5 7X2 846263215427499999999999999 258 761512 -799999999999999
217164117 89 85107148197239260256227173107 45  4 -8 11 5611918223326326727 5 8X2 922262224026899999999999999 338 841553 -899999999999999
245203155115 95100126168211244256244208153 91 37  5  1 26 7313218823125427 5 9X210 1256232925799999999999999 419 941638 -199999999999999
253230192150119107116143180216239244227191140 85 40 16 18 44 8713918722327 510X21044244999999999999999999999 5 41071727 1499999999999999
240238217184150126119129153183210226227211179136 90 53 35 38 61 9814118127 511X2 023241113422999999999999999 5541191822 3399999999999999
211226224208181154135128136153175196210211200176141103 72 56 57 7410413927 512X2 125227123921299999999999999 6571281927 5499999999999999
174200215217205183159139130131143160178193200196180153121 93 75 71 8310627 513X2 236218141120099999999999999 8211292043 7199999999999999
137169195212216206186160136121117124140161181196200192170140110 89 81 8827 514X2 347216155120199999999999999 95211722 1 8199999999999999
108137170198216221210186154125104 96103121149177200211206186155122 97 8627 515X2 44822117132119999999999999911 2 962310 8699999999999999
 91111142177207226227212180141105 81 73 8310914418121022522119916412710027 516X2 5372291819226999999999999991156 73999999999999999999999
 88 95118153191221236232208167120 80 57 53 7010514919322423923320616612727 517X2 618237191323999999999999999 0 8 881240 5299999999999999
 99 90101130169208235244231196147 95 56 37 41 6711116220823925023820516227 518X2 65524420 025099999999999999 057 901320 3599999999999999
122 98 94111145188225246246222178122 70 36 24 38 7412517922325025523619827 519X2 729249204225699999999999999 141 931357 2499999999999999
153116 97100125164207239251241207155 97 49 23 21 45 9014519823725625322627 520X2 8 3251212125899999999999999 222 961433 1999999999999999
185141110 99111142184223247249228185130 75 35 18 28 6211116621324525524327 521X2 835251215825599999999999999 259 9915 8 1899999999999999
211169131108106126162202235249240209161106 58 29 23 43 8313418522424624727 522X2 9 8249223324999999999999999 3351041542 2299999999999999
227193154123110117143180216239243225188138 88 49 31 36 6410715519822824027 523X2 94124423 724099999999999999 4101091616 3099999999999999
233209176143121116131160194222236231206166120 77 49 41 55 8712917120522627 524X21014237234323099999999999999 4441161651 4199999999999999
229217192163137123126144172201221227215187149108 75 56 57 7610814518020627 525X21050227999999999999999999999 5201221728 5499999999999999
219217202180155136129136154177200213213199172138105 80 69 75 9512515718427 526X2 021220113121599999999999999 6 112918 9 6999999999999999
203211206192172152138134141156175192201199186163135109 90 84 9211013616227 527X2 1 6211122120299999999999999 6521341856 8499999999999999
185200205200188170152139134139150166180189190180162140118103 9810512114227 528X2 2 1205133219199999999999999 8 01341955 9899999999999999
16518519920420018716915013412712813815417018218718316915013011410811212627 529X2 3 320415 218799999999999999 91812621 510899999999999999
14616818920320820318816614212211111212314216418319419318216314012211311627 530X2 4 22081628195999999999999991026110221711399999999999999
128149173196212217208187157126102 90 9310913616619220720919717414712511427 531X2 4522171737210999999999999991118 89232111399999999999999
115130154183209224226211181142103 76 66 74 9913617620822622721218315012427 6 1X2 53522718352299999999999999912 3 66999999999999999999999
111114132162196224238234210169120 77 49 43 60 9514319022724524422218714827 6 2X2 617239192624799999999999999 0181101245 4399999999999999
119107114138174212240250238204153 96 50 24 25 51 9715420724526325622818627 6 3X2 658250201426399999999999999 1 91071329 2199999999999999
143114105116146188228254258238194134 72 26  5 13 4910416722326127426322827 6 4X2 74125921 327499999999999999 1571051413  599999999999999
180137109104121158203242264262233181116 53  9 -6 10 5311518123627027926227 6 5X2 825266215128099999999999999 24410315 0 -699999999999999
222172130106106129170215252269260225168101 40  1 -8 14 6312719224327327727 6 6X2 910269223927899999999999999 3301031547 -899999999999999
254212163124105111138180224256267253215157 91 35  3  0 27 7714020024626927 6 7X2 958267232727299999999999999 4171051636 -399999999999999
268242200154121107117146186225252258242204148 88 39 14 16 45 9415220524327 6 8X21048259999999999999999999999 5 51071725 1199999999999999
261255229188147119110121149186220242246230194145 93 52 33 39 6711216320727 6 9X2 016262114324699999999999999 5551101816 3299999999999999
238250242215178142118112123147179208227231218188147103 71 57 64 9012917127 610X2 1 6250124623199999999999999 65111219 9 5699999999999999
207231239230204170138117110119140166192211218210187154119 93 82 8811014227 611X2 15723914 021899999999999999 75411020 7 8299999999999999
17720722623122119716513411210411012715117719720920719216613711410410912627 612X2 250231152421099999999999999 9 4104211110499999999999999
152181207223227216191159127104 94 9711313716519020621020118015413212112327 613X2 3452271649211999999999999991015 93222212099999999999999
136159186209224226213187152118 92 80 8310012715918921021921219216614313027 614X2 43822718 3219999999999999991118 79233212899999999999999
130142164191215228228212181142104 77 66 71 9212516219622023022220017214727 615X2 52923019 3230999999999999991212 65999999999999999999999
132132145170198223235230209172128 89 62 53 63 9113017220923324022820217027 616X2 615235195324099999999999999 0331301258 5399999999999999
143129131148177209232241231202159112 72 48 45 62 9714218822424524622919727 617X2 658241203524899999999999999 1241281339 4499999999999999
162135124131155188221242245227191143 94 56 38 43 6911116020623925324722227 618X2 738246211225399999999999999 2 71241417 3799999999999999
186150126120135165202234250245219175124 76 43 34 48 8213018122324925524027 619X2 816250214725699999999999999 2461201454 3499999999999999
209170136118121143179217244252239205156104 60 36 36 6010215320123725425027 620X2 853253222025599999999999999 3221171529 3399999999999999
227191153125115127156194229250249227187136 86 50 36 47 7912517521824425127 621X2 929252225125299999999999999 35611516 3 3699999999999999
239210172138118118137171208237249240210166117 73 47 44 6510315019522924627 622X210 4249232224799999999999999 4301151637 4399999999999999
243223190155127116124149183216238241225192147102 68 53 60 8812817221023427 623X21041242235324199999999999999 5 41161710 5399999999999999
241231206173142122119133160191218232229209174133 95 71 66 8111215219021927 624X21119233999999999999999999999 5411181744 6599999999999999
234233217190159133120122139165193214222215194162127 97 82 8510413517120227 625X2 02523512 422299999999999999 6211191821 8199999999999999
223230223204177149128119124141164188205211204185157129107 9810512515418327 626X2 1 1230125821199999999999999 7 911919 3 9899999999999999
20822222521519516914312311512113615818019620319818316113812111512314116527 627X2 14222614 620399999999999999 8 5115195511599999999999999
19021022122221119016313611610711112614717119020120119017215213613013615027 628X2 232223153020299999999999999 91010721 113099999999999999
171192211222222210188158127104 93 9611113616418920621120418816714914014227 629X2 3302231657211999999999999991017 92222114099999999999999
153171194214226227214188152116 88 74 77 9512516119321722722220518115814427 630X2 4332281811227999999999999991120 73234214199999999999999
141151170196220235235220188145101 68 52 56 8011816220323324624121918916027 7 1X2 5332371913246999999999999991218 51999999999999999999999
141136146169200229247247226187136 85 46 30 37 6711516921725126425622919127 7 2X2 63024920 726499999999999999 0501351311 2999999999999999
155132127141171208242261258232185125 67 26 10 23 6111818023326827926523027 7 3X2 723263205727999999999999999 14612614 3 1099999999999999
185145120118138175219256274268235180113 50  9 -3 16 6312719424928128826727 7 4X2 815275214428999999999999999 2361161453 -399999999999999
224173130108111138182230268283272234172101 38  0 -6 20 7414321026228928827 7 5X2 9 6283222929299999999999999 3231061541 -899999999999999
259210156116 98108141189239274285270227162 91 32  1  2 36 9416322627028927 7 6X2 956285231129099999999999999 4 9 981627 -299999999999999
280244191139103 93108146196242272280261216152 86 36 14 23 6112018423827227 7 7X21047280235128199999999999999 454 931712 1499999999999999
281264223171124 96 92112151197238263266246202145 89 51 38 54 9414720224427 7 8X21139268999999999999999999999 539 901756 3899999999999999
266266243201153114 93 95116153193227246247228190143100 74 70 8912617221427 7 9X2 030269123324999999999999999 626 911839 6999999999999999
243256248222183141110 95 9911915018321122722821318414911810210412315318827 710X2 1 8256133522999999999999999 717 94192410199999999999999
218237242231205171136110 9810211814317019320821320418516114113013314817127 711X2 148242145121399999999999999 815 98201613099999999999999
19521622923021819516513511110010111213215517819620520419317716215315316227 712X2 235231162520699999999999999 925 99212715299999999999999
177195212222222212192164135111 97 9510312114417019220721120619217716616127 713X2 3352231756211999999999999991044 9423 316199999999999999
165176192208219222213193164133107 90 85 9311214017019721622321820318416727 714X2 44522219 3223999999999999991153 85999999999999999999999
158160171189209223227218195162127 97 78 74 8511014317921023023622620518027 715X2 549227195123699999999999999 0231581246 7399999999999999
159148152167191216233236222194156115 82 64 64 8211515619622824524422719827 716X2 641236202924799999999999999 1161481330 6299999999999999
167145137146169200228245243223188142 98 66 52 60 8712817521724525524621927 717X2 72624621 125599999999999999 15813714 8 5299999999999999
183149129128146177214243255247218174123 78 51 46 6410114919923725825923927 718X2 8 5255213126199999999999999 2341261442 4599999999999999
203162131118126153192231256261243206154101 60 41 48 7712317622325426425327 719X2 842262215926499999999999999 3 71171515 4199999999999999
222180140115112131167210246264259232186131 81 49 42 6010015220324326326127 720X2 917265222626599999999999999 3381111546 4199999999999999
238199155121106114143184227256265250214163109 66 46 52 8212918222825626427 721X2 952265225126499999999999999 4 91061616 4599999999999999
250217173133108104122158201238258257234192140 92 61 55 7311216221024526127 722X21026261231626199999999999999 4401031645 5499999999999999
256231192149116101108134173213242253243214171123 86 68 7410214419123025227 723X211 2253234125799999999999999 5111011715 6799999999999999
256240209168130106101116146184217238242227196155116 90 8410013217321224027 724X21141243999999999999999999999 5451011746 8499999999999999
25124522218815011910210512415418721422922821118314912010510812815919422327 725X2 0 8251122623099999999999999 623101182110399999999999999
24124323120517213811310210812715418320521721620217915413312513215117820427 726X2 039244132421899999999999999 7 910219 312599999999999999
22523523321919416413411110210712314717219320620920118616815314715216718627 727X2 119236144420999999999999999 8 810220 014799999999999999
205220228226213191163134110 98 9911113215718220021021020118717316416417127 728X2 217228163021199999999999999 925 97213216399999999999999
183199214224225217197168135107 88 83 9211314217420122022722120718917316527 729X2 34122618 4227999999999999991051 83233016399999999999999
165174190209226234228208176136 98 71 61 69 9413117321023724824222319617127 730X2 5 823419102489999999999999912 4 61999999999999999999999
154151161182210236249246223182133 84 50 37 47 7912718022725826925923119327 731X2 61825020 126999999999999999 04615013 3 3799999999999999
158136133148180218252269264235186124 67 27 15 32 7413319624828028626722727 8 1X2 717270204628799999999999999 1401321355 1599999999999999
178136114116140183231270288279243183112 48 10  3 28 8015021827029629526427 8 2X2 810288212629999999999999999 2261121443  199999999999999
211154112 94103138191246286301286242173 97 35  2  3 3810017524128730429127 8 3X2 9 130122 530599999999999999 3 9 931528 -299999999999999
248187128 89 79 98143202258294304283232159 85 30  7 19 6313120326129630127 8 4X2 949304224030399999999999999 351 791610  799999999999999
275222158104 74 73101152212263293296269215146 81 38 28 50 9916522827329327 8 5X21037298231429499999999999999 431 701649 2799999999999999
285249192132 87 68 77111163217259280277248197137 86 59 60 8913919624427427 8 6X21124282234528199999999999999 511 681727 5699999999999999
280261219165115 82 72 88123169213245259253225182136102 8910013117421724927 8 7X21212260999999999999999999999 552 7218 3 8999999999999999
264259234193147108 86 8410213317020322623522820617614512612313816519722627 8 8X2 01426513 523599999999999999 634 82183912299999999999999
244247235210175139111 97 9811313716318720421220919717916215215416618520627 8 9X2 044248141521299999999999999 723 95192115299999999999999
22223122921719616914112010910911813315217018619720119819018117517518119127 810X2 12023116 520199999999999999 830108202917599999999999999
20221121721620819317215013011711111412313915717619320420820519818918318127 811X2 22321718 1208999999999999991011111225718199999999999999
18419120020821221019918115813511610510311112815117720021722321920719117727 812X2 41121219 5223999999999999991141103999999999999999999999
169170179193208219220209189161131106 91 9010112515618921723323622620518027 813X2 536221194323799999999999999 0251681238 8999999999999999
161152156172195218232233219192156118 89 75 78 9813117120923724924422319127 814X2 633235201324999999999999999 1101521319 7499999999999999
160140136148174207235249244222185140 98 70 62 7510514919523325525824120827 815X2 716249203925999999999999999 1451351354 6299999999999999
168136121126150187225253262249217170118 76 55 57 8212417622325526725822727 816X2 75426221 426799999999999999 2151201425 5399999999999999
183141114108125161206246268268245201146 94 58 48 6310115320724927127024527 817X2 829271212727399999999999999 2451071454 4899999999999999
202153115 97104134180228263277266231178120 73 49 53 8213118823726827626027 818X2 9 3277215027799999999999999 313 961522 4899999999999999
221170123 94 89110151202247274277254209152 97 62 53 7111216822226027727027 819X2 936279221227899999999999999 341 881549 5299999999999999
239190138 98 82 91123172222260276267235184128 84 62 6910014920324827227427 820X210 9276223427699999999999999 4 9 811616 6199999999999999
252210158111 83 80101142192236263268250212161113 82 76 9513418423126227227 821X21043269225627299999999999999 438 781644 7599999999999999
259227180131 94 78 86116160205240257254230191147111 9410012716821224626327 822X21120258232126499999999999999 5 9 781714 9399999999999999
260238200155113 87 82 9813117120923524423621217814412011512915819422724827 823X212 2244234825499999999999999 544 81174611599999999999999
254242216179140107 90 9110913917220222122721920017615314014115718120722927 824X21255227999999999999999999999 626 88182413999999999999999
240239225200169137111 97 9911313616318720421221020018517116316517519120727 825X2 024241141821299999999999999 724 96191916399999999999999
22022622521519617214412010410010712314416718820321121020319318418018118627 826X2 120227162821299999999999999 851100211817999999999999999
195205214218216205185158130106 92 9010112215017920522323022521319618117127 827X2 31321918 5230999999999999991039 90234116999999999999999
170177190208223230224204172135 99 75 67 7710314018221924425324522319416727 828X2 5 523019 2253999999999999991157 67999999999999999999999
149146157181211238252248224183132 84 52 42 56 9214219624126827425722117827 829X2 617253194427599999999999999 0441451254 4299999999999999
141121121143180224260277270239185121 65 30 24 47 9515822126729028625520527 830X2 714278202229299999999999999 1281181342 2399999999999999
150109 92102136188242283298286244179106 47 16 18 5311318524929030428624027 831X2 8 4298205730499999999999999 2 9 921426 1399999999999999
176116 78 70 91139202261299310290238165 90 36 15 29 7514421627430430427127 9 1X2 852311213030899999999999999 247 6915 7 1599999999999999
211142 85 55 58 92150217274307310282223148 80 38 29 5510918024529030529027 9 2X2 93731222 130599999999999999 325 531545 2899999999999999
244177110 62 45 59103165229278302297263203135 80 53 57 9215021426529329227 9 3X21021303223029699999999999999 4 2 451622 5199999999999999
264210144 87 53 48 73121180234271285274237183129 91 79 9513518723727128227 9 4X211 4285225728299999999999999 439 461656 7999999999999999
268231177120 77 57 63 9313918923025526124621317113311211313517221324726427 9 5X21148261232226599999999999999 515 56172811099999999999999
261238200152109 81 72 8511415218921723323422019616814613814716819722424227 9 6X21235235234724799999999999999 552 7218 013899999999999999
247236211178142112 94 9310612915618019920921120319017516516417318920622127 9 7X21337211999999999999999999999 635 92183516399999999999999
22822621419416914412411311212013415016718119119719819418918418318719320127 9 8X2 016228154119899999999999999 734111194118399999999999999
20721020820118917315513912812212212813815216718319620420720419819118618327 9 9X2 110210175520799999999999999 92712123 418399999999999999
18519019520020119718617015213412111411512514216418720721922121520118417127 910X2 3432011846222999999999999991120113999999999999999999999
165167176190204212211200180155129109 9910211614117220222523523221619116627 911X2 525213191623699999999999999 0161641218 9899999999999999
149144152171196218230227211183147114 91 84 9311715319222524424723320416927 912X2 621230194124899999999999999 0521441257 8499999999999999
140125128147178212238247239213174130 93 74 74 9413117621824825925022118027 913X2 7 224720 325999999999999999 1211241329 7199999999999999
140113106120153195234258261242204155107 74 63 7510915720724626626424019627 914X2 739262202526899999999999999 1491061358 6399999999999999
147108 90 96124170219256273266235186130 85 61 63 8913619123926827525721627 915X2 812274204727699999999999999 216 891426 5999999999999999
162112 81 76 96139194243274281262219161106 69 59 7511617122526528127123627 916X2 84528221 828199999999999999 242 741453 5999999999999999
182125 81 63 73108162219263284279248195136 89 65 6910015020725428028025427 917X2 918285213028399999999999999 3 9 631521 6399999999999999
205145 91 60 57 81128187240275284267227171117 82 73 9213318723827228126627 918X2 952284215328199999999999999 337 541549 7399999999999999
226170111 68 51 62 98152208252275274249204151109 88 9312216821725627527027 919X21027278221727699999999999999 4 6 511618 8799999999999999
242194138 88 58 54 7611917122025326525622718514211310612115419723626126527 920X211 4265224326699999999999999 438 53164910599999999999999
249214167117 79 61 67 9413618121924224823620917414412813015018121424125227 921X21148248231225399999999999999 515 60172312799999999999999
247226191150110 82 73 8210814317920822522821819917615715015617319621723227 922X21245228234923699999999999999 559 7318 415099999999999999
236227208180147117 95 87 9411313916618920521221020118817717117418319520727 923X21417212999999999999999999999 7 0 87191017199999999999999
215217213201182158132111 99 9810712414616919020621421420619618517917718027 924X2 053218162821599999999999999 837 97215317799999999999999
187196204210208198178151124102 90 9010312615618721322923322520718616815627 925X2 3202101749233999999999999991028 88233815499999999999999
155164181201219227221201168129 95 74 70 8411415419623025025223620617114227 926X2 5 72271836254999999999999991143 69999999999999999999999
126127144174209238252247220176125 81 55 52 7311416621725527226523619014327 927X2 614253191427299999999999999 0281241236 5199999999999999
108 94102132178226262277267231175114 65 40 44 7612919024427828626622116127 928X2 7 7277194828799999999999999 1 7 931322 3999999999999999
107 73 66 87132191247284296278232166100 53 35 49 9215522127029528925319327 929X2 755296202029699999999999999 145 6514 3 3599999999999999
125 71 44 49 83142208265299304277222151 88 50 43 6812118824928829927822727 930X2 840305205129999999999999999 222 421442 4199999999999999
157 90 43 28 46 92158226277303299265205137 83 57 63 991572202702942892542710 1X2 924305212029699999999999999 258 281519 5699999999999999
193122 62 29 27 57111177238279295283243185127 88 76 931351922442782862672710 2X210 5295214828799999999999999 333 241555 7699999999999999
221158 95 48 30 40 781331932422712782592191691261011021281702182552732662710 3X21046278221427399999999999999 4 8 291628 9999999999999999
236188130 80 49 44 631031532012362542532321981601321221321601972312532562710 4X21126256224025799999999999999 442 4217 012299999999999999
240206160114 79 62 66 901261652002232332282101841601451451591832102312402710 5X212 923323 624099999999999999 517 61173314399999999999999
234213181145112 89 82 901121401681912062112071961811681621651771932092192710 6X213 3211233822199999999999999 557 82181116299999999999999
2202111931691431211061031101241431611781891961971941871801761771821891962710 7X21444197999999999999999999999 649102192217699999999999999
2012011951841691521361241181191261371501651791911982011981911831771741742710 8X2 032202165720199999999999999 819118222217399999999999999
1781831881901871791661511361241181181261401591791972092132081951791641552710 9X2 2581901756213999999999999991024117234015399999999999999
153160172186197200195181161138119108107117137163190212224224211188162141271010X2 4562001829226999999999999991134106999999999999999999999
131134148171194212218210190161130106 94 97115144178210232238228202168135271011X2 556218185423899999999999999 0181311218 9499999999999999
114109121147181212232234220190152115 91 84 95123163203234249244220181138271012X2 640235191725099999999999999 0481081252 8499999999999999
104 88 93118158201235251246221180135 97 78 81104144190231255259239199148271013X2 717252193926099999999999999 115 871324 7799999999999999
102 74 68 88128179226257265250213163115 83 73 88123173221256269257221167271014X2 75226620 226999999999999999 142 671354 7399999999999999
110 68 50 59 94147204250273272245197142 98 75 77105152205249272271243192271015X2 827276202627599999999999999 210 501424 7399999999999999
129 74 42 38 62111172229268282269232177124 88 77 92131183234268277260218271016X2 9 2282205227899999999999999 238 361455 7799999999999999
157 93 46 27 37 75133196247277281258213158112 87 89115160212254275270240271017X2 939282211927699999999999999 3 9 261527 8599999999999999
187123 66 31 25 47 95155213256275270240194145109 97109142188233262269253271018X21017276214827099999999999999 342 2316 0 9799999999999999
214158 98 51 29 34 65115171221253264252221179140117115133167207241258254271019X21059264222025999999999999999 419 27163611399999999999999
230189136 86 51 38 50 83129177217240246233206173145132135155184214236243271020X21148246225724399999999999999 5 0 38171713199999999999999
234209171127 88 61 54 67 97135173204223228219199176157149153168189208222271021X21250228234522599999999999999 550 5418 914999999999999999
225216195166132100 79 72 81102131161188207215213202186171162161168179192271022X21418216999999999999999999999 655 72193416199999999999999
202207204193173147119 97 85 86 98120147175197212217212198181165156154159271023X2 111207155821799999999999999 826 84214715399999999999999
169183196204202190167138110 90 83 89109137169199221230224206181155136128271024X2 32320417 82309999999999999910 2 83231012899999999999999
132147171195214221212188153117 88 75 80101135175212236244233206168132106271025X2 4582211755244999999999999991115 75999999999999999999999
 97106131167204232243233204161115 81 67 74102144192232254256234193143 99271026X2 6 3243183425899999999999999 0 0 971210 6799999999999999
 73 69 87125174220252263249212160109 74 63 76113163215253269259224170111271027X2 65726319 926999999999999999 041 681257 6399999999999999
 65 43 48 78129188238270276256210152101 70 66 88133189239270275252203139271028X2 745277194227699999999999999 120 421340 6499999999999999
 78 36 23 39 82143205254281281252200141 95 72 77108159215258277270234174271029X2 830285201327899999999999999 157 231420 7099999999999999
106 49 18 16 44 96161222265284275239185131 93 81 95134187237268275254207271030X2 912284204427699999999999999 233 131458 8099999999999999
143 78 31 12 22 60117180233267277260221169124 97 96119162210249268261229271031X2 953277211426999999999999999 3 9 111534 9399999999999999
176114 59 25 19 40 831401952382612622392001561221071151441852262522572402711 1X21032264214425899999999999999 344 1816 910799999999999999
201148 94 51 31 36 641081592042352482412171821481261211361662012312452392711 2X21110248221424599999999999999 419 30164312099999999999999
215175128 84 55 46 59 891301712042252302201981701471341371551812072262302711 3X21149230224623099999999999999 454 46171913399999999999999
218191155117 85 66 66 821101431741982112122031861661511451501661852022132711 4X21235213232421499999999999999 532 6418 114599999999999999
211198174145116 94 83 861011231481721891992001931821691581531571661791902711 5X21337200999999999999999999999 618 8219 315399999999999999
196194184167146124108 991011121281471661811911951931851741631551531571642711 6X2 01819615 719599999999999999 719 99205015399999999999999
1731801831791691541371211121091151271431611781921991981901761601471391392711 7X2 155183162720099999999999999 847109223013899999999999999
1461581711811841791671491311171101121231411621842002092061931721481291182711 8X2 3551841717209999999999999991015110232511799999999999999
1191311501711881971931791581341151051081211441721972152202101881561251032711 9X2 5141971752220999999999999991118105999999999999999999999
 94101122152182204214208188159129107 99105125156189216230227207172131 96271110X2 6 8214182123199999999999999 0 3 9412 5 9999999999999999
 75 73 90123163200224231219191154120 98 94107136174211235242228194146 99271111X2 652231185024299999999999999 036 711244 9399999999999999
 64 49 58 89134183222244245224186143108 91 94116155198233251246219171114271112X2 732247191925299999999999999 1 7 491322 8999999999999999
 65 35 31 53 97153206244260252221176130 98 87 99132177222252259242201142271113X2 811261194926099999999999999 139 291358 8799999999999999
 81 35 14 22 57112174227260269252212162118 92 90112152200241263259230177271114X2 851269202226499999999999999 213 131435 8899999999999999
112 52 13  3 23 69131194242268269244199149110 93 99128173220253265250211271115X2 932272205726599999999999999 250  31514 9299999999999999
152 86 32  2  3 32 85148207249268261231186140109 99113147191232256258236271116X21015269213526099999999999999 330 -11554 9999999999999999
191131 69 23  3 12 47101161213247259248217174136112110128162202234250245271117X211 1259221625199999999999999 412  2163610899999999999999
218173117 63 26 13 27 63114167211238246233204168136120122140170202227236271118X2115224623 323699999999999999 459 13172411899999999999999
228202161112 67 38 30 44 78122167204227232221196166140127130145169194212271119X21249232999999999999999999999 550 29182112699999999999999
220213192158118 80 55 49 61 89126164195216222214193167144131130140157177271120X2 0 2220135522299999999999999 650 48193612999999999999999
194204202189163131 98 75 67 74 96127160189210218212194169144127120124138271121X2 12320515 621899999999999999 8 1 6721 612099999999999999
157177193199194176148117 93 80 83100127158188210220215196167137113101102271122X2 3 5199161022099999999999999 919 80222510099999999999999
116138165189204206192166134105 89 88103129162194217226219195159122 92 77271123X2 43720717 4227999999999999991033 872325 7699999999999999
 78 95125161193215220208180144112 93 91106134171205228234221188144100 67271124X2 5502211749234999999999999991138 90999999999999999999999
 52 57 82121165204229235221188148114 94 93111145185219239239217175123 75271125X2 649236183024299999999999999 014 521233 9199999999999999
 42 32 44 77125176218243246227189146111 93 97120159201233247239207156 99271126X2 74024819 824899999999999999 058 321321 9299999999999999
 50 22 19 40 83138191232253251225183138106 93103133176217244250232190133271127X2 825256194525199999999999999 138 1714 4 9399999999999999
 75 30 10 16 47 97155207243258248216171129101 96113149193231250246218169271128X2 9 7258202025199999999999999 217  91444 9599999999999999
109 54 17  7 23 62117174221249255238201156119 99102127167209239249235198271129X2 945256205524999999999999999 254  61522 9899999999999999
145 87 39 13 13 39 84139191229248245221182141112101113144184220241241217271130X21021250212924499999999999999 330  9155710199999999999999
175122 70 32 17 27 601081592032312402292011641301091081271601962252362262712 1X2105624022 323699999999999999 4 5 17163210699999999999999
197152103 59 33 29 48 841301742092272272111821491231121181411722022212242712 2X21130229223822599999999999999 439 2717 811199999999999999
208175133 91 57 41 47 711071481842092182121931671401221171281501772002112712 3X212 6218231621299999999999999 515 41174611799999999999999
208188158121 87 63 56 67 931261601882042071981801571361231231341531741902712 4X21245208999999999999999999999 552 56183312199999999999999
197191173147117 91 75 74 871111391661871981981891721521351241241321471642712 5X2 0 2197133220099999999999999 635 73193312399999999999999
177183178165144121101 90 911031231471691851941941851691501321211181231362712 6X2 1 4183142919599999999999999 726 89204911799999999999999
1511641731731651491311141051041141301501701851941941851681461251101041082712 7X2 232174153119599999999999999 83010322 410499999999999999
121139157171176173161144126115112119133152173190199199187165137111 92 852712 8X2 4 8177162720099999999999999 94711223 3 8599999999999999
 90107131157177188187175155134119114119134155179199208205187157122 89 692712 9X2 52618917162099999999999999911 11142351 6399999999999999
 63 73 98132165191205204188163137118111117135162190211219210184144100 64271210X2 62520617592199999999999999912 3111999999999999999999999
 43 42 61 96139180210224219197165134112106115140173205226229212175126 75271211X2 715224184123099999999999999 033 40125510699999999999999
 37 19 25 54100152199230241230201162126105101116148187221239236210163104271212X2 8 1241192324199999999999999 115 18134110099999999999999
 49 12 -1 14 54110168217247253235198153116 97 98121159202236250239203147271213X2 84525420 525099999999999999 157 -11426 9599999999999999
 82 26 -8-13 11 60123185233258258233189142106 91 99128172216247255237193271214X2 930262204925599999999999999 241-1515 9 9099999999999999
131 63  9-20-17 15 71138199243263256224177130 97 88103138184226252254229271215X21015264213425699999999999999 325-231553 8899999999999999
181115 49  0-22-12 27 87153210248261247211163118 92 88109147192230250246271216X211 0261222125199999999999999 411-221638 8799999999999999
218167104 43  1-13  3 46105166216246252234195149110 89 91114152193225240271217X21145253231224199999999999999 457-131724 8799999999999999
233204156 98 46 12  5 26 68123176217239239217179137104 89 94117151187213271218X21230242999999999999999999999 544  51814 8899999999999999
225218192149100 57 32 31 52 91138182214229224202167129101 88 94114143173271219X2 0 8225131723099999999999999 633 281911 8899999999999999
196207203182149109 76 58 59 79111150184209218212190158124 98 86 89105129271220X2 11420814 621899999999999999 726 562017 8699999999999999
156178191192179155125 98 84 85100126156184203210203183152120 94 80 80 92271221X2 23519315 121099999999999999 826 832131 7899999999999999
112138162180188183167143121107105115134158182199206199179149115 87 70 66271222X2 4 818816 120699999999999999 9391042247 6699999999999999
 75 96124153177191193181161138122116121136159182200207200178145108 76 56271223X2 53719417 12079999999999999911 21162351 5099999999999999
 50 60 84117152182201206195173147127118121136160186205212203177139 97 61271224X2 6482061757212999999999999991216117999999999999999999999
 40 35 49 79118159194215219204177147123112117136164194214218204172128 82271225X2 742219184621999999999999999 044 35131311299999999999999
 45 24 25 45 82129174209228227206173138113105114139173205224223202163113271226X2 826230192922699999999999999 129 22135910599999999999999
 64 28 12 20 50 95146193225237228199160124101 98116148187218232224195148271227X2 9 523720 923299999999999999 210 121438 9799999999999999
 93 45 14  7 24 63115168211236239220184141107 91 97123162202229235218180271228X2 939241204623699999999999999 247  61514 9099999999999999
128 72 28  5  9 37 84139190225240233204163121 93 87103137179216235232205271229X21010241212123799999999999999 321  41547 8699999999999999
160104 52 16  5 21 59110164208233236218183140103 85 89114153194224234221271230X21039238215523499999999999999 354  51619 8499999999999999
187137 82 37 14 16 42 87139187220233224197158118 90 83 97128168204225225271231X211 6233222922899999999999999 425 111650 8299999999999999
