 74 68 65 67 74 85 99113122124118108 93 78 63 53 47 47 52 60 69 77 81 8427 1 1XS 8441242333 8499999999999999 2 8 651631 4799999999999999
 83 81 79 79 81 88 98109120125125118106 91 75 59 47 39 38 41 50 60 71 7927 1 2XS 924126999999999999999999999 242 791747 3799999999999999
 86 90 91 91 90 92 97104113121125124117105 90 72 54 39 31 28 33 43 56 7027 1 3XS 159 91101612599999999999999 352 901849 2899999999999999
 83 93 99101 99 97 97100106114121125124117105 87 67 47 31 22 20 27 40 5727 1 4XS 256101112012599999999999999 532 971940 2099999999999999
 75 90102107108104100 98100106113121126125118103 83 60 38 21 13 14 24 4127 1 5XS 331108122512699999999999999 658 982023 1299999999999999
 62 83 99109113110104 98 96 98104114123129127117100 76 51 28 12  7 12 2627 1 6XS 4 2113132012999999999999999 8 2 9621 1  799999999999999
 47 71 92107114114108100 94 92 96104116127132128114 93 66 40 18  5  4 1327 1 7XS 43011514 713299999999999999 850 922137  399999999999999
 32 57 81101112116112103 93 87 87 94106120130134126108 83 55 29 10  2  627 1 8XS 455116144813499999999999999 929 8722 9  299999999999999
 20 43 69 92108115114106 95 85 81 84 94109123133132120 98 71 43 20  6  327 1 9XS 51911515261349999999999999910 5 812240  399999999999999
 13 33 57 82102113114109 98 86 77 76 83 96112125131126110 86 59 33 15  727 110XS 54211516 3131999999999999991039 7623 8  799999999999999
 11 26 48 73 95110115111101 88 76 71 73 83 98113124126117 98 74 49 27 1527 111XS 6 31151640127999999999999991114 712334 1399999999999999
 14 24 43 66 89106115114105 92 78 68 66 71 83 98112120117106 86 64 43 2827 112XS 6241151718120999999999999991150 662359 2299999999999999
 22 28 42 62 84102114116110 97 82 69 62 62 69 81 96107112107 95 77 58 4327 113XS 64411618 0112999999999999991229 61999999999999999999999
 34 35 45 61 80 99112117114103 89 73 61 56 58 66 78 90100102 97 86 72 5927 114XS 7 5117185010399999999999999 024 341314 5699999999999999
 49 47 52 64 79 96110118118110 96 80 65 55 50 52 60 70 82 90 93 89 82 7327 115XS 7261191955 9399999999999999 048 471410 5099999999999999
 65 61 63 70 82 95108118120116105 90 74 59 49 44 44 50 60 71 80 84 85 8327 116XS 7511212139 8599999999999999 113 611521 4399999999999999
 79 76 76 80 87 96107116122121114101 86 70 55 42 35 34 38 47 59 70 78 8427 117XS 822122999999999999999999999 135 761644 3499999999999999
 87 89 90 91 94100107114120123121113101 86 69 51 35 25 21 24 33 47 62 7527 118XS 9 512399999999999999999999918 3 21999999999999999999999
 87 95100102102104107112117122124123116105 89 69 47 27 13  7 10 21 38 5827 119XS10121249999999999999999999991911  7999999999999999999999
 77 92103109110109108108111116121126127122111 92 68 42 18  2 -5 -1 12 3427 120XS 347110114312799999999999999 6 710820 8 -599999999999999
 58 81 99111115113109105104107112121129133129116 95 67 37 10 -8-14 -7 1027 121XS 4 911513 313399999999999999 7441042059-1499999999999999
 36 65 89107115116110102 96 95 99108120132138134119 95 64 31  3-13-16 -627 122XS 43511714 713899999999999999 845 952143-1799999999999999
 16 46 76 99113117113102 91 84 84 90103120135141135118 92 59 25  0-12-1127 123XS 45811715 314199999999999999 932 832223-1399999999999999
  4 30 62 90109117115105 90 77 70 72 82 99118134139131113 85 53 22  2 -427 124XS 5201171554139999999999999991016 702258 -499999999999999
  3 22 51 81104117118110 94 76 62 57 62 75 95115129132122103 77 48 23 1027 125XS 5381191642132999999999999991058 572328  999999999999999
 11 23 46 74100117122116101 82 62 50 48 55 70 90109121121110 92 69 46 2927 126XS 5561221730122999999999999991142 472355 2499999999999999
 24 31 47 70 96116125122110 92 70 51 42 42 51 66 85101109107 98 82 65 4927 127XS 6161251819109999999999999991227 41999999999999999999999
 40 42 53 71 92113126128119103 82 61 45 38 40 49 63 78 91 96 94 87 76 6527 128XS 6391281911 9699999999999999 020 401315 3899999999999999
 56 55 61 74 91109123130125113 95 75 56 43 37 39 47 58 70 80 84 83 80 7527 129XS 7 51302019 8499999999999999 042 541412 3799999999999999
 70 68 70 79 91105118127128120106 89 71 55 44 38 39 44 52 62 70 75 77 7827 130XS 736128999999999999999999999 059 671525 3899999999999999
 78 79 80 84 92101111120124122114101 86 71 56 45 39 37 39 45 54 62 70 7627 131XS 8111249999999999999999999991656 37999999999999999999999
 82 86 89 91 94 99105112117119117110100 87 73 58 45 36 32 32 38 47 58 7027 2 1XS 9 01199999999999999999999991821 31999999999999999999999
 80 89 95 98 99 99101104108112114114110101 89 74 57 42 30 24 25 32 44 5927 2 2XS10221159999999999999999999991924 24999999999999999999999
 74 88 98103104101 98 97 99102107112115112104 91 73 53 35 22 16 19 29 4527 2 3XS 33710412 411599999999999999 657 972011 1699999999999999
 64 83 97105108104 98 93 90 92 98106114118116107 90 68 45 26 13 10 16 3127 2 4XS 352108131311999999999999999 8 5 902050 1099999999999999
 52 74 93105110108100 91 84 82 86 96108118123119106 85 60 35 16  7  8 2027 2 5XS 4 911014 412399999999999999 847 822123  699999999999999
 39 63 86103111110103 91 80 74 75 83 97112123126118100 76 49 25  9  5 1227 2 6XS 427112144612699999999999999 922 742152  599999999999999
 29 53 78 99110112106 94 79 68 65 70 83100117127126113 92 65 38 17  7  927 2 7XS 443113152512899999999999999 954 652219  799999999999999
 23 45 70 94109114110 97 81 66 57 58 68 85104120127121104 80 54 30 15 1227 2 8XS 5 011416 2127999999999999991026 562245 1299999999999999
 21 40 64 89107116113102 85 67 53 48 54 68 88108121123113 94 70 45 27 2027 2 9XS 5171161640123999999999999991057 4823 8 2099999999999999
 24 38 60 84105116117108 91 70 53 43 43 53 70 91109118115103 83 61 42 3127 210XS 5331181718118999999999999991129 412330 3099999999999999
 31 41 59 81102117120113 98 77 56 41 36 40 53 72 91106111106 93 76 58 4527 211XS 54912017591119999999999999912 3 362351 4299999999999999
 42 48 62 81100116122118105 86 64 45 34 32 39 53 71 88 99102 96 85 72 6027 212XS 6 71221846102999999999999991241 31999999999999999999999
 55 57 67 82 99114123123113 96 75 54 38 30 30 38 51 66 81 89 91 87 80 7327 213XS 6271241946 9199999999999999 011 551328 2999999999999999
 68 68 75 86 99112122125119106 88 68 50 36 29 29 34 45 58 70 78 82 82 8027 214XS 6501252132 8299999999999999 027 671431 2899999999999999
 79 79 83 91100110119124123115101 84 67 50 37 28 26 28 36 46 58 67 75 8027 215XS 719124999999999999999999999 022 7916 0 2699999999999999
 84 88 91 96102109115120122119112100 86 71 54 39 27 20 19 24 34 46 60 7227 216XS 7581229999999999999999999991741 19999999999999999999999
 83 92 98101104106109112115117116112104 93 78 60 41 24 13  9 12 24 40 5827 217XS 91611799999999999999999999919 1  9999999999999999999999
 75 90100105106105103102104107111115116112102 86 64 40 19  5  0  5 19 4027 218XS 343106114411699999999999999 64610220 0  099999999999999
 63 83 99107109104 98 92 90 92 98107117122121110 91 65 37 13 -1 -5  4 2327 219XS 343109131712399999999999999 8 4 902047 -599999999999999
 48 74 95107111107 96 85 77 74 79 90105120128127114 92 63 33  9 -3 -2 1127 220XS 356111142012999999999999999 849 742126 -499999999999999
 35 63 89107114111 99 82 67 59 59 68 85105123132128113 88 58 29  9  2  927 221XS 411114151313299999999999999 928 5822 0  299999999999999
 27 54 83105116116105 86 65 49 42 46 60 82106124131124107 82 53 28 14 1427 222XS 42611716 11319999999999999910 6 422230 1399999999999999
 27 49 78103119122113 94 70 47 33 30 39 57 81105121125116 98 74 49 31 2527 223XS 4421221646125999999999999991043 292257 2599999999999999
 32 49 74100120127121105 81 54 33 22 24 36 57 81103115115105 88 68 49 3927 224XS 5 11271730116999999999999991121 212321 3999999999999999
 41 53 73 96118130128115 93 67 42 24 18 23 38 59 81 98106103 94 80 65 5427 225XS 5231311814106999999999999991159 182343 5199999999999999
 52 59 74 93113128132123105 81 56 34 22 20 27 42 60 78 91 95 92 85 75 6627 226XS 54713219 1 95999999999999991240 19999999999999999999999
 62 66 76 91108123130127114 94 72 50 33 25 25 33 46 60 74 82 85 83 79 7527 227XS 61413120 0 8599999999999999 0 3 621325 2499999999999999
 72 73 79 90103115124126119104 86 67 49 37 31 32 37 47 57 67 74 77 78 7827 228XS 642126999999999999999999999 016 721423 3199999999999999
 79 80 84 90 98107115119117109 96 82 67 53 43 37 36 38 44 52 60 67 73 7827 3 1XS 7141199999999999999999999991549 36999999999999999999999
 82 86 89 92 96101106110111109102 93 82 70 59 48 40 36 35 39 45 54 64 7327 3 2XS 7551119999999999999999999991737 35999999999999999999999
 82 89 93 95 96 96 97 99101103103100 95 86 76 63 50 39 32 29 32 40 52 6627 3 3XS 9261039999999999999999999991855 29999999999999999999999
 79 90 97 99 98 94 91 89 90 93 97101102 99 92 79 64 48 34 25 23 28 40 5627 3 4XS 3 6 99115110299999999999999 7 8 891945 2399999999999999
 73 88 98102101 95 87 81 79 81 87 96104108105 95 80 61 41 26 18 19 29 4527 3 5XS 31310313 810899999999999999 759 792023 1899999999999999
 65 84 98105104 97 86 75 68 68 74 85 99109114109 96 76 54 33 20 15 21 3627 3 6XS 32510614 011499999999999999 833 672055 1599999999999999
 56 78 96107108101 88 73 61 56 59 71 87104116118110 92 70 46 27 17 18 2927 3 7XS 338108144311999999999999999 9 4 562124 1699999999999999
 49 72 93107111105 91 73 56 46 45 54 72 92111121119107 86 61 39 24 20 2727 3 8XS 352111152212299999999999999 934 442150 2099999999999999
 44 67 90107114110 97 77 55 39 33 38 53 75 99116122117101 78 54 36 27 3027 3 9XS 4 711416 11229999999999999910 3 332215 2699999999999999
 43 63 87107117116103 83 59 38 25 25 36 56 81104118120111 93 71 50 38 3627 310XS 4231181639121999999999999991033 232239 3599999999999999
 45 62 84105119120111 91 67 42 23 16 21 37 60 86106116114102 85 66 51 4627 311XS 43912117191179999999999999911 4 1623 0 4699999999999999
 51 64 83103119124118101 77 50 27 13 12 22 40 64 88104110105 94 79 65 5727 312XS 45712418 1110999999999999991138 112321 5799999999999999
 58 68 83101117126124110 89 63 38 19 10 13 25 44 66 86 98100 96 87 76 6927 313XS 5171271849101999999999999991216 102340 6799999999999999
 67 74 85100115125127118101 78 54 32 17 12 16 28 45 63 79 88 90 87 83 7827 314XS 5401271953 909999999999999913 1 122354 7699999999999999
 76 79 88 99111121126123110 92 72 51 33 21 17 20 29 42 56 69 77 81 82 8327 315XS 6 712699999999999999999999914 2 17999999999999999999999
 83 85 90 98107115121121115104 88 71 54 39 28 22 22 26 36 47 59 68 76 8227 316XS 6381229999999999999999999991533 21999999999999999999999
 86 90 93 98102107111114113108100 89 76 62 48 35 25 21 22 28 39 52 65 7627 317XS 7211149999999999999999999991720 20999999999999999999999
 86 93 96 98 98 99 99101102104104101 95 86 72 56 40 26 18 16 23 35 51 6827 318XS 9241049999999999999999999991840 16999999999999999999999
 83 94100100 97 92 87 85 86 90 96102106104 96 82 62 42 25 15 14 22 38 5827 319XS 236100121310699999999999999 713 851936 1399999999999999
 77 93102104 99 89 78 70 67 70 79 92104112113104 87 65 41 23 14 16 28 4827 320XS 244104133311499999999999999 758 672020 1499999999999999
 71 92105109104 91 74 59 50 49 57 72 91108119119108 89 64 40 24 19 25 4127 321XS 256109143112099999999999999 836 482056 1899999999999999
 65 89107114111 98 78 55 39 31 34 48 69 93113123121108 87 61 40 28 28 4027 322XS 311114152012399999999999999 912 312128 2799999999999999
 60 85107119119107 86 60 36 20 17 25 44 70 96115123118103 82 59 42 37 4327 323XS 32812116 512399999999999999 947 172157 3799999999999999
 59 81105122126117 98 71 43 19  8 10 23 46 74 99115119112 96 77 58 48 4927 324XS 3481261648119999999999999991021  72224 4799999999999999
 60 79101121130126110 85 56 28  8  2  9 27 52 79100111112103 89 73 60 5727 325XS 4111311730113999999999999991056  22249 5799999999999999
 63 78 97116130132120 98 71 42 18  5  4 15 34 58 82 98105103 94 83 71 6527 326XS 4371331812105999999999999991132  32314 6599999999999999
 67 77 93110125132126109 86 59 34 15  8 12 24 43 64 82 94 97 94 87 79 7327 327XS 5 41321857 979999999999999912 9  82338 7299999999999999
 72 78 89103117126127116 98 75 51 31 19 16 21 33 49 66 79 87 89 87 83 7927 328XS 5321281953 89999999999999991249 152358 7799999999999999
 77 80 87 97108117121117105 87 68 49 34 26 25 30 40 52 65 74 80 83 83 8327 329XS 6 11212144 83999999999999991338 25999999999999999999999
 82 83 86 93100107112112107 95 81 66 52 41 35 33 36 43 52 61 69 76 80 8327 330XS 633113999999999999999999999 0 1 821447 3399999999999999
 86 87 88 90 93 97101103102 98 90 79 68 58 48 42 38 38 42 49 57 66 75 8227 331XS 7151039999999999999999999991628 38999999999999999999999
 88 91 92 91 90 89 90 91 93 94 92 89 82 74 64 54 45 39 37 39 46 56 68 7927 4 1XS 158 92 852 9499999999999999 458 891757 3799999999999999
 88 94 95 93 89 83 80 79 81 84 89 92 92 88 80 69 57 45 36 34 37 46 59 7427 4 2XS 157 951133 9299999999999999 649 791856 3499999999999999
 87 96 99 97 90 81 72 67 66 71 79 89 96 99 95 86 72 56 42 34 33 39 51 6827 4 3XS 2 7 991257 9999999999999999 732 661938 3299999999999999
 84 97103102 94 81 67 57 52 55 65 79 93103106101 88 71 53 39 33 35 46 6227 4 4XS 221103135110699999999999999 8 5 522014 3399999999999999
 80 97106107 99 84 66 50 40 39 47 63 82100111112104 88 68 50 39 36 43 5727 4 5XS 235108143711399999999999999 835 382045 3699999999999999
 77 95108112106 90 69 47 31 24 29 44 66 89108117115104 85 65 49 42 44 5627 4 6XS 251112151911899999999999999 9 5 242115 4199999999999999
 73 93110117113 98 76 50 28 14 13 24 45 72 97115121115101 81 63 51 49 5727 4 7XS 3 811716 012199999999999999 936 122142 4999999999999999
 72 91110121120108 86 59 31 11  2  7 24 50 79103117119111 96 78 64 58 6127 4 8XS 32712216411209999999999999910 8  222 8 5799999999999999
 72 89108122126117 98 71 41 15 -1 -4  7 28 56 84105115114105 91 76 67 6727 4 9XS 3481261724116999999999999991042 -42232 6699999999999999
 75 88105121129125110 86 57 28  5 -6 -3 11 33 61 86103109107 98 87 77 7327 410XS 4121301811109999999999999991119 -62256 7399999999999999
 78 88103118129130120100 75 46 20  3 -4  2 17 39 63 84 96100 98 92 85 8027 411XS 43913119 61009999999999999912 0 -42319 7999999999999999
 81 88 99112123129126112 91 67 42 20  7  3 10 23 42 62 78 88 92 92 89 8527 412XS 5 91292023 92999999999999991249  32342 8499999999999999
 84 88 96105115122124117103 85 64 43 26 15 13 17 28 43 59 72 81 86 88 8827 413XS 5431249999999999999999999991350 13999999999999999999999
 88 89 92 98105111115114108 97 82 66 50 36 26 22 23 30 42 55 68 78 85 8927 414XS 6261159999999999999999999991514 22999999999999999999999
 91 91 91 92 94 97100102103100 94 85 73 60 47 36 29 27 32 42 55 68 80 8927 415XS 7381039999999999999999999991646 27999999999999999999999
 94 95 93 89 85 83 82 85 88 92 95 94 91 83 71 57 44 34 31 34 44 59 74 8727 416XS 048 951026 9599999999999999 539 8218 0 3199999999999999
 96100 97 91 81 72 66 64 68 75 85 93 99 99 93 80 64 49 38 35 39 51 68 8527 417XS 1 8100123110099999999999999 650 641855 3599999999999999
 98105104 97 83 68 54 47 46 53 66 81 96105107101 87 69 52 42 41 48 62 8127 418XS 127106134310799999999999999 735 451940 4099999999999999
 98110112106 91 71 50 35 28 31 42 61 83101112113105 90 71 55 47 49 60 7727 419XS 147113143811499999999999999 813 282018 4799999999999999
 97112119116102 81 55 32 17 13 21 38 62 87107117116106 89 71 58 55 61 7427 420XS 2 9120152611899999999999999 849 132052 5599999999999999
 93112124125114 93 66 38 15  3  4 17 39 67 93111118115104 87 71 63 64 7327 421XS 234126161011999999999999999 924  22124 6299999999999999
 89108124131124107 81 51 23  3 -3  3 20 46 75 99113117111 99 84 72 68 7327 422XS 3 1131165211799999999999999 959 -32155 6899999999999999
 86102120131131118 96 67 37 12 -2 -3  8 28 55 82102112112105 94 82 74 7527 423XS 3291331732113999999999999991034 -52226 7399999999999999
 83 97113127133126109 83 55 27  7 -1  3 17 39 64 87102107106 99 89 80 7727 424XS 35913318131089999999999999911 9 -22256 7799999999999999
 81 91105119129129118 97 72 45 22  8  5 13 28 49 71 89 99102 99 93 85 8027 425XS 4301301856102999999999999991145  52327 8099999999999999
 81 87 98110121126121107 86 62 40 23 14 15 24 39 57 75 88 95 96 94 89 8427 426XS 5 21261948 96999999999999991224 13999999999999999999999
 82 84 91101110117118111 96 77 57 40 27 22 25 34 47 62 76 86 91 92 91 8827 427XS 5361192053 9299999999999999 0 1 8213 8 2299999999999999
 85 84 87 92 99106110108100 87 72 56 43 35 32 34 42 52 64 76 84 89 91 9127 428XS 6141102215 9199999999999999 044 8414 2 3299999999999999
 89 87 86 87 90 94 98100 98 92 83 71 60 50 43 40 41 47 55 66 76 85 90 9327 429XS 7 51002326 9399999999999999 2 5 861512 4099999999999999
 93 91 87 84 82 82 84 87 90 90 88 82 74 66 57 50 46 45 50 58 68 79 88 9427 430XS 840 90999999999999999999999 427 821633 4599999999999999
 97 96 91 85 78 73 71 73 77 82 87 88 86 81 73 64 55 50 49 53 62 73 85 9527 5 1XS 0 8 971059 8899999999999999 559 711742 4899999999999999
100101 96 88 76 66 59 57 61 69 79 88 93 94 89 80 69 59 53 52 58 68 81 9427 5 2XS 0361011235 9499999999999999 648 571836 5299999999999999
103106103 93 79 63 50 42 43 51 64 80 93101102 97 86 73 62 56 57 65 78 9227 5 3XS 1 0106133910399999999999999 726 421920 5699999999999999
104111110101 84 64 45 31 26 31 45 64 85101110110102 89 75 65 61 65 75 9027 5 4XS 122111143011199999999999999 8 0 261959 6199999999999999
104115117110 94 71 46 26 13 13 23 43 68 92109117115105 91 77 69 68 75 8827 5 5XS 145117151711899999999999999 834 122034 6899999999999999
103117123120106 83 55 28  8 -1  4 20 45 74 99115121117105 91 79 74 77 8727 5 6XS 21012416 212199999999999999 9 9 -121 7 7499999999999999
101116127129118 98 70 39 12 -5 -9  0 21 50 80104118121115103 90 82 81 8727 5 7XS 237129164812199999999999999 947-102138 8099999999999999
 99113127134130113 88 57 26  1-12-12  2 26 56 84105115116110100 90 85 8727 5 8XS 3 71341737117999999999999991027-1422 8 8599999999999999
 96109123134136126106 79 47 18 -4-12 -8  8 32 61 86103111110105 96 89 8827 5 9XS 34013718291119999999999999911 9-132240 8799999999999999
 93103116128136133120 98 71 42 15 -2 -7  0 16 39 65 86 99105104 99 93 8927 510XS 4171361926105999999999999991155 -72317 8899999999999999
 90 96106117128132126112 91 66 41 19  6  3 10 25 46 67 85 95100100 96 9127 511XS 4581322026101999999999999991245  3999999999999999999999
 88 90 96104113121123117104 86 66 45 27 17 16 22 35 52 71 85 94 98 98 9427 512XS 5451232124 9999999999999999 0 4 881342 1599999999999999
 89 86 87 91 97104109111107 97 84 69 52 38 30 28 33 44 59 75 88 96 99 9827 513XS 6471112214 9999999999999999 116 861446 2899999999999999
 93 87 83 80 81 84 89 95 98 98 94 86 75 62 51 43 40 44 54 67 82 9410110327 514XS 823 99225510399999999999999 317 801555 4099999999999999
100 93 84 75 69 67 68 74 81 88 92 93 90 83 73 62 54 51 54 63 77 9110210827 515XS1045 93233010899999999999999 5 8 6717 1 5199999999999999
108102 91 78 64 55 50 51 59 70 81 91 97 97 92 83 72 63 60 64 73 8710111127 516XS1236 98999999999999999999999 615 501758 6099999999999999
115112102 86 68 50 38 34 37 47 63 79 94102105100 90 79 70 68 73 84 9711127 517XS 0 4115135010599999999999999 7 5 331848 6899999999999999
120121114 99 78 55 35 23 20 26 41 61 82 99109111106 95 83 76 75 82 9310827 518XS 038122144611299999999999999 748 201934 7599999999999999
121127124112 92 67 41 21 10 11 21 41 65 88106115116109 97 86 80 82 9010327 519XS 113127153411699999999999999 827  92016 8099999999999999
117129132124107 83 54 28  9  2  7 22 45 72 96112118117108 96 87 83 87 9727 520XS 148132161711999999999999999 9 5  22056 8399999999999999
111125134133120 99 71 42 17  2  0  9 28 54 81102115118115105 94 87 86 9227 521XS 224135165711899999999999999 942 -12134 8599999999999999
104118131136130113 88 60 32 10  0  3 16 37 64 89106115116110100 91 86 8827 522XS 2591361735116999999999999991018  02211 8699999999999999
 97109123133134124103 78 50 25  8  3 10 26 48 73 94108113111104 95 88 8627 523XS 3351351812113999999999999991054  32247 8699999999999999
 91101114126132129115 93 67 42 21 10 10 20 37 59 81 98107109106 99 91 8627 524XS 4111331849109999999999999991131  82325 8599999999999999
 86 93103115125128121105 83 59 38 22 16 19 31 49 69 87100106106101 94 8727 525XS 44712819281069999999999999912 8 16999999999999999999999
 84 87 94104114120120111 95 75 54 37 27 24 30 43 60 77 92101105103 98 9127 526XS 52612120 810599999999999999 0 6 841245 2499999999999999
 86 84 86 93101109112110101 86 69 53 41 34 35 42 54 69 84 95102104101 9527 527XS 6 8112205010499999999999999 056 841325 3399999999999999
 89 84 82 83 88 95101103101 93 81 68 56 47 43 45 52 64 77 90 9910410510127 528XS 7 2103213210599999999999999 2 4 821411 4399999999999999
 94 87 81 77 77 80 86 91 94 94 89 81 71 63 56 54 56 62 72 84 9610410710627 529XS 822 95221210799999999999999 332 7715 6 5499999999999999
100 92 83 74 68 67 69 75 82 88 91 90 85 79 72 66 63 65 71 81 9210210911127 530XS1014 91225011199999999999999 454 671610 6399999999999999
107 99 88 75 63 56 53 57 65 75 85 92 95 93 88 82 76 72 74 80 8910010911427 531XS12 7 95232711599999999999999 554 531715 7299999999999999
114108 96 80 63 49 40 38 45 57 72 86 97103103 98 91 84 80 82 88 9810811727 6 1XS1329104999999999999999999999 641 381813 8099999999999999
120117107 90 69 49 32 23 24 34 51 72 91105112112106 98 90 87 90 9710711727 6 2XS 0 3120143011399999999999999 724 2319 4 8799999999999999
125126119104 82 56 32 15  8 13 27 49 74 97112119118111102 95 93 9710511627 6 3XS 040127152211999999999999999 8 6  81950 9399999999999999
127133131120 99 72 43 18  1 -3  5 24 50 78102117123121113104 98 9710311227 6 4XS 118133161212399999999999999 850 -32033 9799999999999999
124135140134118 93 63 32  6 -8 -9  2 25 54 83106119123120111103 9810010727 6 5XS 15914017 112399999999999999 935-102114 9899999999999999
118131142144135115 87 55 23 -1-12-10  4 29 59 87107118121116108100 9710127 6 6XS 2421441749121999999999999991021-132155 9799999999999999
109122135145144132110 81 49 19 -2-10 -5 12 37 66 91108116117111102 95 9427 6 7XS 32714618341179999999999999911 7-102239 9499999999999999
 99109122136143140126104 76 46 20  3 -2  5 23 48 74 96109114112105 96 9027 6 8XS 4141431914114999999999999991152 -22329 8999999999999999
 90 96106119131136132118 98 73 46 24 12 11 20 38 61 84101110112108 99 9027 6 9XS 5 41361948113999999999999991237 10999999999999999999999
 84 84 90 99111121126122110 93 71 50 34 26 27 37 54 75 94107113112105 9427 610XS 6 1126201911399999999999999 027 831321 2599999999999999
 84 78 77 81 89100109113110102 89 73 57 46 41 44 54 70 8810411311611210227 611XS 7 7113205011699999999999999 137 7714 5 4199999999999999
 90 78 71 68 70 77 86 95100101 97 89 78 67 59 57 61 71 8510111311911911227 612XS 834101212412099999999999999 3 1 681453 5799999999999999
100 86 73 63 58 58 63 72 82 90 94 95 92 86 78 73 72 76 85 9711112012412127 613XS1037 9522 312499999999999999 427 571546 7199999999999999
112 99 83 67 54 47 46 51 61 73 84 93 97 98 95 89 85 83 87 9510711812612827 614XS1241 98224712899999999999999 539 451646 8399999999999999
123112 97 78 59 44 35 34 41 53 68 83 95103106104 98 93 92 9510311312313027 615XS14 3106233713199999999999999 637 341749 9299999999999999
131124112 93 71 50 34 25 26 34 49 68 86101110113110104 98 9710010711712727 616XS1459113999999999999999999999 727 241851 9799999999999999
134133125109 88 63 40 24 17 20 32 50 72 93108117118114106100 9810211012027 617XS 027134154411999999999999999 812 171948 9899999999999999
131137135123105 80 54 31 16 12 18 34 56 80101115121120114105 99 9810311227 618XS 116137162212199999999999999 853 122038 9899999999999999
124135139134120 98 71 44 23 11 11 21 40 64 89108119122119110101 96 9710427 619XS 2 1139165712299999999999999 932  92122 9699999999999999
115128138140132114 89 62 36 17  9 13 27 49 74 97113120120114105 96 93 9627 620XS 24414117291219999999999999910 9  922 2 9399999999999999
105118131140138126106 80 52 29 14 12 20 37 61 85105116120116108 98 91 9027 621XS 3241411758120999999999999991045 112240 8999999999999999
 96107121133138133118 96 69 44 25 16 18 30 50 73 95111118117111101 92 8627 622XS 4 21381826118999999999999991118 152318 8699999999999999
 88 96108122132134125108 85 61 39 25 22 29 44 65 86104115118114105 95 8627 623XS 4411341853118999999999999991150 222358 8399999999999999
 83 87 96109121127126115 97 76 55 38 30 32 42 59 79 98111118117109 99 8827 624XS 5201281920118999999999999991220 30999999999999999999999
 81 80 85 95106116120116105 88 70 53 43 40 45 58 75 93108117119114105 9327 625XS 6 3120194611999999999999999 042 801250 4099999999999999
 83 77 77 82 91101109111107 97 83 69 57 51 52 60 73 8910411512011811110027 626XS 653111201312099999999999999 133 761320 5199999999999999
 88 78 72 72 76 84 93101103100 93 83 73 66 64 67 75 8710111312112211710727 627XS 758103204212299999999999999 235 711354 6499999999999999
 95 82 72 65 64 68 75 84 93 97 97 93 87 82 78 77 81 89 9911112012412311627 628XS 929 97211512599999999999999 346 641437 7799999999999999
104 90 76 64 56 53 56 64 75 86 94 98 98 96 93 90 90 9310010911812512712427 629XS1140 98215412799999999999999 456 531534 9099999999999999
115102 86 69 53 43 40 43 53 67 81 9310210610610410210110310911712413013127 630XS1338107224413199999999999999 559 40164710199999999999999
127116101 81 60 42 29 26 30 43 60 79 9610811411611311010811011512212913527 7 1XS1449116234213799999999999999 656 2618 210899999999999999
136131118100 76 51 29 16 13 19 35 57 8010011412112211911411211311812513427 7 2XS1540123999999999999999999999 750 12191011199999999999999
141142136121 98 70 42 18  5  2 12 31 57 8310511912612512011411111211812727 7 3XS 043143162412699999999999999 841  2201111199999999999999
138147148140122 96 65 34 10 -3 -3  9 32 61 8811012312712411610910610811627 7 4XS 14114917 312799999999999999 930 -521 410699999999999999
128141151152142122 93 60 28  5 -5 -2 13 39 69 96115124125119109101 9910327 7 5XS 2361531738126999999999999991017 -62153 9999999999999999
112127142152152140118 89 55 26  6 -1  6 24 52 81105120125122112100 91 9027 7 6XS 32915418 71259999999999999911 0 -12242 8999999999999999
 95107124140149147134112 84 53 27 12 10 20 41 69 95114124124116103 89 8127 7 7XS 4211501831125999999999999991139  92331 8099999999999999
 81 88101118134142138126105 79 53 33 24 27 40 62 88110123127122110 93 7927 7 8XS 5131421853127999999999999991214 24999999999999999999999
 72 72 80 94110124130127115 98 76 56 43 40 47 63 84106123130128118103 8527 7 9XS 6 8130191613099999999999999 023 711247 4099999999999999
 71 65 66 73 86100112117114106 92 77 64 58 59 69 84103121132134127114 9727 710XS 7 8117194213499999999999999 121 641317 5799999999999999
 79 66 60 60 66 77 89100105104 99 91 82 75 73 78 8810211713113713512511127 711XS 821105201413799999999999999 226 591348 7399999999999999
 93 76 63 56 54 59 68 79 88 95 97 97 94 90 87 88 9310211412613513813312327 712XS1021 97205213899999999999999 342 541422 8799999999999999
108 91 75 61 52 49 51 59 69 80 89 95 99101100 9910010411112013013613713227 713XS13 7101214013799999999999999 5 2 491511 9999999999999999
122108 91 73 58 47 42 44 51 63 76 88 9810510910910810711011512213013513627 714XS1433110224413699999999999999 614 42164410799999999999999
132122108 90 71 53 41 36 38 46 60 76 9210511311711611311011111412112813427 715XS1515117235713799999999999999 714 35182211099999999999999
137133124108 88 66 47 34 29 33 44 61 81 9911212012211811310910811211912827 716XS1547122999999999999999999999 8 4 29193710899999999999999
136139136124106 83 59 39 27 24 31 46 66 8810711912512311710910410410911827 717XS 1 2139161612599999999999999 847 24203110399999999999999
130139143137122101 75 50 31 21 22 33 52 76 98115124126121111102 9810010727 718XS 154143164112699999999999999 925 202114 9899999999999999
120133143145135117 93 65 41 24 19 25 40 63 87108122126123115103 94 92 9727 719XS 23814517 512699999999999999 959 192152 9299999999999999
108123137145143130109 82 55 34 22 22 33 53 77100118126125118106 94 87 8727 720XS 3191461726127999999999999991030 202227 8699999999999999
 95110126139144138121 98 71 47 30 24 30 46 69 93113125127121110 96 85 8027 721XS 3571441746127999999999999991058 2423 2 8099999999999999
 84 96112128139140129110 86 62 42 32 33 45 64 87108123129125115100 86 7727 722XS 43414118 6129999999999999991124 312338 7599999999999999
 76 83 97113128135132119 99 77 57 43 40 47 62 83104121129129120106 90 7727 723XS 5131351826130999999999999991149 40999999999999999999999
 71 73 83 97112124128122108 90 72 57 51 53 64 81101118130132126113 97 8127 724XS 553128184513299999999999999 015 711212 5099999999999999
 70 67 71 81 95109118119113100 86 72 64 63 70 83 99116129134131120105 8827 725XS 63912019 613499999999999999 056 671235 6299999999999999
 74 65 63 68 78 91103110111105 96 86 78 75 79 87100114127135135127114 9827 726XS 736111193013699999999999999 144 631258 7599999999999999
 81 68 60 59 63 72 83 94101103101 97 92 89 89 9510311412513413713312411027 727XS 857103195913799999999999999 246 591320 8899999999999999
 94 78 64 55 52 55 62 73 84 93 9810110110110110310811512413213713813312327 728XS2037138999999999999999999999 4 4 52999999999999999999999
109 93 76 61 49 43 44 50 61 74 86 9610410911111311411812312813413813813427 729XS2135139999999999999999999999 526 43999999999999999999999
125112 95 75 57 41 32 31 37 50 66 83 9811011712012112112112412813413814127 730XS23 5141999999999999999999999 640 31999999999999999999999
139131117 98 75 51 32 21 19 26 42 63 8410311712412612412111912012513213927 731XS1550126999999999999999999999 743 1819 211999999999999999
145145138123100 73 45 23 11 10 20 40 65 9011012312912712111511111311912927 8 1XS 034146161312999999999999999 836  9201311199999999999999
141150152144127101 69 39 17  6  7 21 45 7410011912812912311210310010211127 8 2XS 144152163613099999999999999 922  521 510099999999999999
126142154156147127 98 65 35 14  7 13 31 58 88112127131126114100 89 86 9227 8 3XS 24215716571319999999999999910 3  72150 8699999999999999
105123142155156145123 93 61 34 18 15 26 48 77105124133130119102 85 74 7427 8 4XS 3351571716133999999999999991040 152234 7399999999999999
 82 99120140151150138116 87 59 37 27 31 47 71 99122135136126109 88 71 6227 8 5XS 4251521734137999999999999991112 272318 6299999999999999
 64 75 94116134143140128107 82 59 45 43 52 71 95120136141135120 98 76 6027 8 6XS 5151441754141999999999999991140 42999999999999999999999
 54 58 71 90110126132128116 99 80 65 58 62 75 95117136145143130111 89 6827 8 7XS 6 5132181714599999999999999 0 3 5412 6 5899999999999999
 54 51 56 69 86103115119115106 94 82 74 74 82 96114132145147140124104 8227 8 8XS 658119184414899999999999999 051 511229 7399999999999999
 64 53 51 56 67 81 95104107105100 94 88 86 90100113127140147145134118 9927 8 9XS 8 3107191514799999999999999 146 511250 8699999999999999
 80 65 56 53 56 64 75 86 94 98 99 99 98 97 9810411212213314114413912911427 810XS1016 99195214499999999999999 253 531259 9799999999999999
 98 82 68 59 54 55 60 69 78 86 93 9810210510710911311812513213813813412627 811XS2041139999999999999999999999 421 54999999999999999999999
114100 85 71 60 53 51 54 62 72 83 9310210911311511511611912312813213413227 812XS22 0134999999999999999999999 552 51999999999999999999999
126116103 88 72 58 49 45 48 57 69 84 9810911712011911611411411712212813227 813XS1512120234513399999999999999 7 2 45182611499999999999999
133129120106 88 69 52 42 39 44 55 72 9010611812312311911210810711111812727 814XS1528124999999999999999999999 753 39194010799999999999999
134137133122105 83 62 44 35 34 43 58 79 99115125127122114105 9910010611627 815XS 059137154712799999999999999 833 332026 9999999999999999
129139142136121100 76 53 36 30 34 47 67 90111124129126116104 94 90 9310427 816XS 15214216 512999999999999999 9 7 3021 3 9099999999999999
118133144144135116 91 66 44 31 30 39 58 81105122130129120106 92 83 82 9027 817XS 235145162213099999999999999 937 292136 8199999999999999
104122138147143129107 81 56 38 32 36 52 74 98119130132124110 93 79 73 7727 818XS 31414716381329999999999999910 4 3122 8 7399999999999999
 89107127142146138120 96 71 50 38 38 50 69 93115130135129115 97 79 68 6627 819XS 3511461655135999999999999991029 372240 6599999999999999
 74 91112131142141130110 86 64 49 45 51 67 89112129137134121103 83 67 5927 820XS 4281431712137999999999999991053 442312 5999999999999999
 62 75 94115131138134120100 79 62 54 57 69 88109128138138128110 89 70 5727 821XS 5 51381728139999999999999991114 542345 5499999999999999
 55 62 77 97116129131124110 92 76 66 65 74 89108126138141134118 98 77 6027 822XS 5451321746142999999999999991135 65999999999999999999999
 52 53 63 79 98114123122115103 89 79 76 81 92107124137143139127108 87 6827 823XS 62812418 714399999999999999 021 511154 7699999999999999
 55 50 53 63 78 94107114113107 99 91 87 89 97109123135143143134119100 8127 824XS 722114183014499999999999999 1 4 501211 8799999999999999
 64 53 49 53 61 74 87 98103105103100 98 99104112122132140144140129114 9727 825XS 847105185814499999999999999 2 0 491217 9899999999999999
 80 65 54 49 50 55 65 76 87 94 9910210510711011612212913614014113612711427 826XS1936141999999999999999999999 323 49999999999999999999999
 99 83 68 55 47 44 46 54 65 77 88 9810611211611912212613013313613713412827 827XS2045137999999999999999999999 5 5 44999999999999999999999
119106 90 72 55 42 35 35 42 55 71 8710211312012312312212212312613013413627 828XS152912323 513699999999999999 630 34174212299999999999999
134127114 96 74 53 36 26 26 35 52 72 9211012112612512011511111211612313227 829XS1518126999999999999999999999 732 25192711199999999999999
140142136122101 75 49 30 20 22 35 56 80103119128128121110101 96 9710511827 830XS 048142153012999999999999999 820 202017 9699999999999999
133145149143127102 72 45 27 20 26 43 68 95117129132125111 95 83 79 83 9627 831XS 155149154513299999999999999 9 2 202059 7999999999999999
114135149153145126 99 69 43 28 27 38 59 87113130136131116 96 76 64 63 7127 9 1XS 25015316 013699999999999999 937 262139 6299999999999999
 89113136150152142122 94 66 45 36 41 57 82109131141138125104 79 59 49 5127 9 2XS 34015316171419999999999999910 9 362218 4899999999999999
 64 86112135147147135115 89 66 52 50 60 80105130144146135115 89 63 45 3927 9 3XS 4271481636147999999999999991037 492257 3999999999999999
 45 62 85111131140137125106 86 69 63 68 82103127145152145128103 76 52 3727 9 4XS 51314016591529999999999999911 2 632338 3599999999999999
 36 45 63 86109125130125115100 85 76 77 87103123142153152139118 92 67 4627 9 5XS 6 01301725154999999999999991125 75999999999999999999999
 37 39 49 66 87105116118114106 96 88 86 92103119135148153146129108 84 6327 9 6XS 649118175315399999999999999 020 361147 8699999999999999
 48 42 45 55 69 85 99106108106102 97 95 97105116129140148147137120101 8127 9 7XS 752108182414899999999999999 1 6 4212 5 9599999999999999
 65 53 49 52 59 70 82 91 98101102102102103107114122131138141138128114 9927 9 8XS1859141999999999999999999999 2 4 49999999999999999999999
 83 70 61 56 56 60 67 76 85 92 9710210610811011311712212713113212912211227 9 9XS1947132999999999999999999999 329 56999999999999999999999
101 89 77 67 60 56 57 62 71 80 90 9910711211511511511511711912212412412127 910XS2123124999999999999999999999 515 56999999999999999999999
115106 94 81 69 58 53 53 58 67 80 9310511411911911611210810811011411912327 911XS1432120233912499999999999999 633 52184310899999999999999
123120111 98 82 66 54 47 48 55 69 85101114122123119111103 98 9710110911927 912XS1444123999999999999999999999 725 471936 9799999999999999
126129125114 98 78 60 47 43 47 58 75 95112123127123113101 90 85 87 9610827 913XS 056129145812799999999999999 8 3 432013 8599999999999999
122132134128114 94 72 54 43 42 51 67 88108123129127117102 87 76 74 80 9427 914XS 147135151313099999999999999 835 412045 7499999999999999
112128138138127109 87 65 49 42 47 61 81104122132131122105 86 70 63 65 7727 915XS 229139152713399999999999999 9 4 422115 6299999999999999
 96117134142138123102 79 59 48 48 58 77 99120133136127111 89 69 55 52 6127 916XS 3 8142154313699999999999999 930 462145 5299999999999999
 79102124139142134116 94 73 58 53 59 75 96118134139133118 95 72 53 44 4727 917XS 346142155913999999999999999 955 532215 4399999999999999
 61 83108129140139127108 87 70 62 64 75 94115133142139126104 78 55 40 3727 918XS 4231411616143999999999999991018 612245 3799999999999999
 46 64 89113131137132118101 83 72 71 79 94113131143144133114 89 63 43 3327 919XS 5 11371634145999999999999991039 702317 3399999999999999
 36 49 69 94115128130123110 96 84 80 84 96112129143147140124101 75 52 3627 920XS 54213016541479999999999999911 0 802353 3299999999999999
 32 38 53 74 95113121121114105 95 89 90 99112126140147145133113 90 66 4627 921XS 6271221717148999999999999991118 89999999999999999999999
 35 34 42 56 74 92106112112108102 97 97103112124136144146139124105 83 6327 922XS 727112174314699999999999999 036 341134 9799999999999999
 47 39 39 45 56 71 85 96102104104103104107113122131138142140132118101 8327 923XS 929104181414299999999999999 132 38112610399999999999999
 66 53 45 43 45 53 64 76 87 9510110510811111512012513013413513212611510327 924XS1855135999999999999999999999 256 43999999999999999999999
 89 74 61 50 44 43 47 56 68 81 9310211011411711811912012112312512512311827 925XS2035125999999999999999999999 443 43999999999999999999999
110 98 84 68 53 43 39 42 51 65 81 9610911712011911511010810711011512012427 926XS14 9120233512599999999999999 6 7 39183810799999999999999
124119108 92 73 54 41 36 39 51 69 89106118123122114104 95 90 90 9510611827 927XS1415124999999999999999999999 7 6 361929 8999999999999999
128132129117 98 75 54 40 37 43 59 80102119127127118103 87 75 69 72 8310027 928XS 1 4132142812899999999999999 751 3620 8 6999999999999999
119134140135121 99 75 54 43 43 54 73 97118132134126109 87 67 53 51 59 7527 929XS 2 6140144313499999999999999 829 412045 5099999999999999
 99122138144138121 98 74 56 50 55 70 93117135141135119 95 68 46 35 37 5027 930XS 25814415 014199999999999999 9 3 502122 3599999999999999
 73100125140143135118 95 74 62 61 71 90114135147145131107 78 50 30 23 302710 1XS 345144152214899999999999999 933 602158 2399999999999999
 48 74103127139139129112 92 76 71 76 90110132148152142121 93 62 36 20 192710 2XS 43114015461539999999999999910 0 712235 1899999999999999
 30 51 79106125133131121106 91 81 82 91107127145155151134109 79 50 28 192710 3XS 5151341613155999999999999991027 802312 1899999999999999
 22 36 58 84107121126122113101 91 88 93105121138151153143123 97 69 44 282710 4XS 5591261641154999999999999991053 882351 2399999999999999
 24 30 45 66 88105115117114107 99 94 96104116130143150146132111 87 63 442710 5XS 6481171711150999999999999991119 94999999999999999999999
 33 33 41 54 71 88101108109107104100 99103111122132140142135121102 82 632710 6XS 751109174314299999999999999 033 321143 9999999999999999
 49 42 43 50 61 74 86 96102104105104103104108115122129133131124111 96 812710 7XS 951105181813399999999999999 123 4212 010399999999999999
 67 57 52 51 56 63 73 83 92 98103106107108108110113117120122121115106 962710 8XS19 5122999999999999999999999 232 51999999999999999999999
 85 74 65 59 56 58 63 71 81 90 991061101121111091071061071091111121101062710 9XS1310112205011299999999999999 4 8 56165710699999999999999
 99 91 81 71 62 57 57 62 70 81 93104112115115111105 99 95 95 98103107110271010XS1324116232211099999999999999 534 571833 9599999999999999
110105 97 85 73 62 56 56 62 72 86101112119120115106 95 86 82 83 89 98107271011XS1339120999999999999999999999 633 551917 8199999999999999
114116111101 87 72 61 55 57 65 79 96111121124120109 94 80 70 68 73 84 98271012XS 045116135412499999999999999 716 551950 6899999999999999
112121122116103 86 70 59 56 61 74 91109122128125114 97 78 62 54 56 67 84271013XS 140123141012999999999999999 751 562020 5499999999999999
103119128127117101 83 68 60 61 71 87106122132131121103 80 59 44 41 48 65271014XS 224129142713399999999999999 822 592049 4199999999999999
 88111127133129116 98 80 68 65 71 84103121134137129111 86 60 40 30 32 46271015XS 3 5133144513799999999999999 851 642119 2999999999999999
 69 95118133135128113 94 79 72 73 84100119135142137120 96 67 41 24 20 28271016XS 34413615 414299999999999999 918 712150 2099999999999999
 48 75103124135134123108 92 81 79 85 99117134144143130108 79 50 27 15 16271017XS 424135152514599999999999999 944 782223 1499999999999999
 30 54 82108126132128117103 91 86 89 99114131144148140120 94 64 36 18 11271018XS 5 513215491489999999999999910 8 852258 1199999999999999
 18 35 60 87110123126121111100 93 93100112127141149146131109 81 53 29 16271019XS 5501261615149999999999999991031 922337 1399999999999999
 14 24 42 65 89107116118114107100 97101110123135145147139122 98 73 48 29271020XS 6431181644147999999999999991054 97999999999999999999999
 19 21 30 47 68 87101109110108105102103109118128137142140130113 92 69 49271021XS 755110171614399999999999999 023 19111710199999999999999
 34 27 29 37 50 67 83 95102106106105105107113119126132134130120106 90 72271022XS 948106175513499999999999999 119 27114210599999999999999
 56 43 37 36 42 52 66 80 91100105108108108109111114117120122119113104 93271023XS1856122999999999999999999999 235 36999999999999999999999
 79 66 54 46 43 45 53 65 79 92102108111111108105102101102105108110110106271024XS1218111212311099999999999999 4 6 4317 510199999999999999
100 90 77 64 53 48 48 56 69 84 98109115116111103 95 87 83 84 88 96104110271025XS1238116235511299999999999999 524 471825 8399999999999999
112109100 87 71 59 52 53 62 76 93108119122118108 93 78 67 63 65 74 88102271026XS1258122999999999999999999999 622 521911 6299999999999999
114120118109 94 77 64 58 61 72 89107122129127116 99 78 59 46 43 49 64 84271027XS 117120131812999999999999999 7 9 581950 4399999999999999
104120127125114 98 80 68 65 71 85104122134136128110 85 59 38 27 28 39 59271028XS 217127134113799999999999999 749 652027 2699999999999999
 85109125132128116 99 83 74 75 84100120136144139123 99 69 41 21 14 19 36271029XS 3 813214 714499999999999999 825 7321 4 1499999999999999
 61 89114129133128115 98 85 81 85 98115134147148136114 85 53 26 10  7 18271030XS 355133143614999999999999999 858 812140  799999999999999
 39 67 96118130131124111 97 88 88 96110128144152146129102 71 40 16  5  8271031XS 43913115 615299999999999999 930 872216  599999999999999
 23 46 75101119127126118106 96 91 95106121137149151139117 89 58 31 13  82711 1XS 52112815371529999999999999910 2 912253  799999999999999
 15 32 56 83105118122119112102 95 95101113128141148144129105 77 50 28 152711 2XS 6 41221610149999999999999991035 942331 1499999999999999
 15 25 43 66 88105114116113107100 96 98106118130140142134117 94 69 46 292711 3XS 64911616441439999999999999911 8 96999999999999999999999
 22 26 37 54 74 91104110111108103 99 98101109119128134132122105 85 64 472711 4XS 741111171913499999999999999 010 221146 9799999999999999
 35 32 37 48 63 78 92102107108106102 99 99102108115122124120111 96 80 642711 5XS 843108175712499999999999999 053 321234 9999999999999999
 51 44 42 47 56 68 81 93101106107106103100 99100103108111112109102 91 792711 6XS 955107184711299999999999999 142 4214 0 9999999999999999
 68 58 53 51 55 62 73 84 95103107109107104 99 96 94 94 96 99101101 97 902711 7XS1057109201810199999999999999 246 511619 9499999999999999
 82 74 66 61 58 61 67 76 88 98107111112109103 95 88 83 82 84 88 93 96 972711 8XS11391122241 9799999999999999 4 2 581751 8299999999999999
 94 89 81 74 67 64 65 72 82 93105113116114108 97 85 75 68 67 72 80 89 972711 9XS1210116999999999999999999999 512 641840 6799999999999999
101101 96 89 79 71 68 70 77 89102113120120114103 87 71 58 52 54 63 76 90271110XS 026102123612199999999999999 6 9 681916 5299999999999999
102109109104 94 83 75 72 76 86 99112122126122110 92 71 52 40 37 43 58 77271111XS 13211013 012699999999999999 655 721949 3799999999999999
 96110118117109 97 86 78 78 84 96110123131130119101 77 52 33 23 25 37 58271112XS 222118132413199999999999999 734 772021 2299999999999999
 82104119125121111 98 88 83 85 94108122134137130112 87 59 33 16 10 18 36271113XS 3 6125134913799999999999999 810 822055 1099999999999999
 62 89112125128122111 98 90 88 94105120134142139125102 72 42 17  3  3 15271114XS 349128141614299999999999999 843 882131  199999999999999
 39 68 96117127128120109 98 93 95103116131143146137117 89 57 27  5 -4  1271115XS 432129144614699999999999999 914 9222 9 -499999999999999
 18 44 74101118126124116106 98 96101112126140148146132108 78 45 18  0 -4271116XS 518126151814999999999999999 944 962249 -499999999999999
  4 24 51 80103116121119112103 98100107119132144148141123 98 68 38 14  1271117XS 6 71211554148999999999999991016 982332 -199999999999999
  1 12 32 58 83102113116113107101 99102111122134142143133114 90 62 36 17271118XS 7 11161632144999999999999991051 99999999999999999999999
  8 10 22 41 64 85101109111109104 99 98103110120129135133122105 84 61 40271119XS 757111171613599999999999999 018  81136 9899999999999999
 25 19 22 33 50 70 88100107109106101 97 96 99105112119123121112 99 82 64271120XS 852109181012399999999999999 1 9 191240 9699999999999999
 48 36 32 35 44 59 76 92103108109106100 94 91 92 94 99104108108104 95 84271121XS 940109192910999999999999999 2 6 321427 9199999999999999
 71 59 50 46 48 56 69 84 98107112111106 98 89 82 79 78 82 88 94 98 98 96271122XS10211122145 9999999999999999 310 461634 7899999999999999
 90 81 71 63 58 60 67 79 93106114117114106 94 81 69 62 60 64 72 82 91 98271123XS1057117999999999999999999999 418 581752 6099999999999999
100 98 92 83 74 69 70 78 90104116123123116104 87 69 53 44 42 48 59 74 89271124XS 0 5100113212499999999999999 520 691845 4299999999999999
101107107101 92 83 78 80 88100114125130127117 99 77 54 36 27 27 36 52 72271125XS 13210812 913099999999999999 615 781930 2699999999999999
 92106114115109 98 89 85 88 97110124134136129114 91 64 39 21 13 16 30 51271126XS 234116124613799999999999999 7 5 852011 1399999999999999
 75 98113121120112101 93 90 95105119132141140128107 80 51 25  9  5 12 30271127XS 324121132414299999999999999 750 902050  499999999999999
 55 82104119124121112102 94 94100112126139145139123 98 68 38 14  1  2 14271128XS 4 912414 214599999999999999 833 932128  099999999999999
 35 63 90110122124120110100 94 96105117132143145135115 87 56 27  7  0  5271129XS 449125144014699999999999999 913 9422 5 -199999999999999
 20 45 73 98114122122115105 96 94 98108122136144142127104 75 46 20  5  3271130XS 527123151814599999999999999 952 942242  299999999999999
 12 31 56 82103116120117109100 93 93100111125137141135117 93 65 38 17  82712 1XS 6 31201555142999999999999991030 922317  799999999999999
 10 23 43 68 90107115116111103 95 90 93101113126134135124105 81 56 34 192712 2XS 6381161632136999999999999991110 902352 1599999999999999
 15 21 36 56 78 97109113112106 98 91 89 92101112122128124112 94 72 51 342712 3XS 7121131710128999999999999991152 89999999999999999999999
 25 25 34 50 68 87102110111108101 94 88 87 91 99108115118113101 84 66 502712 4XS 747112175111899999999999999 027 241241 8799999999999999
 38 34 37 48 63 79 94105111110105 98 91 86 84 87 93100105106101 91 78 642712 5XS 823111184010699999999999999 1 2 341346 8499999999999999
 53 46 45 50 60 74 88101109112109103 95 88 82 79 80 84 90 94 96 93 86 772712 6XS 9 11121951 9699999999999999 140 451511 7999999999999999
 68 61 57 57 63 72 84 96106112113109102 92 83 75 70 70 73 78 84 88 88 862712 7XS 9391132141 8899999999999999 223 561639 6999999999999999
 81 75 71 68 69 73 82 92103111115114109 99 87 75 64 58 56 60 68 76 84 892712 8XS10181162358 9199999999999999 320 681745 5699999999999999
 91 89 86 81 78 79 83 90100110117119116108 95 79 63 50 43 42 48 60 73 852712 9XS1058119999999999999999999999 430 781833 4199999999999999
 94 99 99 96 91 87 87 90 98107116122123117105 88 68 48 33 27 29 39 55 73271210XS 132 99113812399999999999999 538 861916 2699999999999999
 90102108108104 98 93 93 97105114123128127118101 78 54 31 17 12 18 33 54271211XS 230109121812999999999999999 637 931957 1299999999999999
 77 97110116115109102 97 98103111122131135130116 94 67 39 15  2  0 10 30271212XS 318117125913599999999999999 728 972038 -199999999999999
 57 83104117121118111103100101107118129138140131113 86 55 25  2 -9 -7  8271213XS 4 3121134114099999999999999 813 992120-1099999999999999
 32 61 89109120122118109102100103111123136144143130108 77 44 14 -7-14 -8271214XS 447123142314599999999999999 85510022 3-1499999999999999
 10 37 68 94112120120114105 99 98104114128140147142126101 69 36  7-10-14271215XS 53012115 714799999999999999 936 982246-1499999999999999
 -4 17 46 75 99113119116108 99 94 95103114129141145138119 93 62 31  6 -7271216XS 6101191552145999999999999991019 942328 -899999999999999
 -6  6 29 57 84103113116111101 92 88 91 99112126137138129111 86 57 30 11271217XS 64711616391399999999999999911 6 88999999999999999999999
  3  7 21 44 70 92107114112105 94 85 82 85 94106119127127118102 80 56 34271218XS 719114173112899999999999999 0 9  31158 8299999999999999
 20 17 24 39 60 83101112114109 99 87 78 75 77 85 96107114114106 93 76 58271219XS 747114183011599999999999999 049 1713 0 7599999999999999
 43 35 35 43 58 77 96110116114106 94 81 71 67 68 74 82 92 99100 96 88 77271220XS 815116194410099999999999999 128 341417 6799999999999999
 65 55 51 54 62 76 93108117119114104 90 76 65 58 57 60 68 77 85 89 89 87271221XS 8461192137 9099999999999999 2 7 511547 5799999999999999
 81 75 69 68 71 79 91105116123122115103 87 71 58 48 44 46 53 63 73 82 87271222XS 923123999999999999999999999 252 681710 4499999999999999
 90 89 86 83 82 84 91102113122126124115102 85 66 49 37 32 33 41 53 67 80271223XS 020 9010 812699999999999999 351 821818 3299999999999999
 90 96 99 97 94 92 94 99108118126129126116101 81 60 40 26 20 23 32 48 66271224XS 2 2 9911 112999999999999999 5 5 921913 2099999999999999
 83 96105108105101 98 98103111120128131128117 99 76 52 30 16 11 16 29 48271225XS 3 0108115913199999999999999 621 9720 1 1199999999999999
 70 89104112114110103 99 99104112122131134129115 95 69 42 20  7  5 13 30271226XS 342114125513499999999999999 729 982044  599999999999999
 53 77 98111117116109102 97 97103112124134136129112 88 60 32 12  1  3 15271227XS 418118134613699999999999999 825 962123  199999999999999
 36 62 87106116119114105 97 92 94102114127136136126105 79 49 23  5 -1  5271228XS 450119143113899999999999999 911 922159 -199999999999999
 22 46 73 96112118117109 99 90 88 92102116130137134119 96 68 39 16  3  2271229XS 519119151213899999999999999 952 872232  199999999999999
 13 33 59 85105115117112102 90 83 83 91104119131135127110 85 57 30 12  5271230XS 5451171551135999999999999991029 8223 4  599999999999999
 11 26 49 74 96111116113104 92 82 77 80 90105119129129118 98 73 47 26 14271231XS 6 611616301309999999999999911 6 772333 1299999999999999
