 94102104100 91 80 71 65 66 74 87102117127130126115 99 81 65 53 47 49 5627 1 1YJ 151104135613099999999999999 722 652118 4799999999999999
 67 80 90 97 98 94 88 81 77 77 84 94108120129132126114 97 77 59 44 36 3627 1 2YJ 342 98144913299999999999999 824 762229 3599999999999999
 44 57 72 87 97102101 96 89 83 82 87 97110123132134128114 94 71 50 33 2527 1 3YJ 518102154613499999999999999 941 822323 2499999999999999
 26 36 52 72 90103109107100 91 84 83 88 99113127136137129111 88 61 38 2127 1 4YJ 6171091637138999999999999991046 82999999999999999999999
 14 19 33 54 78 98111115111101 89 81 80 88102119134143141129106 78 49 2427 1 5YJ 657115172314399999999999999 0 5 141137 8099999999999999
  9  6 16 37 62 88108119119110 96 83 76 78 90108127143149143125 98 66 3527 1 6YJ 72912018 314999999999999999 042  61218 7699999999999999
 12  1  4 21 46 75101118124118105 89 76 72 78 95116137151154142118 86 5127 1 7YJ 759124184015499999999999999 116  01254 7299999999999999
 22  2 -2  8 31 60 89112125124113 96 79 69 70 82103127147157154136106 7127 1 8YJ 827126191615899999999999999 148 -31328 6899999999999999
 37 11 -2  1 19 46 77104122127120105 86 71 65 71 88113137154159149125 9227 1 9YJ 855127195015999999999999999 219 -314 0 6599999999999999
 56 25  5  0 11 34 64 94116128126113 95 76 64 63 75 9612214415615513811027 110YJ 921128202415799999999999999 248  01434 6299999999999999
 76 43 18  5  9 27 54 83109125129121104 84 68 60 64 8010312814615214512427 111YJ 948129205915299999999999999 317  515 9 6099999999999999
 95 62 34 16 12 23 46 74101121130127114 95 75 62 58 67 8510812914214313227 112YJ1015130213514499999999999999 345 121547 5899999999999999
109 81 52 31 21 25 41 65 92114128131122106 86 68 58 58 69 8710812513413127 113YJ1043131221713499999999999999 413 211629 5699999999999999
117 96 71 49 35 32 41 60 84106123131129117 99 79 63 55 57 68 8510311612227 114YJ111513223 612299999999999999 443 321719 5599999999999999
118105 87 68 52 45 47 59 77 98116128131125111 93 74 60 52 54 63 77 9210427 115YJ1151131999999999999999999999 517 441820 5299999999999999
109107 98 85 71 62 58 63 74 90107121130131123109 91 72 56 47 46 53 64 7827 116YJ 012109123613199999999999999 557 581938 4699999999999999
 90 98100 96 89 81 75 73 76 85 98112124131132125110 91 71 52 39 34 38 4827 117YJ 148100133513399999999999999 654 7321 5 3499999999999999
 63 78 91 98101 98 93 88 84 85 91101113126135137131116 95 70 46 28 19 2027 118YJ 357101144713799999999999999 824 842223 1899999999999999
 31 49 69 89103110111105 98 90 87 90100114130142146141124 99 68 38 14  227 119YJ 53411115591469999999999999910 2 872326  099999999999999
  3 16 39 67 92112122122114102 90 84 86 98116136152159153133102 64 28  027 120YJ 63012317 4159999999999999991115 84999999999999999999999
-14-11  7 37 71102123133129117 99 84 76 80 95119144164172163139101 58 1727 121YJ 71313318 017299999999999999 019-151211 7699999999999999
-13-25-18  7 42 81114135140132113 91 73 67 74 94123152174181169139 97 5027 122YJ 752140185218199999999999999 1 7-2513 0 6799999999999999
  7-21-29-15 15 55 96128144143128104 79 62 57 69 95128159180184168134 8927 123YJ 827146194218599999999999999 152-291346 5799999999999999
 41  2-22-23 -3 32 74113139149141120 93 67 51 51 67 9613116117917815912327 124YJ 9 2149202918199999999999999 233-251430 4999999999999999
 79 35  1-14 -7 18 55 95128147148134109 80 56 44 48 68 9813015617016514427 125YJ 935150211617099999999999999 312-141515 4399999999999999
109 69 33  8  2 15 43 79114139149143124 97 69 49 41 48 69 9712514615414727 126YJ10 814922 215499999999999999 349  216 0 4199999999999999
125 95 63 36 22 24 42 69101127144146135113 87 62 46 42 51 69 9311513013427 127YJ1040147225113499999999999999 422 211648 4299999999999999
126108 85 62 45 40 48 67 92116134143139125103 80 60 47 45 53 68 8510111227 128YJ1112143234611499999999999999 453 401741 4599999999999999
114108 95 80 66 59 60 70 87106124135137131116 97 77 61 51 49 53 63 75 8627 129YJ1146138999999999999999999999 522 581848 4899999999999999
 94 97 95 89 82 76 74 78 87100113125131131124111 95 78 64 54 49 50 55 6327 130YJ 1 3 97122813299999999999999 551 742020 4999999999999999
 73 81 87 90 90 89 87 87 90 96104113121126126120110 96 81 66 54 46 43 4527 131YJ 329 91133012799999999999999 633 8722 2 4399999999999999
 53 63 75 85 93 97 98 97 95 95 97102110117123125122113100 83 65 49 38 3327 2 1YJ 549 98145612599999999999999 842 9523 9 3399999999999999
 36 45 59 76 91102107107103 97 93 93 98106116125130128118102 82 60 40 2727 2 2YJ 6271071614130999999999999991032 922355 2399999999999999
 23 29 43 63 84101112115111102 93 86 86 93106120132138135122101 75 49 2827 2 3YJ 6521151711139999999999999991130 86999999999999999999999
 17 16 28 48 73 97114122120110 96 84 78 81 93110129143148141122 95 64 3627 2 4YJ 716122175514899999999999999 031 151211 7899999999999999
 16  9 15 34 60 88112126127118102 85 73 70 79 97120141154154141116 83 5027 2 5YJ 739128183315699999999999999 1 2  91245 7099999999999999
 23  7  7 21 47 78106126133127111 90 72 63 66 81105132152161156135104 6827 2 6YJ 8 113319 716299999999999999 131  51316 6299999999999999
 35 12  4 13 36 67 98123136134120 98 76 59 55 65 88116143160163150123 8827 2 7YJ 823137194116499999999999999 158  41347 5599999999999999
 52 23  8 10 27 56 89118136140130108 83 61 49 52 69 9712715116315813810727 2 8YJ 845141201416399999999999999 224  61419 4899999999999999
 71 38 17 11 23 48 80111134144138120 94 67 48 43 53 7610513415315814712227 2 9YJ 9 7144204815999999999999999 249 111452 4399999999999999
 90 57 31 19 23 43 72103130144144130106 78 54 40 41 56 8211213614914813227 210YJ 930146212515199999999999999 314 181527 3899999999999999
106 76 48 31 29 41 65 95122141147139118 92 65 44 36 42 61 8711313214013427 211YJ 95414722 414099999999999999 340 2816 4 3699999999999999
117 92 67 48 40 45 63 88114135145144129106 80 56 40 36 45 63 8710812212627 212YJ1022146225112699999999999999 4 7 401648 3699999999999999
119104 84 67 56 55 65 83105126140144137120 97 73 52 40 38 46 62 81 9710927 213YJ1053144235211299999999999999 435 541742 3799999999999999
112107 96 84 74 69 72 83 99116130139139131115 94 73 54 42 38 43 54 69 8327 214YJ1134140999999999999999999999 5 7 691855 3899999999999999
 94 99100 96 90 86 85 88 96107119129135136129116 98 79 60 45 36 36 42 5427 215YJ 131100123413799999999999999 548 852035 3599999999999999
 68 81 92 99102102100 98 98101107115125132136134124108 88 65 45 30 24 2727 216YJ 425103141013699999999999999 737 982210 2399999999999999
 38 55 75 93107114116112106100 97100108120132142145138121 97 68 40 19  927 217YJ 54611615491459999999999999910 2 972318  999999999999999
 12 26 49 76101119128127118105 93 87 89100117137153159153133102 67 32  727 218YJ 62412917 1159999999999999991117 86999999999999999999999
 -4  2 22 53 86115134140133116 96 80 72 76 93118145165173164139102 61 2327 219YJ 655140175917399999999999999 0 9 -412 8 7299999999999999
 -3-11  1 29 66103132147146131107 81 62 56 66 90122154176182169138 97 5227 220YJ 725149184918299999999999999 053-111253 5699999999999999
 14 -8 -9 10 45 86123148156146122 92 63 45 44 60 91127160181183165130 8627 221YJ 755156193618599999999999999 133-111334 4299999999999999
 43 10 -5  3 30 69109142159157138108 74 46 32 37 59 9413116217817515311727 222YJ 824161202017999999999999999 2 9 -51415 3199999999999999
 75 37 12  8 24 56 95131156163151125 91 57 33 25 36 62 9713215716816013627 223YJ 85216321 416899999999999999 243  71455 2599999999999999
102 65 37 23 28 50 83119147161158139109 75 45 27 25 40 67 9912814715114027 224YJ 920162214715199999999999999 314 221535 2499999999999999
117 88 61 43 40 52 77108136154158147124 93 63 39 28 31 47 72 9811913113127 225YJ 947159223013399999999999999 342 391616 2799999999999999
120101 80 63 55 60 76100124144153149133109 82 57 40 34 40 55 74 9310811527 226YJ1013153231811599999999999999 4 7 551659 3499999999999999
113104 91 78 71 71 80 96115132143145137120 98 76 58 46 43 48 59 72 85 9527 227YJ1041145999999999999999999999 429 701751 4399999999999999
 99 99 95 88 83 82 86 95108121131136134125111 94 77 63 54 51 53 58 67 7527 228YJ 025100111413699999999999999 446 8219 7 5199999999999999
 83 89 92 93 93 93 94 98104111119125127125119109 96 83 71 61 55 52 53 5827 3 1YJ12 612799999999999999999999921 8 52999999999999999999999
 66 76 85 93 99102103103103105108112116120121119113103 90 76 63 53 46 4527 3 2YJ13551219999999999999999999992238 45999999999999999999999
 51 61 74 89101109112111107102 99 99104111118124126121111 96 78 60 45 3727 3 3YJ 6 91121548126999999999999991023 992328 3699999999999999
 38 46 62 81 99113120120113103 94 89 90 98110123133136131117 96 73 51 3527 3 4YJ 6241211654136999999999999991119 88999999999999999999999
 29 33 48 70 94114126129121108 93 81 77 82 96115133144146136116 90 62 3927 3 5YJ 643129174014799999999999999 0 4 291156 7799999999999999
 25 24 36 59 86112130136131116 96 77 67 67 80101125145155153136110 78 4927 3 6YJ 7 2136181815699999999999999 034 231227 6599999999999999
 28 20 27 48 76106130142140125103 78 60 54 62 82110137156162153130 98 6427 3 7YJ 721143185316299999999999999 1 1 201257 5499999999999999
 36 21 22 39 67 99128145148136113 84 59 44 45 61 89121148164163146117 8227 3 8YJ 741149192716699999999999999 126 191327 4399999999999999
 50 28 22 33 58 91123146154147125 94 64 41 32 42 66 9913215616515713410227 3 9YJ 8 115420 216599999999999999 151 211358 3299999999999999
 68 41 27 31 51 82116143158155137108 74 44 27 26 43 7310813915716014611927 310YJ 823159203816199999999999999 217 261431 2499999999999999
 87 58 38 35 48 74107137156161149123 89 55 30 19 26 49 8111414015214913127 311YJ 846161211615399999999999999 242 3415 6 1999999999999999
105 77 54 44 50 69 98127151161156137107 72 42 22 18 31 56 8711513514213527 312YJ 912162215814299999999999999 3 9 441544 1899999999999999
117 94 73 59 57 69 91117141156159147123 93 61 36 22 23 37 61 8711012512827 313YJ 940159224812899999999999999 337 561627 2199999999999999
121106 90 76 70 75 89109130146154151136113 85 59 38 28 30 42 61 8210011127 314YJ1013155235411599999999999999 4 5 701721 2799999999999999
115110102 92 86 85 91104119134144148142129109 86 64 46 36 35 43 56 72 8727 315YJ1055148999999999999999999999 437 851835 3499999999999999
 98105106104101 99 99103111120129136139137128113 94 74 56 43 37 39 47 6027 316YJ 15010612 313999999999999999 523 992018 3799999999999999
 75 90102109113113111108107108113119127134137133124107 87 65 47 34 30 3627 317YJ 43111314 213799999999999999 8 31072154 3099999999999999
 49 68 89107119125124118109101 97 99107119132142145138121 97 70 45 27 2127 318YJ 5211261547145999999999999991012 972259 2199999999999999
 28 45 70 97119134137131118101 87 80 83 96115136152158151132102 69 39 2027 319YJ 5521371659158999999999999991113 802347 1599999999999999
 15 26 50 81112136148145131109 85 67 61 68 88115143163170160135101 63 3227 320YJ 6191481754170999999999999991159 61999999999999999999999
 15 15 33 64100132153157146122 93 65 46 44 58 85119151172175161132 94 5627 321YJ 647158184317699999999999999 028 131239 4399999999999999
 27 16 24 50 86123152165160139107 72 43 28 32 54 87125156174173155122 8427 322YJ 714165192817699999999999999 1 4 161318 2899999999999999
 49 28 25 42 73111144166169154125 88 52 26 17 28 55 9212915717016414210927 323YJ 741170201117099999999999999 138 241356 1799999999999999
 75 47 35 41 65 99133160172165141106 68 35 15 14 31 61 9813115315914912627 324YJ 8 8172205316099999999999999 2 9 341434 1299999999999999
 97 69 50 48 62 89122150168169153124 87 52 25 13 18 39 7010212814414513227 325YJ 834170213414699999999999999 238 471511 1399999999999999
111 87 68 59 65 84111138158166158137106 72 42 23 18 29 50 7710312313212927 326YJ 9 0166221613299999999999999 3 5 591548 1899999999999999
117 99 83 72 72 84104127147158157144120 91 62 40 28 29 41 60 8110111411827 327YJ 92715923 211899999999999999 330 711627 2799999999999999
115105 94 84 81 86 99117134147151144129107 82 60 45 38 41 51 66 82 9510427 328YJ 955151999999999999999999999 353 811711 3899999999999999
107105100 94 91 92 99110122134140140132118100 81 65 54 49 51 58 68 79 8927 329YJ 0 4107102714199999999999999 416 901812 4999999999999999
 96101102101100 99101106113121127130129123113100 86 73 63 57 56 59 65 7427 330YJ 2 1102111513099999999999999 442 991948 5699999999999999
 83 93100106108108108107107110113117121122120114105 94 81 70 61 56 56 6027 331YJ 439108125612299999999999999 7 81072133 5599999999999999
 70 82 95107114117116112106102100103108115121124121114102 87 72 59 51 5027 4 1YJ 5 911715 612499999999999999 9531002237 5099999999999999
 57 70 87104118125126119109 98 90 88 92102114125132131122107 87 68 53 4527 4 2YJ 5311271624132999999999999991051 882318 4499999999999999
 47 58 77 99118132135129116 99 84 75 75 85101119135142139127106 82 60 4527 4 3YJ 5521351715142999999999999991128 742351 4199999999999999
 41 49 67 92116135143140125104 82 65 59 65 82106129146151144126100 73 5127 4 4YJ 61214417571519999999999999912 1 59999999999999999999999
 39 42 58 83111136150150137113 85 60 46 45 60 85114140155157144119 90 6227 4 5YJ 631152183515899999999999999 020 391231 4499999999999999
 44 39 50 74104133153159149126 94 62 38 29 37 60 92125150161157138109 7927 4 6YJ 652159191316299999999999999 047 3913 3 2999999999999999
 54 42 46 66 95127153165161140108 72 40 20 18 34 65101134156162151128 9827 4 7YJ 715166195116299999999999999 115 421336 1699999999999999
 70 51 47 60 86118147166169155126 88 50 21  8 14 37 7210913915615714211727 4 8YJ 740170203115899999999999999 143 471411  799999999999999
 89 66 55 59 79108138162173166144109 70 34 10  4 16 44 7911413915114713127 4 9YJ 8 8173211415199999999999999 213 541449  399999999999999
107 84 68 64 75 98126152169171157130 94 56 25  7  7 23 51 8411413414113627 410YJ 83917222 214199999999999999 244 641531  599999999999999
120101 84 75 78 92115139158168164146118 83 50 25 12 15 31 57 8510912513027 411YJ 914168225913099999999999999 317 751619 1199999999999999
125114100 90 86 92106125143157161154136110 80 53 32 22 25 38 59 8110111527 412YJ 954161999999999999999999999 353 861717 2199999999999999
121119112105 99 98103114127140149151145130109 85 62 43 33 33 42 57 75 9327 413YJ 014121104715199999999999999 440 971831 3299999999999999
107116118117112108106107113121130138141139130115 95 74 56 43 38 42 54 7027 414YJ 2 1118121014199999999999999 6 710620 1 3899999999999999
 89105118124125121114108104104108116126134138135124107 86 65 49 40 41 5127 415YJ 33712514 613899999999999999 8301032124 3999999999999999
 69 90111126134134127115102 92 88 91102117132142144135118 95 70 50 39 4027 416YJ 42813515411449999999999999910 1 882226 3899999999999999
 52 74 99123139145141127107 88 73 68 74 90112133148153144125 99 71 49 3927 417YJ 5 31451651153999999999999991057 682315 3899999999999999
 42 59 85114139153154142120 93 68 52 49 61 83111138155159149127 97 68 4827 418YJ 5341551747160999999999999991142 492355 4199999999999999
 41 50 73103133155164156136106 74 47 33 35 53 81114143160162148123 92 6527 419YJ 6 21641836163999999999999991222 31999999999999999999999
 48 48 64 91123151168168152123 87 53 27 18 27 51 85119147161159142115 8627 420YJ 631170192116299999999999999 032 4613 1 1899999999999999
 63 53 60 81112142165174165140105 67 34 13 11 26 55 9112414815715113110527 421YJ 65917420 415799999999999999 1 5 531338 1099999999999999
 80 64 62 75101131157173172154124 86 49 21  7 12 33 64 9812714615014012027 422YJ 728174204615099999999999999 137 611414  799999999999999
 97 77 69 74 93119146166172163139106 69 36 15  9 20 43 7410412814013912827 423YJ 756172212614199999999999999 2 8 681450  999999999999999
109 91 78 77 88109133155167165150123 89 56 30 16 17 32 55 8310812513212927 424YJ 82516822 813299999999999999 237 761526 1599999999999999
117102 89 83 87101121142157162154135108 78 50 31 24 29 45 66 8910812112427 425YJ 855162225312499999999999999 3 6 8316 4 2499999999999999
119109 98 91 90 97111128144153152142122 97 72 51 38 35 42 56 74 9210711527 426YJ 928154234911799999999999999 336 891647 3599999999999999
117114107100 96 98105117130140145141130113 92 72 56 47 46 52 64 78 9310427 427YJ10 6145999999999999999999999 413 961738 4599999999999999
112114113108104102103109117126132135132122109 92 76 64 56 55 59 68 80 9227 428YJ 1 4114105713599999999999999 5 81021844 5599999999999999
103112116116113109106105107111117123126125119109 97 83 71 63 60 62 69 8027 429YJ 233117121812699999999999999 65310520 6 6099999999999999
 94106116122123119112105100 98101107114120123121114103 90 76 66 61 63 7027 430YJ 33712314 812399999999999999 853 982119 6199999999999999
 83 99114126131129122110 98 89 85 88 97108119126127121109 94 78 66 60 6327 5 1YJ 41613115371289999999999999910 3 852212 6099999999999999
 73 90109126137139133119101 84 73 70 76 90107123133135127113 94 76 63 5927 5 2YJ 4451401641135999999999999991049 702254 5999999999999999
 65 81102124141148145130109 85 64 53 54 67 87111130142142131113 91 72 6127 5 3YJ 5111481731143999999999999991126 522331 5999999999999999
 61 72 93118141155156144121 92 63 42 35 42 62 89118139150147132110 87 6827 5 4YJ 53615718171509999999999999912 1 35999999999999999999999
 61 66 84110137157166159137106 71 40 22 19 34 62 95126147155148129105 8227 5 5YJ 6 316619 015599999999999999 0 5 601237 1899999999999999
 66 64 76100129154170171155126 88 50 20  6 10 32 6510213315215614512410027 5 6YJ 633173194415699999999999999 039 631315  599999999999999
 79 68 72 90117146168178171147111 70 32  5 -3  8 35 7110813715215313911827 5 7YJ 7 5178203015499999999999999 114 681356 -399999999999999
 95 79 74 83105133159177180166137 98 56 20 -2 -5 11 40 7711113714914613327 5 8YJ 741181211915099999999999999 150 741439 -699999999999999
113 94 82 82 95118144167179176158126 87 48 16 -1  0 18 47 8111213414313927 5 9YJ 821180221214399999999999999 229 801527 -299999999999999
127110 95 88 91106127149167175169149118 82 47 20  7 10 27 54 8411112913727 510YJ 9 5175231113799999999999999 311 881619  699999999999999
134123110 99 94 99112130148162167160141114 82 52 29 19 21 37 60 8610912527 511YJ 956167999999999999999999999 4 1 941717 1899999999999999
133131123112103 99102112126140151156151136114 87 61 42 32 33 45 65 8710827 512YJ 01813311 015699999999999999 5 6 991822 3199999999999999
124132132126116107100100105115128139145144134117 95 73 54 44 43 53 70 9127 513YJ 129133122214599999999999999 635 991932 4299999999999999
111127136136130119106 96 91 93101113126136140135122104 83 65 54 52 60 7627 514YJ 234137135814099999999999999 815 912041 5199999999999999
 97118134143142133118101 87 78 77 84 98115130138138128112 91 73 61 59 6727 515YJ 325144152713999999999999999 935 762142 5899999999999999
 84106128145151147134113 91 72 60 60 69 87108128140142133117 96 77 66 6527 516YJ 4 71511641142999999999999991035 592234 6499999999999999
 76 95119141155158149129103 76 54 43 44 58 81106129143145136119 98 79 6927 517YJ 4441591741146999999999999991123 422319 6999999999999999
 72 86108133154164162146120 88 59 36 28 33 52 80109133146147136117 96 7927 518YJ 51816518331489999999999999912 6 272359 7399999999999999
 73 80 98122147164169160137106 71 41 22 18 29 53 84114137148146133113 9327 519YJ 5521691920149999999999999991246 17999999999999999999999
 80 78 90111136158171169153125 90 55 27 12 14 31 59 9112014014714212610727 520YJ 62417220 214799999999999999 037 771323 1199999999999999
 89 81 85101124148166173164142110 74 40 17  9 17 39 6910012614114413511827 521YJ 657173204214499999999999999 112 8114 0  999999999999999
100 87 84 93112136157170170155129 95 60 31 14 13 26 50 8010812914013812727 522YJ 730172212114099999999999999 146 841436 1199999999999999
111 96 87 89102122144162169163144115 81 50 27 17 21 38 63 9011513113613127 523YJ 8 416922 013699999999999999 219 871512 1799999999999999
119105 93 89 96111131150162164153131102 72 45 29 24 33 51 7510011913013227 524YJ 839165224013299999999999999 253 891549 2499999999999999
125113101 93 93102117135150158156142120 92 66 45 34 35 46 64 8610612112927 525YJ 916159232312999999999999999 330 921628 3399999999999999
128121110100 95 98107121136147151146131110 87 65 49 43 46 58 75 9411112327 526YJ 956151999999999999999999999 413 9517 9 4399999999999999
128126119110101 98100108120132140142136123104 85 67 56 52 57 68 8410111627 527YJ 012128104514299999999999999 5 8 981755 5299999999999999
125129127120110102 98 99105114124131133128117102 86 72 63 61 66 77 9110727 528YJ 1 5129114813399999999999999 619 981848 6199999999999999
120129132129121110101 94 93 97105114122126124116104 91 78 70 68 73 83 9827 529YJ 158132131012699999999999999 744 931948 6899999999999999
113127136137132121108 94 85 81 85 93105116123124119109 96 84 76 74 78 9027 530YJ 245138144112599999999999999 9 0 812050 7399999999999999
105122136143143134119100 83 70 66 70 82 98113124128125115102 89 80 77 8327 531YJ 32614416 112899999999999999 959 662147 7799999999999999
 96114133146152148133112 88 66 52 48 56 73 94115129135132121106 91 82 8027 6 1YJ 4 415217 7135999999999999991048 482238 8099999999999999
 89105126145158160150129101 71 46 32 31 44 67 94119136143138125108 92 8327 6 2YJ 44116118 4143999999999999991132 302324 8299999999999999
 84 96116139158169166150122 87 53 27 14 18 37 66 98125143149142126107 9127 6 3YJ 5191701855149999999999999991216 13999999999999999999999
 84 88104127152171178170147113 73 36 10  1  9 34 6710213214915214312510627 6 4YJ 559178194415399999999999999 0 9 8413 1  199999999999999
 90 86 94113139164181184171142103 60 23 -1 -7  7 35 7210813715215314112227 6 5YJ 642185203315499999999999999 052 861347 -799999999999999
103 90 88100122149173187187169136 95 51 15 -6 -7 10 41 7811414015215113827 6 6YJ 728189212215399999999999999 137 871435 -999999999999999
119100 90 91105128154177188184164130 88 47 14 -3 -1 18 49 8611914215114727 6 7YJ 816189221115199999999999999 224 891524 -599999999999999
133115 99 90 93108131156175184178157124 85 47 19  5 10 30 60 9412314314927 6 8YJ 9 718423 114999999999999999 314 901614  599999999999999
144130112 97 90 94108129151168175169149119 84 52 28 19 25 45 7310312814427 6 9YJ10 3175235114899999999999999 4 9 9017 5 1999999999999999
148141127110 96 89 92105123142157163158141116 87 60 41 35 42 61 8611213327 610YJ11 4163999999999999999999999 511 891757 3599999999999999
146148140125109 94 87 88 97112128142149147134115 92 70 56 52 59 76 9812027 611YJ 041148121514999999999999999 623 861851 5299999999999999
138148148139124107 91 81 80 86 98113127136137130116 98 82 70 68 74 8910827 612YJ 130149133813899999999999999 743 791948 6799999999999999
128144151150139123104 86 73 68 72 83 99114126131129119106 92 82 80 86 9927 613YJ 22015215 913299999999999999 9 3 682048 8099999999999999
117135149155152139120 98 77 62 56 59 70 87106121130131124113100 91 88 9427 614YJ 3 81551635131999999999999991011 552148 8899999999999999
107125142155159153137115 90 66 49 43 47 61 81103121132134129117104 95 9327 615YJ 35515917451359999999999999911 7 432244 9399999999999999
100114132149160162153133107 79 54 37 32 39 57 81105125137138131118105 9627 616YJ 4391631839139999999999999991154 322333 9499999999999999
 95104120140156166164150126 96 66 41 26 25 37 59 8611213214114013011610227 617YJ 5211661923142999999999999991235 24999999999999999999999
 95 97109128148163170163144116 84 53 30 19 23 40 66 9512113814413912611027 618YJ 6 117020 114499999999999999 017 941314 1999999999999999
 98 93 99115136156169171160136104 71 41 22 17 26 48 7710613014314413512027 619YJ 639172203614599999999999999 056 931350 1799999999999999
104 93 93104123145163173170153125 92 59 33 19 20 35 61 9011713714514112827 620YJ 71617421 914599999999999999 132 921425 1799999999999999
112 97 91 95110131152168173165143113 79 49 28 21 28 48 7610412714114413527 621YJ 753174214114499999999999999 2 8 911459 2199999999999999
120104 93 90 99116138158170170156131100 69 43 29 28 41 64 9111713514314027 622YJ 829171221314399999999999999 243 901532 2799999999999999
129113 98 90 92104123143160167162145119 89 61 42 34 40 57 8110612714014327 623YJ 9 6167224614399999999999999 321 8916 4 3499999999999999
136122107 94 89 94108126144157160151132107 80 58 45 44 54 73 9611913514327 624YJ 945160231914499999999999999 4 1 891636 4399999999999999
141132117102 92 89 96109126141150149139121 98 76 60 53 56 69 8911012814127 625YJ1027151235414499999999999999 447 891710 5299999999999999
144139127112 98 89 88 95107122134141139129112 94 77 66 63 70 8410212113627 626YJ1118141999999999999999999999 540 871746 6399999999999999
144145137124109 95 86 84 90101113125131130122109 95 82 75 75 83 9611312927 627YJ 033145122213199999999999999 643 841830 7499999999999999
141147145136121105 89 79 76 80 90103115122124120111100 91 85 86 9310512027 628YJ 116148134712499999999999999 755 761925 8599999999999999
135146151147136119100 82 69 64 67 77 91106118123123117109100 95 9410011227 629YJ 2 5151152512499999999999999 9 7 642034 9499999999999999
126141152156151138117 94 72 55 48 51 63 81100117127130126118108101 9910427 630YJ 2581561654130999999999999991012 482147 9999999999999999
116132148160164157140115 86 59 39 31 35 51 74 9912013413913512611310410127 7 1YJ 35216418 21399999999999999911 9 31225310199999999999999
106120138157170173164142112 77 45 23 15 22 42 7110112714314814212911410327 7 2YJ 44717418561489999999999999912 2 152350 9999999999999999
100107123145166181183171144107 68 32  9  2 13 39 7210713515215414612911127 7 3YJ 5401841943155999999999999991252  2999999999999999999999
 99 97107127152176191192175144102 59 22 -1 -5 11 41 7911614415815814512527 7 4YJ 632193202716099999999999999 041 961340 -699999999999999
106 93 93106130159184198196176141 96 51 15 -5 -4 16 50 9012715216315814127 7 5YJ 72319921 816399999999999999 131 911427 -799999999999999
118 98 87 89106132162187200195172135 90 47 14 -1  5 29 6510413815916415427 7 6YJ 814200214916499999999999999 220 861513 -199999999999999
134110 90 81 86105133162185195188164127 85 46 20 11 21 48 8311914816316227 7 7YJ 9 6195222816499999999999999 3 9 811557 1199999999999999
149126102 84 77 84103130156176184175152119 82 51 31 28 43 6910213315516427 7 8YJ 95818423 716499999999999999 4 0 771639 2799999999999999
159142119 96 79 74 82100123146162168159139112 83 59 47 50 66 9111914315927 7 9YJ1054168234616399999999999999 455 741720 4799999999999999
162154136113 92 77 73 79 94113132145150144129108 88 72 66 72 8710913115027 710YJ1155150999999999999999999999 555 7318 1 6699999999999999
160159148131109 90 76 71 74 85100116128133131122109 96 87 85 9110412113927 711YJ 027161131213399999999999999 7 5 711845 8499999999999999
152158156145127108 89 75 67 68 75 87101113121124120114106100 9910411412827 712YJ 112158145312499999999999999 826 671942 9999999999999999
141152157153143126107 87 71 62 59 64 75 9010411612312412111511010811011827 713YJ 2 6157164512499999999999999 948 59205910899999999999999
130142152156153143126105 84 65 53 50 55 67 8410211812713112812111411011127 714YJ 3 715618 0131999999999999991055 50221811099999999999999
119130143154159156144125101 77 57 44 41 48 64 8510712513513713212311310827 715YJ 4 91591846137999999999999991146 41232010799999999999999
109118131146158163159144121 94 67 46 34 35 47 68 9311713414314113211910827 716YJ 5 31631920143999999999999991228 33999999999999999999999
103106118135153166169161142114 84 56 36 28 33 51 7710512914414714112711227 717YJ 549169195014799999999999999 0 710313 5 2899999999999999
101 98106122143162173173160135104 71 44 28 26 38 62 9111914015014813611827 718YJ 630175201715199999999999999 046 981338 2599999999999999
102 93 95108129152171179173154125 91 58 35 25 30 49 7710813415015314412727 719YJ 7 7179204415399999999999999 121 9314 9 2599999999999999
108 93 88 95114138161177180168144111 77 48 30 28 41 66 9612514615515013627 720YJ 74318121 915599999999999999 154 881438 2799999999999999
116 97 85 86 99121147168179176158130 96 64 41 32 38 58 8611614015415514427 721YJ 817179213415699999999999999 228 8415 6 3299999999999999
125104 87 81 87104129153170175166144114 83 56 41 40 54 7810713315215815227 722YJ 852175215915899999999999999 3 2 811532 3999999999999999
135114 94 80 79 89110134155167166152129100 73 54 47 54 73 9912614715815727 723YJ 927168222515999999999999999 338 781559 4799999999999999
145125103 85 76 79 92113135151158154138115 90 70 58 59 72 9311814015515927 724YJ10 6158225215999999999999999 417 761626 5799999999999999
152136115 95 79 74 79 93112131144147140125106 87 73 69 75 9011113214915827 725YJ1051147232415999999999999999 5 1 741655 6999999999999999
157146128108 89 76 72 78 91107123133135129117103 90 83 83 9110612414115327 726YJ1147135999999999999999999999 553 721728 8299999999999999
158154141123103 85 73 69 73 84 98111121125123116107 99 95 9710511813214527 727YJ 0 215813 612599999999999999 7 0 691811 9599999999999999
155157152140123103 84 70 63 64 72 84 9811111912212011611110810911412313527 728YJ 05215715 612299999999999999 822 62192310899999999999999
147156159155144126104 82 64 53 50 57 70 8710411812713012812311811511612327 729YJ 2 015917 413099999999999999 946 50211111599999999999999
134147159165163152133107 80 55 39 34 41 57 7910312313614113913112111411327 730YJ 31916518 8141999999999999991056 34224011399999999999999
119132149165175175163140108 74 44 25 19 28 49 7810813314915214613311810827 731YJ 4311761851153999999999999991153 19234310599999999999999
105114131153174188188173145107 67 33 11  8 21 49 8512014616016014812911027 8 1YJ 5321901929162999999999999991242  7999999999999999999999
 97 96108131159184199198180146103 58 23  3  4 24 58 9813516016916214411927 8 2YJ 62720120 416999999999999999 035 941328  199999999999999
 97 84 86103132164192207203180142 95 50 17  2  9 36 7511615117117315913427 8 3YJ 718208203817499999999999999 122 831410  299999999999999
106 83 72 78101133168195207199173133 87 46 18 10 25 56 9613516417717215127 8 4YJ 8 8207211117799999999999999 2 8 721450 1099999999999999
122 92 70 64 74100133167191199188161122 81 46 27 28 48 8111915317417816527 8 5YJ 856199214417899999999999999 254 631527 2499999999999999
140109 81 62 59 73 99131160180184171145111 78 52 43 51 7410613916417617327 8 6YJ 945184221617799999999999999 340 5816 3 4399999999999999
155128 98 73 59 60 74 98125149163164152130104 80 65 64 76 9912715216917327 8 7YJ1035165224917399999999999999 428 571636 6299999999999999
164144118 92 71 61 63 75 95116134144144135119102 87 81 85 9911914015816727 8 8YJ1132145232416899999999999999 520 6017 7 8199999999999999
166154135112 90 73 65 66 75 89104118126128123115105 99 9810411613114515627 8 9YJ1245128999999999999999999999 622 641739 9899999999999999
161157146129110 92 78 69 68 72 81 9210311211711811611311111211612413414427 810YJ 0 4161144711899999999999999 744 67182111199999999999999
151154151142129112 96 81 71 66 66 72 82 9410511512112312312112012112513127 811YJ 1 0154171712399999999999999 925 6520 912099999999999999
139146150150143132116 99 82 68 59 58 63 75 9010612012913213112612111812027 812YJ 22415118 8132999999999999991043 58221011899999999999999
126134144151153148137119 98 77 61 51 50 58 74 9411413013913913412511611127 813YJ 3501531836140999999999999991135 49231511199999999999999
113121134147157160155140118 92 68 50 42 45 59 8110512714214714213111710627 814YJ 4531611859147999999999999991214 42235710299999999999999
102107120138155167168159138111 82 57 40 36 46 67 9412114115215013912210627 815YJ 5401691922153999999999999991246 36999999999999999999999
 95 95105124147166176174158131100 69 45 33 37 55 8211213815415714813010927 816YJ 619177194415799999999999999 032 931315 3399999999999999
 92 85 91108133158176182173151119 85 55 37 33 46 7110213115316115613911627 817YJ 65518220 616299999999999999 1 4 851342 3399999999999999
 94 80 78 91115143168182182166138104 70 45 35 41 62 9212415016316314812527 818YJ 728184202716599999999999999 135 7714 8 3599999999999999
 99 79 70 76 96124153174183175153122 88 59 42 41 57 8411614416316815713627 819YJ 8 1183204816899999999999999 2 6 701432 3999999999999999
109 83 67 65 78103133159175177163137105 75 53 46 55 7810813816017016514727 820YJ 835178211017099999999999999 238 641456 4699999999999999
120 92 70 60 64 83110139161170165147120 92 68 56 58 7510113015416916915627 821YJ 910170213317199999999999999 311 591520 5599999999999999
133105 79 61 57 67 89115140156160151132107 84 69 65 75 9612214616417016327 822YJ 947160215817099999999999999 347 571545 6599999999999999
145119 92 70 58 58 71 92116136147147137119100 85 77 81 9511513815616616627 823YJ1031148222716899999999999999 427 561612 7799999999999999
154134109 85 67 58 61 73 92111126134134125113101 92 91 9811212914615916427 824YJ112513523 416499999999999999 516 581640 9199999999999999
160147127105 84 68 61 62 71 8510011312112312011410810510611312313614815727 825YJ1250123235616099999999999999 621 60171510599999999999999
160155144128108 89 72 62 59 64 74 8710011111812212212011811812112713514427 826YJ1529122999999999999999999999 752 59183211899999999999999
152157156149135117 96 76 60 52 51 59 73 9010712113013413312912412212312827 827YJ 123157171713499999999999999 931 50211412199999999999999
138149158163160148128103 76 54 40 37 45 63 8711013014314614213312211411227 828YJ 3 81631756146999999999999991045 37224411299999999999999
118131148165175174161137106 72 44 27 25 37 61 92122145157156146128111 9927 829YJ 4281761828158999999999999991140 242339 9699999999999999
 97107127152174188188172142104 65 33 17 18 37 69106139161168160141116 9427 830YJ 5301901858168999999999999991225 15999999999999999999999
 81 82 98125157185200197177141 98 56 25 13 21 48 86125158175174157130 9927 831YJ 622201192717799999999999999 026 7913 6 1399999999999999
 74 63 70 93127163192205199173134 89 49 23 18 35 6810914717418317214711327 9 1YJ 711205195718399999999999999 1 9 631343 1799999999999999
 80 56 50 62 91129166193202191162123 80 46 29 33 57 9313316618418316413227 9 2YJ 758202202618699999999999999 151 491419 2899999999999999
 95 63 44 43 61 93130164186191176147111 75 50 43 55 8311915417818617615027 9 3YJ 844191205618699999999999999 233 411452 4399999999999999
116 80 52 38 43 64 95129157173173158132101 75 61 63 8010914116718118016327 9 4YJ 930175212518399999999999999 315 371523 5999999999999999
135101 69 47 40 48 69 97124146156153139118 97 81 76 8510413015417117716927 9 5YJ1017157215417799999999999999 358 401552 7699999999999999
148121 91 66 50 47 56 74 96117132138135125111 98 91 9310412214215816716627 9 6YJ1110138222516899999999999999 444 471618 9199999999999999
155135112 88 69 58 57 64 77 9210711712212211711010510410911913214515415827 9 7YJ122212323 115899999999999999 539 56164110499999999999999
154143127109 91 77 68 65 68 76 86 9610511211511611511411511912513314014627 9 8YJ1447116235514899999999999999 654 6517 211499999999999999
148145137126112 98 85 75 69 68 71 78 88 9910911712212412412312212412713227 9 9YJ1723124999999999999999999999 846 68194412299999999999999
137140141138130119105 90 77 67 63 64 72 84 9911412513113212912411811611727 910YJ 1431411742132999999999999991015 6322 811699999999999999
123131138144144138126109 91 73 61 55 59 70 8710712513614113712811710810527 911YJ 33314418 11419999999999999911 7 5523 310599999999999999
108117130143152153145129108 85 65 52 49 57 75 98121139147146136120105 9527 912YJ 4391531821148999999999999991145 492340 9399999999999999
 93101117136152162161149127101 74 54 44 47 63 87114138152154145127106 8927 913YJ 5251631840155999999999999991215 44999999999999999999999
 81 85100122146164171165146119 89 62 45 42 53 77106134154161154136111 8827 914YJ 6 417119 016199999999999999 012 811242 4199999999999999
 72 70 81104132157173175162138106 75 51 41 47 68 97128153165163146120 9227 915YJ 638176192016699999999999999 042 6913 8 4199999999999999
 69 58 63 83112143167178173153124 91 63 46 46 61 8912115016717015713110027 916YJ 712178193917199999999999999 111 581332 4499999999999999
 71 52 49 62 89122152172176165140108 77 56 48 58 8111314416617416614411227 917YJ 74617720 017499999999999999 141 481356 4899999999999999
 79 53 40 45 67 98131158171169151124 94 69 56 58 7610513616117517315512627 918YJ 820172202217699999999999999 213 401420 5599999999999999
 92 61 40 35 48 74107137158165157136110 85 68 64 75 9812715317217616514127 919YJ 856165204717699999999999999 246 351445 6399999999999999
108 75 48 35 37 54 82112137152154142123101 82 74 78 9411814316417317015327 920YJ 936155211417499999999999999 322 331512 7399999999999999
126 94 65 44 36 42 61 86112132142140130114 98 87 86 9511213315316616916027 921YJ1022142214616999999999999999 4 3 361539 8599999999999999
141115 87 63 46 42 49 65 86106122129128121111102 9810011012514115416216127 922YJ1123130222516299999999999999 453 4216 9 9899999999999999
151134111 88 67 54 49 53 65 80 9610911812111911511211111312013014014915427 923YJ13 4121232615499999999999999 6 1 49165111199999999999999
153146133115 96 77 62 54 53 59 70 85 9911112012412512312112012112513213927 924YJ1546125999999999999999999999 737 5219 212099999999999999
146149148140126108 87 68 54 47 49 60 76 9411312713513613312611811411311827 925YJ 116149164813799999999999999 916 47213311399999999999999
128140150156153140120 95 70 50 39 40 52 73 98122139148146137122108 98 9627 926YJ 3101561721148999999999999991025 382242 9599999999999999
103119139157167167153129 98 67 43 31 35 52 80111138155159151133110 89 7727 927YJ 4271691749160999999999999991117 312329 7599999999999999
 77 90114141166179178161131 95 61 36 27 37 61 95130156169166148120 91 6627 928YJ 5251811817170999999999999991159 27999999999999999999999
 55 60 81112146174188183162128 89 54 33 31 48 79116151173178164137102 6827 929YJ 616188184517899999999999999 012 551237 2999999999999999
 44 37 49 77114151179189181155119 81 51 36 42 67102140169183178155120 8127 930YJ 7 3189191418499999999999999 052 371312 3699999999999999
 47 27 26 45 78118154178184171144109 75 52 47 61 901261601811851701401012710 1YJ 748184194218699999999999999 132 241346 4699999999999999
 62 31 18 24 48 83121153171172156130 99 73 59 63 831141471721841791561222710 2YJ 833174201118599999999999999 211 171417 5999999999999999
 83 47 24 17 29 55 88122147159156140117 93 76 72 821051331591761791661392710 3YJ 918160204018099999999999999 251 171447 7199999999999999
105 70 41 25 24 39 64 93119138144139126108 92 83 861011221451631721671492710 4YJ10 414421 917299999999999999 331 231515 8399999999999999
123 92 63 42 33 36 51 72 94114126130125115104 95 941011151331491591611522710 5YJ1055130214016299999999999999 413 321542 9399999999999999
134111 86 64 50 45 49 61 76 931071161191171111061031041121231351451501482710 6YJ12 3119221515099999999999999 5 1 45161010399999999999999
139124105 86 71 60 56 59 66 77 891001081131141131121111121171231301361382710 7YJ14 011423 813899999999999999 6 5 56165311199999999999999
137130120106 92 79 70 64 64 67 75 84 951051131181201191171151151171211252710 8YJ16 3120999999999999999999999 740 63193511599999999999999
128130128122112100 87 76 67 63 64 71 82 961091201271281241181111071061092710 9YJ 056130164212899999999999999 917 63214410699999999999999
115123129131128120107 92 77 65 59 61 70 85102119131136133124112101 94 93271010YJ 25913117 7136999999999999991018 592237 9299999999999999
 99110123134139137126110 91 72 59 54 59 74 94115133143143133117100 85 78271011YJ 41313917291449999999999999911 0 542314 7899999999999999
 80 92110128142148143129108 85 65 53 52 64 84109132147152144126103 81 66271012YJ 5 31481750152999999999999991133 512346 6399999999999999
 63 72 91115137152155145126100 75 57 50 56 75101128149158154136110 82 59271013YJ 54415518101599999999999999912 1 50999999999999999999999
 48 52 69 96124148160158142117 90 66 52 52 67 93122148163163148121 89 59271014YJ 621161183116599999999999999 016 481228 5099999999999999
 39 34 46 72104135156163155134106 79 59 53 62 85114143164170160135101 65271015YJ 657163185317099999999999999 046 341254 5399999999999999
 37 23 27 47 79114143160161147123 95 71 58 60 78105136161174170150117 79271016YJ 733163191717499999999999999 117 221321 5799999999999999
 44 20 14 26 53 88123148159154136111 86 68 63 73 96126153172175162135 98271017YJ 811159194317699999999999999 150 131349 6399999999999999
 60 28 11 12 31 62 96127147153144125102 81 71 74 90115142164175170150119271018YJ 851153201317599999999999999 226  91418 7099999999999999
 82 46 20 10 17 39 69101127141143133115 97 83 79 87106130152168171161138271019YJ 936144204617299999999999999 3 6 101449 7999999999999999
106 71 41 21 16 25 47 74101122132132123110 97 90 91101118138155164163150271020YJ1029134212416599999999999999 351 151524 8999999999999999
127 98 69 44 28 25 34 52 75 97114123124119110103 99102110124138150155153271021YJ1138124221315599999999999999 445 2416 8 9999999999999999
141122 98 74 52 39 34 40 54 72 90106116121120116111108108113121130139144271022YJ1317121232814599999999999999 554 34172410799999999999999
144137123105 84 64 49 42 43 52 67 85102116124126124118112108107110117126271023YJ1457126999999999999999999999 721 41194410799999999999999
134139138130115 96 75 57 45 43 50 64 84104122132136131122110 99 93 93100271024YJ 122139155413699999999999999 846 432127 9299999999999999
112127138144140127106 83 61 46 41 49 66 89114133144145135119 99 82 72 73271025YJ 3 6144163214699999999999999 953 412228 7199999999999999
 84102123142151150136113 86 61 45 42 52 74102129149156150133108 82 60 50271026YJ 42115217 4156999999999999991044 412315 5099999999999999
 54 70 96124147159157141115 85 59 45 45 61 88119147163164150123 91 60 37271027YJ 5201601734165999999999999991128 432357 3099999999999999
 30 39 63 95128153164159140111 81 57 47 54 76107139163173165142108 70 37271028YJ 61216418 41739999999999999912 6 47999999999999999999999
 17 15 31 61 98132156164156134105 77 58 54 68 94127156174175159128 89 50271029YJ 659164183517799999999999999 037 141242 5499999999999999
 19  4  9 31 65102135155159147125 97 74 62 65 85113144168178170146110 70271030YJ 74416019 517899999999999999 116  41316 6199999999999999
 33  7  0 11 37 72107135150150136114 91 73 69 79102130156173174159130 92271031YJ 828152193617699999999999999 154  01349 6999999999999999
 54 22  4  3 19 47 80111133143139124105 87 77 79 931171421611701641441132711 1YJ 91114320 717099999999999999 233  21420 7699999999999999
 77 44 19  9 13 31 58 87112128133127114 98 86 83 901061271471601621511282711 2YJ 955133203916299999999999999 311  81451 8399999999999999
 98 67 40 23 18 27 45 68 91110122123118107 96 89 90 991151321461531501362711 3YJ1043124211315399999999999999 351 181524 8999999999999999
115 89 63 43 32 31 40 56 75 93108116117112105 98 95 971061181301391421372711 4YJ1139117215214299999999999999 434 3016 4 9599999999999999
124105 84 64 50 42 43 51 64 79 931051121141111061021001011071151241291312711 5YJ1252114224313199999999999999 525 4217 410099999999999999
126116101 85 70 58 52 52 58 68 81 931051121151141111061021011031081131182711 6YJ1414115999999999999999999999 629 51185210199999999999999
121119112102 89 77 66 59 58 62 70 82 95108117121120114107 99 94 93 961022711 7YJ 0 6121151612199999999999999 748 582047 9399999999999999
109114117114107 95 83 71 63 60 63 72 86101116125128125115102 90 82 79 832711 8YJ 159117155612899999999999999 9 0 602155 7999999999999999
 91103113119119113101 86 73 63 60 64 76 93112127135135125109 91 75 65 632711 9YJ 330120162713699999999999999 955 602239 6399999999999999
 71 85102116125126118103 86 71 61 60 68 85105125139144137120 97 73 55 46271110YJ 4331261653144999999999999991038 592315 4599999999999999
 49 63 83106124133131120103 83 67 59 62 76 98121141151148133108 78 51 33271111YJ 5231331718151999999999999991114 592349 2999999999999999
 29 39 60 87113132139135119 99 78 63 60 69 89114139155158147122 90 56 29271112YJ 6 61391744159999999999999991146 60999999999999999999999
 14 16 34 62 94122139143134115 92 73 62 65 80105132154165160140107 69 34271113YJ 646144181216599999999999999 022 131219 6199999999999999
  9  0 10 35 69103130144143130109 86 69 64 73 95122148166170157128 90 50271114YJ 727145184317099999999999999 057  01251 6499999999999999
 15 -5 -7 10 40 76110134144139123102 81 69 71 85109137160173169149115 74271115YJ 8 9144191717399999999999999 135 -81326 6899999999999999
 34  3-11 -7 15 47 83115135141133116 96 80 73 79 97122148167173163138103271116YJ 854141195517399999999999999 216-1214 2 7399999999999999
 62 25 -1-10 -1 22 55 88116132135126110 94 82 79 89107131152166168155128271117YJ 943135203616999999999999999 3 0-101442 7999999999999999
 93 56 24  3 -3  8 31 61 91114127129121108 94 86 86 96113133150160159145271118YJ1038129212416199999999999999 349 -31529 8599999999999999
120 89 56 28 11  8 18 39 66 92112123125118108 97 90 91 99112128142150148271119YJ1140125222215099999999999999 443  71628 8999999999999999
136116 89 61 38 23 20 29 47 70 92111122124119110100 93 91 95105117129137271120YJ1248124233813899999999999999 544 201750 9199999999999999
138130115 93 70 49 36 32 38 53 74 95113124127123114102 91 85 85 91101113271121YJ1355127999999999999999999999 652 321932 8499999999999999
124129127117100 80 61 47 42 46 60 79100118130133128116100 85 73 69 73 84271122YJ 114130145113399999999999999 8 2 4221 1 6999999999999999
 98113124127121108 90 71 56 49 53 67 87109128139140131114 93 72 57 50 54271123YJ 251127153714199999999999999 9 8 4922 7 5099999999999999
 67 86107123130127115 97 77 62 55 60 75 97120139148146131108 81 55 37 31271124YJ 41313016161499999999999999910 5 5523 0 3199999999999999
 37 55 79105124134132119100 80 65 60 67 85109133150156147127 97 65 37 18271125YJ 5191341654156999999999999991054 602345 1499999999999999
 15 26 48 78106128137134120100 80 66 65 76 97123146160159144117 82 47 19271126YJ 6141381730161999999999999991137 64999999999999999999999
  3  4 21 48 81111132139133117 96 78 68 70 86110136156165158136104 66 30271127YJ 7 313918 516599999999999999 027  21217 6799999999999999
  5 -6  1 22 54 87116134138129111 91 75 70 78 97122146162165152125 88 50271128YJ 747138184016699999999999999 1 6 -61255 7099999999999999
 17 -4 -8  5 30 63 95121134134122103 85 74 74 86108133154164160141110 73271129YJ 828135191516599999999999999 144 -91330 7299999999999999
 37  9 -5 -3 14 42 74103123131127113 96 81 74 79 95118140157161151128 95271130YJ 9 7131195016199999999999999 222 -714 5 7499999999999999
 60 28  6 -1  7 27 55 84109123126119105 89 79 77 861041251441551541391142712 1YJ 945127202515699999999999999 259 -11440 7699999999999999
 82 50 24 10  8 20 42 68 93112121120111 98 86 79 81 921101281431491431262712 2YJ102412221 114999999999999999 335  71517 7999999999999999
101 72 45 26 17 21 35 56 79100114119115106 94 85 81 85 971121271371391312712 3YJ11 5119214014099999999999999 412 171559 8199999999999999
113 90 66 45 31 27 34 49 68 88104114117112103 93 85 83 88 971101211281272712 4YJ1150117222512999999999999999 450 271651 8399999999999999
119103 83 64 48 39 39 47 61 78 94108115116112103 93 86 83 86 931031121172712 5YJ1240117232311799999999999999 532 381759 8399999999999999
116109 97 81 66 54 48 50 57 70 85100111118118113103 93 84 79 80 85 921012712 6YJ1333119999999999999999999999 620 481925 7999999999999999
106108103 95 83 71 62 57 58 66 77 91105116122121114103 89 78 70 68 72 802712 7YJ 044108142312399999999999999 717 572048 6899999999999999
 90 99103103 97 88 78 69 64 65 71 83 98112123128125115 99 82 66 56 53 582712 8YJ 22410415 712899999999999999 822 642151 5399999999999999
 69 82 95104106103 94 84 74 68 69 76 90106121132135128113 91 69 49 38 362712 9YJ 354106154713599999999999999 925 682239 3699999999999999
 44 60 79 97109113109100 88 76 70 72 81 97116132142141129107 79 52 30 19271210YJ 5 21131625143999999999999991019 702322 1899999999999999
 21 34 56 81102116121115103 89 76 71 75 88107128145151145126 97 64 33 10271211YJ 55612117 21519999999999999911 6 71999999999999999999999
  2  8 28 56 86110124127119104 87 75 71 79 96119141157159147121 86 47 14271212YJ 643127174116099999999999999 0 3  21149 7199999999999999
 -7-11  1 28 61 93118131131119102 84 73 72 84106131154167164146114 73 32271213YJ 728132182216899999999999999 045-121231 7199999999999999
 -1-19-19  0 31 68101125135131117 97 80 71 75 91115142164173166142105 62271214YJ 81213519 517399999999999999 128-211314 7199999999999999
 20-11-25-19  4 38 76108129136129112 92 77 71 78 97123150169175163136 97271215YJ 856136195117599999999999999 212-251358 7199999999999999
 53 13-14-24-13 13 48 85115132134125107 88 74 71 81101128152169171157128271216YJ 941135203917299999999999999 258-241444 7199999999999999
 89 48 12-11-16 -2 25 60 93119132132120102 84 72 71 82102127149162162147271217YJ1027134213016499999999999999 345-161535 7099999999999999
119 84 47 16 -1 -2 13 40 72101123132129116 99 82 71 71 81 99120139150149271218YJ1114132222715199999999999999 433 -41633 7099999999999999
136111 81 50 26 13 15 31 56 83109126132127113 96 80 70 68 76 90108124134271219YJ12 2132233213699999999999999 521 121740 6799999999999999
135124105 81 57 39 30 34 48 70 94115128132126112 95 78 66 62 67 78 92107271220YJ1251132999999999999999999999 612 301858 6299999999999999
118121115102 85 67 53 47 51 63 82102120131133126112 94 75 61 53 54 62 75271221YJ 053121134213499999999999999 7 7 472025 5399999999999999
 90103110110103 91 78 67 62 64 75 91109125135135127112 91 70 52 42 39 46271222YJ 230111143613699999999999999 810 622144 3999999999999999
 59 76 93105110107 99 88 77 72 73 83 98115130139139129110 87 62 41 28 25271223YJ 410110152814099999999999999 918 712248 2499999999999999
 32 48 68 89105113113106 95 83 77 78 87103120136144142129107 80 52 28 14271224YJ 5301141619144999999999999991022 762339 1199999999999999
 12 22 42 67 91109119118110 97 84 77 79 91108127142149144127101 70 39 15271225YJ 62712017 6149999999999999991117 77999999999999999999999
  2  4 19 43 71 97116124121109 94 81 76 80 94114135149153144122 91 57 26271226YJ 712124174915399999999999999 023  112 4 7699999999999999
  3 -5  2 22 50 81107123127120105 88 76 73 82100122143155155140113 79 43271227YJ 749127182915799999999999999 1 3 -51244 7399999999999999
 14 -4 -7  6 31 62 93116127126114 97 81 71 73 86108131150159153133101 65271228YJ 82312819 615999999999999999 139 -81321 7099999999999999
 31  5 -7 -2 16 45 77105123128121106 88 73 68 75 93117140155158146121 87271229YJ 854128194215999999999999999 214 -71356 6899999999999999
 52 21  1 -3  8 32 62 92115127126114 96 79 68 68 80101125145156153135107271230YJ 925128201715699999999999999 246 -41430 6699999999999999
 73 40 15  3  7 24 50 80106122127120105 86 71 65 70 85107130146151142121271231YJ 953127205215199999999999999 317  315 5 6599999999999999
