107104 98 90 84 82 85 94106119130135135128115100 84 70 61 57 60 68 79 9027 1 1Z41124136999999999999999999999 453 8219 1 5799999999999999
 99105107106102 98 97 99105114124131135134126113 97 79 63 52 47 49 58 7127 1 2Z4 2 0107121413599999999999999 554 972011 4799999999999999
 85 99110116116113109105105109115123131135134126112 93 73 55 42 37 40 5127 1 3Z4 337116131913599999999999999 73310521 7 3799999999999999
 68 87105119125126121113107105107114123132137135126109 87 64 44 31 27 3427 1 4Z4 430126141913799999999999999 9 21052152 2799999999999999
 49 71 94115129134131123112104101104113124135140137125104 78 52 32 20 2027 1 5Z4 5 713415101419999999999999910 01012231 1899999999999999
 31 53 79105126138140132119106 97 96102115129141145138121 95 66 39 19 1127 1 6Z4 5391401554145999999999999991042 9523 6 1199999999999999
 17 35 61 91118136144140127111 97 90 92103120136147147136113 83 52 26 1027 1 7Z4 6 81441632148999999999999991116 892339  799999999999999
  7 20 44 74105129143144134117100 87 84 92108127143151146129101 69 38 1527 1 8Z4 63614517 9151999999999999991147 84999999999999999999999
  5 10 29 58 90119139146140125105 88 79 82 95115135149151141118 87 54 2627 1 9Z4 7 3146174415299999999999999 010  51217 7999999999999999
  9  6 19 44 75106131144144132112 92 78 75 83100121140150147131105 73 4227 110Z4 728146181815099999999999999 040  61248 7599999999999999
 19 10 15 34 63 94122140145137120 99 81 71 73 86106126142147139119 91 6127 111Z4 754145185414799999999999999 1 8 101321 7199999999999999
 35 20 18 30 54 83112134144142128108 87 72 67 74 89109127139139128106 8027 112Z4 818145193314099999999999999 137 171356 6799999999999999
 54 35 27 32 50 75102126140143134117 96 78 66 65 74 90109124132129117 9627 113Z4 844144201513299999999999999 2 5 271436 6599999999999999
 74 54 42 41 51 70 94118135142139125106 86 70 62 63 73 8810511712311910827 114Z4 91014221 712399999999999999 236 401523 6299999999999999
 92 74 61 55 58 70 89110127138139132117 98 79 65 58 60 68 82 9610811311227 115Z4 940140221711399999999999999 3 9 551620 5899999999999999
104 93 82 74 72 77 88103119131137135126110 92 75 61 53 53 60 71 85 9710527 116Z41016137999999999999999999999 349 721732 5299999999999999
108106101 95 90 89 92101111122131134131122108 90 72 56 45 42 46 57 71 8727 117Z4 0 710811 513499999999999999 446 891854 4299999999999999
100109114114110106103103107114121128132131124110 90 69 49 34 27 30 41 5927 118Z4 226114121913399999999999999 6291032013 2799999999999999
 79 99115125128125118111107107111119127134136129114 92 66 40 21 11 13 2727 119Z4 356128134313699999999999999 8331062119 1099999999999999
 49 77103125138141135124113104102106116129140144137120 93 61 30  6 -5 -127 120Z4 449141145514499999999999999 9511012215 -599999999999999
 17 46 80112136149149139123107 96 94101116134148153145123 91 54 19 -6-1627 121Z4 5311501555153999999999999991043 9323 4-1699999999999999
 -8 15 50 89123147156151135114 95 85 85 98118140156160150124 87 46 10-1427 122Z4 6 81561648161999999999999991126 832349-2099999999999999
-20 -7 22 61102135155158147125101 81 73 79 97121145161163149120 80 39  527 123Z4 64315917381659999999999999912 6 73999999999999999999999
-15-15  4 38 79117146159155136110 85 68 64 75 97124148162160143111 72 3427 124Z4 715159182616399999999999999 030-171245 6499999999999999
  6 -6  1 25 61 99132153157145121 94 70 57 59 74 98124146156151132101 6627 125Z4 744157191215699999999999999 1 8 -61324 5699999999999999
 34 15 11 24 51 86119144154150131105 78 59 51 57 74 98121139145138118 9127 126Z4 811155195814599999999999999 142 1014 4 5199999999999999
 63 41 30 34 52 79109134149150138116 90 67 53 49 57 74 9511512813012310627 127Z4 836152204613199999999999999 213 301447 4999999999999999
 85 65 53 51 60 79103126142148142126103 80 61 51 50 59 73 9010511411610927 128Z4 859148214011699999999999999 241 501534 4999999999999999
 98 84 74 69 73 84101119134142141131114 94 75 60 53 52 59 70 83 9410110327 129Z4 923143225810399999999999999 3 5 691631 5299999999999999
101 96 90 86 86 92102115127135137132122107 90 74 62 55 53 57 64 74 83 9127 130Z4 950137999999999999999999999 326 851747 5399999999999999
 97 99100 99 99101105112119126129129125117105 91 76 64 55 50 51 56 64 7527 131Z4 146100103113099999999999999 338 991924 5099999999999999
 86 96104109111111110111113116119122123122116106 93 78 63 51 44 42 47 5727 2 1Z412 01239999999999999999999992046 42999999999999999999999
 71 87102113119120118113109107108112117122124120110 95 77 58 43 34 32 3927 2 2Z4 442121135012499999999999999 9 91072140 3299999999999999
 54 74 95113124129126118109101 98101108117126129125113 94 71 49 31 22 2427 2 3Z4 5 312915 01299999999999999910 4 982221 2299999999999999
 37 57 82106125134134125112 99 91 89 96109123133136129112 88 61 36 19 1427 2 4Z4 5271351549137999999999999991038 892255 1499999999999999
 21 41 67 96120136140133118100 86 80 84 97115132142142130107 77 47 23 1027 2 5Z4 55014016291439999999999999911 6 802325  899999999999999
 11 26 52 83112134143139125105 85 73 73 83102124141149143124 96 63 33 1227 2 6Z4 61214317 5149999999999999991134 712354  699999999999999
  6 16 39 70102129144145133111 88 70 63 70 87111134149151139114 82 48 2227 2 7Z4 63414617401529999999999999912 2 63999999999999999999999
  9 11 29 58 92122142148140120 94 71 58 58 71 94120141152148130101 67 3727 2 8Z4 655148181515299999999999999 020  81230 5699999999999999
 18 13 25 50 82114138149146129103 76 57 49 56 76101127145150140118 87 5627 2 9Z4 715150185115099999999999999 046 1313 1 4999999999999999
 32 21 26 45 74105132148149136113 85 61 46 46 59 81108130143143129105 7627 210Z4 736151192814599999999999999 112 211333 4499999999999999
 51 35 33 45 69 97125144150142122 96 69 49 41 46 62 86110129137133117 9527 211Z4 75715020 913799999999999999 138 3214 8 4199999999999999
 71 54 46 51 68 92117137147145130107 81 58 43 39 47 65 8710812212712110827 212Z4 819148205712799999999999999 2 6 461447 3999999999999999
 90 74 64 63 72 89110129141143135117 94 71 52 41 40 48 64 8310011211511227 213Z4 84314422 011599999999999999 234 621536 3999999999999999
103 92 83 79 82 91106121133138135125108 87 67 51 42 40 46 58 73 88 9910527 214Z4 911138234910799999999999999 3 5 791643 4099999999999999
107104100 97 96 99105114123129131127118105 88 70 54 43 38 39 47 59 73 8727 215Z4 950131999999999999999999999 343 961816 3799999999999999
 99107111113112111110112115118122124123118109 94 77 58 42 31 28 32 44 6027 216Z4 259113111712499999999999999 5461101957 2899999999999999
 80 98113123126125119113109107109114120125125119105 84 61 38 21 14 17 3127 217Z4 4 7126133412699999999999999 8571072113 1499999999999999
 53 79105125136138131120107 98 95 98108121132137131115 90 60 31 10  1  627 218Z4 442138145913799999999999999 958 9522 8  199999999999999
 25 54 87116138147144130112 94 82 81 90107127143149142122 91 55 22  0 -727 219Z4 51314716 1149999999999999991038 802254 -799999999999999
  3 29 64101131150153142121 96 75 65 69 85109135153159149123 87 48 15 -527 220Z4 5431541652159999999999999991115 652334 -899999999999999
 -6 11 43 82119146157152132104 76 57 51 62 85114142160163148119 80 42 1227 221Z4 6101581740164999999999999991150 51999999999999999999999
 -1  6 30 65104137156158143115 83 56 41 43 60 88120146161159141109 72 3827 222Z4 636159182416399999999999999 010 -11225 4099999999999999
 17 13 27 55 91126151159151127 95 63 40 32 40 62 92123146156150129 98 6627 223Z4 7 115919 715699999999999999 043 1213 0 3299999999999999
 40 29 33 53 83116143157155137108 76 48 31 30 43 67 96123141145136115 8927 224Z4 723158194914599999999999999 113 281336 2899999999999999
 64 49 47 58 81109135151154143120 90 61 39 29 34 49 73 9811913113112110327 225Z4 743155203213299999999999999 139 461412 2999999999999999
 83 68 62 68 83105127144150145128103 76 52 38 34 41 57 77 9711111811710827 226Z4 8 3150211811999999999999999 2 2 621450 3499999999999999
 96 84 77 78 88103120135143142131113 90 69 52 42 42 49 62 77 9110110610527 227Z4 823144222110699999999999999 222 771534 4199999999999999
101 94 90 89 94103115126134135130118102 85 68 56 50 49 54 62 73 83 91 9627 228Z4 844136999999999999999999999 238 891636 4899999999999999
 99100 99 99101105111118123126124119110 98 85 73 63 56 53 54 58 65 74 8327 3 1Z4 9 91269999999999999999999991817 53999999999999999999999
 92 99105108110110111112113114115114112108101 91 80 69 59 52 48 50 56 6727 3 2Z410 71159999999999999999999992011 48999999999999999999999
 80 94106114118117114109105103103106109112112108 99 86 71 56 45 39 41 5027 3 3Z4 421118133111299999999999999 9241032116 3999999999999999
 66 84102116124125119110101 93 91 94102111118121116104 87 66 48 35 30 3527 3 4Z4 436126145312199999999999999 956 912158 3099999999999999
 50 71 94115128132127115100 87 80 81 90104118128130122105 82 57 37 25 2427 3 5Z4 4551321542131999999999999991022 792232 2399999999999999
 36 58 84110129138135122103 84 71 68 76 92112129139137124100 72 45 26 1927 3 6Z4 5151381622140999999999999991047 6823 1 1999999999999999
 26 45 73102127141142130109 85 66 57 61 76 99123141147140120 91 60 34 2027 3 7Z4 5341431659147999999999999991113 572328 1899999999999999
 20 36 62 94123142148138117 90 65 49 46 59 82110135150151137111 79 49 2827 3 8Z4 5531481734152999999999999991139 452354 2199999999999999
 21 31 54 85116140151146127 99 69 45 35 42 62 91121144154149129100 68 4227 3 9Z4 61215118101549999999999999912 7 35999999999999999999999
 28 31 49 77109136151152136109 77 48 30 28 43 69101130148153142118 88 6027 310Z4 631154184715399999999999999 020 271237 2799999999999999
 42 37 48 71101129149154144120 88 56 32 21 27 48 77108134147146131107 8127 311Z4 651154192614999999999999999 047 3713 8 2199999999999999
 59 49 53 69 94121143153148130101 69 40 23 20 31 55 84112132141136120 9927 312Z4 71215320 814199999999999999 114 491342 1999999999999999
 78 65 63 72 91114135148148136113 84 55 32 21 23 37 60 8611012513012411127 313Z4 734150205713099999999999999 142 621421 2099999999999999
 95 82 76 79 91108126139144138122 99 73 49 32 25 29 42 62 8310111311811527 314Z4 75814422 311899999999999999 210 7615 9 2599999999999999
107 98 92 91 96106118129136135127111 92 71 52 39 32 34 44 58 74 8910110827 315Z4 825136999999999999999999999 240 901616 3299999999999999
110108106104104107113119124126124118107 93 77 61 48 39 36 40 49 62 77 9127 316Z4 0 1110 9 212699999999999999 3211041755 3699999999999999
103111115117115113111111111113115116115110101 88 73 56 42 34 32 38 51 6827 317Z4 25511711 611699999999999999 7 11111943 3299999999999999
 87105119126127123115106100 97 99105112118120115102 83 62 42 28 23 29 4427 318Z4 339127134712099999999999999 9 6 972058 2399999999999999
 67 92115130137134123107 93 83 80 86 99114128134129114 90 63 38 21 16 2527 319Z4 4 913715 713499999999999999 947 802150 1699999999999999
 46 75104129143144133114 92 73 63 65 78 99121139147141121 92 60 33 17 1627 320Z4 43614516 4147999999999999991021 622233 1499999999999999
 30 57 90121143152145125 98 71 51 45 54 75103131150156146122 89 56 30 1827 321Z4 5 21521653156999999999999991055 452311 1899999999999999
 24 45 77111139154154137109 76 48 33 33 49 78110139157159145117 83 52 3227 322Z4 5271561737160999999999999991129 312344 2799999999999999
 28 40 67100131153159148122 88 54 29 20 28 52 84118145159156138109 77 5227 323Z4 55115918201609999999999999912 2 20999999999999999999999
 40 44 63 92123147159154134102 66 35 17 16 31 59 92124146154147127 99 7327 324Z4 61316019 115499999999999999 015 391234 1499999999999999
 56 53 64 87115140156157142115 81 47 23 13 19 39 69100127142145134115 9227 325Z4 635158194114699999999999999 043 5213 7 1399999999999999
 73 65 70 85108132149155147126 96 63 36 20 17 29 51 7810512513413312110427 326Z4 655155202113599999999999999 1 9 651340 1799999999999999
 88 78 77 86103123140149146132108 79 53 33 24 27 40 61 8410511912412011127 327Z4 71614921 412499999999999999 134 761414 2499999999999999
 99 89 85 90101116130140141133116 93 70 50 37 33 38 51 68 8610111011311127 328Z4 73814222 011399999999999999 158 851454 3399999999999999
105 98 94 95100110120129132129119103 85 68 54 45 44 48 58 70 83 9410210527 329Z4 8 1132233710699999999999999 222 941545 4399999999999999
106104102101103107112118121121117108 97 84 72 62 55 52 54 59 68 77 87 9627 330Z4 828122999999999999999999999 25210117 7 5299999999999999
102107109109108107107108109110109108104 98 90 80 71 62 56 54 56 62 72 8327 331Z4 237109 91611099999999999999 53210719 2 5499999999999999
 95105113116115111106101 98 97 98101104106104 98 89 77 65 55 50 51 57 7027 4 1Z4 31811613 010699999999999999 853 972025 4999999999999999
 85101114122123118109 98 89 84 85 91 99108114114108 95 79 63 50 44 46 5727 4 2Z4 342124143311599999999999999 924 842115 4499999999999999
 74 94112125131127115 99 84 74 71 76 88103117125124114 97 77 57 44 40 4627 4 3Z4 4 3131152612699999999999999 950 712153 4099999999999999
 63 85108127136135123104 83 66 57 60 73 92113129136132117 95 70 50 39 4027 4 4Z4 42313716 8136999999999999991016 572225 3899999999999999
 53 76102125140143133112 86 62 46 43 54 75101125141145136115 89 63 45 3927 4 5Z4 4431431647146999999999999991043 432255 3999999999999999
 47 67 94121141149142122 93 63 40 29 34 54 82113138151150135110 81 57 4527 4 6Z4 5 31491725152999999999999991111 292324 4399999999999999
 46 61 87115139152150133104 71 40 21 18 32 59 92124147156149130102 75 5627 4 7Z4 52315318 4156999999999999991140 172354 5099999999999999
 50 59 80107133151155143118 83 48 21  9 14 35 67102133152155144122 95 7327 4 8Z4 5451561844156999999999999991212  8999999999999999999999
 60 61 76100126147156151130 98 62 30  9  4 16 42 76110136150149135114 9127 4 9Z4 6 9156192715199999999999999 024 591247  499999999999999
 75 69 76 94117138152153140114 80 46 19  5  7 23 50 8211213414313912610827 410Z4 634154201314399999999999999 055 691324  499999999999999
 91 81 82 92109129144150144126 99 67 38 18  9 14 31 57 8510912613312911827 411Z4 7 115021 713399999999999999 127 8014 7  999999999999999
105 95 90 94105119133141141132113 89 62 39 23 18 23 38 60 8210211612212127 412Z4 731143221812399999999999999 2 2 9015 0 1899999999999999
115107101100104111121129133130121105 86 65 47 34 29 32 42 59 77 9410711527 413Z4 8 8133999999999999999999999 24710016 9 2999999999999999
118116112109107107110114118120119114104 91 75 60 47 39 37 43 55 71 8710227 414Z4 0 2118 9 912099999999999999 4201071741 3799999999999999
114120121119114108103101101104108111112109101 89 73 58 46 40 42 52 67 8627 415Z4 147122114811399999999999999 7181011915 4099999999999999
104119127128123113101 91 85 84 89 99109117120115102 84 65 49 40 41 51 6927 416Z4 241129135212099999999999999 835 842026 3999999999999999
 91112128136134123106 88 73 66 67 78 94112126132127113 92 69 51 41 43 5627 417Z4 31613615 513299999999999999 919 652120 4099999999999999
 78103125140143134116 92 69 52 47 54 72 95119136143137119 95 70 51 44 5027 418Z4 34614416 114399999999999999 956 4722 4 4499999999999999
 68 93119140149145128102 72 47 33 33 47 72101128146151142121 94 70 54 5127 419Z4 4131501650151999999999999991031 312242 5099999999999999
 62 84111135151153141115 83 51 28 18 25 47 77110137153154141117 91 69 5927 420Z4 43915417341559999999999999911 4 182317 5899999999999999
 62 78102129149157150129 97 62 32 13 11 26 53 86119144155151135111 87 7127 421Z4 5 41571816155999999999999991137 102348 6799999999999999
 67 76 96120143156156140112 77 43 18  7 12 33 63 97127146152144126104 8527 422Z4 5281581855152999999999999991210  7999999999999999999999
 75 77 91112135151156147125 93 59 29 11  8 20 44 75106131144145134117 9827 423Z4 552156193414699999999999999 019 741242  799999999999999
 85 81 89105125143152149134108 76 46 23 12 16 32 57 8611213013813512410827 424Z4 617153201213999999999999999 048 811315 1299999999999999
 94 87 89100116133144147138119 92 64 39 24 19 27 45 68 9311412713012511527 425Z4 644147205413099999999999999 117 871350 1999999999999999
102 94 91 97108122134140137124105 81 58 39 30 30 39 56 76 9611212112211727 426Z4 712140214212299999999999999 148 911429 2999999999999999
109101 96 96102112122129130125112 95 75 58 45 39 41 50 64 80 9610811511627 427Z4 743131224611699999999999999 226 961515 3999999999999999
113108103100100104110116120120114104 90 76 63 54 49 50 57 68 81 9410511227 428Z4 823120999999999999999999999 321 991616 4999999999999999
115114110106102101101104107109110107101 92 82 71 62 57 57 61 70 81 9310527 429Z4 013115 93511099999999999999 5111011737 5699999999999999
113117118114108101 96 93 93 96100104105104 98 90 80 70 62 60 62 70 82 9627 430Z4 13211812 310599999999999999 724 9319 1 6099999999999999
109119124122116105 94 85 80 80 86 94103109111108 99 87 74 64 60 63 72 8627 5 1Z4 218124135211199999999999999 825 8020 8 6099999999999999
103118128130125113 97 81 69 65 68 79 93108119122118107 91 76 64 60 65 7827 5 2Z4 251131145812299999999999999 9 3 652058 6099999999999999
 95114129137135123103 81 62 51 50 59 77 98118131134127111 92 75 64 62 7127 5 3Z4 317137154813499999999999999 935 492140 6199999999999999
 87108128141143134114 87 61 41 33 38 55 80107130143143132113 92 74 65 6727 5 4Z4 34314416331449999999999999910 7 332218 6499999999999999
 80101123142150145127 99 67 39 21 18 31 56 88118141152149134112 90 73 6827 5 5Z4 4 81501716153999999999999991040 182254 6899999999999999
 76 93116138152153140114 80 45 18  6 10 30 61 97128150157150132109 88 7527 5 6Z4 43515518 0157999999999999991115  52331 7499999999999999
 75 87108131150157151130 98 60 26  3 -3  8 33 68105135153157147127105 8827 5 7Z4 5 41581845157999999999999991152 -3999999999999999999999
 80 85100121142156157144117 82 44 14 -4 -5 11 40 7611013715215214112210327 5 8Z4 536158193115499999999999999 0 7 801233 -699999999999999
 90 87 95111131148156151133104 69 35  9 -3  0 18 47 8111213514614513311727 5 9Z4 610156202214799999999999999 045 861317 -499999999999999
102 93 94103119136148151142123 94 62 33 12  4  9 28 55 8511113013913712727 510Z4 647151211613999999999999999 126 9214 6  499999999999999
113102 97 99108121134142142132114 89 62 38 21 15 21 37 61 8610912513213027 511Z4 731143221813299999999999999 213 9715 0 1599999999999999
123112104100101107117126131131123109 89 67 48 34 28 33 46 66 8710712112827 512Z4 827132232612999999999999999 316 9916 3 2899999999999999
128122113105 99 97100107114119121118108 94 77 61 48 42 44 54 71 8910712127 513Z4 953121999999999999999999999 449 971715 4299999999999999
128128123113103 94 88 88 92100108114116112103 89 74 61 54 54 62 76 9411127 514Z4 032129115411699999999999999 634 881830 5399999999999999
125132131124111 96 83 74 72 77 86 99111119120114102 86 72 63 62 69 8310127 515Z4 126133134112099999999999999 750 721939 6199999999999999
119132138135123105 86 68 58 56 63 77 95113125129124112 96 80 71 69 77 9227 516Z4 210138145812999999999999999 843 552039 6999999999999999
111128140143135118 95 71 51 41 41 53 73 97118133138133119101 85 76 76 8627 517Z4 246143155713899999999999999 926 402129 7599999999999999
103122139148146132109 80 54 34 27 32 50 75103127142145137122103 87 80 8327 518Z4 31914816471469999999999999910 5 262212 8099999999999999
 96114134148152144123 95 64 37 20 18 29 52 82112136149149138120101 88 8427 519Z4 3511521731150999999999999991041 172252 8499999999999999
 91106126144154152137111 79 47 23 12 15 32 60 92122143152148134115 98 8827 520Z4 4211541812152999999999999991116 112327 8799999999999999
 89 99117136151155147126 96 63 33 14  9 18 41 71103130147151143127109 9427 521Z4 4521551850151999999999999991151  9999999999999999999999
 89 94108126143153152137112 80 49 24 11 12 27 52 8311313514714613511810227 522Z4 523154192614899999999999999 0 1 891225  999999999999999
 92 91100116133147152144125 98 67 39 20 13 20 39 65 9412013714313812511027 523Z4 55415220 214399999999999999 034 901259 1399999999999999
 97 91 94106122137146146134113 85 57 34 21 20 31 52 7710312413613713011727 524Z4 627148203913899999999999999 1 7 911335 1999999999999999
103 94 92 98111125137142137123101 76 52 35 27 30 44 64 8810912513213112227 525Z4 7 2142211813399999999999999 143 921412 2799999999999999
110 99 93 94101112124133134127112 92 71 52 39 36 42 56 75 9611312512912627 526Z4 74113422 112999999999999999 224 931452 3699999999999999
117107 98 93 95101110120125125118105 88 70 56 48 47 54 67 8410211612512727 527Z4 827126224912799999999999999 317 931537 4699999999999999
123115105 97 92 93 97105112116116111101 88 75 64 57 57 64 76 9210711912627 528Z4 931117234212799999999999999 427 921629 5699999999999999
127123114104 95 88 86 89 95103109111109103 93 83 73 67 67 73 84 9811112327 529Z411 6111999999999999999999999 552 861732 6699999999999999
129129124113101 88 79 76 78 85 94104111113110102 92 82 76 75 80 9010311727 530Z4 034130125511399999999999999 7 7 761842 7499999999999999
128134133124110 93 77 66 61 65 75 89104115121120113102 91 83 80 85 9611027 531Z4 120134142112199999999999999 8 3 611950 8099999999999999
124135139135122103 81 61 48 45 52 67 87108123132131123110 97 87 85 9010227 6 1Z4 2 1139152613399999999999999 849 452050 8499999999999999
118133143145136117 92 65 43 30 30 42 63 90115134143142131116100 90 88 9527 6 2Z4 240145162114499999999999999 931 282143 8899999999999999
109127142151148133108 77 47 24 13 17 35 63 95124144153149136118101 91 9127 6 3Z4 3171511711153999999999999991013 132230 9099999999999999
101118137151156149128 97 62 30  8  0 10 33 66101132152158152136117100 9227 6 4Z4 3561561759158999999999999991056  02315 9299999999999999
 95108127145158159147121 86 48 16 -4 -7  7 35 71108138156159150133113 9927 6 5Z4 4361601846160999999999999991141 -82359 9399999999999999
 93 99114134152162159142112 75 38  8 -8 -7 10 41 7711314115615714512710927 6 6Z4 5181621933158999999999999991227-10999999999999999999999
 97 94103119139155161155136105 68 33  6 -6 -2 18 49 8511814215315113812127 6 7Z4 6 3161202015499999999999999 043 941315 -699999999999999
104 95 95105121139153157149128 99 65 33 11  3  9 30 60 9312214114914413127 6 8Z4 65215721 514999999999999999 129 9314 3  399999999999999
114100 92 94104119135146149140122 95 65 39 22 17 25 45 7310112514014413727 6 9Z4 745149215014499999999999999 219 921453 1799999999999999
124108 95 89 91 99113127136139132116 94 70 50 37 34 43 62 8511012913914027 610Z4 846139223514199999999999999 318 891543 3499999999999999
132118103 91 84 85 92103115124128124113 97 79 63 54 53 61 77 9811713213927 611Z410 1128232013999999999999999 427 841636 5299999999999999
138129114 99 86 77 76 81 90102113119120114103 90 78 71 70 78 9110812413527 612Z41136120999999999999999999999 544 761733 7099999999999999
140137126111 94 79 68 65 68 78 91104114120119112102 92 86 85 9110211612927 613Z4 0 6140132112099999999999999 7 0 651837 8499999999999999
138141137125107 88 70 58 53 56 67 83 99114123126122113104 97 95 9910912227 614Z4 054141145112699999999999999 8 4 531947 9599999999999999
134142144137122102 79 59 46 41 47 60 7910011913113413012111110310010411427 615Z4 142144155813499999999999999 858 41205410099999999999999
126138146146136118 94 69 48 35 32 40 58 8210612613914213612511310410110627 616Z4 228147164814299999999999999 944 32215010199999999999999
117131143149146133111 84 57 36 25 26 39 61 8911513514614613712411010210127 617Z4 3121501730147999999999999991025 24223610099999999999999
108122137148152145127101 72 45 26 18 24 43 69 99125143150146134118105 9827 618Z4 35215218 71519999999999999911 3 182315 9899999999999999
100111127143153153141119 90 59 34 18 16 28 51 80110134149151142127110 9827 619Z4 4311541841151999999999999991139 152350 9599999999999999
 95101116133148155151134108 77 47 25 15 19 36 62 9312114115014713411710127 620Z4 5 81551913151999999999999991214 14999999999999999999999
 93 94105122139152154145124 96 65 38 21 17 26 48 7610613114514814012410727 621Z4 544155194414999999999999999 023 921247 1699999999999999
 94 89 95109127143152150137113 84 55 32 21 24 38 63 9111813714614313111427 622Z4 620153201414699999999999999 056 891320 2199999999999999
 98 89 88 98114131144149143126101 73 49 32 27 35 54 7910612814114413612227 623Z4 657149204414499999999999999 130 871353 2799999999999999
105 92 86 89100116131141142133115 91 67 48 37 38 50 71 9511813514314012927 624Z4 737143211414399999999999999 2 9 861425 3699999999999999
113 98 87 84 89101115128135134124106 85 66 52 47 52 67 8710912713914213527 625Z4 821136214614299999999999999 252 841459 4799999999999999
122107 93 84 82 87 99112122128126116102 85 70 61 60 68 8210111913414113927 626Z4 914128222114199999999999999 344 821537 5999999999999999
131117101 88 79 78 83 93105115120120113102 90 79 73 74 82 9611212613714127 627Z4102412123 114199999999999999 445 771622 7399999999999999
137127112 96 82 73 70 74 84 96107115118115108 99 91 87 88 9410611913113927 628Z412 0118234914199999999999999 553 701722 8699999999999999
141136125109 91 75 63 59 63 73 87101113121122119112104 99 9810311212313327 629Z41347122999999999999999999999 7 1 591839 9899999999999999
141142137124105 84 64 50 45 49 61 79 9811512713213112411510810410711412527 630Z4 044142151313399999999999999 8 4 4520 410499999999999999
136144146139123101 75 52 35 29 35 50 73 9812013714414213412211210710811627 7 1Z4 142146161814499999999999999 9 2 29211910699999999999999
128141150151142123 96 65 38 20 14 22 42 7010112814615415113912411210510727 7 2Z4 239152171015499999999999999 955 14221810599999999999999
117132147157158146122 90 55 25  6  2 13 38 7210613615516115413912210710127 7 3Z4 3321591757161999999999999991046  123 810199999999999999
105118136154164163148120 83 46 14 -4 -5 10 40 7711414416116315313511510027 7 4Z4 4241651840164999999999999991135 -72353 9699999999999999
 96103120141159169166147116 77 38  8 -7 -5 15 48 8712415116416114712610527 7 5Z4 5151701921165999999999999991222 -9999999999999999999999
 92 91102121144162170164144111 72 35  8 -3  4 27 6210013315516315513711427 7 6Z4 6 6170195816399999999999999 037 9013 7 -399999999999999
 95 85 87100121144161167159137105 68 36 15  9 20 46 7911414215715814612527 7 7Z4 657167203416099999999999999 121 841350  999999999999999
103 85 78 83 98119140155159150129100 68 43 28 28 42 68 9912814815715213627 7 8Z4 75015921 715799999999999999 2 7 781431 2699999999999999
114 93 78 73 79 94113132144147139121 97 73 55 46 51 67 9011613815115314327 7 9Z4 845147213815499999999999999 256 7315 9 4699999999999999
126105 86 73 70 76 89105121132134128115 98 82 70 68 74 9010912914415114827 710Z4 949135221115199999999999999 352 701548 6799999999999999
136118 98 81 70 67 71 82 96109119123121114103 94 88 88 9510712313714614827 711Z41110124224714899999999999999 455 671628 8799999999999999
142130113 95 79 67 63 65 74 86 9810911711911711210710310410911812913814427 712Z413 1119233414599999999999999 6 9 63172210399999999999999
144139127111 93 77 64 58 58 65 76 9010411512212412211811511411612213013727 713Z41457124999999999999999999999 726 57184911499999999999999
142143138126110 92 73 59 51 50 57 70 8710512013013313212612011711712012727 714Z4 03814316 813399999999999999 835 49203211699999999999999
135142143139127109 88 68 51 42 42 51 68 8911012813914113712912011411211727 715Z4 149144165114199999999999999 930 41214311299999999999999
126136144147141127106 82 59 42 34 36 50 71 9612013814714613812511410710727 716Z4 2501471725147999999999999991015 33222910699999999999999
114127140149151142124 99 72 48 32 27 35 53 79107131147152146133117105 9927 717Z4 3401511755152999999999999991054 2723 5 9999999999999999
103115131146155154141118 89 60 37 24 24 38 62 92121142153152140123106 9527 718Z4 4231561823154999999999999991128 222337 9399999999999999
 94103120138153159153135108 77 48 28 20 27 48 76107134151155147130111 9527 719Z4 5 115918501559999999999999912 0 20999999999999999999999
 88 92106127146159160149126 96 64 38 23 23 38 63 94123145155152138117 9827 720Z4 538161191515699999999999999 0 7 881230 2199999999999999
 85 83 93112134152161157140114 82 53 33 25 33 54 8211313815315514512610427 721Z4 613161193915699999999999999 038 831259 2599999999999999
 86 78 82 97118139154158149129101 71 47 34 35 49 7410313014915615013411227 722Z4 64915820 215699999999999999 110 781326 3299999999999999
 91 78 75 84101123141152152139117 90 65 47 42 50 69 9512214315515414212227 723Z4 727153202615699999999999999 144 751354 4299999999999999
100 82 72 74 86104124140147142128107 84 65 55 56 69 9011413615115514713127 724Z4 8 7147205015599999999999999 221 721422 5499999999999999
110 89 75 69 74 87105122135138133119101 84 71 68 74 8910912914515315013927 725Z4 854139211615399999999999999 3 3 691453 6899999999999999
121100 82 70 67 72 85101116127130125115102 90 84 84 9210512213714815014427 726Z4 954130214715099999999999999 352 671528 8399999999999999
131113 94 78 67 64 68 79 94107118123122117109102 9810010711713014014614627 727Z41121123222914799999999999999 454 641615 9899999999999999
139126110 91 75 63 58 60 69 82 9711011912312312011611311311612313113914327 728Z41329124233314499999999999999 610 58173411299999999999999
144138127110 91 72 57 48 48 56 69 8710411913013413312912412011912212913627 729Z41520134999999999999999999999 733 47194011999999999999999
142145142131114 92 68 49 36 33 41 57 7910312413914614513812912111611812427 730Z4 1 1145162214799999999999999 846 33211711699999999999999
134145151150139119 92 63 38 22 18 28 48 7710713315115715314212711510811027 731Z4 22215217 615799999999999999 947 18221510899999999999999
121136151161160147122 90 56 27  9  6 20 47 81116144161164155138118103 9827 8 1Z4 3281621744165999999999999991039  523 1 9899999999999999
103119139159170169153123 86 48 17  1  2 21 53 92129156169166150127105 9027 8 2Z4 4241711819169999999999999991126 -12342 8799999999999999
 87 98119144166177174154121 80 41 13  0  7 32 68108143165171161139112 8927 8 3Z4 51717818521719999999999999912 9  0999999999999999999999
 77 79 95120148170179173150115 75 39 15  9 22 51 89126155170168150124 9627 8 4Z4 6 6179192217199999999999999 022 761248  999999999999999
 75 67 74 94121149169175166142107 71 42 26 27 46 7611114316416915913610727 8 5Z4 655175195017099999999999999 1 2 671325 2499999999999999
 81 64 61 72 94121146162165154131101 72 51 44 52 7310213215516716314612127 8 6Z4 744166201616799999999999999 143 601359 4499999999999999
 93 70 58 59 72 94118139151152141121 98 78 66 66 78 9912414716116315313327 8 7Z4 834153204116499999999999999 226 571429 6499999999999999
108 83 66 58 61 74 92112128137137129115 99 88 84 8910212013915315915514227 8 8Z4 92913821 515999999999999999 313 581457 8499999999999999
122 99 80 66 61 64 74 8910411712412512111410610110210812013314515215214627 8 9Z41042125213315399999999999999 4 7 60152410199999999999999
132115 97 81 69 64 65 72 83 9510611411811911811611511612112813614314614427 810Z41249119221214699999999999999 517 64155611599999999999999
138128114 99 84 73 66 64 68 75 86 9810911812312612612512512612813213613927 811Z41532126233413999999999999999 648 64175012599999999999999
139135128117102 87 74 64 59 60 68 80 9511012313113513413012612312212412927 812Z41615135999999999999999999999 817 59204212299999999999999
134138138132121105 87 70 57 51 52 62 78 9811713214114213812912011411311727 813Z4 129138164114399999999999999 919 50214411399999999999999
125135142143138124105 82 62 48 42 47 61 8310712814314914613512211010410527 814Z4 24514417 61499999999999999910 3 42222010399999999999999
114127140149150141123 99 73 51 37 36 46 67 93120141152153143126110 98 9427 815Z4 3361511730154999999999999991039 352250 9499999999999999
101115133149158155141117 89 61 40 30 35 53 79109135153158150133113 95 8627 816Z4 4171581753158999999999999991110 302318 8699999999999999
 88102122143159164156136107 75 48 32 30 42 67 97127150160157141119 97 8127 817Z4 4541641815161999999999999991139 292346 7899999999999999
 78 87107131153165165151125 93 63 40 31 37 57 87118145160162149127102 8127 818Z4 52916718361639999999999999912 5 31999999999999999999999
 71 74 91115140160168161141112 80 53 38 38 52 79110138158165156136110 8427 819Z4 6 4168185616599999999999999 014 701231 3699999999999999
 68 65 75 97123147163165153129 99 71 50 44 52 73102131154165162145119 9227 820Z4 639166191616599999999999999 044 641256 4499999999999999
 70 60 63 79104130151161157141116 89 67 55 57 72 9712414816316415212910227 821Z4 715161193616599999999999999 115 591321 5499999999999999
 77 60 56 65 85109133149154147130107 85 70 67 75 9411814115816315613911427 822Z4 754154195716399999999999999 148 561348 6699999999999999
 88 67 56 57 69 89112131143145136121103 88 81 83 9511313415115915714512527 823Z4 839145202016099999999999999 226 551415 8099999999999999
101 79 63 56 59 71 89109124133134128117105 97 9510111212814215215514913527 824Z4 936135204715599999999999999 310 551445 9599999999999999
116 95 76 63 57 60 70 8510011412212612411911311011111612413414314814714127 825Z411 5126212314899999999999999 410 57152211099999999999999
129113 95 78 65 58 57 63 74 8810111312112612612512412312512813313814114127 826Z41351126223514299999999999999 535 57164812399999999999999
138130117101 84 68 56 50 52 60 74 9110812313313813813513012612512613013527 827Z41532139999999999999999999999 716 5020 512599999999999999
139141137127110 89 68 50 39 38 46 63 8611013014415014814012911911411512127 828Z4 051141161215099999999999999 838 37212411399999999999999
132143150150139119 93 65 41 27 25 36 59 88118142157160152137119105 9910327 829Z4 226151164516099999999999999 938 2422 8 9999999999999999
115133151163163150125 93 59 32 17 18 35 64 99132156167164148125103 88 8427 830Z4 3321641715168999999999999991026 152247 8499999999999999
 93113138161174173156126 89 52 25 13 20 44 78116148168172160136108 83 7027 831Z4 42617617441739999999999999911 8 132324 6899999999999999
 71 88115145169182177156123 83 48 25 19 33 62 99136163175170149118 87 6427 9 1Z4 5161821811176999999999999991147 19999999999999999999999
 56 64 87118150174183175151116 78 48 32 35 55 87123154173175160132 98 6827 9 2Z4 6 3183183717699999999999999 0 0 561222 3199999999999999
 50 48 62 89122152172177166141108 76 54 47 57 81113144167175167145113 8027 9 3Z4 64917819 117699999999999999 037 461254 4799999999999999
 54 42 46 65 93124150165166153129102 79 67 68 83108136159172170154127 9627 9 4Z4 734167192317399999999999999 115 421324 6599999999999999
 67 48 42 51 71 97123144154152139120100 87 83 9010712915016516815813811127 9 5Z4 820154194516899999999999999 153 421350 8399999999999999
 84 62 49 48 58 77 99119134140137128115103 9810011012614215616215814512427 9 6Z4 91114020 716299999999999999 234 471413 9899999999999999
101 79 63 56 57 66 81 9711212312712612111511011011512413514615215214513227 9 7Z41018128203115399999999999999 321 55143411099999999999999
116 98 82 70 64 65 71 81 9210311211812112112012012112513013614114314113527 9 8Z4123212121 114399999999999999 425 64144811999999999999999
125113101 88 78 71 69 71 76 85 9510511412112612812812812712812913113213227 9 9Z42226132999999999999999999999 6 4 69999999999999999999999
130125117107 96 84 74 68 66 70 78 9010411712813413613312812312011812012427 910Z41549136999999999999999999999 750 66205511899999999999999
128131130125115100 85 71 61 58 63 74 9110912613814314013312311310710711227 911Z4 122131161014399999999999999 856 58213310799999999999999
121131138139133119100 80 63 53 51 60 76 98120138148148140126111 99 95 9927 912Z4 239139163114999999999999999 939 5122 1 9599999999999999
110125139148147137118 95 71 53 45 49 63 86112135151155148132112 95 85 8527 913Z4 3281491652155999999999999991013 452228 8399999999999999
 96114134150157153137113 85 61 45 42 53 75103130150159155140117 94 78 7327 914Z4 4 81571711160999999999999991042 422254 7399999999999999
 80 99123145161164153131102 74 52 42 47 66 93123148162162148125 98 75 6327 915Z4 44416417311649999999999999911 9 422320 6299999999999999
 65 81106134156168165148121 91 64 48 47 60 85116143162167157134105 77 5827 916Z4 5181681749167999999999999991135 452348 5399999999999999
 53 64 87117145164170161139110 80 59 51 59 80108137160169164144115 83 5827 917Z4 55317018 81699999999999999912 0 51999999999999999999999
 46 49 68 96127153167167152127 99 75 61 62 77102130155169168153126 94 6427 918Z4 629169182817099999999999999 016 451226 6099999999999999
 45 40 52 75105134156164159141117 92 75 70 78 98123148165169159137106 7527 919Z4 7 6164184816999999999999999 047 401252 7099999999999999
 51 39 41 58 83112137153157148130109 91 82 84 97118140158166162145120 9027 920Z4 746157191016699999999999999 120 381319 8199999999999999
 63 45 39 46 64 89114134145146137122107 96 9410011413214915916015013110627 921Z4 833147193416199999999999999 157 391346 9399999999999999
 80 59 46 44 52 69 9011012613513512912011110610811512714015015415013812127 922Z4 93313620 115499999999999999 242 44141610699999999999999
100 79 62 52 50 56 69 8510111512312712612311911812012513213914414414013127 923Z41114127203914599999999999999 345 50145611899999999999999
118102 85 71 60 55 56 64 76 9010411612512913113012812712712813013313413427 924Z414 4131221813499999999999999 518 54173712799999999999999
130123111 96 80 66 55 51 54 64 79 9711512913814113913312612011711712112727 925Z415 5141999999999999999999999 7 4 51202411699999999999999
133136134124109 89 68 52 44 45 56 75 9812113914915014313111710510010211127 926Z4 1 6136153815199999999999999 823 432113 9999999999999999
125139148148138119 93 67 47 36 39 54 78107133152160155140120 99 85 81 8927 927Z4 23314916 616099999999999999 919 362151 8199999999999999
106128148161162149125 94 64 42 33 40 60 90122149164165152128101 77 64 6527 928Z4 33416316331679999999999999910 5 332226 6399999999999999
 80105134158172171154125 92 61 41 37 50 76109141164172164141110 79 56 4727 929Z4 42517417 0172999999999999991044 3623 2 4799999999999999
 55 77109141167179174153122 88 60 46 49 68 98131159174173154124 88 57 3827 930Z4 5131791725176999999999999991120 452337 3599999999999999
 36 51 80115148171179170147116 85 64 57 67 91121151171176165138103 67 402710 1Z4 5581791749177999999999999991153 57999999999999999999999
 28 33 54 86121151170173161137109 85 72 74 89114142164175171151119 83 522710 2Z4 642174181317699999999999999 012 271224 7199999999999999
 31 26 38 62 94126151163162149127105 89 84 92110134156170171158133101 692710 3Z4 725165183517299999999999999 047 261252 8499999999999999
 44 31 33 48 72101127145153149136119104 96 98109127146161166160142116 872710 4Z4 8 9153185816699999999999999 123 301319 9599999999999999
 61 44 38 43 59 811041241371411371271151071051101221371501581561461271042710 5Z4 856141192215899999999999999 2 1 38134510599999999999999
 81 62 50 48 55 69 861041191281301271211151121141201291391461481431321162710 6Z4 956130194814899999999999999 243 48141311299999999999999
 98 81 68 60 59 65 75 871001121191231231221201191201241291341361361311232710 7Z41136124201913799999999999999 339 59145411999999999999999
111 99 87 77 70 68 70 76 85 951061151211251261251241221221221231241251232710 8Z414 0126214012599999999999999 5 3 68175812299999999999999
120113105 96 86 77 71 70 73 80 911041161251311331301251181131111111141182710 9Z41449133999999999999999999999 650 70202611099999999999999
121123120114103 91 79 70 66 69 77 91107122134139138130119108100 97100107271010Z4 056123151613999999999999999 8 7 6621 3 9799999999999999
117126131130122108 92 76 65 62 66 79 97117134144146138124108 93 85 85 93271011Z4 221131153914699999999999999 857 622131 8499999999999999
107122135141138127109 88 71 60 60 69 87110131147152147132111 90 75 70 76271012Z4 31214116 015299999999999999 934 592158 7099999999999999
 91112132147151144127105 82 65 58 63 79102127147157155141118 92 70 58 59271013Z4 35415116201589999999999999910 6 582224 5799999999999999
 73 96122144157158145124 98 75 62 61 73 94121145160162150127 97 69 50 44271014Z4 4311591640163999999999999991035 592252 4499999999999999
 54 76105134156165160142117 91 71 63 70 88114140160167159138107 74 48 34271015Z4 5 816517 01679999999999999911 3 632320 3399999999999999
 37 55 84117145164167157135108 85 71 71 84107133156168166149120 85 53 31271016Z4 5451681722169999999999999991131 692351 2599999999999999
 25 36 61 94127153166164150126102 83 76 83101126150166169158133 99 64 36271017Z4 62316717451709999999999999912 0 76999999999999999999999
 21 23 41 69103134155163157140118 98 86 86 98118141160168163145115 81 50271018Z4 7 316318 916899999999999999 024 201230 8599999999999999
 28 20 27 48 78109135152155147131113 99 94 99113132150162163152130100 69271019Z4 748156183616499999999999999 1 0 2013 1 9499999999999999
 43 27 24 35 56 83110132144145138125112104103111124139152158153139117 91271020Z4 83914619 615899999999999999 141 24133410399999999999999
 65 44 33 33 43 62 85107124134136131123115111113119129139147148142129110271021Z4 944136194214899999999999999 231 32141611199999999999999
 89 68 52 43 42 49 64 82101116126131130126121118118121126132136136132123271022Z41118131203713799999999999999 336 41153211899999999999999
110 95 78 63 53 49 53 63 78 94110123130133132127122118116116119122126127271023Z413 4133225312799999999999999 5 2 49181911599999999999999
124117106 91 76 62 54 53 60 74 91110125136140138130120109102100102109119271024Z414 6140999999999999999999999 636 53195810099999999999999
127131129119104 86 68 56 53 59 74 94115134145147141127110 94 83 81 87100271025Z4 112131144514899999999999999 751 532047 8099999999999999
117132142142132115 93 72 58 54 62 80103127146155152138117 93 73 62 63 75271026Z4 233143151615599999999999999 849 542127 6199999999999999
 95119140153154142121 96 73 60 58 70 92118142158161151129100 72 51 43 49271027Z4 333155154516299999999999999 936 5722 4 4399999999999999
 69 96126150163162147123 96 75 64 67 83108135157167162143114 80 50 32 29271028Z4 4251641612167999999999999991017 632240 2899999999999999
 43 69102134158169164146121 95 77 71 80100126151167170156129 94 59 32 19271029Z4 5121691639170999999999999991054 712315 1999999999999999
 23 43 75110142163169161141116 94 81 82 95118143163171165144112 75 42 20271030Z4 55616917 6171999999999999991128 802350 1499999999999999
 14 25 50 84118147163165154133111 94 88 94111133154168168154128 93 58 31271031Z4 63816617321709999999999999912 0 88999999999999999999999
 16 17 34 61 94125148159156143124107 96 96106124144160166159140111 78 482711 1Z4 719159175916699999999999999 025 151231 9499999999999999
 27 20 27 46 73103128145151146133117104 99104116133149159158146124 96 672711 2Z4 8 0151182716099999999999999 1 0 2013 2 9999999999999999
 44 30 29 39 59 83108128140142135124112105104111123137148152147132110 862711 3Z4 843142185715299999999999999 137 28133410399999999999999
 63 46 38 40 52 70 911101251331331271191111071091151251351411411341201012711 4Z4 932134193014299999999999999 217 38141310799999999999999
 82 65 53 49 52 62 78 941101211271271241181121101111161221281311291231122711 5Z41033128201113199999999999999 3 3 49151111099999999999999
 98 83 71 62 59 62 70 82 961081191241261241191151111101111141171191191162711 6Z41152126212512099999999999999 4 2 5917 011099999999999999
109100 89 79 71 67 68 74 84 961081191261291271221151081031011021061101132711 7Z413 7129235111499999999999999 519 6719 810199999999999999
114112106 98 88 79 73 72 76 86 98112123131134131122111100 91 88 89 961042711 8Z41355134999999999999999999999 641 722010 8899999999999999
113118119115106 94 83 75 73 78 89103119132139139131117101 85 75 73 78 902711 9Z4 142120142914099999999999999 748 732049 7399999999999999
104118127129124113 98 85 76 75 82 95113130142146141126106 84 67 58 59 71271110Z4 248130145714699999999999999 839 742121 5799999999999999
 89110128138139131116 99 84 76 78 88106125142151150137115 88 63 47 42 50271111Z4 337140152215299999999999999 921 762152 4299999999999999
 69 94120139149147135116 97 83 78 83 99119139154157148127 97 67 42 29 30271112Z4 420150154715899999999999999 958 782223 2799999999999999
 46 73103131150157151135114 94 83 82 92112134153162158140111 77 45 23 15271113Z4 5 11571614162999999999999991034 812257 1599999999999999
 24 48 80114142158161151131110 92 85 89104126147162165153128 93 57 26  9271114Z4 54116216421659999999999999911 8 842332  699999999999999
  8 24 53 89123148161160146126106 92 89 98116138157166162143113 76 40 14271115Z4 6231621712167999999999999991143 89999999999999999999999
  2  8 29 61 97129151159155140120103 94 96108127147161165155131 98 62 30271116Z4 7 7160174616599999999999999 011  21219 9399999999999999
  9  3 13 37 69102131149154147132115102 98103117134151160158144119 87 54271117Z4 754154182216199999999999999 052  31258 9899999999999999
 27 11  9 22 45 75105129144147139126113104102109121136148153149134110 82271118Z4 84614719 315399999999999999 138  8134210299999999999999
 54 32 20 20 32 54 80106126138140134123112106105110120131140143138125105271119Z4 942140195414399999999999999 229 18143810499999999999999
 82 59 42 32 32 43 62 84106124134136131122113106104106113121128131128120271120Z4104513621 713199999999999999 327 3116 010499999999999999
106 88 70 55 46 45 53 69 88107123133135131123112103 97 96 99106114120122271121Z4115113523 112299999999999999 434 441746 9699999999999999
119111 98 83 69 60 57 63 76 93111126135138133123109 96 86 81 83 90101112271122Z41249138999999999999999999999 548 571914 8199999999999999
120123120110 97 82 72 67 71 83 99117132141142135120102 83 69 63 65 76 91271123Z4 1 0123133714399999999999999 7 2 672014 6399999999999999
108123131131122108 93 81 76 79 90107125140148146133113 89 67 51 45 50 65271124Z4 229132141714899999999999999 8 7 7621 2 4599999999999999
 87110129140141132117100 87 82 86 99117136149154146128102 74 49 33 30 40271125Z4 335142145415499999999999999 9 3 822144 3099999999999999
 61 88116137149149138121103 91 87 94109128146157156143119 88 57 32 19 21271126Z4 429150152815899999999999999 951 872223 1899999999999999
 37 63 95124146155153139121103 92 92101119139154161155135106 72 40 18 11271127Z4 51515616 2161999999999999991033 9023 0 1199999999999999
 18 40 70104133152158151136116100 93 96110129147160161148123 90 56 27 10271128Z4 5571581634162999999999999991111 932336  799999999999999
  9 22 48 81114140155156146128110 97 94102118137154161156138109 75 43 19271129Z4 63615717 7161999999999999991147 94999999999999999999999
  8 13 31 60 93123144153150137119103 95 97108125143156158147125 94 62 34271130Z4 713154174015899999999999999 012  81220 9499999999999999
 16 12 22 44 73104129145149141127110 98 94100114131146154150135111 81 522712 1Z4 749149181315499999999999999 047 111254 9499999999999999
 30 18 20 35 58 86113133142142132117103 95 95104118133144147140123 98 712712 2Z4 824143184814799999999999999 121 181329 9499999999999999
 47 31 26 32 49 72 97119133138134123110 99 94 97106119131138138128111 892712 3Z4 9 1138192613999999999999999 157 2614 9 9499999999999999
 66 48 37 37 46 63 84106123132134128117106 97 94 971061161251291271171022712 4Z4 93913420 912999999999999999 234 361458 9499999999999999
 84 66 53 47 49 60 76 94112125131130124114103 96 93 951011091161191171092712 5Z4102213221 711999999999999999 313 4716 4 9399999999999999
 97 84 71 62 59 62 72 86102116126131129122112101 93 88 89 93 991061101102712 6Z41111131223511199999999999999 359 591728 8899999999999999
106 99 89 80 73 70 74 82 94108120129132129121110 98 87 80 78 81 88 971042712 7Z412 3132999999999999999999999 456 701849 7899999999999999
108109105 98 90 83 80 82 90101113124132135131120106 90 76 66 64 68 78 912712 8Z4 035109125313599999999999999 6 7 801950 6499999999999999
103112116115109100 92 88 88 95106118130137138131117 98 77 60 50 49 57 712712 9Z4 214116133813999999999999999 722 872037 4899999999999999
 89107120127126119108 98 92 92 99111125137143142130110 86 61 42 32 35 48271210Z4 321127141914499999999999999 828 912119 3299999999999999
 69 93115131138136126113101 94 95103117132145149143126100 70 42 23 16 23271211Z4 413139145814999999999999999 924 932159 1699999999999999
 43 70100125142148143130114100 94 97108125141153154142119 87 53 24  6  3271212Z4 4591481536155999999999999991012 942240  399999999999999
 16 42 75108135151154145129111 98 94100114133150159156139110 73 37  9 -6271213Z4 5431541616160999999999999991055 942322 -799999999999999
 -4 15 45 82117143156155143125107 95 94103121141157163155133 99 61 24 -2271214Z4 6271571657163999999999999991137 93999999999999999999999
-12 -5 18 52 90124148157153138118101 92 95107127146160162150125 89 51 17271215Z4 710157174016399999999999999 0 6-121218 9299999999999999
 -5-11  0 26 62 99130149155147130111 96 90 95110130148159158143116 81 45271216Z4 753155182616099999999999999 050-1113 1 9099999999999999
 16 -2 -3 11 39 73107134148149139121104 91 88 95110128144152149134108 77271217Z4 835151191515399999999999999 135 -51348 8899999999999999
 45 21  9 11 27 54 86115136146143131113 97 87 85 92106122136142139125103271218Z4 916146201114299999999999999 221  81441 8599999999999999
 76 51 32 25 30 46 71 98122137142137124107 92 83 81 86 98112123129127117271219Z4 958142211713099999999999999 3 7 251544 8099999999999999
100 80 62 48 44 50 65 86109127138139132118102 87 77 74 77 86 98109116118271220Z41040140224411899999999999999 355 441659 7499999999999999
113102 89 76 66 64 70 82100117131138137129115 98 82 70 64 65 73 84 96106271221Z41125138999999999999999999999 448 641821 6499999999999999
112113109100 91 84 82 86 95109122133138136127112 94 76 61 53 52 59 71 86271222Z4 039114121613999999999999999 552 821936 5199999999999999
100112118118113105 98 95 96104114126135140137127110 89 68 50 40 39 47 61271223Z4 229119131014099999999999999 710 942038 3899999999999999
 81100116126128124115107101101107117129138143139126106 82 58 38 28 28 39271224Z4 34712814 414399999999999999 8311012129 2699999999999999
 58 82105125135137131120109102102108119132142146140124100 72 46 26 17 21271225Z4 441138145414699999999999999 9361012214 1799999999999999
 36 60 88115134144142133119107 99100108122137147148139119 91 60 33 15 10271226Z4 5231441539149999999999999991026 982253 1099999999999999
 18 39 68 99125143148143129113100 94 98110127142151149135110 79 47 21  7271227Z4 55914816201529999999999999911 6 942329  599999999999999
  7 22 48 80111135148148138121104 92 90 99115133148153146127 98 65 34 12271228Z4 6311501658153999999999999991141 90999999999999999999999
  4 11 31 61 94123143149144128109 93 86 89102121139151152140116 85 52 24271229Z4 7 1149173415399999999999999 0 3  41213 8599999999999999
  8  7 20 45 77108133146146135116 98 85 82 90107127143151147130103 71 41271230Z4 73014818 915199999999999999 036  61244 8299999999999999
 19 10 16 35 64 95122140145139123103 87 78 81 93112131144147138117 89 59271231Z4 756146184514799999999999999 1 6 101317 7899999999999999
