 15 12 10  8  7  8  9 11 13 14 14 14 14 14 13 14 14 16 18 20 22 23 22 2027 1 1Z710 8 152112 2399999999999999 4 6  71411 1399999999999999
 18 15 12  9  7  6  6  7  9 11 13 14 15 16 17 17 18 19 20 22 23 25 25 2427 1 2Z72142 25999999999999999999999 528  5999999999999999999999
 22 19 15 12  8  6  4  4  6  8 11 13 15 17 18 19 20 21 22 23 25 26 27 2627 1 3Z72217 27999999999999999999999 630  4999999999999999999999
 25 22 19 15 11  7  5  3  4  6  9 12 15 17 19 20 21 22 23 24 25 26 27 2827 1 4Z72258 28999999999999999999999 716  3999999999999999999999
 27 25 22 18 14  9  6  3  3  4  6 10 14 17 19 20 21 22 23 23 24 26 27 2827 1 5Z72344 29999999999999999999999 755  3999999999999999999999
 29 27 25 21 16 12  7  4  2  2  4  7 11 15 18 20 21 21 21 22 23 24 26 2727 1 6Z79999999999999999999999999999 829  2999999999999999999999
 29 29 27 24 19 14  9  4  1  0  1  4  8 12 16 18 20 20 20 20 20 21 23 2527 1 7Z7 032 29999999999999999999999 9 4  0999999999999999999999
 27 28 28 26 22 17 11  6  1 -1 -1  1  4  9 13 16 18 18 18 18 18 18 20 2227 1 8Z7 119 281658 1899999999999999 938 -11926 1899999999999999
 24 26 27 26 23 19 13  7  2 -1 -3 -2  1  5 10 13 16 17 16 16 15 15 16 1827 1 9Z7 2 2 271715 17999999999999991012 -32015 1599999999999999
 20 23 25 25 24 20 15  9  4 -1 -3 -4 -2  2  6 10 13 15 15 14 13 13 13 1427 110Z7 242 261737 15999999999999991045 -421 4 1399999999999999
 16 19 22 23 23 21 17 11  6  1 -2 -4 -3 -1  4  8 11 13 14 13 12 11 11 1127 111Z7 320 231759 14999999999999991116 -42157 1199999999999999
 13 15 18 20 21 20 17 13  8  3  0 -2 -3 -1  2  6 10 13 14 13 12 11 10 1027 112Z7 358 211819 14999999999999991144 -32259 1099999999999999
 10 11 14 16 18 18 17 14 10  6  3  0 -1  0  2  6 10 12 14 14 13 11 10  927 113Z7 439 181837 149999999999999912 8 -1999999999999999999999
  8  9 10 12 15 16 16 14 12  9  6  4  3  3  4  7 10 13 15 16 15 13 11  927 114Z7 528 161855 1699999999999999 0 7  81227  299999999999999
  8  7  7  9 11 13 14 14 13 11  9  7  6  6  7  9 12 14 17 18 17 16 13 1127 115Z7 635 141917 1899999999999999 117  71237  699999999999999
  8  7  6  6  7  9 11 12 13 13 12 11 10 10 11 12 14 16 18 20 20 19 17 1427 116Z7 815 131946 2099999999999999 229  61232 1099999999999999
 11  8  6  4  4  5  7  9 11 12 13 13 14 14 14 15 16 18 20 22 23 23 21 1827 117Z72024 23999999999999999999999 346  4999999999999999999999
 14 11  7  4  2  1  2  4  7 10 12 14 15 16 17 18 19 20 21 23 24 25 25 2327 118Z72116 25999999999999999999999 5 2  1999999999999999999999
 20 15 11  6  2 -1 -2 -1  1  5  9 12 15 17 18 19 20 20 21 22 24 26 27 2727 119Z72220 27999999999999999999999 610 -2999999999999999999999
 25 21 16 10  5  0 -4 -5 -4 -1  3  8 13 16 18 19 20 20 20 21 22 24 27 2827 120Z72330 29999999999999999999999 712 -5999999999999999999999
 28 26 22 16 10  3 -3 -7 -8 -7 -4  2  8 13 16 18 19 19 18 18 19 21 24 2727 121Z79999999999999999999999999999 8 8 -8999999999999999999999
 29 29 27 23 16  8  1 -5 -9-11 -9 -5  2  8 13 16 17 17 16 15 15 16 18 2227 122Z7 038 301619 1799999999999999 9 0-111925 1599999999999999
 26 29 29 27 22 15  7 -1 -7-11-12-10 -4  2  8 13 15 15 14 12 12 12 13 1527 123Z7 141 291637 1599999999999999 949-122032 1199999999999999
 20 24 27 28 25 20 13  5 -3 -8-11-12 -8 -2  4  9 13 14 13 11  9  8  8  927 124Z7 239 2817 0 14999999999999991033-122140  899999999999999
 12 17 22 25 25 22 17 10  3 -3 -8-10 -9 -5  1  7 11 13 13 11  8  6  5  427 125Z7 336 251726 13999999999999991114-102248  499999999999999
  6  9 14 18 21 21 19 14  8  2 -3 -6 -6 -5  0  5 10 13 14 13 10  7  4  327 126Z7 432 211754 14999999999999991151 -62354  299999999999999
  2  3  7 11 15 17 17 15 11  6  3  0 -2 -1  1  5 10 13 15 15 12  9  6  427 127Z7 531 171823 15999999999999991222 -2999999999999999999999
  2  1  2  4  8 11 12 13 11  9  6  5  3  3  4  7 11 14 16 16 15 13 10  627 128Z7 638 131851 1699999999999999 059  11240  399999999999999
  4  1  0  1  3  5  7  9 10  9  8  8  8  8  8 10 12 15 17 18 18 16 13 1027 129Z7 8 8 101919 1899999999999999 210  012 6  899999999999999
  7  4  2  1  1  2  3  5  7  8  9  9 10 11 12 13 15 16 18 19 19 19 17 1427 130Z71947 19999999999999999999999 330  0999999999999999999999
 11  8  5  2  1  0  1  2  4  6  8 10 11 13 14 15 17 18 19 20 20 20 19 1727 131Z72021 20999999999999999999999 457  0999999999999999999999
 14 11  8  5  2  0  0  0  2  4  6  9 11 13 15 16 17 18 19 20 21 21 21 2027 2 1Z72112 21999999999999999999999 6 9  0999999999999999999999
 18 15 11  8  4  2  0 -1  0  2  4  7 10 13 14 16 17 18 18 19 20 21 21 2127 2 2Z72221 21999999999999999999999 7 0 -1999999999999999999999
 20 18 14 11  7  3  0 -2 -2 -1  2  5  9 11 13 15 16 16 16 17 18 19 20 2127 2 3Z72330 21999999999999999999999 741 -2999999999999999999999
 21 20 17 13  9  4  0 -2 -4 -3 -1  2  6  9 12 13 14 14 14 14 15 16 18 1927 2 4Z79999999999999999999999999999 816 -4999999999999999999999
 21 21 19 16 11  6  1 -3 -5 -6 -4 -1  3  7 10 12 12 12 11 11 12 13 14 1727 2 5Z7 028 2116 6 1299999999999999 850 -61855 1199999999999999
 19 20 20 17 14  8  3 -2 -6 -7 -7 -5 -1  4  7 10 11 10  9  8  8  9 10 1327 2 6Z7 117 201610 1199999999999999 921 -71950  899999999999999
 16 18 19 18 15 10  5 -1 -5 -8 -9 -7 -4  1  5  8  9  9  8  6  5  5  6  827 2 7Z7 2 1 191622 1099999999999999 951 -92039  599999999999999
 11 15 17 17 16 12  7  1 -4 -7 -9 -8 -5 -1  3  7  9  9  8  6  4  3  3  427 2 8Z7 241 171636  9999999999999991019 -92128  399999999999999
  7 11 14 16 15 13  9  4 -1 -5 -7 -8 -6 -2  2  6  9  9  8  6  3  2  1  127 2 9Z7 320 161651  9999999999999991044 -82216  199999999999999
  3  6 10 13 14 13 10  6  2 -2 -5 -6 -5 -2  2  6  9 10  9  7  4  2  0 -127 210Z7 4 1 1417 6 109999999999999911 7 -623 5 -199999999999999
  0  2  6  9 12 12 11  8  5  1 -1 -2 -2  0  3  7 10 12 11 10  7  3  1 -127 211Z7 447 121722 12999999999999991125 -32356 -299999999999999
 -2 -1  2  5  9 10 11 10  7  5  3  1  1  2  5  8 11 13 14 12 10  6  3  027 212Z7 543 111742 14999999999999991134  1999999999999999999999
 -2 -2 -1  1  4  7  9  9  9  7  6  5  5  6  8 10 13 15 16 15 13 10  6  227 213Z7 657  918 8 1699999999999999 053 -21125  599999999999999
  0 -2 -3 -2  0  3  5  7  8  9  8  8  9  9 11 12 14 16 18 18 17 14 10  627 214Z71841 18999999999999999999999 159 -3999999999999999999999
  3  0 -3 -4 -3 -2  1  3  6  8  9 10 11 12 13 14 15 17 18 19 19 18 15 1127 215Z71929 19999999999999999999999 317 -4999999999999999999999
  7  3  0 -3 -5 -5 -4 -2  1  4  7  9 11 13 14 15 16 16 18 19 20 20 19 1627 216Z72042 20999999999999999999999 444 -5999999999999999999999
 13  8  4 -1 -4 -7 -8 -7 -5 -1  3  7 10 12 13 14 15 15 16 17 18 20 21 2027 217Z72211 21999999999999999999999 6 2 -8999999999999999999999
 18 14  9  4 -2 -6 -9-11-10 -7 -2  3  7 10 12 12 13 13 13 13 15 17 19 2127 218Z72334 21999999999999999999999 7 6-11999999999999999999999
 21 19 15 10  3 -3 -8-12-13-12 -8 -3  3  7 10 11 11 10  9  9 10 11 14 1827 219Z71521 11999999999999999999999 8 0-131844  999999999999999
 21 21 19 15  9  2 -5-10-14-14-12 -7 -1  4  8  9  9  8  6  5  4  5  8 1227 220Z7 044 211525  999999999999999 848-141950  499999999999999
 17 20 21 19 14  8  0 -6-11-14-14-11 -5  1  6  8  9  7  5  2  0  0  1  427 221Z7 146 211541  999999999999999 930-142051  099999999999999
 10 15 18 19 17 12  6 -1 -7-11-13-11 -7 -1  4  8  9  8  5  2 -1 -3 -4 -227 222Z7 244 1916 2  99999999999999910 8-132149 -499999999999999
  2  7 13 16 16 14 10  4 -2 -6 -9 -9 -7 -2  4  8 10 10  8  4 -1 -4 -6 -627 223Z7 341 171625 10999999999999991042 -92245 -699999999999999
 -4  0  5 10 13 13 11  7  3 -1 -4 -5 -4 -1  4  8 11 12 10  7  2 -2 -5 -727 224Z7 438 131650 12999999999999991111 -52339 -799999999999999
 -7 -5 -1  4  8 10 10  8  6  3  1  0  0  1  5  9 12 13 13 10  6  2 -2 -527 225Z7 539 101715 13999999999999991130  0999999999999999999999
 -7 -7 -5 -1  2  5  7  8  7  5  4  4  4  5  7 10 13 14 15 13 10  6  2 -127 226Z7 649  81738 1599999999999999 033 -71116  499999999999999
 -4 -6 -6 -4 -2  1  3  5  6  6  6  6  7  8 10 12 14 15 16 15 13 10  6  327 227Z71758 16999999999999999999999 131 -6999999999999999999999
  0 -3 -4 -5 -4 -2  0  2  4  5  6  8  9 10 11 13 14 15 16 16 15 13 10  727 228Z71817 16999999999999999999999 238 -5999999999999999999999
  3  1 -2 -3 -4 -3 -2  0  2  4  6  7  9 11 12 13 14 15 16 16 15 14 12 1027 3 1Z71844 16999999999999999999999 4 1 -4999999999999999999999
  7  4  1 -1 -3 -4 -4 -3 -1  2  4  6  8 10 12 13 13 14 14 15 15 15 14 1227 3 2Z71952 15999999999999999999999 524 -4999999999999999999999
 10  7  4  1 -2 -4 -5 -5 -3 -1  2  5  7  9 10 11 12 12 12 13 13 14 14 1327 3 3Z72153 14999999999999999999999 625 -5999999999999999999999
 12 10  7  3  0 -3 -5 -6 -6 -4 -1  2  5  7  9  9  9  9  9 10 10 11 13 1327 3 4Z72321 13999999999999999999999 710 -6999999999999999999999
 13 12  9  6  2 -2 -5 -7 -8 -7 -4 -1  3  5  7  8  7  7  6  6  7  8 10 1227 3 5Z715 6  8999999999999999999999 747 -81832  699999999999999
 13 13 11  8  4 -1 -5 -8 -9 -9 -7 -3  1  4  6  6  6  5  4  3  3  4  6  927 3 6Z7 023 1315 1  699999999999999 820 -91922  399999999999999
 11 12 12 10  6  1 -3 -7 -9-10 -8 -5 -1  2  5  6  5  4  2  0  0  0  2  527 3 7Z7 113 1215 6  699999999999999 849-1020 6  099999999999999
  8 11 12 11  8  4 -1 -5 -8-10 -9 -7 -2  2  5  6  5  4  1 -1 -3 -3 -2  027 3 8Z7 158 121515  699999999999999 915-102048 -399999999999999
  4  8 11 11  9  6  2 -3 -6 -8 -9 -7 -3  1  5  7  7  5  2 -2 -4 -6 -6 -427 3 9Z7 241 111526  799999999999999 940 -92130 -699999999999999
  0  5  8 10 10  8  5  0 -3 -6 -6 -6 -3  2  6  8  8  7  4  0 -4 -7 -8 -727 310Z7 325 111540  99999999999999910 4 -62212 -899999999999999
 -4  0  5  9 10  9  7  4  0 -2 -3 -3 -1  2  7 10 11 10  7  2 -2 -6 -8 -927 311Z7 413 101558 11999999999999991025 -32255 -999999999999999
 -8 -4  1  5  8  9  9  7  4  2  0  0  1  4  8 11 13 12 10  6  1 -3 -7 -927 312Z7 5 7  91619 13999999999999991040  02343 -999999999999999
 -9 -8 -4  1  5  7  9  8  7  5  4  4  5  6  9 12 14 15 13 10  6  0 -4 -727 313Z7 612  91645 15999999999999991037  4999999999999999999999
 -9 -9 -7 -4  0  4  6  8  8  7  7  7  7  9 10 13 15 16 16 14 10  5  1 -427 314Z7 736  81716 1699999999999999 037 -91012  799999999999999
 -7 -9 -9 -7 -5 -1  2  5  6  7  8  8  9 10 11 13 15 16 17 16 14 10  6  127 315Z71757 17999999999999999999999 142 -9999999999999999999999
 -3 -6 -8 -9 -8 -6 -3  0  3  5  7  8 10 11 12 13 14 15 16 16 16 14 11  727 316Z71859 16999999999999999999999 3 0 -9999999999999999999999
  2 -2 -5 -8-10-10 -8 -5 -2  2  4  7  9 10 11 11 12 12 13 14 15 15 14 1227 317Z72037 15999999999999999999999 428-10999999999999999999999
  8  4 -1 -5 -8-11-11-10 -7 -3  1  4  7  8  9  9  9  9  9 10 12 14 15 1527 318Z72218 15999999999999999999999 547-11999999999999999999999
 13  9  5  0 -5 -9-12-12-11 -7 -3  1  5  7  7  7  6  6  5  5  7  9 12 1427 319Z71414  72342 1599999999999999 648-1218 8  599999999999999
 15 13 10  5  0 -6-10-12-13-10 -6 -1  3  6  7  6  5  3  1  1  1  3  7 1127 320Z714 9  7999999999999999999999 738-1319 8  099999999999999
 14 15 13 10  5 -1 -6-10-12-11 -8 -3  2  5  7  7  5  2 -1 -3 -4 -3  0  527 321Z7 052 151419  799999999999999 821-1220 3 -499999999999999
 10 13 14 13  9  4 -1 -6 -9-10 -8 -4  1  5  8  8  6  3 -1 -5 -7 -8 -7 -327 322Z7 154 141437  899999999999999 858-102055 -899999999999999
  3  8 12 13 11  8  3 -1 -4 -6 -6 -4  1  6  9 10  9  6  1 -4 -8-10-10 -827 323Z7 254 131459 1099999999999999 931 -72144-1199999999999999
 -4  2  7 11 12 10  7  3  0 -2 -3 -2  1  6 10 12 12  9  5 -1 -6 -9-11-1127 324Z7 352 121523 129999999999999910 0 -32231-1299999999999999
 -9 -4  2  7  9 10  9  6  4  2  1  1  3  7 11 13 14 12  9  4 -2 -6-10-1127 325Z7 451 101547 14999999999999991020  12317-1299999999999999
-11 -8 -3  2  6  8  9  8  6  5  5  5  6  8 11 14 15 15 12  8  3 -2 -6 -927 326Z7 553  91610 15999999999999991017  5999999999999999999999
-10 -9 -6 -2  2  5  7  8  8  7  7  8  8 10 12 14 16 16 14 11  7  2 -2 -627 327Z7 7 7  81630 1699999999999999 0 3-10 929  799999999999999
 -8 -8 -7 -5 -1  2  4  6  7  8  8  9 10 11 13 14 16 16 15 13 10  6  2 -227 328Z71648 16999999999999999999999 050 -8999999999999999999999
 -4 -6 -6 -5 -4 -1  1  4  6  7  8  9 10 11 13 14 15 15 15 14 12  9  5  227 329Z717 6 15999999999999999999999 145 -7999999999999999999999
 -1 -3 -5 -5 -5 -3 -1  1  3  5  7  8 10 11 12 13 13 14 14 13 12 10  8  527 330Z71730 14999999999999999999999 253 -5999999999999999999999
  2  0 -3 -4 -5 -5 -4 -2  0  3  5  7  8 10 10 11 11 11 12 12 11 11  9  727 331Z71841 12999999999999999999999 414 -5999999999999999999999
  5  2  0 -3 -4 -5 -5 -4 -2  0  3  5  7  8  9  9  9  9  9  9  9 10 10  927 4 1Z72123 10999999999999999999999 525 -5999999999999999999999
  7  5  2 -1 -3 -5 -6 -6 -4 -2  1  4  6  7  7  7  6  6  5  6  6  7  9  927 4 2Z71356  723 4  999999999999999 616 -618 2  599999999999999
  9  7  5  2 -1 -4 -6 -7 -6 -4 -1  2  5  6  6  6  4  3  2  2  3  4  6  827 4 3Z71343  6999999999999999999999 656 -71843  299999999999999
  9  9  7  4  1 -2 -5 -6 -6 -5 -2  2  4  6  6  5  3  1  0 -1 -1  0  3  627 4 4Z7 012  91341  699999999999999 728 -61921 -199999999999999
  8  9  9  7  4  0 -3 -5 -5 -5 -2  2  5  7  7  6  4  1 -2 -4 -5 -4 -1  327 4 5Z7 1 7  91346  799999999999999 757 -51958 -599999999999999
  6  9 10  9  7  3  0 -2 -4 -3 -2  2  6  8  9  8  6  2 -2 -5 -7 -7 -5 -127 4 6Z7 158 101357  999999999999999 824 -42037 -799999999999999
  3  8 10 10  9  7  4  1 -1 -1  0  3  7 10 11 11  8  4  0 -5 -8 -9 -9 -627 4 7Z7 248 111414 1299999999999999 851 -12116 -999999999999999
 -1  5  9 11 11 10  7  4  2  2  2  4  7 11 14 14 12  8  3 -3 -7-10-11-1027 4 8Z7 339 111435 1499999999999999 915  22158-1199999999999999
 -6  0  6 10 12 12 10  8  6  5  5  6  9 12 15 17 15 12  7  1 -4 -9-11-1227 4 9Z7 434 1215 2 1799999999999999 936  52243-1299999999999999
-10 -5  1  6 10 12 12 10  9  8  8  8 10 13 16 18 18 16 12  6  0 -5 -9-1227 410Z7 535 121532 1899999999999999 946  82333-1299999999999999
-12 -9 -4  1  6  9 11 11 11 10 10 10 11 13 16 18 19 19 16 11  6  0 -5 -927 411Z7 645 1116 7 1999999999999999 933 10999999999999999999999
-11-11 -8 -4  0  5  8 10 11 11 11 12 12 13 15 17 19 19 18 15 11  5  0 -427 412Z71649 19999999999999999999999 029-11999999999999999999999
 -8-10-10 -8 -5 -1  3  6  8 10 11 11 12 13 14 15 17 18 18 17 15 11  6  127 413Z71745 18999999999999999999999 134-10999999999999999999999
 -3 -7 -9 -9 -8 -5 -2  2  5  7  9 10 11 12 12 13 14 15 16 16 16 14 11  727 414Z719 6 16999999999999999999999 248 -9999999999999999999999
  2 -2 -5 -8 -9 -8 -6 -3  1  4  7  9 10 10 10 10 10 10 11 13 14 14 13 1127 415Z72049 14999999999999999999999 4 6 -9999999999999999999999
  8  4  0 -4 -7 -8 -8 -5 -2  2  5  8  9  9  9  8  7  6  6  8 10 12 13 1327 416Z71249  92228 1399999999999999 516 -81716  699999999999999
 11  9  5  1 -3 -5 -7 -6 -4  0  4  7  9  9  8  6  4  3  2  2  4  7 10 1227 417Z71243  92352 1399999999999999 613 -71819  299999999999999
 13 12  9  6  2 -1 -4 -5 -4 -1  3  7 10 10  9  7  4  1 -1 -2 -2  1  5  927 418Z71253 10999999999999999999999 659 -51913 -299999999999999
 12 13 12 10  7  3  0 -1 -2  0  4  8 11 12 12  9  6  1 -2 -5 -6 -5 -1  427 419Z7 1 5 131311 1299999999999999 738 -220 2 -699999999999999
  8 12 13 13 10  7  5  3  2  2  5  9 12 15 15 13  9  4 -1 -5 -7 -8 -6 -227 420Z7 211 131334 1599999999999999 812  22048 -899999999999999
  4  9 12 13 13 11  9  7  5  5  7 10 13 16 18 16 13  8  2 -3 -7 -9 -9 -627 421Z7 313 131359 1899999999999999 839  52131 -999999999999999
 -1  4  9 12 14 13 12 10  9  8  9 11 14 17 19 19 17 13  7  1 -4 -7 -9 -827 422Z7 412 141425 2099999999999999 857  82213 -999999999999999
 -5  0  6 10 13 14 13 12 11 11 11 13 15 18 20 21 20 16 11  5  0 -5 -7 -827 423Z7 5 9 141451 2199999999999999 857 112253 -899999999999999
 -7 -3  2  7 11 13 14 13 13 13 13 14 16 18 20 21 21 19 15 10  4 -1 -4 -627 424Z7 6 9 141517 2199999999999999 843 132333 -799999999999999
 -7 -4 -1  4  8 11 13 13 13 14 14 15 16 18 19 21 21 20 17 13  8  3 -1 -427 425Z71542 219999999999999999999999999999999999999999999999999
 -5 -5 -3  1  4  8 10 12 13 13 14 15 16 17 18 19 20 20 18 15 11  7  3 -127 426Z716 7 20999999999999999999999 016 -5999999999999999999999
 -3 -4 -3 -1  2  5  7 10 11 12 13 14 15 16 17 18 18 18 18 16 13 10  6  327 427Z71636 18999999999999999999999 1 4 -4999999999999999999999
  0 -2 -3 -2  0  2  5  7  9 11 12 13 13 14 15 15 16 16 16 15 14 11  9  627 428Z71715 16999999999999999999999 159 -3999999999999999999999
  3  0 -1 -2 -1  0  2  5  7  9 10 12 12 13 13 13 13 13 13 13 13 12 10  827 429Z71835 13999999999999999999999 3 1 -2999999999999999999999
  6  3  1  0 -1  0  1  3  5  8  9 11 11 11 11 11 10 10 10 11 11 11 11 1027 430Z71233 112047 1199999999999999 4 2 -11646 1099999999999999
  8  6  4  2  0  0  1  2  4  7  9 11 11 11 10  9  8  7  7  8  9 10 11 1127 5 1Z71212 112237 1199999999999999 455  01740  799999999999999
 10  9  7  5  3  2  2  3  5  7 10 11 12 12 10  8  6  5  4  4  5  7 10 1127 5 2Z712 6 122358 1299999999999999 537  11820  499999999999999
 12 11 10  8  6  4  4  4  5  8 11 13 14 13 12  9  6  3  2  1  2  4  7 1027 5 3Z71210 14999999999999999999999 612  31858  199999999999999
 12 13 13 11  9  7  6  6  7  9 12 15 16 16 14 11  7  3  0 -1 -2  0  4  827 5 4Z7 1 5 131224 1699999999999999 645  61936 -299999999999999
 12 14 15 14 13 11 10  9  9 11 13 17 19 19 18 15 10  5  1 -3 -4 -4 -1  427 5 5Z7 2 6 151245 1999999999999999 716  92016 -499999999999999
  9 14 16 17 16 15 13 12 12 13 15 18 21 23 22 19 15  9  3 -2 -5 -6 -5 -127 5 6Z7 3 3 171313 2399999999999999 746 122059 -699999999999999
  5 11 15 18 19 18 16 15 15 15 16 19 22 25 25 23 20 14  7  1 -4 -7 -8 -527 5 7Z7 4 0 191346 2599999999999999 814 142145 -899999999999999
  0  6 12 16 19 19 19 18 17 17 17 19 22 25 27 27 24 19 13  6  0 -5 -8 -827 5 8Z7 457 191424 2799999999999999 835 172235 -899999999999999
 -5  0  6 12 16 19 19 19 18 18 18 19 21 24 27 28 27 24 19 12  5 -1 -5 -827 5 9Z7 559 1915 7 2899999999999999 846 182328 -899999999999999
 -8 -5  1  6 11 15 18 18 18 18 18 19 20 22 25 27 28 27 23 18 11  5 -1 -527 510Z71555 289999999999999999999999999999999999999999999999999
 -7 -7 -4  1  6 11 14 16 17 17 18 18 19 20 21 24 26 26 25 22 17 11  5  027 511Z71651 26999999999999999999999 025 -7999999999999999999999
 -3 -5 -5 -3  1  6 10 13 15 16 17 17 17 17 18 20 21 23 24 23 20 16 11  627 512Z71759 24999999999999999999999 126 -6999999999999999999999
  2 -1 -3 -3 -1  2  6 10 13 15 16 16 16 16 15 15 16 18 20 21 21 19 16 1227 513Z71114 161923 2199999999999999 230 -41413 1599999999999999
  8  4  1 -1 -1  1  4  8 11 14 15 16 15 14 13 12 12 13 14 16 18 18 18 1627 514Z71056 1621 0 1899999999999999 332 -11554 1299999999999999
 13 10  6  4  2  2  4  7 10 14 16 17 16 15 13 11  9  8  9 10 13 15 17 1727 515Z711 6 172239 1799999999999999 430  21712  899999999999999
 16 14 11  9  7  6  6  8 11 14 17 18 18 17 14 11  8  6  5  5  7 11 14 1627 516Z71123 19999999999999999999999 519  61815  599999999999999
 17 17 15 14 12 10 10 11 13 16 19 21 21 20 17 14 10  6  3  2  3  6 10 1427 517Z7 012 171145 2199999999999999 6 0 1019 8  299999999999999
 16 18 18 17 16 15 14 14 15 17 20 23 24 24 21 17 13  8  4  1  1  2  5 1027 518Z7 137 181210 2499999999999999 632 141954  199999999999999
 14 18 19 20 19 18 17 17 18 19 22 25 27 27 25 22 17 11  6  3  0  0  2  627 519Z7 250 201238 2799999999999999 653 172037  099999999999999
 11 16 19 21 21 21 20 20 20 21 23 25 28 29 28 26 21 16 10  5  2  0  0  427 520Z7 351 2113 8 2999999999999999 7 2 202116  099999999999999
  8 13 18 21 22 22 22 22 22 22 24 26 28 30 30 29 25 20 14  9  4  1  0  227 521Z7 442 221340 3099999999999999 712 222154  099999999999999
  5 10 15 19 22 23 23 22 22 23 24 25 28 30 31 30 28 24 18 12  7  3  1  127 522Z71413 319999999999999999999992232  1999999999999999999999
  3  7 12 17 20 22 23 23 23 23 24 25 26 28 30 30 29 26 22 16 11  6  3  227 523Z71446 319999999999999999999992311  2999999999999999999999
  2  5  9 13 17 20 21 22 22 22 23 24 25 27 28 29 29 27 24 19 14  9  5  327 524Z71521 299999999999999999999992352  2999999999999999999999
  2  4  6 10 14 17 19 21 21 21 22 22 23 24 26 27 28 27 25 21 17 12  8  527 525Z71557 289999999999999999999999999999999999999999999999999
  3  3  5  8 11 14 17 19 20 20 20 21 21 22 23 24 25 25 24 22 19 15 11  827 526Z71637 25999999999999999999999 034  3999999999999999999999
  6  4  5  6  9 12 15 17 18 19 19 20 20 20 21 21 22 23 23 22 20 17 14 1127 527Z71725 23999999999999999999999 118  4999999999999999999999
  8  7  6  7  8 11 13 16 18 19 19 19 19 19 18 19 19 20 20 20 20 18 16 1427 528Z71031 191833 2099999999999999 2 0  614 7 1899999999999999
 11 10  8  8  9 11 13 16 18 19 20 20 19 18 17 17 16 17 17 18 19 19 18 1627 529Z71016 202016 1999999999999999 241  81547 1699999999999999
 15 13 12 11 11 12 14 16 19 20 21 21 20 18 17 15 14 14 14 16 17 18 19 1827 530Z71017 212210 1999999999999999 319 111652 1499999999999999
 18 16 15 14 14 15 16 18 20 22 24 23 22 20 18 15 13 12 11 12 14 17 19 2027 531Z71027 242352 2099999999999999 354 141741 1199999999999999
 20 20 19 18 18 18 18 20 22 25 26 27 26 23 20 16 13 10  9  9 11 14 17 2027 6 1Z71046 27999999999999999999999 431 181825  999999999999999
 22 23 23 22 21 21 21 22 24 27 29 30 30 27 24 19 15 11  8  6  7 10 14 1827 6 2Z7 119 231114 3099999999999999 510 211910  699999999999999
 22 24 25 25 25 24 24 25 26 28 31 33 33 32 29 24 18 13  8  5  4  5  9 1427 6 3Z7 231 261149 3399999999999999 551 241957  499999999999999
 20 24 26 28 28 27 27 27 27 29 31 34 36 36 34 29 24 17 11  6  3  2  4  927 6 4Z7 330 281231 3699999999999999 631 262046  299999999999999
 15 21 25 28 29 29 28 28 28 29 31 34 37 38 38 35 30 23 16  9  4  1  1  327 6 5Z7 422 291318 3899999999999999 7 8 282137  099999999999999
  9 15 21 25 28 29 29 28 28 29 30 32 35 38 39 39 35 30 22 15  8  3  0  027 6 6Z7 513 2914 9 3999999999999999 743 282231 -199999999999999
  3  9 15 21 25 27 28 28 27 27 28 29 32 35 38 39 38 35 29 21 14  7  2  027 6 7Z7 6 3 2815 4 3999999999999999 819 272324  099999999999999
  0  4  9 15 20 24 26 27 26 26 26 27 28 30 34 37 38 37 33 27 20 13  8  327 6 8Z716 1 389999999999999999999999999999999999999999999999999
  1  2  5 10 16 20 24 25 25 25 25 24 25 26 28 31 34 35 34 31 26 20 14  927 6 9Z7 739 2517 3 3599999999999999 018  11046 2499999999999999
  5  4  4  8 12 17 21 24 25 24 24 23 23 22 23 25 28 30 32 31 29 24 20 1527 610Z7 818 251812 3299999999999999 111  31245 2299999999999999
 11  8  7  8 11 15 19 23 25 25 24 23 22 21 20 20 22 24 26 28 28 26 24 2027 611Z7 850 251933 2899999999999999 2 1  71416 2099999999999999
 17 14 12 12 13 16 19 23 25 26 26 25 23 21 19 18 17 18 20 23 25 26 25 2427 612Z7 920 262110 2699999999999999 248 121541 1799999999999999
 22 20 18 17 17 18 21 24 27 28 29 28 26 23 20 18 16 15 16 18 20 23 24 2527 613Z7 948 2923 5 2599999999999999 330 171659 1599999999999999
 24 24 23 22 22 22 23 26 28 31 32 31 30 27 23 20 16 14 13 14 16 19 22 2427 614Z71017 32999999999999999999999 4 3 2218 5 1399999999999999
 26 26 26 26 26 26 27 28 30 33 34 35 34 31 27 23 19 15 13 12 13 16 19 2327 615Z71047 359999999999999999999991859 12999999999999999999999
 25 27 28 29 29 29 30 30 32 34 36 37 37 35 32 27 23 18 14 12 12 13 16 2027 616Z71119 379999999999999999999991945 12999999999999999999999
 24 27 29 30 31 31 32 32 33 35 37 39 39 38 36 32 27 22 17 14 12 12 14 1827 617Z71155 399999999999999999999992025 12999999999999999999999
 22 26 29 31 32 32 32 33 34 35 37 39 40 40 39 35 31 25 20 16 13 12 13 1627 618Z71234 4099999999999999999999921 3 12999999999999999999999
 20 24 28 31 32 32 32 33 33 34 36 38 40 41 40 38 34 29 23 18 14 12 11 1327 619Z71315 419999999999999999999992140 11999999999999999999999
 17 22 26 29 31 32 32 32 32 33 34 36 38 40 41 40 37 32 27 21 16 13 11 1227 620Z71356 419999999999999999999992217 11999999999999999999999
 14 18 23 27 30 31 31 31 31 31 32 34 36 38 39 40 38 35 30 24 19 14 12 1127 621Z71437 409999999999999999999992254 11999999999999999999999
 12 15 20 24 27 29 30 30 30 30 30 31 33 35 37 38 38 36 32 27 21 17 13 1127 622Z71517 389999999999999999999992331 11999999999999999999999
 11 13 17 21 24 27 28 29 28 28 28 29 30 32 34 35 36 35 33 29 24 19 16 1327 623Z71556 369999999999999999999999999999999999999999999999999
 12 13 15 19 22 25 27 28 28 27 27 27 28 29 30 32 33 34 32 30 26 22 18 1627 624Z7 723 281637 3499999999999999 0 6 121024 2799999999999999
 14 14 15 18 21 24 26 28 28 28 27 26 26 26 27 29 30 31 31 30 27 24 21 1927 625Z7 747 281724 3199999999999999 039 1412 4 2699999999999999
 17 16 17 19 21 24 27 28 29 29 28 27 26 25 25 26 27 28 29 29 28 26 24 2227 626Z7 8 5 291827 2999999999999999 1 7 161334 2599999999999999
 20 19 19 21 23 25 28 30 31 30 29 28 26 25 24 24 24 25 27 28 28 28 27 2527 627Z7 821 311959 2899999999999999 131 191451 2499999999999999
 24 23 23 24 25 27 30 32 33 33 32 30 28 26 24 23 22 23 24 26 27 28 29 2827 628Z7 839 332157 2999999999999999 148 231559 2299999999999999
 28 27 27 27 28 30 32 34 36 37 36 34 31 28 25 23 21 20 21 23 25 27 29 3027 629Z7 9 4 37999999999999999999999 159 2717 0 2099999999999999
 31 31 31 31 32 32 34 36 38 40 40 38 36 32 28 24 21 19 18 19 21 25 28 3127 630Z7 938 409999999999999999999991757 18999999999999999999999
 33 34 34 34 34 35 36 37 40 42 43 43 41 37 32 27 23 19 16 15 17 20 24 2927 7 1Z71022 439999999999999999999991851 15999999999999999999999
 32 35 36 36 37 37 37 38 40 42 44 46 45 42 38 33 26 21 16 13 13 15 19 2427 7 2Z71113 469999999999999999999991945 13999999999999999999999
 29 33 36 37 38 38 38 38 39 41 44 46 48 47 44 39 32 25 19 14 11 10 13 1827 7 3Z71211 489999999999999999999992039 10999999999999999999999
 24 29 33 36 37 37 37 37 38 39 41 44 47 49 48 45 39 32 24 17 12  9  9 1227 7 4Z71310 499999999999999999999992133  8999999999999999999999
 17 24 29 33 36 36 36 35 35 36 37 40 44 47 49 48 44 38 31 23 16 10  8  827 7 5Z7 458 361410 4999999999999999 731 352225  799999999999999
 12 18 24 29 33 35 35 34 33 33 33 35 38 43 46 48 47 43 37 29 22 15 10  827 7 6Z7 528 3515 8 4899999999999999 837 332314  899999999999999
  9 13 19 25 30 33 33 33 31 30 30 31 32 36 40 44 46 45 41 35 28 21 16 1227 7 7Z7 558 3316 8 4699999999999999 957 30999999999999999999999
 10 12 16 22 27 31 33 33 31 30 28 28 28 30 33 37 40 42 41 38 33 27 22 1827 7 8Z7 630 331710 4299999999999999 0 0 101125 2899999999999999
 15 14 17 21 26 30 33 34 33 31 29 27 26 26 27 30 33 36 38 38 35 32 28 2427 7 9Z7 7 2 341819 3899999999999999 044 141245 2599999999999999
 21 20 20 22 26 30 33 35 35 34 31 29 27 25 24 25 27 30 33 34 34 33 31 2927 710Z7 735 351941 3499999999999999 123 1914 2 2499999999999999
 27 25 25 26 28 31 34 37 38 37 35 32 29 26 24 23 23 25 27 29 31 32 32 3227 711Z7 8 8 382131 3399999999999999 156 251521 2399999999999999
 31 31 30 30 32 34 36 38 40 40 39 37 34 30 27 24 22 22 23 25 28 30 32 3327 712Z7 842 40999999999999999999999 212 301642 2299999999999999
 34 34 34 35 35 36 38 40 42 43 42 41 38 35 31 27 24 22 21 22 24 27 30 3327 713Z7 918 439999999999999999999991753 21999999999999999999999
 34 36 37 37 38 39 40 41 43 44 45 44 42 39 35 31 27 24 22 21 22 25 28 3127 714Z7 957 459999999999999999999991850 21999999999999999999999
 34 36 38 39 40 40 41 42 44 45 46 46 45 43 39 35 31 27 23 22 21 23 26 3027 715Z71042 469999999999999999999991936 21999999999999999999999
 33 36 38 39 40 41 41 42 43 45 46 47 47 46 43 39 34 29 25 22 21 21 24 2727 716Z71131 479999999999999999999992015 21999999999999999999999
 31 35 37 39 39 40 40 41 42 43 45 46 48 47 45 42 37 32 27 23 21 20 21 2527 717Z71221 489999999999999999999992052 20999999999999999999999
 29 33 36 38 39 39 39 39 40 41 42 44 46 47 47 44 40 35 30 25 21 19 19 2227 718Z713 8 479999999999999999999992127 19999999999999999999999
 25 30 33 36 37 37 37 37 37 38 39 41 44 46 47 45 42 38 32 27 22 19 18 1927 719Z7 440 381353 4799999999999999 7 5 3722 1 1899999999999999
 22 26 31 34 36 36 36 35 35 35 36 38 40 43 45 45 43 40 34 29 24 20 18 1827 720Z7 455 361434 4599999999999999 758 352234 1899999999999999
 20 24 28 32 34 35 35 34 33 33 33 35 37 39 42 43 43 40 36 31 26 22 19 1827 721Z7 517 351513 4399999999999999 850 3323 4 1899999999999999
 19 22 26 30 33 34 34 34 32 31 31 32 33 36 39 41 41 40 37 33 29 25 21 2027 722Z7 538 351552 4199999999999999 946 312332 1999999999999999
 20 22 25 29 32 34 35 34 33 31 30 30 31 32 35 37 39 39 38 35 31 27 24 2327 723Z7 559 351634 39999999999999991050 302356 2299999999999999
 22 23 26 29 32 35 36 35 34 32 31 30 29 30 32 34 36 37 37 36 33 30 28 2627 724Z7 616 361723 38999999999999991156 29999999999999999999999
 25 26 27 30 33 36 37 37 36 34 32 30 29 29 29 31 33 35 36 36 35 33 31 3027 725Z7 634 381828 3699999999999999 014 2513 1 2999999999999999
 29 29 30 32 35 38 39 40 39 37 35 32 30 29 28 28 30 32 34 35 36 35 34 3427 726Z7 654 4020 1 3699999999999999 023 2914 7 2899999999999999
 33 33 34 35 37 40 42 43 42 41 38 35 32 30 28 27 27 29 31 33 35 36 36 3627 727Z7 721 43999999999999999999999 013 331516 2799999999999999
 36 37 37 38 40 41 43 45 45 45 43 39 36 32 29 27 25 25 27 29 32 34 37 3827 728Z7 758 459999999999999999999991629 25999999999999999999999
 39 39 40 41 42 43 44 46 47 48 47 44 41 36 32 28 25 23 23 25 27 31 34 3727 729Z7 847 489999999999999999999991738 23999999999999999999999
 39 41 42 42 43 43 45 46 48 49 50 49 46 42 37 32 27 23 21 20 22 25 30 3427 730Z7 950 509999999999999999999991841 20999999999999999999999
 38 40 42 42 43 43 44 45 47 49 51 51 50 48 43 37 31 25 21 18 17 20 24 2927 731Z711 0 519999999999999999999991939 17999999999999999999999
 34 38 40 41 42 42 42 42 44 46 49 51 53 52 49 43 37 30 23 18 15 15 18 2327 8 1Z712 9 539999999999999999999992033 15999999999999999999999
 29 34 38 40 40 40 39 39 40 41 44 48 51 53 52 49 43 36 28 21 16 14 14 1827 8 2Z7 353 401313 5399999999999999 641 392123 1399999999999999
 23 30 35 38 39 38 37 36 35 36 38 42 46 51 53 52 48 42 34 27 20 16 14 1527 8 3Z7 4 9 391413 5399999999999999 750 3522 9 1499999999999999
 19 25 31 35 38 38 36 34 32 32 32 35 39 44 49 51 50 46 40 33 26 20 17 1627 8 4Z7 431 381512 5199999999999999 9 1 322252 1699999999999999
 18 23 29 34 37 38 37 34 32 30 29 29 32 36 42 46 48 47 43 38 32 26 22 2027 8 5Z7 456 381612 48999999999999991015 292331 1999999999999999
 20 22 28 33 37 39 39 36 33 30 28 26 27 29 34 39 42 44 43 41 36 32 28 2527 8 6Z7 525 391715 44999999999999991125 26999999999999999999999
 24 25 28 33 37 40 41 39 37 33 30 27 25 25 28 31 35 39 40 40 38 36 33 3127 8 7Z7 555 411827 4099999999999999 0 7 241232 2599999999999999
 30 30 31 34 38 41 42 42 40 37 34 30 27 25 25 27 30 33 35 37 38 37 36 3527 8 8Z7 626 431956 3899999999999999 036 291340 2599999999999999
 35 35 35 37 40 42 44 45 44 42 38 35 31 28 26 25 26 28 31 33 35 37 37 3827 8 9Z7 659 45999999999999999999999 045 351456 2599999999999999
 38 38 39 40 42 43 45 46 46 45 43 40 36 33 30 27 26 26 28 30 32 35 37 3827 810Z7 735 469999999999999999999991619 26999999999999999999999
 39 41 42 42 43 44 46 47 47 47 46 44 41 37 34 30 28 26 26 27 30 32 35 3827 811Z7 818 479999999999999999999991736 26999999999999999999999
 40 41 43 43 44 45 46 47 48 48 48 47 44 41 38 34 30 28 26 26 27 30 33 3627 812Z7 914 489999999999999999999991835 26999999999999999999999
 39 41 42 43 44 44 45 46 47 48 48 48 47 44 41 37 33 30 27 26 26 28 31 3427 813Z71020 489999999999999999999991921 25999999999999999999999
 37 40 41 42 42 43 43 44 45 46 47 48 48 47 44 40 36 31 28 25 24 25 28 3127 814Z71123 489999999999999999999991959 24999999999999999999999
 35 38 40 41 41 41 41 41 42 43 45 47 48 48 46 42 38 33 29 25 23 23 25 2827 815Z71218 489999999999999999999992033 23999999999999999999999
 32 36 38 39 39 39 38 38 39 40 42 44 47 48 47 44 40 35 30 26 23 22 23 2627 816Z7 333 3913 5 4899999999999999 634 3821 5 2299999999999999
 29 33 36 38 38 37 36 35 35 36 38 41 44 46 47 45 42 37 32 27 24 22 21 2327 817Z7 340 381348 4799999999999999 726 352135 2199999999999999
 27 31 35 37 37 36 35 33 33 33 34 37 40 43 45 45 43 39 34 29 25 22 21 2227 818Z7 353 371429 4599999999999999 816 3322 2 2199999999999999
 25 30 33 36 37 36 35 33 31 31 31 33 36 39 42 44 43 40 36 32 27 24 23 2327 819Z7 4 9 3715 9 4499999999999999 9 6 312227 2399999999999999
 25 29 33 36 37 37 36 33 31 29 29 30 32 35 39 41 42 41 38 34 30 27 25 2527 820Z7 424 371550 4299999999999999 956 292249 2599999999999999
 26 29 33 36 38 39 37 35 32 30 28 28 29 32 35 39 40 41 39 37 33 30 29 2827 821Z7 439 391636 41999999999999991047 2823 7 2899999999999999
 29 31 34 37 40 40 40 37 34 31 29 28 27 29 32 35 38 39 39 38 36 34 32 3227 822Z7 455 401731 40999999999999991138 272315 3299999999999999
 32 33 36 39 41 42 42 40 37 34 31 28 27 27 29 32 35 37 38 39 38 37 36 3527 823Z7 515 431844 39999999999999991233 2723 3 3599999999999999
 35 36 38 40 43 44 45 43 41 37 34 31 28 27 27 28 31 34 36 37 38 38 38 3827 824Z7 540 459999999999999999999991335 27999999999999999999999
 38 39 40 42 44 46 46 46 44 42 38 34 31 28 27 26 27 29 32 34 37 38 39 4027 825Z7 614 469999999999999999999991448 26999999999999999999999
 40 41 42 43 44 46 47 48 47 45 42 39 35 31 28 26 25 25 27 30 33 36 38 4027 826Z7 7 4 4899999999999999999999916 9 25999999999999999999999
 41 42 43 44 44 45 47 48 49 48 47 44 40 36 31 27 24 23 23 25 28 31 35 3827 827Z7 815 499999999999999999999991727 23999999999999999999999
 40 41 42 43 43 44 45 46 48 49 49 48 45 41 36 31 26 22 20 20 22 26 30 3427 828Z7 942 499999999999999999999991833 20999999999999999999999
 38 40 41 41 41 41 42 43 45 47 49 50 49 46 42 36 30 24 20 18 18 20 25 3027 829Z711 3 509999999999999999999991928 18999999999999999999999
 34 38 39 39 39 38 38 38 40 42 46 49 51 50 47 42 35 29 23 18 16 17 20 2627 830Z7 247 391214 5199999999999999 6 0 382018 1699999999999999
 31 35 38 38 37 36 34 34 34 36 39 44 48 50 50 47 41 34 27 22 18 16 18 2227 831Z7 251 381317 5199999999999999 7 6 3421 2 1699999999999999
 28 33 37 38 37 35 32 30 29 30 32 37 42 47 49 49 45 40 33 27 22 19 18 2127 9 1Z7 3 6 381417 4999999999999999 810 292142 1899999999999999
 26 32 36 38 38 36 33 29 27 25 26 29 34 40 45 47 47 43 38 32 27 24 22 2227 9 2Z7 327 391517 4799999999999999 913 252219 2199999999999999
 26 31 36 39 40 39 35 31 27 24 23 23 27 32 38 42 44 44 41 37 32 29 27 2627 9 3Z7 352 401618 45999999999999991014 232253 2699999999999999
 27 31 36 40 42 41 39 35 30 26 23 21 22 26 31 36 40 42 41 39 36 34 32 3127 9 4Z7 420 421724 42999999999999991113 212320 3199999999999999
 31 33 37 41 43 44 42 39 34 30 26 23 22 22 25 30 34 37 39 39 38 37 36 3527 9 5Z7 448 441839 39999999999999991211 222329 3599999999999999
 35 36 38 41 44 45 45 43 39 35 30 27 24 23 23 26 29 32 35 37 38 38 38 3827 9 6Z7 517 459999999999999999999991312 23999999999999999999999
 38 39 40 42 44 46 46 45 43 39 35 32 28 26 24 25 26 29 31 34 36 37 38 3927 9 7Z7 547 469999999999999999999991421 24999999999999999999999
 40 41 42 43 44 45 46 46 45 43 39 36 33 30 27 26 26 26 28 30 33 35 37 3927 9 8Z7 620 469999999999999999999991542 26999999999999999999999
 40 42 43 43 44 45 45 45 45 44 42 40 37 34 31 28 26 26 26 28 30 33 35 3827 9 9Z7 7 9 4699999999999999999999917 3 26999999999999999999999
 40 41 42 42 43 43 44 44 44 44 44 42 40 37 34 31 28 26 25 26 28 30 33 3627 910Z7 832 4599999999999999999999918 5 25999999999999999999999
 38 40 40 41 41 41 41 42 43 43 44 43 42 40 36 33 29 27 25 24 25 27 30 3427 911Z710 4 449999999999999999999991851 24999999999999999999999
 36 38 39 39 39 38 38 39 40 41 42 43 43 41 39 35 31 27 25 23 23 25 28 3127 912Z71116 439999999999999999999991928 23999999999999999999999
 34 36 37 37 36 36 35 35 36 38 40 42 43 42 40 37 33 29 25 23 22 23 26 2927 913Z7 225 371212 4399999999999999 615 3520 0 2299999999999999
 32 35 36 36 35 33 32 32 32 34 36 39 41 42 41 39 35 31 27 24 22 22 24 2727 914Z7 225 3613 0 4299999999999999 659 322028 2299999999999999
 31 34 35 35 34 32 30 29 29 30 32 35 39 41 41 40 37 33 29 25 23 22 23 2627 915Z7 232 361344 4199999999999999 741 292053 2299999999999999
 30 33 35 36 35 32 29 27 26 26 28 31 35 39 40 40 38 35 31 27 25 23 24 2627 916Z7 243 361427 4199999999999999 824 262117 2399999999999999
 30 34 36 37 36 33 30 27 25 24 25 27 31 35 39 40 39 37 34 30 27 26 26 2727 917Z7 255 371511 4099999999999999 9 6 242139 2599999999999999
 30 34 37 38 38 35 32 28 25 23 22 24 27 32 36 39 39 38 36 33 30 29 28 2927 918Z7 310 381557 3999999999999999 949 222158 2899999999999999
 31 35 38 40 40 38 35 30 26 23 22 22 24 27 32 36 38 39 38 36 33 32 31 3227 919Z7 327 401650 39999999999999991033 212210 3199999999999999
 33 36 39 42 42 41 38 34 29 25 22 21 21 24 28 32 36 38 38 37 36 35 34 3427 920Z7 349 421753 38999999999999991120 2122 5 3499999999999999
 35 37 40 42 44 43 41 38 33 28 25 22 21 22 24 28 32 35 36 37 37 36 36 3727 921Z7 415 441913 37999999999999991213 212145 3699999999999999
 37 39 40 43 44 45 44 41 37 33 28 25 22 21 22 24 27 30 33 35 36 37 37 3827 922Z7 446 459999999999999999999991315 21999999999999999999999
 39 40 41 42 44 45 45 44 41 37 33 29 25 23 21 21 23 25 28 31 34 35 37 3827 923Z7 528 459999999999999999999991430 21999999999999999999999
 39 40 41 41 42 44 44 44 43 41 38 34 29 26 23 20 20 21 23 26 29 32 35 3627 924Z7 632 459999999999999999999991554 20999999999999999999999
 38 39 39 40 40 41 42 43 44 43 41 38 34 30 26 22 19 18 19 21 24 28 32 3427 925Z7 8 7 449999999999999999999991711 18999999999999999999999
 36 37 37 37 37 37 38 40 41 43 43 42 39 35 31 26 21 18 17 17 20 24 28 3227 926Z7 946 439999999999999999999991814 17999999999999999999999
 34 35 35 35 34 33 34 35 37 40 42 43 43 40 36 31 25 21 18 16 17 20 25 2927 927Z7 138 351110 4399999999999999 525 3319 5 1699999999999999
 33 34 34 33 32 30 29 29 30 34 38 41 43 43 40 36 30 25 21 18 17 19 23 2827 928Z7 132 351221 4399999999999999 626 291950 1799999999999999
 32 34 35 33 31 28 25 24 24 26 31 36 40 43 43 40 36 30 25 22 20 20 22 2727 929Z7 142 351325 4399999999999999 723 242029 1999999999999999
 32 35 36 35 32 28 24 21 20 20 23 28 34 39 42 42 39 35 30 26 24 22 23 2727 930Z7 2 1 361427 4299999999999999 819 2021 5 2299999999999999
 32 36 38 38 36 31 26 22 18 17 18 21 27 33 38 40 40 38 35 31 28 26 26 282710 1Z7 225 381529 4199999999999999 913 172136 2699999999999999
 32 37 40 41 39 35 30 24 20 17 15 17 21 27 32 37 39 39 37 34 32 31 30 312710 2Z7 252 411632 399999999999999910 5 1522 2 3099999999999999
 33 37 41 42 42 39 35 29 24 19 16 15 17 21 27 32 35 37 37 36 35 34 33 342710 3Z7 320 421737 38999999999999991055 152210 3399999999999999
 35 38 41 43 44 42 39 34 28 23 20 17 16 18 22 27 31 34 36 36 36 35 36 362710 4Z7 348 441855 36999999999999991146 162121 3599999999999999
 37 38 41 43 44 43 41 38 33 28 24 21 19 18 20 23 27 30 33 34 35 36 36 372710 5Z7 415 449999999999999999999991239 18999999999999999999999
 38 39 40 42 43 43 42 40 36 32 28 25 22 20 20 21 24 26 29 32 33 35 36 372710 6Z7 442 439999999999999999999991338 20999999999999999999999
 38 39 39 40 41 42 41 40 38 35 32 29 26 23 22 21 22 24 26 28 31 33 34 362710 7Z7 510 429999999999999999999991449 21999999999999999999999
 37 38 38 39 39 39 40 39 38 37 34 32 29 26 24 22 21 22 23 25 28 30 32 342710 8Z7 554 4099999999999999999999916 7 21999999999999999999999
 35 36 36 36 37 37 37 37 37 37 36 34 31 29 26 23 22 21 21 23 25 28 30 322710 9Z7 740 379999999999999999999991712 21999999999999999999999
 34 34 34 34 34 34 34 34 35 35 36 35 33 31 28 25 23 21 20 21 23 25 28 31271010Z7 140 34 936 3699999999999999 5 7 3418 0 2099999999999999
 32 33 33 32 31 30 30 31 32 33 34 35 34 33 30 27 24 22 20 20 21 24 27 29271011Z7 115 3311 0 3599999999999999 549 301837 2099999999999999
 31 32 32 30 29 28 27 27 28 30 32 34 34 34 32 29 26 23 21 20 21 23 26 29271012Z7 1 8 3212 3 3499999999999999 625 2719 7 2099999999999999
 31 32 31 30 28 26 24 23 24 26 29 32 34 34 34 31 28 25 23 22 22 23 26 29271013Z7 110 321256 3499999999999999 7 1 231934 2199999999999999
 31 33 32 31 28 25 22 21 20 22 25 29 32 34 34 33 31 28 25 24 23 24 26 29271014Z7 117 331345 3599999999999999 738 201958 2399999999999999
 32 34 34 32 29 25 22 19 18 18 21 25 29 33 35 35 33 31 28 26 25 25 27 30271015Z7 128 341434 3599999999999999 815 182021 2599999999999999
 34 36 36 35 32 28 23 19 16 16 17 21 26 30 34 35 35 33 31 29 28 27 28 31271016Z7 145 361523 3599999999999999 854 162043 2799999999999999
 34 37 39 38 35 31 25 20 17 15 14 17 21 27 31 34 36 35 33 32 30 30 30 32271017Z7 2 7 391615 3699999999999999 935 1421 0 3099999999999999
 35 38 40 40 38 34 29 23 18 15 13 14 17 22 27 32 34 35 35 34 32 32 32 33271018Z7 233 411711 35999999999999991019 1321 8 3299999999999999
 35 38 41 42 41 38 33 28 22 17 14 13 14 17 22 27 31 33 34 34 33 33 33 34271019Z7 3 3 421817 349999999999999911 8 1321 4 3399999999999999
 35 37 40 42 42 40 37 32 26 21 17 14 13 14 17 22 26 29 32 33 33 33 34 34271020Z7 338 4299999999999999999999912 2 13999999999999999999999
 35 37 38 40 42 41 39 36 31 26 21 17 14 13 14 17 20 24 28 30 32 32 33 34271021Z7 420 4299999999999999999999913 5 13999999999999999999999
 35 35 37 38 39 40 40 38 35 31 26 21 17 15 13 14 16 19 23 26 28 30 31 32271022Z7 514 409999999999999999999991416 13999999999999999999999
 33 34 34 35 36 37 38 38 37 34 31 26 22 18 15 14 13 15 18 21 25 28 30 31271023Z7 632 389999999999999999999991531 13999999999999999999999
 31 32 32 32 32 33 34 35 36 36 34 31 27 23 19 16 14 14 15 18 22 25 28 29271024Z7 813 369999999999999999999991641 14999999999999999999999
 30 30 29 28 28 28 29 30 33 34 35 34 31 28 24 20 17 15 15 16 19 23 27 29271025Z7 017 30 952 3599999999999999 433 281739 1599999999999999
 30 29 28 26 25 23 23 24 27 30 33 34 34 32 29 25 21 18 17 17 19 22 26 29271026Z7 0 9 301119 3499999999999999 540 231827 1799999999999999
 31 31 29 26 23 20 19 19 20 24 28 32 34 34 32 29 26 23 20 19 20 23 26 30271027Z7 019 311234 3499999999999999 637 1819 9 1999999999999999
 33 33 31 28 24 20 17 15 15 17 22 27 31 34 34 33 30 27 25 23 23 24 27 31271028Z7 038 331344 3499999999999999 729 141944 2399999999999999
 34 36 35 31 27 22 17 13 12 12 15 21 26 31 34 34 33 31 29 27 26 26 28 32271029Z7 1 2 361449 3499999999999999 819 122014 2699999999999999
 35 38 38 35 31 26 20 15 11 10 11 15 21 27 31 34 34 33 31 30 29 29 30 32271030Z7 130 381551 3499999999999999 9 6 102036 2999999999999999
 36 39 40 39 35 30 24 18 13 10  9 11 16 22 27 31 33 34 33 32 31 31 32 33271031Z7 2 1 401650 3499999999999999 952  92043 3199999999999999
 36 39 41 41 39 35 29 23 17 13 10 10 13 17 22 27 31 33 33 33 32 32 33 342711 1Z7 232 411751 33999999999999991036 102034 3299999999999999
 35 38 40 41 40 37 33 27 21 16 13 11 12 14 18 23 27 30 32 32 32 32 33 332711 2Z7 3 3 419999999999999999999991121 11999999999999999999999
 35 36 38 40 40 38 35 31 25 20 16 14 12 13 16 19 23 27 29 30 31 31 32 332711 3Z7 334 4099999999999999999999912 7 12999999999999999999999
 34 35 36 37 38 37 36 32 28 24 20 16 14 14 14 17 20 23 26 28 29 30 31 312711 4Z7 4 5 389999999999999999999991256 14999999999999999999999
 32 33 34 35 35 35 35 33 30 26 23 19 17 15 14 15 17 20 22 25 27 28 29 302711 5Z7 439 359999999999999999999991351 14999999999999999999999
 30 31 31 32 32 32 32 32 30 28 25 22 19 17 16 15 16 17 20 22 24 26 27 282711 6Z7 523 329999999999999999999991451 15999999999999999999999
 28 29 29 29 29 29 29 29 29 28 26 24 21 19 17 16 16 16 18 20 22 25 26 272711 7Z7 645 292357 27999999999999991549 16999999999999999999999
 27 27 26 26 25 25 26 26 27 27 26 25 24 22 19 18 17 17 18 19 21 24 26 272711 8Z7 847 272343 2799999999999999 441 251638 1799999999999999
 27 26 25 24 23 22 22 23 24 25 26 26 25 24 22 20 19 18 18 19 21 24 26 272711 9Z71035 262341 2799999999999999 530 221717 1899999999999999
 27 27 25 23 21 19 19 19 20 22 24 26 26 26 24 23 21 20 20 20 22 25 27 29271110Z71156 262347 2999999999999999 6 8 191749 2099999999999999
 29 28 26 23 20 18 16 16 17 19 22 25 27 27 27 26 24 23 22 22 23 26 28 30271111Z713 2 27999999999999999999999 644 161819 2299999999999999
 31 30 28 25 21 17 14 13 13 15 19 23 26 28 29 28 27 25 24 24 25 27 29 32271112Z7 0 0 3114 0 2999999999999999 721 131847 2499999999999999
 34 33 31 28 23 18 14 11 10 12 15 19 24 28 30 30 29 28 27 26 27 28 30 33271113Z7 021 341453 3099999999999999 759 101915 2699999999999999
 36 36 35 31 27 21 16 11  9  8 11 15 20 25 29 31 31 30 29 28 28 29 30 33271114Z7 048 361544 3199999999999999 840  81941 2899999999999999
 36 38 38 35 31 25 19 13  9  7  7 10 15 21 26 29 31 31 30 30 29 29 31 33271115Z7 122 381636 3199999999999999 924  620 3 2999999999999999
 36 38 39 38 35 30 23 16 11  7  5  6 10 15 21 26 29 31 31 30 29 30 30 32271116Z7 159 391731 31999999999999991011  52019 2999999999999999
 34 37 39 40 38 34 28 21 15  9  6  4  6 10 15 21 25 28 29 29 29 29 29 30271117Z7 241 4099999999999999999999911 2  4999999999999999999999
 32 34 37 39 39 37 32 26 20 14  9  5  4  6 10 15 20 24 26 27 28 28 28 29271118Z7 328 399999999999999999999991157  4999999999999999999999
 30 31 33 36 37 37 35 30 25 19 13  9  6  5  6 10 14 19 22 25 26 26 26 27271119Z7 422 379999999999999999999991255  5999999999999999999999
 27 28 29 31 33 34 34 32 29 24 18 14 10  7  6  7 10 14 18 21 24 25 25 25271120Z7 525 349999999999999999999991355  6999999999999999999999
 25 25 25 26 27 29 31 31 30 27 23 19 15 11  9  8  9 12 15 19 22 24 24 24271121Z7 642 312216 24999999999999991456  8999999999999999999999
 24 23 22 22 22 23 25 27 28 28 26 23 20 16 14 12 11 12 14 18 21 24 25 25271122Z7 817 282230 2599999999999999 3 6 221553 1199999999999999
 24 22 21 19 18 18 19 21 24 25 26 25 24 21 19 16 15 14 16 18 21 24 26 27271123Z7 959 262250 2799999999999999 431 181645 1499999999999999
 26 24 21 18 16 14 14 15 18 21 24 25 26 25 23 21 19 18 18 20 22 25 28 29271124Z71139 262314 2999999999999999 540 141731 1899999999999999
 29 27 23 20 16 13 11 10 12 15 19 23 25 26 26 25 24 22 22 22 24 27 30 32271125Z71312 262342 3299999999999999 638 1018 8 2299999999999999
 32 30 27 23 18 13 10  8  8 10 14 19 23 26 27 27 27 26 25 25 26 28 31 33271126Z71432 28999999999999999999999 729  81836 2599999999999999
 35 34 31 27 22 16 12  8  6  7 10 15 20 24 27 28 29 28 27 27 28 29 31 34271127Z7 014 351536 2999999999999999 816  61855 2799999999999999
 36 36 35 31 26 20 15 10  7  5  7 11 16 21 25 28 29 29 29 28 28 29 31 33271128Z7 048 361627 2999999999999999 859  519 8 2899999999999999
 36 37 37 35 31 25 19 13  8  6  5  7 12 17 22 26 28 29 29 28 28 29 30 32271129Z7 125 37999999999999999999999 941  5999999999999999999999
 34 36 37 36 33 29 23 16 11  7  5  6  9 13 18 23 26 28 28 28 28 28 29 30271130Z7 2 2 379999999999999999999991021  5999999999999999999999
 32 34 36 36 35 31 26 20 14 10  7  6  7 10 14 19 23 25 26 27 26 26 27 282712 1Z7 240 3699999999999999999999911 1  6999999999999999999999
 29 31 33 34 34 32 28 23 17 12  9  6  6  8 11 15 19 22 24 25 25 25 25 262712 2Z7 317 349999999999999999999991141  6999999999999999999999
 27 28 30 31 32 31 28 25 20 15 11  8  6  7  9 12 16 19 21 23 23 23 23 242712 3Z7 355 329999999999999999999991221  6999999999999999999999
 24 25 26 28 29 29 27 25 21 17 13 10  8  7  8 10 13 16 19 21 22 22 22 222712 4Z7 432 2999999999999999999999913 0  7999999999999999999999
 22 22 23 24 25 25 25 24 22 19 15 13 10  9  9 10 12 15 17 19 21 21 21 212712 5Z7 515 252135 21999999999999991338  9999999999999999999999
 21 20 20 21 21 22 22 22 21 19 17 15 13 11 11 11 12 14 17 19 20 21 21 212712 6Z7 613 222141 2199999999999999 147 201413 1199999999999999
 20 19 18 18 18 18 19 20 20 19 18 17 15 14 13 13 14 15 17 19 21 22 23 222712 7Z7 750 202148 2399999999999999 332 181444 1399999999999999
 21 19 18 16 15 15 16 17 18 19 19 19 18 17 16 16 16 17 19 21 23 24 25 242712 8Z710 0 1922 0 2599999999999999 444 151512 1699999999999999
 23 20 18 16 14 12 12 13 15 17 19 20 20 20 19 19 19 19 20 22 24 26 27 272712 9Z712 7 202220 2799999999999999 535 121540 1999999999999999
 25 23 20 16 13 11 10 10 12 14 17 20 21 22 22 22 22 22 22 24 26 28 29 30271210Z72249 30999999999999999999999 618 10999999999999999999999
 29 26 23 18 14 10  8  7  8 11 14 18 21 23 24 24 24 24 24 25 26 29 31 32271211Z72326 32999999999999999999999 7 0  7999999999999999999999
 32 30 27 22 17 11  7  5  4  6 10 15 19 23 25 26 26 26 25 26 27 28 31 33271212Z79999999999999999999999999999 744  4999999999999999999999
 34 34 31 26 21 14  9  4  2  2  5  9 15 20 24 26 27 26 26 26 26 28 30 32271213Z7 0 9 341615 2799999999999999 830  21843 2699999999999999
 35 36 35 31 26 19 12  6  1 -1  0  3  9 15 20 24 26 26 26 25 25 26 28 30271214Z7 056 361654 2699999999999999 918 -11923 2599999999999999
 33 36 36 35 30 24 17  9  3 -1 -3 -2  3  9 15 20 23 25 25 24 24 24 25 27271215Z7 147 361734 259999999999999910 8 -320 4 2499999999999999
 30 33 35 36 34 29 22 15  7  1 -2 -4 -2  2  8 14 19 22 23 22 22 22 22 23271216Z7 240 361814 23999999999999991059 -42053 2299999999999999
 25 28 32 34 34 32 27 20 13  6  1 -3 -4 -1  3  9 14 18 20 21 20 20 19 20271217Z7 334 341854 21999999999999991149 -422 3 1999999999999999
 20 22 26 29 31 31 29 24 18 12  6  1 -1 -2  1  5 10 15 18 19 19 19 18 17271218Z7 432 321930 20999999999999991238 -22351 1799999999999999
 17 18 19 22 25 27 28 26 22 17 11  7  3  1  1  4  8 12 16 19 19 19 18 16271219Z7 535 2820 4 19999999999999991326  1999999999999999999999
 15 14 15 16 18 21 23 24 22 20 16 12  9  6  5  6  8 12 16 18 20 20 19 17271220Z7 649 242037 2099999999999999 127 141411  599999999999999
 15 13 12 12 12 14 17 19 20 20 18 16 14 12 11 10 11 13 16 19 21 22 22 20271221Z7 822 2021 8 2299999999999999 255 111452 1099999999999999
 18 15 12 10  9  9 11 13 15 17 18 18 17 16 15 15 15 16 18 21 23 25 25 24271222Z71021 182141 2599999999999999 420  91525 1599999999999999
 21 18 14 11  8  6  6  8 10 13 16 18 19 19 19 19 19 19 20 22 24 26 28 27271223Z72216 28999999999999999999999 536  6999999999999999999999
 25 22 18 14 10  7  5  4  6  9 13 16 19 20 21 22 22 22 23 24 26 28 29 30271224Z72255 30999999999999999999999 638  4999999999999999999999
 29 26 23 18 13  9  5  3  3  5  9 13 17 20 22 23 24 24 24 25 26 28 30 31271225Z72338 31999999999999999999999 730  3999999999999999999999
 31 30 27 22 17 12  7  4  2  3  6 10 14 18 21 23 24 24 24 25 26 27 29 31271226Z79999999999999999999999999999 815  2999999999999999999999
 32 32 30 26 21 15 10  5  2  1  3  6 11 16 20 22 23 24 24 24 24 25 27 29271227Z7 023 32999999999999999999999 855  1999999999999999999999
 31 32 31 29 24 19 13  7  3  1  1  3  8 12 17 20 22 23 22 22 22 23 24 26271228Z7 1 8 32999999999999999999999 933  1999999999999999999999
 29 31 31 30 27 22 16 10  5  1  0  1  4  9 13 17 20 21 21 20 20 21 21 23271229Z7 152 311723 219999999999999910 9  01956 2099999999999999
 25 28 29 29 28 24 18 12  7  2  0 -1  1  5 10 14 17 19 19 19 18 18 19 20271230Z7 234 301748 19999999999999991044 -12043 1899999999999999
 21 24 26 27 27 24 20 14  9  4  1 -1  0  2  6 11 14 17 18 17 17 16 16 16271231Z7 314 271812 18999999999999991117 -12135 1699999999999999
