 11  9  6  5  3  3  3  4  6  8 10 10 11 10 10 11 11 12 13 14 15 16 16 1527 1 1Z82127 16999999999999999999999 5 8  3999999999999999999999
 13 11  8  6  3  2  1  1  2  4  6  9 11 12 13 14 15 16 17 17 18 18 18 1827 1 2Z82133 18999999999999999999999 626  1999999999999999999999
 16 14 11  8  5  3  1  0  0  1  4  7 10 13 14 16 17 18 19 20 20 20 20 2027 1 3Z82142 20999999999999999999999 722  0999999999999999999999
 19 17 15 12  9  5  3  1  0  0  2  5  9 13 15 17 19 20 21 21 21 22 22 2227 1 4Z82226 22999999999999999999999 8 7  0999999999999999999999
 21 20 18 16 12  9  5  2  0  0  1  4  8 12 15 18 20 21 22 22 22 22 23 2327 1 5Z82350 23999999999999999999999 844  0999999999999999999999
 23 23 21 19 16 12  8  4  2  0  1  3  6 10 15 18 20 22 22 22 22 22 23 2327 1 6Z89999999999999999999999999999 919  0999999999999999999999
 24 24 23 22 19 16 11  7  3  1  0  1  4  8 13 17 20 22 22 22 21 21 21 2227 1 7Z8 059 241757 2299999999999999 954  02047 2199999999999999
 23 24 24 23 21 18 14  9  5  1 -1 -1  1  5 10 14 18 20 21 21 20 19 19 2027 1 8Z8 156 2418 8 21999999999999991029 -12130 1999999999999999
 21 22 23 23 22 20 16 11  6  2 -1 -2 -1  1  6 11 15 18 19 19 18 17 17 1727 1 9Z8 245 231826 209999999999999911 4 -22211 1799999999999999
 18 19 21 22 22 20 17 13  8  3 -1 -3 -3 -1  2  7 11 15 17 18 17 15 14 1427 110Z8 329 221846 18999999999999991137 -32251 1499999999999999
 14 16 17 19 20 19 17 14  9  4  0 -2 -4 -3  0  4  8 12 14 16 15 13 12 1127 111Z8 411 2019 7 169999999999999912 7 -42333 1199999999999999
 11 12 13 15 17 17 16 14 10  6  2 -1 -3 -3 -1  2  6  9 12 14 14 12 10  927 112Z8 453 171926 14999999999999991233 -3999999999999999999999
  8  8  9 11 13 14 14 13 11  7  4  1 -1 -1 -1  2  5  8 11 13 13 12 10  827 113Z8 539 141944 1399999999999999 019  81250 -199999999999999
  6  6  6  7  9 10 11 11 10  8  6  3  2  1  2  3  5  8 11 12 13 12 10  827 114Z8 636 121959 1399999999999999 1 8  61258  199999999999999
  5  4  4  4  5  7  8  9 10  9  8  6  5  4  5  6  8 10 12 13 14 13 12  927 115Z8 755 102011 1499999999999999 2 3  41259  499999999999999
  6  4  3  2  2  3  5  7  8  9  9  9  9  8  9 10 11 13 14 15 16 15 14 1227 116Z8 954  92019 1699999999999999 3 5  21249  899999999999999
  9  6  3  2  1  1  2  4  6  8 10 11 12 12 13 14 15 16 17 18 18 18 17 1627 117Z82024 18999999999999999999999 419  1999999999999999999999
 13  9  6  3  1  0  0  1  2  5  8 11 13 15 16 18 19 20 20 20 21 21 20 1927 118Z82012 21999999999999999999999 538  0999999999999999999999
 17 14 11  7  3  0 -2 -2 -1  1  5  9 13 16 18 20 21 22 23 23 23 23 22 2227 119Z81858 23999999999999999999999 651 -2999999999999999999999
 21 19 16 12  7  3 -1 -3 -4 -3  0  4  9 14 18 21 23 24 24 24 24 23 23 2427 120Z821 3 24999999999999999999999 755 -4999999999999999999999
 24 23 21 18 13  8  2 -2 -5 -6 -5 -1  4 10 15 19 22 23 24 23 23 23 23 2327 121Z81740 24999999999999999999999 853 -62112 2399999999999999
 24 25 25 23 19 14  7  1 -4 -7 -8 -6 -2  4 10 16 20 22 22 21 21 20 20 2127 122Z8 123 251744 2299999999999999 947 -82128 2099999999999999
 22 24 25 26 24 20 13  6 -1 -6 -8 -8 -6 -1  5 11 16 19 20 19 18 17 16 1627 123Z8 235 261759 20999999999999991036 -922 3 1699999999999999
 18 20 23 25 25 23 19 12  5 -2 -6 -8 -8 -5  0  6 12 16 17 17 15 13 12 1227 124Z8 340 251819 18999999999999991121 -82249 1299999999999999
 12 14 17 20 23 23 21 16 10  3 -2 -6 -7 -6 -2  3  8 12 15 15 14 11  9  727 125Z8 441 231839 159999999999999912 1 -72342  799999999999999
  7  8 10 14 17 19 20 18 13  8  2 -2 -4 -4 -2  2  6 10 13 14 13 10  7  527 126Z8 541 201859 14999999999999991234 -4999999999999999999999
  4  3  4  7 10 13 15 16 14 11  6  3  1  0  1  3  6 10 12 14 13 11  8  527 127Z8 644 161917 1499999999999999 039  31257  099999999999999
  2  1  1  2  4  7  9 11 12 11  9  6  5  4  5  6  8 11 13 14 14 13 10  627 128Z8 754 121929 1499999999999999 140  113 1  499999999999999
  3  1  0 -1  0  2  4  6  8  9  9  9  8  8  9 10 11 13 15 16 16 15 12  927 129Z8 926  91933 1699999999999999 249 -11231  899999999999999
  6  3  1  0 -1  0  1  2  4  6  8  9 10 10 12 13 15 16 17 17 17 16 15 1327 130Z81922 17999999999999999999999 411 -1999999999999999999999
 10  7  4  2  1  0 -1  0  2  4  6  8 10 12 14 15 17 18 19 19 19 18 17 1527 131Z819 5 19999999999999999999999 541 -1999999999999999999999
 13 11  8  6  3  1  0  0  0  2  4  7 10 12 15 16 18 19 20 20 20 20 19 1827 2 1Z819 8 20999999999999999999999 655  0999999999999999999999
 16 14 12  9  6  4  2  0  0  1  3  6  9 12 15 17 19 20 20 21 21 20 20 1927 2 2Z81927 21999999999999999999999 749  0999999999999999999999
 18 17 15 13 10  7  3  1  0  0  1  4  7 11 14 17 18 19 20 20 20 20 20 1927 2 3Z81943 20999999999999999999999 832 -1999999999999999999999
 19 19 18 15 13  9  5  2  0 -1 -1  1  5  9 13 16 18 18 18 18 18 18 18 1827 2 4Z81729 19999999999999999999999 910 -22034 1899999999999999
 19 19 19 17 15 12  7  3  0 -2 -3 -1  2  6 10 14 16 17 17 16 16 15 15 1627 2 5Z8 1 1 191722 1799999999999999 945 -321 5 1599999999999999
 17 18 19 18 17 14  9  5  0 -3 -4 -4 -2  2  7 11 14 16 16 14 13 12 12 1327 2 6Z8 2 5 191728 16999999999999991018 -42139 1299999999999999
 14 16 17 18 17 15 11  6  1 -3 -5 -6 -4 -1  4  8 12 14 14 13 11  9  9  927 2 7Z8 257 181740 14999999999999991049 -62214  999999999999999
 10 12 14 16 16 15 12  8  3 -1 -5 -6 -6 -3  1  5  9 12 13 12  9  7  6  527 2 8Z8 343 161753 13999999999999991117 -62248  599999999999999
  6  8 11 13 15 15 13  9  5  0 -3 -5 -5 -4 -1  4  8 10 12 11  9  6  4  227 2 9Z8 429 1518 8 12999999999999991141 -52323  299999999999999
  3  4  6  9 12 13 13 11  7  3 -1 -3 -3 -3  0  3  7 10 11 11  9  6  3  127 210Z8 515 131822 119999999999999912 0 -3999999999999999999999
  0  1  3  6  9 11 12 11  9  6  3  0  0  0  2  4  7 10 12 12 10  7  3  027 211Z8 6 6 121834 1299999999999999 0 0  012 9  099999999999999
 -1 -1  0  2  5  8 10 11 10  8  6  4  3  4  5  7  9 12 13 13 12  9  6  227 212Z8 7 5 111843 1399999999999999 040 -212 9  399999999999999
 -1 -2 -2 -1  2  5  7  9 10 10  9  8  7  8  9 10 12 14 15 15 14 12  9  527 213Z8 820 101848 1599999999999999 127 -212 3  799999999999999
  1 -1 -2 -2 -1  1  4  7  9 10 11 11 11 11 13 14 15 16 17 17 17 15 13  927 214Z81846 17999999999999999999999 223 -2999999999999999999999
  5  2 -1 -2 -2 -1  1  3  6  8 10 12 13 14 16 17 18 19 20 20 19 18 16 1327 215Z81828 20999999999999999999999 338 -2999999999999999999999
 10  6  3  0 -2 -2 -2 -1  2  5  8 11 13 15 17 19 20 21 21 21 20 20 19 1727 216Z818 5 21999999999999999999999 513 -2999999999999999999999
 15 12  8  4  1 -2 -3 -4 -2  0  3  7 11 14 17 19 20 21 21 21 21 20 20 1927 217Z81754 21999999999999999999999 643 -4999999999999999999999
 18 16 13  9  5  1 -3 -5 -5 -4 -2  2  7 12 15 18 19 20 20 19 19 19 19 1927 218Z81716 20999999999999999999999 754 -52111 1999999999999999
 20 20 18 15 10  5  0 -4 -7 -7 -6 -3  2  7 12 15 17 18 17 16 16 15 16 1727 219Z8 016 201651 1899999999999999 852 -721 5 1599999999999999
 19 20 20 19 16 11  5 -1 -6 -8 -8 -7 -3  3  8 12 15 16 15 13 12 11 11 1227 220Z8 145 201653 1699999999999999 941 -92127 1199999999999999
 14 17 20 20 19 15 10  3 -2 -6 -8 -8 -6 -1  5  9 13 14 13 11  8  7  6  627 221Z8 255 2017 5 14999999999999991024 -922 3  699999999999999
  8 12 16 18 20 18 14  8  2 -3 -6 -7 -6 -3  2  7 11 13 12 10  6  3  2  127 222Z8 358 201721 139999999999999911 1 -72246  199999999999999
  2  5  9 14 17 18 16 12  7  2 -2 -4 -4 -2  1  6 10 12 12 10  7  3 -1 -227 223Z8 457 181739 13999999999999991133 -42332 -299999999999999
 -2  0  3  7 12 15 16 14 10  6  2  0 -1  0  3  6 10 12 13 12  8  4  0 -327 224Z8 555 161755 13999999999999991157 -1999999999999999999999
 -4 -4 -2  2  6 10 12 13 12  9  6  4  4  4  6  8 11 13 14 13 11  7  2 -127 225Z8 654 1318 7 1499999999999999 019 -412 7  499999999999999
 -4 -5 -4 -2  1  5  8 10 11 11  9  8  7  8  9 11 13 15 15 15 13 10  6  227 226Z8 8 0 111811 1599999999999999 1 8 -51156  799999999999999
 -1 -3 -4 -3 -1  1  4  7  9 10 10 10 10 11 12 14 15 17 17 17 15 13  9  627 227Z818 4 17999999999999999999999 2 1 -4999999999999999999999
  3  0 -1 -2 -2  0  2  4  6  8 10 11 12 13 14 16 17 18 19 18 17 15 12  927 228Z81752 19999999999999999999999 3 4 -2999999999999999999999
  7  4  2  0  0  0  0  2  4  6  8 10 12 14 15 17 18 19 19 19 18 17 15 1227 3 1Z81752 19999999999999999999999 430  0999999999999999999999
 10  8  5  3  2  1  0  1  2  4  6  9 11 13 15 17 18 19 19 19 18 17 16 1427 3 2Z818 0 19999999999999999999999 6 6  0999999999999999999999
 13 11  9  6  4  2  1  0  0  1  4  7  9 12 14 16 17 17 18 17 17 16 16 1527 3 3Z81752 18999999999999999999999 716  0999999999999999999999
 14 13 11  9  6  4  1 -1 -1 -1  1  4  7 10 13 15 16 16 15 15 15 14 14 1427 3 4Z81647 16999999999999999999999 8 7 -1999999999999999999999
 14 14 13 11  8  5  2 -1 -2 -3 -2  1  4  8 11 13 14 14 13 12 12 11 12 1227 3 5Z81625 14999999999999999999999 848 -321 6 1199999999999999
 13 14 13 12 10  7  3  0 -3 -4 -4 -2  1  5  9 11 12 12 11 10  8  8  8  927 3 6Z8 117 141623 1299999999999999 923 -42112  899999999999999
 11 12 13 13 11  9  5  1 -2 -5 -5 -4 -1  2  6  9 11 11  9  7  5  4  4  527 3 7Z8 220 131628 1199999999999999 955 -52134  499999999999999
  7 10 12 13 12 10  7  3 -1 -4 -5 -5 -3  1  5  8 10 10  9  6  3  1  1  127 3 8Z8 312 131638 10999999999999991023 -522 1  199999999999999
  3  6  9 12 13 12  9  5  1 -2 -4 -4 -3  0  4  7 10 10  9  6  2 -1 -2 -227 3 9Z8 4 0 131649 10999999999999991048 -42230 -299999999999999
  0  3  6 10 12 13 11  8  4  1 -1 -2 -1  1  4  7 10 11 10  7  3 -1 -4 -427 310Z8 447 1317 2 11999999999999991110 -223 2 -499999999999999
 -4 -1  3  7 11 13 13 11  8  5  2  1  1  3  5  8 11 12 12  9  5  0 -3 -527 311Z8 536 131714 12999999999999991126  12337 -699999999999999
 -6 -4 -1  4  8 11 13 13 11  9  6  5  5  6  8 10 13 14 14 12  8  3 -1 -527 312Z8 628 131726 14999999999999991132  5999999999999999999999
 -6 -6 -3  0  5  9 12 13 13 12 10  9  9 10 11 13 15 16 16 15 12  7  2 -227 313Z8 728 131734 1699999999999999 017 -61126  999999999999999
 -5 -6 -5 -3  1  5  9 11 13 13 13 12 13 13 15 16 17 18 18 17 15 11  7  227 314Z8 845 131738 1899999999999999 1 5 -611 9 1299999999999999
 -1 -4 -4 -4 -2  1  4  8 11 12 13 14 15 16 17 18 19 20 20 19 17 15 11  727 315Z81730 20999999999999999999999 2 3 -4999999999999999999999
  3  0 -2 -3 -3 -2  0  3  6  9 12 13 15 16 18 19 20 20 20 19 19 17 15 1227 316Z817 9 20999999999999999999999 320 -3999999999999999999999
  8  5  1 -1 -3 -3 -3 -1  2  5  8 11 13 16 17 18 19 19 19 19 18 17 16 1527 317Z81656 19999999999999999999999 5 0 -3999999999999999999999
 13 10  6  3  0 -2 -4 -4 -3  0  3  7 11 13 15 17 17 17 17 16 16 16 16 1627 318Z81628 17999999999999999999999 633 -4999999999999999999999
 15 14 11  8  4  0 -3 -5 -5 -4 -1  3  7 10 13 14 15 14 13 12 12 12 13 1427 319Z81545 15999999999999999999999 743 -52033 1299999999999999
 15 16 15 12  8  4  0 -4 -5 -6 -4 -1  3  7 11 12 13 12 10  8  7  7  8 1027 320Z8 050 161538 1399999999999999 837 -62048  799999999999999
 12 15 16 15 13  8  4 -1 -4 -5 -5 -3  1  5  9 11 12 10  8  5  3  2  2  427 321Z8 2 9 161546 1299999999999999 922 -52117  299999999999999
  7 11 14 16 16 13  8  3 -1 -3 -4 -3  0  4  8 11 12 10  7  4  0 -2 -2 -127 322Z8 316 1616 0 1299999999999999 959 -42154 -299999999999999
  2  6 11 14 16 15 12  8  4  1 -1 -1  1  4  8 11 12 12  9  5  0 -3 -5 -527 323Z8 416 161616 12999999999999991031 -12233 -699999999999999
 -3  0  5 10 14 16 15 12  8  5  3  2  3  5  9 11 13 13 11  7  2 -3 -6 -727 324Z8 512 161633 14999999999999991057  22314 -799999999999999
 -6 -4  1  6 11 14 15 14 12  9  7  6  7  8 10 13 15 15 14 10  6  0 -4 -627 325Z8 6 6 151646 15999999999999991113  62354 -799999999999999
 -7 -6 -3  2  7 11 14 15 14 12 11 10 10 11 13 15 16 17 16 13  9  4  0 -327 326Z8 7 2 151655 17999999999999991116 10999999999999999999999
 -5 -5 -4 -1  3  7 11 13 14 14 13 13 13 14 15 17 18 18 18 16 13  8  4  027 327Z8 8 5 141656 1899999999999999 035 -611 2 1399999999999999
 -2 -3 -3 -1  1  5  8 11 13 14 14 14 15 16 17 18 19 20 19 18 15 12  8  427 328Z81651 20999999999999999999999 119 -3999999999999999999999
  1  0 -1 -1  1  3  5  8 11 12 14 14 15 17 18 19 20 20 19 18 16 14 11  827 329Z81651 20999999999999999999999 210 -1999999999999999999999
  5  3  1  1  1  2  3  5  8 10 12 13 15 16 17 18 19 19 19 18 17 15 12 1027 330Z81656 19999999999999999999999 318  0999999999999999999999
  8  6  4  2  1  1  2  3  5  7  9 11 13 15 16 17 17 17 17 16 15 14 13 1127 331Z81651 17999999999999999999999 451  1999999999999999999999
 10  8  6  4  2  1  1  1  2  4  6  9 11 13 14 15 15 15 14 14 13 12 12 1127 4 1Z81548 15999999999999999999999 617  1999999999999999999999
 10  9  8  6  4  2  0  0  0  1  3  6  9 11 12 13 13 12 11 10 10 10 10 1027 4 2Z81511 132357 1099999999999999 719 -12110 1099999999999999
 10 10  9  8  5  3  1 -1 -1 -1  1  3  6  9 11 11 11 10  8  7  6  6  7  827 4 3Z815 2 11999999999999999999999 8 6 -12040  699999999999999
  9 10 10  9  7  5  2  0 -2 -2 -1  2  5  8 10 10 10  8  6  4  3  3  3  527 4 4Z8 132 1015 3 1099999999999999 844 -22049  399999999999999
  7  9 10 10  9  7  4  2  0 -1 -1  1  4  7  9 10 10  8  5  2  0 -1  0  227 4 5Z8 234 111510 1099999999999999 917 -121 9 -199999999999999
  4  8 10 12 12 10  7  5  2  1  0  1  4  7  9 11 11  9  5  1 -2 -3 -3 -227 4 6Z8 326 121522 1199999999999999 946  02134 -499999999999999
  1  5  9 12 13 13 11  8  6  4  3  4  5  8 11 12 12 11  7  2 -2 -5 -6 -527 4 7Z8 415 141535 13999999999999991013  322 5 -699999999999999
 -2  2  7 11 14 16 15 12 10  8  7  7  8 10 12 14 15 14 10  5  0 -4 -6 -727 4 8Z8 5 3 161551 15999999999999991037  72239 -799999999999999
 -5 -1  4  9 14 16 17 16 14 12 11 11 11 12 15 16 17 17 14  9  4 -2 -5 -727 4 9Z8 553 1716 7 17999999999999991053 112319 -799999999999999
 -7 -4  0  6 11 15 18 18 17 16 15 14 15 15 17 19 20 20 18 14  9  3 -2 -627 410Z8 647 181624 20999999999999991055 14999999999999999999999
 -7 -6 -3  2  7 12 16 18 19 18 17 17 17 18 19 20 21 21 20 18 13  8  2 -227 411Z8 750 191640 2299999999999999 0 4 -71043 1799999999999999
 -5 -5 -4 -2  3  7 12 15 17 18 18 18 19 20 21 21 22 22 22 20 17 13  8  327 412Z81651 22999999999999999999999 057 -5999999999999999999999
 -1 -3 -4 -3 -1  3  7 10 14 16 17 18 19 20 21 21 22 22 21 21 19 16 12  827 413Z81645 22999999999999999999999 158 -4999999999999999999999
  4  1 -2 -2 -2 -1  2  5  9 12 14 16 17 18 19 20 20 20 20 19 18 17 15 1227 414Z816 4 20999999999999999999999 313 -3999999999999999999999
  9  5  2  0 -1 -2 -1  1  4  7 10 13 15 16 17 17 17 17 16 16 16 16 15 1427 415Z81514 17999999999999999999999 442 -2999999999999999999999
 13 10  7  4  1 -1 -1 -1  1  4  7 10 12 14 15 14 14 13 12 11 11 12 13 1427 416Z81413 152341 1499999999999999 6 5 -11937 1199999999999999
 14 13 11  8  5  2  0  0  0  2  4  7 10 12 13 12 11  9  8  7  6  7  8 1127 417Z814 5 13999999999999999999999 712  01958  699999999999999
 13 14 14 12  9  6  3  2  1  1  3  6  9 11 12 12 10  8  5  3  2  2  3  627 418Z8 118 141413 1399999999999999 8 5  12028  199999999999999
 10 13 14 15 13 10  7  5  3  3  4  6  9 12 13 13 11  8  4  1 -1 -2 -2  127 419Z8 233 151427 1399999999999999 847  321 3 -299999999999999
  5 10 13 16 16 14 11  9  7  6  6  8 10 12 14 15 13 10  6  1 -2 -4 -5 -327 420Z8 338 161445 1599999999999999 922  62139 -599999999999999
  1  6 11 15 17 17 15 13 11 10  9 10 12 14 16 17 16 13  9  4 -1 -4 -6 -527 421Z8 434 1715 4 1799999999999999 949  92216 -699999999999999
 -2  2  7 13 16 19 18 17 15 13 13 13 14 16 18 19 19 17 13  8  2 -2 -4 -527 422Z8 527 191522 19999999999999991010 132252 -599999999999999
 -4  0  4 10 15 18 20 19 18 17 16 16 17 18 20 21 21 20 17 12  7  2 -2 -427 423Z8 617 201537 21999999999999991023 162329 -499999999999999
 -4 -2  2  7 12 16 19 20 20 19 18 18 19 20 21 22 23 22 20 16 11  6  2 -127 424Z8 7 8 201549 23999999999999991032 18999999999999999999999
 -2 -1  1  5  9 14 17 20 20 20 20 20 20 21 22 23 23 23 21 18 14 10  6  227 425Z8 8 8 201558 2399999999999999 0 8 -21033 2099999999999999
  0  0  1  3  7 11 14 17 19 20 20 20 20 21 22 23 23 23 22 20 17 13  9  627 426Z816 7 23999999999999999999999 049  0999999999999999999999
  3  2  1  3  5  8 11 14 16 18 19 19 20 20 21 22 22 22 21 20 17 14 11  827 427Z81616 22999999999999999999999 136  1999999999999999999999
  6  4  3  3  4  5  8 11 13 15 17 18 18 19 19 19 20 20 19 18 17 15 12 1027 428Z81617 20999999999999999999999 230  2999999999999999999999
  8  6  4  3  3  4  5  7 10 12 14 15 16 17 17 17 17 17 16 15 15 14 12 1127 429Z81418 17999999999999999999999 336  3999999999999999999999
  9  7  6  4  3  3  4  5  7  9 11 13 14 15 15 14 14 13 13 12 12 11 11 1127 430Z81322 15999999999999999999999 450  3999999999999999999999
 10  9  7  6  5  4  3  4  5  7  9 11 13 14 13 13 11 10  9  8  8  9  9 1027 5 1Z81316 14999999999999999999999 559  31955  899999999999999
 10 10  9  8  7  5  4  4  5  6  8 10 12 13 13 12 10  8  6  5  5  5  7  827 5 2Z8 0 7 101319 1399999999999999 655  41951  599999999999999
 10 11 11 10  9  8  7  6  6  6  8 10 12 13 13 12 10  7  4  3  2  2  4  627 5 3Z8 141 111328 1399999999999999 741  620 8  299999999999999
  9 12 13 13 13 11 10  9  8  8  9 11 13 15 15 14 11  7  4  1  0 -1  1  427 5 4Z8 246 131341 1599999999999999 822  82033 -199999999999999
  8 11 14 16 16 15 14 13 12 11 12 13 15 17 17 16 14 10  5  1 -2 -3 -2  127 5 5Z8 340 161359 1799999999999999 859 1121 4 -399999999999999
  5 10 15 18 20 20 18 17 16 15 15 16 17 19 20 20 18 14  9  3 -1 -3 -4 -227 5 6Z8 430 201420 2099999999999999 933 152141 -499999999999999
  2  7 13 18 21 23 22 21 20 19 19 19 20 22 23 23 22 19 14  8  2 -2 -4 -427 5 7Z8 519 231444 239999999999999910 1 192223 -499999999999999
 -1  3  9 15 20 24 25 24 23 22 22 22 23 24 25 26 25 23 19 13  7  1 -3 -427 5 8Z8 611 251513 26999999999999991018 222310 -499999999999999
 -3  0  5 11 17 22 25 26 25 24 24 24 25 25 26 27 28 27 24 19 13  6  1 -227 5 9Z8 7 7 261545 28999999999999991018 24999999999999999999999
 -4 -2  1  6 12 17 21 24 25 25 25 25 25 26 26 27 28 28 26 23 18 12  6  227 510Z81621 28999999999999999999999 0 1 -4999999999999999999999
 -1 -2 -1  2  6 12 16 20 23 23 24 24 24 25 25 26 26 27 26 25 22 17 12  727 511Z817 3 27999999999999999999999 057 -2999999999999999999999
  3  0 -1  0  3  7 11 15 18 20 21 22 22 23 23 23 23 24 24 24 22 20 16 1227 512Z818 1 24999999999999999999999 158 -1999999999999999999999
  8  4  2  1  2  4  7 11 14 17 19 19 20 20 20 19 19 19 20 20 20 19 18 1527 513Z81218 201943 2099999999999999 3 2  11639 1999999999999999
 12  9  6  4  3  4  5  8 11 13 16 17 18 17 17 16 15 15 14 15 15 16 17 1627 514Z812 2 1822 8 1799999999999999 4 9  31757 1499999999999999
 15 13 10  8  6  6  6  7  9 12 14 16 17 16 15 14 12 10  9  9 10 11 13 1527 515Z81212 17999999999999999999999 514  61847  999999999999999
 16 15 14 12 10  9  9  9 10 12 14 16 17 17 15 13 11  8  6  5  5  6  9 1227 516Z8 0 9 161227 1799999999999999 614  91930  599999999999999
 14 16 16 16 14 13 12 12 12 13 15 16 18 18 17 15 11  8  5  3  2  2  4  827 517Z8 146 161245 1899999999999999 7 4 122010  299999999999999
 12 15 18 18 18 17 16 15 15 16 17 18 20 20 20 18 14 10  6  3  1  0  1  527 518Z8 3 7 1813 5 2099999999999999 744 152047  099999999999999
  9 14 17 20 21 21 20 19 18 19 19 20 22 23 23 21 18 14  9  5  2  0  0  227 519Z8 411 211328 2399999999999999 815 182123  099999999999999
  6 11 16 20 23 23 23 22 21 21 22 23 24 25 25 24 22 18 13  8  4  1  0  227 520Z8 5 3 231353 2599999999999999 841 212159  099999999999999
  5  9 14 19 23 25 25 25 24 24 24 24 25 27 27 27 25 22 18 13  8  4  2  227 521Z8 547 261419 2799999999999999 9 8 242235  299999999999999
  4  7 12 18 22 25 27 27 26 25 25 26 27 28 28 29 28 26 22 17 12  7  4  327 522Z8 628 271445 2999999999999999 936 252312  399999999999999
  4  6 10 15 20 24 26 27 27 26 26 26 27 28 29 29 29 28 25 21 16 11  7  527 523Z8 7 9 271511 299999999999999910 5 262351  499999999999999
  4  5  8 12 17 21 24 26 27 26 26 26 26 27 28 29 29 28 26 23 19 14 10  727 524Z8 755 271538 29999999999999991035 26999999999999999999999
  5  5  7 10 14 18 21 24 25 25 25 25 25 25 26 27 27 27 26 23 20 16 12  927 525Z816 5 27999999999999999999999 032  5999999999999999999999
  6  5  6  8 10 14 18 20 22 23 23 23 23 23 24 24 25 25 24 22 20 17 14 1127 526Z81631 25999999999999999999999 114  5999999999999999999999
  8  6  6  7  8 11 14 17 19 21 21 21 21 21 21 21 21 21 21 20 19 17 15 1227 527Z81029 211654 2199999999999999 156  61344 2199999999999999
 10  8  7  7  8  9 12 14 17 18 19 20 19 19 18 18 18 18 18 17 17 16 15 1327 528Z81052 20999999999999999999999 237  7999999999999999999999
 11 10  9  8  8  9 11 13 15 17 18 19 18 17 16 15 15 14 14 14 14 14 14 1427 529Z811 7 19999999999999999999999 315  8999999999999999999999
 13 12 11 10 10 10 11 13 14 16 18 18 18 17 16 14 12 11 11 11 11 12 13 1427 530Z81120 18999999999999999999999 350 101824 1199999999999999
 14 14 14 13 13 13 13 14 15 17 18 19 19 18 16 14 11  9  8  8  9 10 12 1427 531Z8 0 3 141135 1999999999999999 425 131851  899999999999999
 16 17 17 17 17 16 16 17 17 18 20 21 21 20 18 15 12  9  7  6  6  7 10 1327 6 1Z8 159 171152 2199999999999999 518 161923  699999999999999
 16 19 20 21 21 21 20 20 21 21 22 23 24 24 22 19 15 11  7  5  4  5  7 1127 6 2Z8 321 211213 2499999999999999 639 201959  499999999999999
 16 20 23 24 25 25 25 24 24 24 25 26 27 27 26 23 19 14  9  5  3  3  4  827 6 3Z8 415 251241 2799999999999999 750 242040  399999999999999
 13 18 23 26 28 29 29 28 28 28 28 29 30 30 30 28 25 19 14  8  4  2  2  527 6 4Z8 5 0 291317 3099999999999999 841 282126  299999999999999
  9 15 21 26 29 31 31 31 30 30 30 31 32 33 33 32 30 25 19 13  7  3  1  227 6 5Z8 544 3214 0 3399999999999999 913 302216  199999999999999
  5 10 16 22 27 31 32 32 32 31 31 32 32 33 35 35 34 31 26 19 12  6  3  127 6 6Z8 630 331449 3599999999999999 933 3123 9  199999999999999
  2  5 11 17 23 28 31 32 32 31 31 31 32 33 34 35 35 34 31 25 19 12  6  327 6 7Z8 718 321543 3599999999999999 958 31999999999999999999999
  1  2  6 11 17 23 27 29 30 30 29 29 30 30 31 33 34 34 33 29 24 18 11  727 6 8Z8 8 4 301641 3499999999999999 0 3  11037 2999999999999999
  3  3  4  7 12 17 22 25 27 28 27 27 27 27 27 28 30 31 31 30 27 22 17 1227 6 9Z8 846 281744 3199999999999999 056  31146 2799999999999999
  8  5  5  6  9 13 18 21 24 25 25 24 23 23 23 23 24 26 27 27 27 24 21 1627 610Z8 920 251859 2799999999999999 148  51341 2399999999999999
 12  9  8  8  9 12 15 18 21 23 23 23 21 20 19 19 19 19 21 22 23 23 22 2027 611Z8 948 232035 2399999999999999 237  71531 1999999999999999
 17 14 12 11 11 13 15 17 20 22 23 22 21 19 17 16 15 14 15 16 18 19 20 2027 612Z81012 232233 2199999999999999 319 1117 0 1499999999999999
 19 18 16 15 15 16 17 18 20 22 23 23 22 20 17 15 13 11 11 11 12 15 17 1927 613Z81034 23999999999999999999999 352 151811 1199999999999999
 20 20 20 20 19 19 20 21 22 23 24 25 24 22 20 16 13 11  9  8  9 10 13 1727 614Z8 041 201055 2599999999999999 4 2 1919 7  899999999999999
 19 21 22 23 23 23 24 24 25 26 26 27 27 25 23 20 16 12 10  8  7  8 11 1427 615Z81118 279999999999999999999991954  7999999999999999999999
 18 21 24 25 26 26 27 27 27 28 29 29 30 29 27 24 20 16 12  9  8  7  9 1227 616Z81146 309999999999999999999992035  7999999999999999999999
 16 21 24 27 28 29 29 29 30 30 31 31 32 32 30 28 25 20 16 12  9  8  9 1127 617Z81220 329999999999999999999992112  8999999999999999999999
 15 19 24 27 30 31 31 31 31 32 32 33 33 34 33 32 29 25 20 16 12 10  9 1027 618Z813 1 349999999999999999999992149  9999999999999999999999
 13 18 23 27 30 32 32 32 32 32 33 33 34 35 35 34 32 29 24 19 15 11 10 1027 619Z81344 359999999999999999999992225 10999999999999999999999
 12 16 20 25 29 32 33 33 32 32 32 33 34 35 35 35 34 31 28 23 18 14 11 1027 620Z8 625 331428 3599999999999999 9 8 3223 3 1099999999999999
 11 13 17 22 27 30 32 32 32 31 31 31 32 33 34 35 34 33 30 25 20 16 12 1027 621Z8 651 321510 3599999999999999 952 312340  999999999999999
 10 11 14 19 23 27 30 31 31 30 29 29 30 31 32 33 33 32 30 27 22 18 14 1127 622Z8 720 311550 33999999999999991037 29999999999999999999999
  9 10 12 15 19 24 27 29 29 28 28 27 27 28 29 30 31 30 29 27 23 19 15 1227 623Z8 750 291629 3199999999999999 018  91126 2799999999999999
 10  9 10 13 16 20 24 26 27 27 26 25 24 25 25 26 27 27 27 26 23 20 17 1427 624Z8 818 271711 2899999999999999 052  91224 2499999999999999
 11 10 11 12 15 18 21 23 25 25 24 23 22 22 22 22 23 24 24 24 23 21 18 1527 625Z8 843 2518 1 2499999999999999 122 101333 2299999999999999
 13 12 12 13 14 17 20 22 24 24 24 23 21 20 19 19 20 20 21 21 21 20 19 1727 626Z8 9 4 241918 2199999999999999 144 121446 1999999999999999
 16 15 14 15 16 18 20 22 23 24 24 23 21 19 18 17 17 17 18 19 20 20 20 1927 627Z8 921 242125 2099999999999999 154 141556 1799999999999999
 19 18 18 18 19 20 21 23 24 25 25 25 23 20 18 16 15 15 15 16 18 19 20 2127 628Z8 937 26999999999999999999999 151 181658 1599999999999999
 21 21 21 22 22 23 24 25 26 27 28 27 25 23 20 17 15 13 13 14 15 17 20 2227 629Z8 954 289999999999999999999991753 13999999999999999999999
 24 25 25 26 26 27 28 28 29 30 30 30 29 26 23 19 16 13 12 12 13 15 18 2227 630Z81015 309999999999999999999991844 12999999999999999999999
 25 27 29 30 30 31 31 32 32 33 33 33 33 31 28 24 19 15 12 11 10 12 15 1927 7 1Z81049 339999999999999999999991936 10999999999999999999999
 23 28 31 33 34 34 35 35 35 35 36 36 36 35 33 29 25 19 15 11  9  9 11 1527 7 2Z81140 369999999999999999999992029  9999999999999999999999
 20 25 30 33 35 36 37 37 37 37 37 38 38 39 38 35 31 25 19 13  9  8  8 1027 7 3Z81245 399999999999999999999992122  7999999999999999999999
 15 21 26 31 35 37 37 37 37 37 37 38 39 40 40 39 36 31 25 18 12  8  6  727 7 4Z81352 409999999999999999999992216  6999999999999999999999
 10 15 21 27 32 35 37 36 36 36 36 36 37 39 40 41 40 37 31 24 17 11  7  627 7 5Z8 624 371457 4199999999999999 912 3623 9  699999999999999
  7 10 15 22 27 32 34 35 34 33 33 33 34 35 37 39 40 39 36 30 23 16 11  727 7 6Z8 649 3516 0 409999999999999910 1 332359  699999999999999
  6  7 11 16 22 27 31 32 32 31 29 29 29 30 32 35 37 38 37 34 28 22 16 1127 7 7Z8 715 3217 3 389999999999999911 1 29999999999999999999999
  8  8 10 13 18 23 27 29 30 29 27 26 25 25 26 28 31 33 34 34 31 26 21 1627 7 8Z8 741 301810 3499999999999999 044  81214 2599999999999999
 13 11 11 13 17 21 25 27 28 28 26 24 22 21 21 22 24 26 29 30 30 28 25 2127 7 9Z8 8 4 281925 3099999999999999 125 111333 2199999999999999
 18 16 15 16 18 21 24 26 28 28 26 24 21 19 18 18 19 20 22 24 26 27 26 2427 710Z8 827 282054 2799999999999999 157 151454 1899999999999999
 22 20 20 20 21 23 25 27 28 29 28 26 23 20 18 16 15 16 17 19 21 23 25 2527 711Z8 847 292254 2599999999999999 212 201619 1599999999999999
 25 24 24 24 25 26 28 29 30 30 30 28 26 23 20 17 15 14 14 15 17 19 22 2427 712Z8 9 4 30999999999999999999999 148 241740 1499999999999999
 26 26 27 28 29 30 31 31 32 33 32 31 30 27 24 21 18 15 14 13 14 17 19 2327 713Z8 919 339999999999999999999991848 13999999999999999999999
 25 28 29 30 32 32 33 34 34 35 35 34 33 31 28 25 21 18 16 14 14 15 18 2127 714Z8 939 359999999999999999999991942 14999999999999999999999
 24 28 30 32 33 34 35 36 36 36 36 36 36 34 32 29 26 22 19 16 15 15 16 1927 715Z81022 369999999999999999999992027 14999999999999999999999
 23 27 30 33 34 35 36 36 37 37 37 38 38 37 36 33 30 26 22 18 16 15 16 1827 716Z81136 3899999999999999999999921 7 15999999999999999999999
 22 26 30 33 35 36 36 36 36 37 37 38 38 38 38 36 33 30 25 21 17 15 15 1627 717Z81246 389999999999999999999992143 15999999999999999999999
 19 24 28 32 34 36 36 35 35 35 36 37 38 38 39 38 36 32 28 23 19 16 14 1527 718Z81344 399999999999999999999992219 14999999999999999999999
 17 21 25 29 33 34 35 35 34 33 34 35 36 37 38 38 37 34 30 25 21 16 14 1327 719Z8 556 351434 3899999999999999 9 0 332254 1399999999999999
 14 17 22 26 30 33 34 33 32 31 31 32 33 34 36 37 36 35 32 27 22 18 14 1327 720Z8 613 341520 3799999999999999 946 312327 1299999999999999
 13 15 18 23 27 30 32 32 31 29 28 28 29 31 32 34 35 34 32 28 24 19 15 1327 721Z8 633 3216 3 35999999999999991031 282358 1299999999999999
 12 13 16 20 24 27 30 30 29 28 26 26 26 27 28 30 32 32 31 29 25 21 17 1427 722Z8 652 301647 32999999999999991117 26999999999999999999999
 13 13 15 18 22 25 28 29 28 27 25 23 23 23 25 26 28 29 29 28 26 22 19 1727 723Z8 711 291734 3099999999999999 024 1312 5 2399999999999999
 15 15 16 18 21 24 27 28 28 27 24 22 21 21 21 23 25 26 27 27 26 24 21 1927 724Z8 727 281831 2799999999999999 043 151255 2199999999999999
 18 18 18 20 22 25 27 28 29 27 25 23 21 20 19 20 21 23 25 26 26 25 24 2227 725Z8 741 291945 2699999999999999 050 181349 1999999999999999
 21 21 22 23 24 26 28 29 30 29 27 24 22 20 19 18 19 20 22 24 25 26 26 2527 726Z8 753 302128 2699999999999999 045 211447 1899999999999999
 25 25 25 26 28 29 30 31 32 31 30 27 24 21 19 18 18 18 19 21 23 25 27 2827 727Z8 8 4 32999999999999999999999 033 251554 1899999999999999
 28 28 29 30 31 32 33 34 34 34 33 31 28 25 22 19 18 17 17 19 21 23 26 2827 728Z8 814 349999999999999999999991710 17999999999999999999999
 30 31 32 33 35 35 36 36 37 37 36 35 33 29 26 22 19 17 16 16 17 20 23 2727 729Z8 828 379999999999999999999991823 16999999999999999999999
 30 33 34 36 37 38 38 39 39 39 39 38 37 34 31 27 22 19 16 14 14 16 19 2327 730Z8 914 399999999999999999999991928 14999999999999999999999
 28 32 35 37 38 39 39 39 39 40 40 40 40 39 36 32 27 22 18 14 12 12 14 1827 731Z81119 409999999999999999999992027 12999999999999999999999
 23 28 33 36 38 39 39 39 39 39 39 40 41 41 40 38 33 28 21 16 12 10 10 1327 8 1Z81251 419999999999999999999992122 10999999999999999999999
 17 23 28 33 36 37 37 37 36 36 37 38 40 41 42 41 39 34 27 20 14 10  9  927 8 2Z8 530 3714 6 4299999999999999 824 362213  999999999999999
 13 18 23 29 33 35 35 34 33 33 33 34 35 38 41 42 41 38 33 26 19 13 10  927 8 3Z8 540 351512 4299999999999999 912 3323 0  999999999999999
 10 14 19 25 29 32 33 32 30 29 28 29 30 32 36 39 40 40 37 31 24 18 13 1127 8 4Z8 557 331616 409999999999999910 6 282342 1099999999999999
 10 12 16 21 26 30 31 31 29 26 24 24 24 26 29 33 36 38 37 34 29 23 18 1527 8 5Z8 617 321720 389999999999999911 4 24999999999999999999999
 13 14 16 20 24 28 30 31 29 26 23 21 20 21 23 26 29 33 34 34 32 28 23 2027 8 6Z8 637 311826 3599999999999999 019 1312 6 2099999999999999
 18 17 18 21 24 28 30 31 30 27 23 20 18 18 18 20 23 26 29 31 31 30 27 2427 8 7Z8 656 311936 3199999999999999 048 171311 1899999999999999
 23 22 23 24 26 29 31 32 31 29 26 22 19 17 17 17 18 21 23 26 28 29 28 2727 8 8Z8 713 3221 3 2999999999999999 1 3 221420 1699999999999999
 27 26 27 28 29 31 33 33 33 32 29 26 23 20 18 17 17 17 19 22 24 26 28 2927 8 9Z8 725 34999999999999999999999 044 261539 1699999999999999
 29 29 30 31 33 34 35 35 35 34 33 30 27 24 21 19 18 17 17 19 21 23 26 2827 810Z8 729 359999999999999999999991710 17999999999999999999999
 30 31 32 34 35 36 37 37 37 36 35 34 31 28 26 23 21 19 18 18 19 21 24 2727 811Z8 719 379999999999999999999991830 18999999999999999999999
 29 32 33 35 36 37 38 38 38 38 37 36 35 32 30 27 24 21 19 18 18 19 22 2527 812Z8 716 389999999999999999999991930 18999999999999999999999
 28 31 33 35 36 37 38 38 38 38 38 38 37 35 33 31 28 24 21 19 18 18 20 2327 813Z8 752 389999999999999999999992018 18999999999999999999999
 26 30 32 35 36 36 37 37 37 37 37 38 38 37 36 34 31 27 23 20 18 17 18 2027 814Z81135 389999999999999999999992058 17999999999999999999999
 24 28 31 33 35 35 35 35 35 35 36 36 37 37 37 35 33 29 25 21 18 16 16 1827 815Z81257 379999999999999999999992133 16999999999999999999999
 21 25 29 32 33 34 34 33 32 32 33 34 35 36 37 36 34 31 27 22 18 16 15 1527 816Z8 5 0 341355 3799999999999999 819 3222 5 1599999999999999
 18 22 26 29 32 33 32 31 30 29 30 31 32 34 35 36 35 32 28 24 19 16 14 1427 817Z8 5 7 331444 3699999999999999 9 2 292235 1399999999999999
 15 19 23 27 30 31 31 29 27 26 26 27 28 31 33 34 34 33 30 25 21 17 14 1327 818Z8 520 311530 3499999999999999 941 2623 4 1399999999999999
 14 17 20 25 28 30 30 28 26 24 23 23 25 27 29 32 33 32 30 27 23 19 16 1427 819Z8 534 301616 33999999999999991020 232328 1499999999999999
 14 16 19 23 26 29 29 28 25 23 21 20 21 23 26 28 31 31 31 28 25 21 18 1627 820Z8 548 2917 2 31999999999999991059 202347 1699999999999999
 16 17 20 23 26 28 29 28 26 23 20 19 19 20 22 25 28 30 30 29 27 24 21 2027 821Z8 6 2 291752 30999999999999991138 192357 1999999999999999
 19 20 21 24 27 29 30 30 27 24 21 19 17 18 19 22 25 27 29 29 28 26 24 2327 822Z8 614 301849 29999999999999991220 172354 2399999999999999
 23 23 24 26 28 30 31 31 30 27 23 20 18 17 18 19 22 25 27 29 29 29 27 2627 823Z8 624 311959 299999999999999913 7 172345 2699999999999999
 26 27 28 29 31 32 33 33 32 30 26 23 20 18 17 18 19 22 24 26 28 29 29 2927 824Z8 632 3399999999999999999999914 4 17999999999999999999999
 29 30 31 32 34 35 35 35 35 33 30 26 23 20 18 18 18 19 21 23 26 28 30 3127 825Z8 635 359999999999999999999991516 17999999999999999999999
 31 32 34 35 36 37 37 37 37 36 34 31 27 24 21 19 17 17 18 20 22 25 28 3027 826Z8 631 379999999999999999999991647 17999999999999999999999
 32 34 35 36 37 38 38 38 38 37 36 35 32 29 25 22 19 17 16 16 18 20 24 2727 827Z8 614 389999999999999999999991815 16999999999999999999999
 30 33 35 37 38 38 38 38 38 38 38 37 36 33 30 26 22 18 15 14 14 16 19 2327 828Z8 6 5 389999999999999999999991926 14999999999999999999999
 27 31 34 35 36 37 37 37 36 37 37 38 38 37 35 31 26 21 16 13 12 12 14 1827 829Z81145 389999999999999999999992024 11999999999999999999999
 22 27 31 33 34 34 34 33 33 34 34 36 38 39 38 36 31 26 20 15 11 10 11 1327 830Z8 432 351313 3999999999999999 758 332114 1099999999999999
 18 23 27 31 32 32 31 30 29 29 30 31 34 37 39 38 36 31 25 19 14 11 10 1127 831Z8 428 321424 3999999999999999 832 292159 1099999999999999
 14 19 24 28 30 31 29 27 25 24 24 26 28 32 36 38 38 35 30 24 18 14 11 1127 9 1Z8 439 311529 3899999999999999 916 242239 1199999999999999
 13 17 22 26 29 30 28 26 22 20 19 20 22 26 30 34 37 37 34 29 23 18 15 1427 9 2Z8 455 301631 379999999999999910 5 192314 1499999999999999
 14 17 21 25 28 30 29 26 22 19 16 16 17 19 24 28 32 35 35 32 28 23 20 1827 9 3Z8 513 301733 35999999999999991057 162343 1899999999999999
 18 19 22 26 29 30 30 28 24 20 16 14 14 15 18 22 27 30 33 33 31 28 25 2327 9 4Z8 531 311835 33999999999999991150 14999999999999999999999
 22 23 25 27 30 32 32 31 28 23 19 16 14 13 15 17 21 25 28 31 31 30 28 2727 9 5Z8 547 321942 3199999999999999 0 0 221245 132354 279999999
 27 27 28 30 32 33 34 33 31 27 23 19 16 15 14 15 18 21 24 27 29 30 30 2927 9 6Z8 558 349999999999999999999991345 14999999999999999999999
 30 30 31 33 34 35 35 35 33 31 27 24 20 18 17 16 17 18 21 23 26 28 29 3027 9 7Z8 6 0 359999999999999999999991456 16999999999999999999999
 31 32 33 35 36 36 37 36 35 33 31 28 25 22 20 18 18 18 19 20 23 25 27 2927 9 8Z8 549 379999999999999999999991627 18999999999999999999999
 31 33 34 35 36 37 37 37 36 35 33 31 29 26 24 22 20 19 18 19 20 22 25 2827 9 9Z8 541 379999999999999999999991759 18999999999999999999999
 30 32 33 35 36 36 36 36 35 35 34 33 31 29 27 25 22 20 18 18 18 20 22 2527 910Z8 548 3699999999999999999999919 6 18999999999999999999999
 28 30 32 33 34 34 34 34 34 34 34 33 32 31 29 27 24 21 19 17 17 17 19 2227 911Z8 544 349999999999999999999991955 16999999999999999999999
 25 28 30 32 32 32 32 32 31 32 32 32 32 32 31 29 26 23 19 17 15 15 17 1927 912Z8 417 321153 3299999999999999 818 312034 1599999999999999
 23 26 28 30 30 30 29 28 28 28 29 30 31 32 31 30 27 24 20 17 15 14 14 1627 913Z8 356 301310 3299999999999999 8 6 2821 8 1499999999999999
 20 23 26 28 29 28 27 25 25 25 25 27 29 30 31 30 29 25 22 18 15 13 13 1427 914Z8 356 2914 6 3199999999999999 830 252138 1399999999999999
 17 21 24 27 27 27 25 23 22 21 22 23 25 28 30 30 29 27 23 20 16 14 13 1427 915Z8 4 3 271455 3099999999999999 9 0 2122 5 1399999999999999
 16 19 23 26 27 26 24 22 19 18 18 19 22 25 28 29 30 28 26 22 18 16 14 1427 916Z8 413 271542 3099999999999999 931 182230 1499999999999999
 16 19 22 25 27 26 25 21 18 16 15 16 18 21 25 28 29 29 28 24 21 18 17 1627 917Z8 425 271629 309999999999999910 3 152251 1699999999999999
 17 19 23 25 27 27 26 23 19 15 14 13 15 18 22 26 28 30 29 27 24 22 20 1927 918Z8 438 281716 30999999999999991037 1323 5 1999999999999999
 20 21 24 27 28 29 28 25 21 16 14 12 13 15 19 23 26 29 30 29 27 25 23 2327 919Z8 450 2918 7 30999999999999991114 1223 8 2399999999999999
 23 24 26 28 30 31 30 28 24 19 15 13 12 13 16 20 24 27 29 30 29 28 27 2627 920Z8 5 3 3119 3 30999999999999991155 1223 1 2699999999999999
 26 27 29 30 32 33 32 31 27 23 18 15 13 13 14 17 20 24 27 29 30 30 29 2927 921Z8 513 332014 30999999999999991243 132248 2999999999999999
 29 30 31 33 34 34 34 33 31 27 22 18 15 14 14 15 17 20 23 26 28 29 30 3027 922Z8 521 349999999999999999999991342 14999999999999999999999
 31 32 33 34 35 35 35 35 33 30 27 23 19 16 15 14 15 16 19 21 24 27 29 3027 923Z8 522 359999999999999999999991459 14999999999999999999999
 31 33 34 35 35 36 36 35 34 33 30 27 23 20 17 15 14 14 15 17 19 22 25 2827 924Z8 5 8 369999999999999999999991635 14999999999999999999999
 30 32 33 34 34 35 34 34 34 33 32 30 28 24 21 18 15 13 12 13 15 17 21 2427 925Z8 452 3599999999999999999999918 5 12999999999999999999999
 27 29 31 32 32 32 32 32 31 32 32 32 31 29 25 21 17 14 12 11 11 13 16 2027 926Z8 425 329999999999999999999991914 11999999999999999999999
 24 27 29 29 29 29 28 28 28 28 29 31 32 31 29 26 22 17 13 11 10 10 13 1627 927Z8 324 291215 3299999999999999 738 2820 8 1099999999999999
 20 24 26 27 27 26 24 23 23 23 25 27 30 32 32 30 26 22 17 13 11 10 11 1427 928Z8 310 271335 3299999999999999 758 232054 1099999999999999
 18 22 25 26 26 24 21 19 18 18 19 22 25 29 32 32 30 26 21 17 14 12 12 1327 929Z8 316 261443 3299999999999999 833 182134 1199999999999999
 17 21 24 26 26 24 20 17 14 13 14 16 20 24 29 31 32 30 26 22 18 15 14 1527 930Z8 330 261546 3299999999999999 914 1322 8 1499999999999999
 17 21 24 26 27 25 22 17 13 11 10 11 14 18 24 28 31 32 30 26 23 20 18 182710 1Z8 347 271645 3299999999999999 958 102237 1899999999999999
 19 22 25 27 29 28 25 20 15 11  9  8 10 13 18 24 28 31 32 30 27 24 22 222710 2Z8 4 5 291743 32999999999999991044  82256 2299999999999999
 23 24 27 29 30 30 28 24 19 14 10  8  8 10 14 19 24 28 30 31 29 28 26 262710 3Z8 423 301841 31999999999999991131  823 2 2699999999999999
 26 27 29 31 32 32 31 28 23 18 14 11  9 10 12 15 20 24 28 30 30 29 29 282710 4Z8 438 321946 30999999999999991219  92250 2899999999999999
 29 30 31 32 33 34 33 31 27 23 18 15 12 11 12 14 17 20 24 27 28 29 29 302710 5Z8 447 349999999999999999999991310 11999999999999999999999
 30 31 32 33 34 34 34 32 30 26 23 19 16 14 14 14 15 18 20 23 26 27 28 292710 6Z8 448 349999999999999999999991411 14999999999999999999999
 30 31 32 33 34 34 34 33 31 28 26 23 20 18 16 15 15 16 18 20 22 24 26 282710 7Z8 444 349999999999999999999991528 15999999999999999999999
 29 30 31 32 33 33 32 32 31 29 27 25 23 20 18 17 16 15 16 17 19 21 23 252710 8Z8 445 3399999999999999999999917 1 15999999999999999999999
 27 29 29 30 30 30 30 30 29 28 27 26 24 22 20 18 16 15 14 15 16 18 20 232710 9Z8 438 309999999999999999999991816 14999999999999999999999
 25 26 27 28 28 27 27 26 26 26 26 25 25 23 22 20 17 15 14 13 13 15 17 20271010Z8 316 289999999999999999999991911 13999999999999999999999
 22 24 25 25 25 24 23 23 23 23 23 24 24 24 23 21 19 16 14 12 12 13 15 17271011Z8 240 2512 4 2499999999999999 8 7 231953 1299999999999999
 20 22 24 24 23 21 20 19 19 19 20 21 23 23 23 22 20 18 15 13 12 12 13 16271012Z8 234 241321 2399999999999999 8 2 192028 1299999999999999
 19 21 22 23 22 20 18 16 15 15 16 18 21 23 24 23 22 20 17 14 13 12 13 15271013Z8 237 231418 2499999999999999 819 152058 1299999999999999
 18 20 22 23 21 19 16 14 12 12 13 15 18 21 23 24 24 22 19 17 15 14 14 15271014Z8 245 2315 9 2499999999999999 844 122125 1499999999999999
 18 21 23 23 22 20 16 13 10  9 10 12 15 19 23 25 26 25 23 20 18 17 16 17271015Z8 256 231556 2699999999999999 912  92150 1699999999999999
 19 22 24 25 24 22 18 14 10  8  8  9 12 17 21 25 27 27 26 24 21 20 19 20271016Z8 310 251642 2799999999999999 943  82210 1999999999999999
 21 23 26 27 27 25 21 16 11  8  7  7  9 14 18 23 27 29 29 27 25 23 23 23271017Z8 326 271730 29999999999999991017  72222 2399999999999999
 24 25 27 29 29 28 25 20 14 10  7  6  7 10 15 20 25 28 30 29 28 26 26 26271018Z8 344 291821 30999999999999991057  62223 2699999999999999
 26 28 29 31 31 31 28 24 19 13  9  7  7  8 12 16 21 25 28 29 29 28 28 28271019Z8 4 3 311919 30999999999999991142  72217 2899999999999999
 29 29 31 32 33 33 31 28 23 18 13  9  8  7  9 12 17 21 25 27 29 29 29 29271020Z8 422 339999999999999999999991234  7999999999999999999999
 30 31 31 32 33 33 32 30 27 22 17 13 10  8  8 10 12 16 19 23 25 27 28 28271021Z8 440 339999999999999999999991335  8999999999999999999999
 29 30 31 32 32 32 32 31 29 26 22 17 14 11  9  9  9 11 14 18 21 23 25 26271022Z8 453 329999999999999999999991449  9999999999999999999999
 28 28 29 30 30 30 30 30 29 27 25 21 18 14 11  9  9  9 10 13 16 19 21 24271023Z8 437 309999999999999999999991614  9999999999999999999999
 25 26 27 27 27 27 26 26 26 26 26 24 22 18 15 12 10  9  9 10 12 15 18 20271024Z8 332 279999999999999999999991736  8999999999999999999999
 22 23 24 23 23 22 22 22 22 23 24 24 24 22 19 16 13 10  9  9 10 12 15 18271025Z8 155 2411 0 2499999999999999 649 221843  999999999999999
 20 22 22 21 20 18 17 16 17 18 20 22 24 24 23 20 17 14 11 10 10 11 13 16271026Z8 138 221240 2499999999999999 716 161937 1099999999999999
 19 21 21 20 18 15 13 12 11 12 15 18 21 24 25 24 21 18 15 13 12 12 14 16271027Z8 144 211358 2599999999999999 750 112022 1299999999999999
 19 21 22 21 19 15 12  9  7  8  9 13 17 21 25 26 25 23 20 17 16 15 16 18271028Z8 158 2215 6 2699999999999999 828  72058 1599999999999999
 20 22 24 23 21 17 13  8  6  4  5  8 12 18 22 26 27 26 24 21 20 19 19 20271029Z8 217 2416 7 2799999999999999 9 8  42128 1999999999999999
 22 24 26 26 24 21 16 11  6  4  3  5  8 13 19 24 27 28 27 25 23 22 22 22271030Z8 238 2617 2 2899999999999999 950  32150 2299999999999999
 24 26 28 28 27 25 20 15 10  6  4  4  6 10 15 21 25 28 29 28 26 25 25 25271031Z8 3 0 281755 29999999999999991031  322 4 2599999999999999
 26 28 29 30 30 28 25 20 14  9  6  5  5  8 12 17 22 26 29 29 28 27 27 272711 1Z8 322 301848 29999999999999991113  42214 2799999999999999
 28 29 30 31 31 30 28 24 19 14 10  7  6  7 10 14 19 23 26 28 28 28 28 282711 2Z8 342 311946 28999999999999991157  62220 2899999999999999
 28 29 30 31 32 31 30 27 22 18 13 10  8  8  9 12 15 19 23 25 27 27 27 272711 3Z8 359 329999999999999999999991242  8999999999999999999999
 28 29 30 31 31 31 30 28 24 21 17 13 11  9  9 10 13 16 19 22 24 25 26 262711 4Z8 413 319999999999999999999991332  9999999999999999999999
 27 27 28 29 29 29 28 27 25 22 19 16 13 11 10 10 11 13 15 18 20 22 23 242711 5Z8 423 299999999999999999999991429 10999999999999999999999
 25 25 25 26 26 26 26 25 24 22 19 17 15 13 11 10 10 11 12 14 17 19 20 222711 6Z8 425 269999999999999999999991535 10999999999999999999999
 22 23 23 23 23 23 22 22 21 20 19 17 16 14 12 11 10 10 10 12 14 16 18 192711 7Z8 3 7 239999999999999999999991647 10999999999999999999999
 20 20 20 20 19 19 18 18 18 18 17 17 16 15 14 12 11 10 10 10 12 14 16 172711 8Z8 056 209999999999999999999991752 10999999999999999999999
 19 19 18 17 16 15 14 14 14 14 15 16 16 16 15 14 13 12 11 11 11 13 14 162711 9Z8 053 1912 5 1699999999999999 725 141845 1199999999999999
 18 18 18 16 14 13 11 10 10 11 13 14 16 17 17 16 15 14 13 12 12 13 14 16271110Z8 057 181334 1799999999999999 731 101928 1299999999999999
 18 19 18 16 14 11  9  8  7  8 10 12 15 17 18 18 18 17 15 15 14 14 16 17271111Z8 1 6 191438 1899999999999999 752  720 5 1499999999999999
 19 20 20 18 15 12  8  6  5  5  7 10 14 17 20 21 21 20 19 18 17 17 18 19271112Z8 119 201530 2199999999999999 818  52038 1799999999999999
 21 22 22 21 18 14 10  6  4  3  4  7 12 16 20 23 24 24 22 21 20 20 20 21271113Z8 137 221616 2499999999999999 849  321 8 2099999999999999
 23 24 25 24 22 17 12  7  4  2  2  5  9 14 19 23 26 26 26 25 24 23 23 24271114Z8 158 2517 2 2699999999999999 924  22131 2399999999999999
 25 26 28 27 26 22 17 11  6  3  1  2  5 10 16 21 25 28 28 27 26 26 25 26271115Z8 225 281748 289999999999999910 5  12145 2599999999999999
 27 28 29 30 29 26 22 16  9  5  2  1  3  6 12 17 22 26 28 29 28 27 27 27271116Z8 255 301839 29999999999999991050  12150 2799999999999999
 28 29 30 31 31 29 26 21 14  8  4  1  1  3  7 12 18 22 26 27 28 27 27 27271117Z8 328 311939 28999999999999991139  12156 2799999999999999
 28 29 30 31 31 31 29 25 19 13  8  4  2  2  3  7 12 17 21 24 26 26 26 26271118Z8 4 6 319999999999999999999991233  1999999999999999999999
 26 27 28 29 30 30 29 27 23 18 12  7  4  2  2  4  7 11 16 19 22 23 24 24271119Z8 450 309999999999999999999991331  2999999999999999999999
 24 24 25 26 26 27 27 26 24 21 17 12  8  5  3  3  5  7 11 14 17 20 21 21271120Z8 545 279999999999999999999991431  3999999999999999999999
 21 21 21 21 22 22 23 23 23 21 19 16 12  9  6  5  5  6  8 11 14 16 18 19271121Z8 7 8 232327 19999999999999991535  5999999999999999999999
 19 18 18 17 17 17 17 18 19 19 19 18 15 13 10  8  7  7  8  9 12 14 16 17271122Z8 916 192340 1899999999999999 452 171640  799999999999999
 18 17 15 14 13 12 12 12 13 15 16 17 17 16 14 12 11 10 10 10 12 14 16 17271123Z81125 172357 1899999999999999 6 3 121743 1099999999999999
 18 17 15 13 11  9  7  7  8  9 12 15 17 18 17 16 15 14 13 13 13 15 16 18271124Z813 9 18999999999999999999999 655  71841 1399999999999999
 19 18 17 14 11  8  5  4  3  5  7 11 15 18 19 20 19 18 17 16 16 17 18 20271125Z8 016 191438 2099999999999999 740  31929 1699999999999999
 21 21 20 17 13  9  5  3  1  1  3  7 12 16 20 22 22 21 20 20 19 20 20 22271126Z8 039 211548 2299999999999999 823  120 7 1999999999999999
 23 24 23 21 17 13  8  4  1  0  1  4  9 14 19 22 24 24 24 23 22 22 23 24271127Z8 1 6 241643 2499999999999999 9 4  02034 2299999999999999
 25 26 26 25 22 18 12  7  3  1  1  2  6 11 16 21 24 26 26 25 24 24 24 25271128Z8 137 261728 2699999999999999 943  02058 2499999999999999
 26 27 28 27 26 22 17 12  7  3  1  2  4  8 14 19 23 26 27 27 26 25 25 26271129Z8 2 9 2818 9 27999999999999991023  12125 2599999999999999
 27 28 29 29 28 26 21 16 11  6  3  2  3  6 11 16 21 24 26 27 26 25 25 26271130Z8 243 291848 279999999999999911 2  22154 2599999999999999
 26 27 29 29 29 27 24 20 15 10  6  3  3  5  8 12 17 21 24 26 26 25 24 242712 1Z8 316 291928 26999999999999991142  32225 2499999999999999
 25 26 27 28 28 27 25 22 17 12  8  5  4  4  6  9 13 17 21 23 24 23 23 232712 2Z8 347 282012 24999999999999991222  323 1 2399999999999999
 23 24 25 26 26 26 25 22 19 14 10  7  4  4  4  6 10 13 17 19 21 21 21 212712 3Z8 417 262057 219999999999999913 2  42349 2099999999999999
 20 21 21 22 23 23 22 21 18 15 12  8  6  4  4  5  7 10 13 16 18 19 19 182712 4Z8 446 232140 19999999999999991341  4999999999999999999999
 18 18 18 18 19 19 19 18 17 15 12  9  7  5  5  5  6  8 10 13 15 16 17 172712 5Z8 516 192211 1799999999999999 1 4 181418  599999999999999
 16 15 15 15 15 15 15 15 14 13 12 10  8  7  6  6  6  7  9 11 13 14 15 152712 6Z82232 159999999999999999999991450  6999999999999999999999
 15 14 13 12 11 11 11 11 11 11 11 10 10  9  8  8  8  9 10 11 12 14 15 152712 7Z82249 159999999999999999999991511  8999999999999999999999
 14 13 12 10  9  8  8  8  8  9 10 11 11 11 11 10 11 11 11 12 13 14 15 162712 8Z823 4 16999999999999999999999 6 7  8999999999999999999999
 15 14 12 10  8  6  5  5  6  7  9 11 12 13 13 13 14 14 14 14 15 16 17 182712 9Z82323 18999999999999999999999 641  5999999999999999999999
 17 16 14 11  8  5  4  3  3  5  7 10 13 15 16 17 17 17 17 17 18 18 19 20271210Z82346 20999999999999999999999 714  3999999999999999999999
 20 19 17 14 10  6  3  2  1  2  5  8 12 16 18 20 21 21 21 21 21 21 21 22271211Z89999999999999999999999999999 750  1999999999999999999999
 23 23 21 18 14  9  5  2  0  0  2  5 10 15 19 22 23 24 24 23 23 23 24 24271212Z8 018 231711 2499999999999999 830  02033 2399999999999999
 25 26 25 23 19 14  8  3  0 -2 -1  2  6 12 17 22 24 26 26 26 25 25 25 26271213Z8 057 261737 2699999999999999 913 -221 4 2599999999999999
 27 28 28 27 24 19 13  7  2 -2 -3 -2  2  7 13 19 23 26 27 26 26 26 26 26271214Z8 143 281812 279999999999999910 0 -32124 2699999999999999
 27 28 29 29 28 24 19 12  5  0 -3 -4 -2  2  8 14 19 23 25 26 25 25 25 25271215Z8 234 291849 26999999999999991050 -42147 2599999999999999
 26 27 28 29 29 27 23 17 10  4 -1 -4 -4 -2  2  8 14 19 22 24 24 23 23 23271216Z8 327 301927 24999999999999991140 -42222 2399999999999999
 23 24 25 27 28 28 26 22 15  9  3 -2 -4 -4 -2  3  8 13 18 20 21 21 20 19271217Z8 422 2820 3 21999999999999991230 -42315 1999999999999999
 20 20 21 23 24 25 25 23 19 13  7  2 -1 -3 -2  0  4  9 13 16 18 18 17 16271218Z8 520 262035 18999999999999991317 -3999999999999999999999
 16 16 16 17 19 20 21 21 20 16 12  7  3  1  0  0  3  6 10 13 15 16 16 14271219Z8 627 2221 4 1699999999999999 033 1614 2  099999999999999
 13 12 12 12 13 14 16 17 17 16 14 11  7  5  3  3  4  6  9 12 14 15 15 14271220Z8 751 172129 1599999999999999 215 121441  399999999999999
 12 10  9  8  8  8  9 11 12 14 14 13 11  9  8  7  8  9 10 12 14 15 15 15271221Z8 941 142151 1599999999999999 357  81510  799999999999999
 13 10  8  6  5  4  4  5  7  9 11 13 13 13 12 12 12 12 13 14 15 16 17 17271222Z81156 132213 1799999999999999 526  41513 1299999999999999
 15 13 10  7  4  2  1  1  2  4  7 10 13 14 15 15 16 16 17 17 18 18 19 19271223Z82239 19999999999999999999999 636  1999999999999999999999
 18 16 13 10  7  3  1 -1 -1  1  4  8 11 15 17 18 19 19 20 20 20 21 21 21271224Z82313 21999999999999999999999 732 -1999999999999999999999
 21 20 18 14 11  7  3  0 -1 -1  1  5  9 14 17 20 21 22 22 22 22 22 23 23271225Z82359 24999999999999999999999 820 -1999999999999999999999
 24 23 22 19 15 11  7  3  0 -1  0  3  7 12 16 20 22 23 23 23 23 23 24 24271226Z89999999999999999999999999999 9 3 -1999999999999999999999
 25 25 25 23 20 16 11  6  2  0  0  1  5 10 15 19 22 24 24 24 23 23 24 24271227Z8 053 251751 2499999999999999 942  02029 2399999999999999
 25 26 26 25 23 19 15 10  5  2  0  0  3  7 12 17 21 23 24 24 23 22 23 23271228Z8 145 2618 6 24999999999999991019  02113 2299999999999999
 24 25 26 26 25 22 18 13  8  3  1  0  1  4  9 14 18 21 23 23 22 21 21 21271229Z8 233 261828 23999999999999991055  02154 2199999999999999
 22 23 24 25 25 23 20 15 10  5  1 -1 -1  1  5 10 15 18 21 21 21 19 18 18271230Z8 316 251853 21999999999999991130 -12318 1899999999999999
 19 20 21 23 23 22 20 16 12  7  2  0 -1  0  2  6 11 15 17 19 18 17 16 15271231Z8 358 231917 199999999999999912 3 -12319 1599999999999999
