 94 88 81 75 74 78 87100113124129128121109 93 77 64 55 51 54 61 71 81 9027 1 1ZF1021130999999999999999999999 346 7418 5 5199999999999999
 95 97 95 92 89 89 92 99109119127130128119106 90 72 57 46 41 42 50 62 7527 1 2ZF 1 2 9711 613099999999999999 437 891915 4099999999999999
 88 98104105103100 99100105112120126129127119105 86 66 49 36 30 33 43 5827 1 3ZF 24910512 712999999999999999 6 7 992010 3099999999999999
 76 93106113115112107103102105111119127130128118102 80 58 38 25 21 26 4027 1 4ZF 345115131013099999999999999 7441022056 2199999999999999
 60 82102116122121115108102100103111120129133130117 97 72 47 27 15 14 2427 1 5ZF 42212314 413399999999999999 8531002135 1399999999999999
 43 67 91112124128124114104 97 96101112124134137130113 89 61 35 15  7 1027 1 6ZF 454128145113799999999999999 941 962212  699999999999999
 26 50 77103121130129121109 97 91 93102115130139139128106 78 48 22  6  227 1 7ZF 5241311531140999999999999991018 912245  299999999999999
 12 33 61 90114129132126114100 89 86 92105121136143138122 96 65 35 12  127 1 8ZF 55213316 9143999999999999991051 862317  099999999999999
  4 20 46 75103123132130119104 90 82 83 93110127140143133112 83 52 24  627 1 9ZF 6181331644143999999999999991123 812348  299999999999999
  2 12 33 62 91115129132124110 93 81 77 82 97115132141139124100 70 40 1827 110ZF 6441331720141999999999999991155 77999999999999999999999
  7 10 26 51 80106125132128116 98 83 73 74 84100118132137130112 87 58 3327 111ZF 7 9132175613799999999999999 017  61228 7299999999999999
 17 14 24 44 70 97119131131121105 87 74 68 72 85102118129130120100 75 5127 112ZF 733132183513199999999999999 045 1413 4 6899999999999999
 32 24 27 42 64 89112127132126112 94 77 66 64 71 85101115122120109 90 6927 113ZF 756132191812399999999999999 113 231344 6499999999999999
 50 38 36 45 61 83105122131129119102 84 69 61 61 69 82 96108113110100 8527 114ZF 82113120 911399999999999999 142 361430 6099999999999999
 69 56 50 53 64 80 99116127130124111 93 76 62 55 56 63 75 88 98103102 9527 115ZF 848130211910499999999999999 212 501526 5599999999999999
 85 75 68 66 71 81 96110122129127118104 87 70 57 49 48 54 64 76 87 95 9827 116ZF 91912923 6 9899999999999999 247 661638 4899999999999999
 96 92 87 83 83 88 96106117124127124115101 84 66 51 41 37 41 50 63 77 8927 117ZF10 0127999999999999999999999 331 831759 3799999999999999
 97102102101 99 98100104111118124127124116102 83 63 44 30 23 25 35 50 6927 118ZF 14410311 212799999999999999 451 981917 2399999999999999
 87101111115114111108106107111118124128128120105 84 59 35 17  8  9 21 4027 119ZF 320115122512999999999999999 7 71062023  799999999999999
 65 89109122126124118111106105109116126133135128110 84 54 26  4 -7 -4 1127 120ZF 410127134313599999999999999 8441052119 -899999999999999
 36 66 95118131134129119107100 99104116130141143135114 83 48 16 -8-18-1227 121ZF 449135144614499999999999999 942 9822 8-1899999999999999
  8 39 73105128138137127112 98 90 91100117135148150139114 80 42  8-15-2127 122ZF 5231391542151999999999999991026 892253-2199999999999999
-11 15 49 86116136141134119100 85 79 83 98118139152153139110 74 35  3-1527 123ZF 55514116331559999999999999911 6 792334-1899999999999999
-16  0 29 66101127140139126105 85 71 68 77 96119140152150133103 67 31  527 124ZF 6241411722153999999999999991145 68999999999999999999999
 -7 -2 19 51 86116136141132113 90 70 59 60 73 94118137146141122 93 61 3127 125ZF 65114118 914699999999999999 011 -81225 5899999999999999
 12  8 20 44 75106129140137121 99 75 58 51 55 70 92113129135128110 84 5827 126ZF 716140185713599999999999999 045  813 6 5199999999999999
 37 27 30 46 70 98122137139129109 85 64 50 46 53 68 88106118121114 98 7827 127ZF 740140194612199999999999999 116 261350 4699999999999999
 60 48 45 54 71 93116132138133118 98 75 57 46 45 52 66 82 96105107101 9027 128ZF 8 3138204210799999999999999 143 451439 4499999999999999
 77 67 62 65 76 92110126135135125109 89 70 55 46 45 51 62 74 85 92 95 9327 129ZF 82813622 0 9599999999999999 2 8 621537 4599999999999999
 88 82 78 78 83 93106119129132128117102 85 68 55 47 45 48 55 65 74 82 8827 130ZF 857132999999999999999999999 229 771653 4599999999999999
 90 91 90 90 92 97104113120125126121112 99 84 69 56 47 42 43 48 56 66 7727 131ZF 045 91 93412699999999999999 237 901825 4299999999999999
 86 94 98100101102104107112116120120117110100 86 71 56 43 36 35 39 49 6227 2 1ZF10411209999999999999999999991944 35999999999999999999999
 77 91102108110109106104104107111115118118113103 87 69 51 36 27 26 33 4627 2 2ZF 4 1110122911899999999999999 7271042040 2699999999999999
 64 83100111117116111104 99 98100106114120122117105 86 64 43 26 17 19 3027 2 3ZF 419117135012299999999999999 852 982123 1799999999999999
 48 71 93111121122117107 97 91 90 96106118126128121104 81 55 31 15  9 1627 2 4ZF 441123144412999999999999999 936 902159  999999999999999
 32 56 83106121127123112 98 87 82 85 95110124133133121 99 72 43 20  7  627 2 5ZF 5 312715271359999999999999910 9 822231  599999999999999
 19 42 70 98118129128118102 86 75 74 82 98117132139134117 90 59 31 10  327 2 6ZF 52513016 6139999999999999991039 7323 1  399999999999999
 10 30 58 88113129132124107 88 72 65 69 83104124138141130108 78 46 21  727 2 7ZF 54513216421429999999999999911 8 652328  599999999999999
  7 22 47 78106126134129113 92 72 59 58 68 88111130141138122 96 65 36 1727 2 8ZF 6 61341718141999999999999991138 572355 1099999999999999
 11 19 40 69 98122135134120 99 76 57 50 54 70 93116133139131111 83 55 3227 2 9ZF 62513617551399999999999999912 8 49999999999999999999999
 20 22 37 62 91117133136127107 82 60 46 44 54 74 97119132132120 99 73 4927 210ZF 645137183313499999999999999 021 191240 4399999999999999
 34 30 40 59 85110129137131115 91 67 48 39 42 56 77 99117126123109 89 6827 211ZF 7 5137191512699999999999999 046 301314 3899999999999999
 51 43 47 61 81104124135134122101 77 55 40 35 42 57 77 97111116112100 8427 212ZF 72613620 311699999999999999 112 431354 3599999999999999
 69 60 58 66 81100118131134127111 89 66 47 36 34 41 55 73 89101105102 9527 213ZF 74913421 510599999999999999 138 581442 3499999999999999
 85 77 73 76 85 98113125131129118102 82 62 46 36 33 39 50 64 78 89 95 9627 214ZF 8161312252 9699999999999999 2 4 731547 3399999999999999
 94 91 89 89 93100109118125126122113 98 81 63 47 36 31 32 39 51 64 77 8727 215ZF 850127999999999999999999999 227 881718 3099999999999999
 95 99101102103104108112117120121119112101 86 69 51 35 25 22 26 36 52 6927 216ZF 9511219999999999999999999991857 22999999999999999999999
 85 99109113114112109108108110114118120118110 95 75 53 32 16  9 12 24 4427 217ZF 33911412 512099999999999999 7251072013  999999999999999
 67 90108119123120113106100 98101108118125127121104 80 52 26  7 -2  2 1927 218ZF 4 1123134612899999999999999 853 982110 -299999999999999
 44 73 99119129129120107 94 86 85 92106122134138130111 81 49 19 -2 -8  027 219ZF 427130145213899999999999999 937 852156 -899999999999999
 22 53 85113130135128112 93 78 70 73 86106127143147136112 79 43 13 -5 -727 220ZF 4521351547147999999999999991015 702237 -899999999999999
  8 35 69102127138135119 97 75 59 55 63 83108133148150135108 73 38 11 -127 221ZF 5161381636151999999999999991050 552313 -199999999999999
  4 24 56 90120137140128105 78 55 43 44 58 83111136149146129100 66 36 1627 222ZF 5391411722150999999999999991126 412346 1199999999999999
 11 23 48 80112134143135115 87 59 39 31 38 57 85113134143137118 91 61 3827 223ZF 6 214318 71439999999999999912 2 31999999999999999999999
 26 30 47 74104129142141125 99 70 44 28 26 38 60 87112129133125106 82 6027 224ZF 624143185013399999999999999 015 261238 2599999999999999
 45 42 52 73 98123139143132111 83 55 34 24 27 42 63 87107119120111 95 7727 225ZF 645143193512199999999999999 042 421315 2499999999999999
 63 57 61 75 95116133141136120 96 70 47 31 27 33 47 66 85100108107 99 8827 226ZF 7 7141202410899999999999999 1 6 571356 2799999999999999
 77 70 71 79 93110126135135125107 85 63 45 34 33 39 51 66 80 91 96 96 9227 227ZF 7301362128 9799999999999999 127 701442 3299999999999999
 86 82 81 85 93105118127130125114 97 79 62 48 40 39 43 52 63 73 82 87 9027 228ZF 755130999999999999999999999 144 801544 3999999999999999
 90 90 90 91 96102110117121121115105 93 79 65 54 46 43 44 49 56 65 74 8227 3 1ZF 8241229999999999999999999991716 43999999999999999999999
 89 94 97 99100102105108111113112109102 94 83 71 59 49 42 40 42 49 59 7127 3 2ZF 91311399999999999999999999919 0 40999999999999999999999
 83 94102106106104102101101102104106107105 99 89 75 60 47 37 32 34 43 5727 3 3ZF 339106115110799999999999999 7311002010 3299999999999999
 74 90103111113109103 96 92 91 94 99106111112106 94 76 57 40 28 24 29 4327 3 4ZF 347113133611299999999999999 844 902056 2499999999999999
 62 83101114119115106 95 85 80 81 88100111119120111 95 73 50 31 20 19 3027 3 5ZF 4 4119143412199999999999999 919 792133 1899999999999999
 49 73 96114123122112 97 82 71 68 74 88105120128126113 91 65 40 22 15 2027 3 6ZF 422124151912999999999999999 948 6822 4 1599999999999999
 37 62 89112125128118101 82 65 57 59 72 92113129135128110 83 55 31 17 1627 3 7ZF 4401281558135999999999999991016 562233 1599999999999999
 29 52 81107126132125108 85 63 48 45 55 75100123137138126103 74 46 26 1927 3 8ZF 4591321636139999999999999991044 4523 1 1999999999999999
 26 45 73101124135132116 91 65 44 34 38 55 81109131141137119 93 64 40 2727 3 9ZF 5171361713141999999999999991112 342327 2599999999999999
 27 42 66 95120135137124100 71 45 28 25 37 60 89116135140130110 83 58 4027 310ZF 5361381751140999999999999991142 242354 3599999999999999
 35 43 62 89115133140131110 81 52 28 18 22 39 66 95120133134121100 76 5727 311ZF 5561401830135999999999999991214 17999999999999999999999
 47 49 62 84108129139136119 93 63 36 18 14 24 44 72 98118127124111 92 7427 312ZF 617140191312899999999999999 020 461248 1499999999999999
 61 59 66 82103123136137127105 77 49 27 15 15 28 49 73 96112117113102 8927 313ZF 63913820 311799999999999999 046 581327 1499999999999999
 77 71 74 84100116130135130115 93 67 43 25 17 20 32 50 70 89101106104 9727 314ZF 7 3135211010699999999999999 112 711415 1799999999999999
 90 84 84 89 99111122129129121105 85 64 44 30 23 24 33 47 63 78 89 96 9827 315ZF 7301302312 9899999999999999 137 831520 2399999999999999
 97 96 95 96100107114120122120113101 85 68 51 38 29 26 30 39 52 66 80 9027 316ZF 8 5122999999999999999999999 158 951654 2699999999999999
 98102104105105105107109111113113109103 92 78 62 46 33 25 24 30 42 58 7627 317ZF 9221139999999999999999999991837 24999999999999999999999
 91104111113111106102 98 97 99103108111110103 90 71 51 33 21 17 23 37 5727 318ZF 256113121911299999999999999 750 971954 1799999999999999
 79 99113120118111100 90 83 82 87 97109118122116100 78 53 31 16 13 21 3927 319ZF 318120135312299999999999999 843 822049 1299999999999999
 64 90111124126118103 86 72 65 66 77 94113127133125107 81 52 28 14 13 2627 320ZF 341126145613399999999999999 920 642133 1299999999999999
 50 78105125132126110 88 67 51 46 54 72 96120136140130108 79 49 27 17 2227 321ZF 4 4132154814199999999999999 954 462211 1799999999999999
 40 68 97122135134120 96 69 45 32 32 46 71100126142143130105 75 48 30 2627 322ZF 4261371635144999999999999991028 302245 2599999999999999
 37 60 89117136140130107 77 48 26 18 25 45 75106130143140124 98 71 48 3727 323ZF 44914117201449999999999999911 2 182316 3799999999999999
 41 57 83110133143138119 90 57 29 13 11 25 50 81110131139132115 91 68 5227 324ZF 51114318 2139999999999999991136 102345 4999999999999999
 49 59 79104127142143129103 71 40 17  7 12 30 57 87112127130122105 85 6827 325ZF 5341441844131999999999999991210  7999999999999999999999
 60 64 78 98120137143135115 86 56 29 13  9 19 39 65 90110120120110 96 8127 326ZF 556143192712199999999999999 012 601244  999999999999999
 72 70 79 94113129138136123100 72 45 25 15 17 29 48 71 91105111109101 9027 327ZF 620139201211199999999999999 037 701321 1499999999999999
 81 78 81 92106121131133126109 87 63 42 28 23 27 39 55 73 88 98101100 9527 328ZF 644133211010299999999999999 1 2 7814 2 2399999999999999
 89 85 86 91100112121126123113 97 79 60 44 35 32 36 45 58 71 82 90 94 9527 329ZF 7111262248 9599999999999999 126 851453 3299999999999999
 94 92 91 93 97104111116116112103 91 77 63 51 43 40 42 47 56 67 77 85 9227 330ZF 741117999999999999999999999 152 9116 9 4099999999999999
 96 97 98 97 97 99101104106106103 98 90 80 69 59 50 44 43 46 52 62 73 8527 331ZF 8291079999999999999999999991750 43999999999999999999999
 94101104103101 97 95 94 94 96 98 99 98 94 87 76 64 53 44 40 42 49 61 7527 4 1ZF 2221041110 9999999999999999 7 8 931913 4099999999999999
 90101109110106 99 91 85 82 83 87 94100104102 95 82 67 52 41 36 39 49 6527 4 2ZF 245110131210499999999999999 814 8120 9 3699999999999999
 83100112116113104 91 79 70 68 73 83 96107113111101 85 66 48 36 33 40 5427 4 3ZF 3 5116141611399999999999999 848 682050 3399999999999999
 75 95112121120110 94 76 62 54 56 67 84102116122118104 84 62 44 34 35 4627 4 4ZF 32512215 412299999999999999 917 542125 3399999999999999
 66 90111124127118100 78 57 43 40 48 67 90112127130122103 80 57 41 35 4227 4 5ZF 344128154713099999999999999 945 392157 3599999999999999
 59 83107125132127109 83 57 35 25 29 46 71 99123135135121 99 75 54 42 4227 4 6ZF 4 31321627137999999999999991014 252228 4099999999999999
 55 77102124136134119 93 62 34 16 13 24 48 79109131140134118 94 71 53 4727 4 7ZF 42413717 7140999999999999991044 122258 4799999999999999
 54 72 96119136139129105 73 41 15  3  7 25 55 88116135139130111 89 69 5827 4 8ZF 4461401748139999999999999991116  22328 5699999999999999
 58 70 90113133141136117 88 54 23  2 -3  7 30 62 94119133134123105 85 7127 4 9ZF 5 91421832135999999999999991151 -42358 6699999999999999
 66 72 87107127139140128103 71 38 12 -3 -3 12 37 67 96117127125114 99 8527 410ZF 5351411920127999999999999991229 -5999999999999999999999
 77 77 86101119133139133116 89 59 30  9  0  3 19 43 69 94110117116108 9727 411ZF 6 2139201611899999999999999 028 761312 -199999999999999
 88 85 88 98111124133133123105 80 54 30 13  7 12 25 46 68 8710110810810427 412ZF 632134213110999999999999999 1 0 8514 4  799999999999999
 98 93 93 97105114122126124114 97 77 55 36 23 17 20 30 46 63 80 9310210527 413ZF 7 8126231710599999999999999 138 931511 1799999999999999
104102 99 98100104109114116113107 95 80 63 47 34 27 26 32 44 59 75 8910027 414ZF 8 0116999999999999999999999 246 981636 2599999999999999
106108106103 99 97 96 98101104105104 99 89 75 59 45 34 30 33 42 57 75 9127 415ZF 05510810 710599999999999999 540 9618 6 3099999999999999
104112113109102 93 86 82 82 86 94101106106100 87 70 53 39 32 34 44 61 8027 416ZF 143113123010799999999999999 726 811919 3299999999999999
 99113119117108 94 80 69 63 65 74 87102113116111 97 78 58 43 35 38 50 7027 417ZF 215119135511699999999999999 815 632014 3599999999999999
 92111123125117101 81 62 49 44 51 66 86106121126119104 82 61 46 40 46 6227 418ZF 242126145612699999999999999 854 442059 4099999999999999
 84106124131127111 88 62 41 29 29 41 63 89113129133124106 83 62 49 48 5827 419ZF 3 7132154813399999999999999 930 272139 4799999999999999
 77100122135135123 99 70 42 22 13 19 38 66 95120134136124105 82 64 55 5827 420ZF 33313716351379999999999999910 5 132215 5599999999999999
 72 94117134140133113 83 51 24  7  5 17 42 73103126136134120101 80 67 6327 421ZF 3581401718137999999999999991039  42248 6399999999999999
 71 88110130141140125 98 65 34 10 -1  4 22 50 81109128134129114 95 79 7127 422ZF 42414218 0134999999999999991112 -12320 7099999999999999
 72 84103123138142133112 82 49 21  3 -1  9 31 60 89113126129121106 91 7927 423ZF 4501421841129999999999999991146 -12350 7699999999999999
 76 82 97115131140137122 97 66 37 14  3  5 20 43 70 95113122121112 99 8727 424ZF 5171401922122999999999999991220  2999999999999999999999
 81 82 92106122133136127108 83 55 30 14  9 15 31 53 77 97110115112104 9427 425ZF 54513620 711599999999999999 019 811256  999999999999999
 87 84 89 99112124130127116 96 72 49 30 19 18 26 42 61 80 96106108106 9927 426ZF 614130205810999999999999999 051 841336 1799999999999999
 93 88 89 94103113121122117104 86 66 48 34 27 28 36 50 66 81 9410110410227 427ZF 64612322 410499999999999999 127 881422 2699999999999999
 98 94 91 92 96102109113113107 96 81 66 51 41 36 37 44 55 68 81 9210010327 428ZF 725113232410399999999999999 218 911520 3699999999999999
103100 96 93 92 94 97101103103 99 91 81 69 58 49 44 43 48 57 69 82 9310127 429ZF 825103999999999999999999999 354 921634 4399999999999999
106106103 97 92 88 86 87 90 93 96 96 92 86 76 66 56 49 47 51 59 71 85 9727 430ZF 0331061030 9699999999999999 6 5 861753 4799999999999999
107111110104 95 85 78 74 74 79 86 93 98 98 93 84 73 61 53 50 53 63 76 9227 5 1ZF 1171111234 9899999999999999 720 731859 5099999999999999
106114117112101 86 73 62 59 62 71 83 96104107102 92 78 64 55 52 57 69 8527 5 2ZF 148117135110799999999999999 8 3 591952 5299999999999999
102116122120109 91 72 55 44 43 51 67 86103114117111 97 81 66 57 56 64 7927 5 3ZF 214123144711799999999999999 837 422037 5599999999999999
 97115126128118100 76 52 34 26 30 45 68 93113125126117101 82 68 60 62 7427 5 4ZF 239128153512799999999999999 910 262117 6099999999999999
 91111127134128111 85 56 30 14 11 22 44 73101123133132119101 83 70 65 7127 5 5ZF 3 5134162013499999999999999 943 102155 6599999999999999
 86106125137137124 99 67 35 10 -2  1 19 47 80110130138133119100 83 73 7327 5 6ZF 33213817 5138999999999999991018 -32232 7199999999999999
 82100119136142135115 84 49 17 -5-12 -3 21 53 87116134138131116 99 84 7827 5 7ZF 4 11421752138999999999999991056-1223 9 7899999999999999
 82 94112130142143129103 70 34  5-13-14 -1 26 59 92118132134126112 97 8627 5 8ZF 4321441841135999999999999991137-162345 8499999999999999
 84 91105122137144138120 92 58 25  0-13-11  6 32 64 94116127128120108 9627 5 9ZF 5 61441933129999999999999991221-14999999999999999999999
 89 90 98112127138140131111 83 51 22  1 -7 -3 14 39 67 9311212112111510527 510ZF 543140203112299999999999999 024 8913 9 -799999999999999
 96 92 94102114125133132122103 78 51 26  9  3  8 24 46 70 9210811611611127 511ZF 626133213311799999999999999 1 9 9214 2  399999999999999
103 96 93 95101110118123122113 97 77 55 35 21 16 20 33 52 73 9210611311427 512ZF 718123223711599999999999999 2 8 9315 3 1699999999999999
110103 96 91 91 94100107111111106 96 81 63 47 35 30 32 42 58 77 9410711427 513ZF 836112233411599999999999999 337 911610 2999999999999999
115110101 92 85 82 82 86 92 99103103 98 88 74 60 48 42 43 52 66 83 9911227 514ZF1032104999999999999999999999 525 811721 4299999999999999
118117110 98 85 74 67 66 70 78 89 98104104 97 85 72 60 53 53 61 75 9110727 515ZF 022118122710599999999999999 646 661828 5299999999999999
119123119108 92 74 59 50 49 55 67 83 98108111107 96 82 69 62 62 71 8510227 516ZF 1 1123135311299999999999999 742 481927 6199999999999999
117126127119102 81 60 42 33 34 44 62 83102115120115103 88 76 69 71 80 9527 517ZF 137128145812099999999999999 826 322020 6999999999999999
112126133129115 93 67 43 25 18 23 38 61 87109123126120107 92 80 75 78 9027 518ZF 210133155112799999999999999 9 6 1821 6 7599999999999999
106123134136127108 81 52 27 11  8 18 39 66 94116129130122108 93 82 80 8627 519ZF 243137163813199999999999999 943  82149 8099999999999999
 99116131139136121 96 66 36 13  2  5 20 45 75102123132131120106 92 84 8427 520ZF 3151391721133999999999999991019  12227 8399999999999999
 93108125137140132111 83 51 23  4 -1  7 27 55 84110127132128116101 90 8527 521ZF 34714118 1132999999999999991054 -123 3 8599999999999999
 89100116131140137123 99 69 38 14  1  1 14 37 66 93115127129122109 96 8827 522ZF 4201401839130999999999999991129 -12337 8699999999999999
 87 94107122134138131113 86 57 29 10  2  8 24 49 76100118125123115102 9227 523ZF 45213819181269999999999999912 5  2999999999999999999999
 87 89 99112126134133122101 75 47 24 11  8 18 36 60 85105118121117108 9727 524ZF 526135195612199999999999999 011 861241  899999999999999
 89 87 92102115126130125111 90 66 42 24 16 18 29 48 70 9110811611711210227 525ZF 6 1130203711899999999999999 048 871319 1599999999999999
 93 88 88 93103114121123116101 81 60 41 28 24 29 41 59 79 9710911511410827 526ZF 639123212011599999999999999 130 871358 2499999999999999
 99 91 87 87 93101109114114106 93 76 59 44 35 34 40 52 69 8610111111511227 527ZF 72411522 511599999999999999 223 861442 3399999999999999
106 97 89 85 85 88 95101105105 99 89 76 62 51 45 45 51 62 77 9310511311527 528ZF 825106225111599999999999999 333 841531 4499999999999999
112104 95 86 80 78 80 85 92 97 99 96 89 79 69 60 55 55 61 71 85 9911011727 529ZF 956 99233611899999999999999 457 781630 5499999999999999
117112102 90 79 70 67 68 74 83 91 96 98 94 87 78 70 64 64 69 79 9210511627 530ZF1146 98999999999999999999999 612 671735 6399999999999999
121119111 98 82 67 57 52 55 64 76 89 99104103 97 88 79 73 72 77 8710011327 531ZF 017121132110499999999999999 7 7 521841 7199999999999999
122125121108 90 70 51 39 36 42 55 73 91106114114107 97 87 80 78 84 9410827 6 1ZF 055125143111599999999999999 752 361943 7899999999999999
121129129120102 78 54 33 21 20 30 50 74 97115124124116104 93 85 84 9010227 6 2ZF 132130152912599999999999999 834 192038 8499999999999999
117129135132117 93 64 36 14  4  7 23 48 77104123132131122108 96 89 89 9727 6 3ZF 2 9136162113399999999999999 916  42128 8899999999999999
110126137141132112 83 50 19 -2 -9 -1 20 50 82111130138135124109 97 91 9327 6 4ZF 24814117101389999999999999910 0 -92215 9199999999999999
103119134144144131105 72 37  6-13-17 -5 20 54 88116134140135122108 97 9327 6 5ZF 3291451759140999999999999991044-172259 9399999999999999
 97109125140148144127 98 63 27 -2-18-18 -2 25 59 93119134138131118105 9527 6 6ZF 4121481848138999999999999991131-202343 9399999999999999
 93100113130143148141121 91 56 22 -3-16-13  5 33 66 9712113313412611310027 6 7ZF 4571481935135999999999999991218-17999999999999999999999
 92 92100114130141144135114 85 53 22  1 -8 -2 17 44 7510212213012911910627 6 8ZF 545144201913199999999999999 029 9113 6 -899999999999999
 94 88 90 98111125135136127108 82 53 28 11  6 13 32 57 8410812312812411327 6 9ZF 63813621 212899999999999999 119 881354  699999999999999
100 89 83 85 92104116124125118102 81 57 37 25 23 31 49 71 9411312412611927 610ZF 739126214112699999999999999 218 831442 2299999999999999
107 94 83 77 77 83 93104112114110 99 83 65 50 42 41 50 66 8510411812512427 611ZF 853114222012699999999999999 327 761531 4099999999999999
116102 88 76 68 67 71 80 90 99105104 98 88 75 65 59 59 67 81 9711212312727 612ZF102810523 012799999999999999 445 661624 5899999999999999
123113 98 82 68 58 54 58 66 78 90 99103102 96 87 79 74 75 81 9310711912727 613ZF1217103234312999999999999999 6 1 541723 7399999999999999
129123111 93 75 58 46 42 45 54 69 84 97106108105 98 91 86 86 9110111312427 614ZF1354108999999999999999999999 7 6 421830 8599999999999999
131130123108 88 66 47 34 30 34 47 64 84101112116114107 99 94 93 9710711827 615ZF 02913115 711699999999999999 8 0 301939 9299999999999999
128133131121103 80 56 36 23 20 28 44 65 88107120124121112103 97 9610111027 616ZF 11613416 012499999999999999 846 202041 9599999999999999
122132136132118 96 70 45 24 13 14 25 46 71 96116127129123113103 96 9610227 617ZF 2 2136164413099999999999999 928 122133 9599999999999999
113126135138130113 88 59 33 15  7 12 28 52 80105123132131122110100 94 9627 618ZF 24613817221339999999999999910 6  72217 9499999999999999
104117130139138126105 77 48 23  8  5 15 35 62 90114129134129118105 95 9127 619ZF 3261401757134999999999999991043  42254 9199999999999999
 96108122135141136120 95 66 37 15  4  7 22 46 74101121132132123110 97 9027 620ZF 4 51411830133999999999999991119  42329 8999999999999999
 90 98112127138140131111 84 54 28 11  6 14 33 59 86110126131127116102 9127 621ZF 44214019 1131999999999999991153  6999999999999999999999
 86 90101116130138136123100 73 45 23 11 12 25 47 73 98118128129121107 9427 622ZF 519138193213099999999999999 0 4 861227 1099999999999999
 85 84 90103118130134129113 89 63 39 23 17 23 39 62 87109124129124113 9927 623ZF 55713420 112999999999999999 039 831259 1799999999999999
 87 81 82 91104118127128119102 80 57 38 27 27 37 55 7810011712712711910627 624ZF 637128203012899999999999999 118 801332 2699999999999999
 92 82 78 81 90103114120119110 93 74 55 42 36 40 53 72 9211112312812411327 625ZF 72112121 012899999999999999 2 3 7814 4 3699999999999999
 99 86 77 74 78 87 98108113111102 88 73 59 50 49 56 69 8610411912712711927 626ZF 815113213112899999999999999 254 741439 4999999999999999
107 93 80 71 68 72 80 91100105104 98 88 77 67 62 64 71 83 9911312412812527 627ZF 92510522 512899999999999999 355 681520 6299999999999999
115102 86 73 63 60 63 71 81 92 99102 99 93 86 79 76 78 84 9510811912712827 628ZF11 0102224512899999999999999 5 2 601612 7699999999999999
123112 96 79 64 53 48 51 59 72 85 96103105103 98 92 89 90 9510311412312927 629ZF1254105233213099999999999999 6 8 481722 8999999999999999
129123110 92 72 53 40 34 37 47 63 81 97109114114110104100 9810110811812627 630ZF1428115999999999999999999999 710 341848 9899999999999999
132132124108 87 63 41 25 18 23 36 57 8010111612412512011310610310511112127 7 1ZF 028133153512699999999999999 8 6 18201010399999999999999
131137136126107 81 53 27 10  4 10 28 53 8110712513413412711710810410511327 7 2ZF 126138162813599999999999999 859  4211610499999999999999
124136143142129106 76 43 15 -3 -8  1 24 54 8611413314113812911610610110427 7 3ZF 222144171414199999999999999 950 -922 910199999999999999
114128142149147131104 70 35  5-13-15 -1 25 59 93121139144138125111100 9627 7 4ZF 3161501756144999999999999991038-162255 9699999999999999
101114131147154149131101 64 28 -1-16-14  3 33 68102128142143133118102 9127 7 5ZF 4 91541835144999999999999991125-172339 8999999999999999
 90 98114133149155148127 96 59 25 -1-12 -6 15 46 81112134143139125107 9127 7 6ZF 5 015519101439999999999999912 9-12999999999999999999999
 82 84 95112132147151143121 91 57 26  6  0 10 33 64 96122138140131114 9527 7 7ZF 552151194214199999999999999 023 821251  099999999999999
 80 74 77 90108127140143134113 86 57 32 19 18 32 55 8411113113913612210327 7 8ZF 645143201214099999999999999 1 9 741331 1799999999999999
 84 71 66 71 84101118129131123106 83 61 44 36 41 55 7810212313613813011327 7 9ZF 742132204113999999999999999 159 6614 8 3699999999999999
 94 76 64 60 65 77 92106116118113100 84 69 59 57 64 78 9811713213813512327 710ZF 847119211013899999999999999 255 601444 5699999999999999
106 87 70 59 55 59 68 81 94104107105 99 89 80 75 76 84 9711212613513713127 711ZF10 9108214313799999999999999 359 551521 7599999999999999
118101 82 66 55 50 52 59 71 83 93100103102 97 93 91 93 9910912012913513427 712ZF12 6103222413599999999999999 513 5016 6 9199999999999999
127114 98 80 63 51 44 44 51 61 75 88 9910610810710510310410711412212913327 713ZF1412108232013399999999999999 629 43172010399999999999999
132125113 96 78 59 45 37 36 43 55 71 8810211211711711411010810911412012727 714ZF1526117999999999999999999999 736 3619 710899999999999999
131131125113 95 74 54 38 29 29 37 53 73 9311012112512311811110710711111827 715ZF 03113216 912599999999999999 831 28203410799999999999999
126132133127112 92 68 46 29 21 24 36 55 7910111912913112611710810210210827 716ZF 139134164213199999999999999 917 21212910299999999999999
118128136136128110 86 60 36 21 15 22 39 63 89112128135132123111101 96 9827 717ZF 234137171113599999999999999 957 152210 9699999999999999
107121133140139126105 77 49 26 13 13 25 47 74101123135137129116102 92 9027 718ZF 3201411739137999999999999991033 112244 9099999999999999
 97110126139144138121 96 66 38 18 10 16 33 59 88114132138134122106 91 8427 719ZF 4 014418 51389999999999999911 6 102316 8499999999999999
 87 98115132143145134113 84 54 29 14 13 25 47 76104126138138127111 94 8227 720ZF 4381461829139999999999999991137 122347 7899999999999999
 79 86101120136145141126102 72 45 25 16 22 40 66 94119135139132117 98 8227 721ZF 51514518521399999999999999912 6 16999999999999999999999
 74 76 87105124138142134115 90 62 39 26 25 37 59 86111131139136124105 8627 722ZF 552142191414099999999999999 020 731233 2499999999999999
 73 69 75 89108125135135124104 80 56 40 33 39 56 79104126138139130112 9327 723ZF 630137193614099999999999999 054 6813 0 3399999999999999
 75 66 65 75 91108123130126114 95 74 56 46 47 58 76 9912013514013412010127 724ZF 711130195814099999999999999 130 641327 4599999999999999
 82 67 61 63 74 90106118122117105 89 73 62 59 64 77 9511413013813712711027 725ZF 759122202213999999999999999 211 601354 5999999999999999
 91 73 61 57 61 72 86100110114110101 90 79 74 74 82 9411012513513713211927 726ZF 858114204913899999999999999 3 0 571424 7399999999999999
102 83 67 56 52 56 65 78 91101106106102 96 90 88 90 9710812013013513412727 727ZF1025107212413699999999999999 4 0 5215 0 8899999999999999
114 97 79 63 51 46 48 55 68 81 9310210610710610410310410911612413013313227 728ZF1248107221413499999999999999 516 46155610399999999999999
125113 97 78 60 45 37 36 42 55 71 8710111111711811711511411511812312913327 729ZF1454118233513399999999999999 637 3518 411499999999999999
133128117 99 78 56 37 25 22 28 43 63 8510512012813012712111611411512012727 730ZF1548130999999999999999999999 750 22201011499999999999999
134138135123104 78 51 27 12  8 16 34 60 8811213013813813112111210810911627 731ZF 1 6138162613999999999999999 850  8211710899999999999999
128139146144131107 77 45 17  1 -2  9 33 63 95122139145140128114103 9810227 8 1ZF 21814617 014599999999999999 942 -322 4 9899999999999999
114130146154152136108 73 38  9 -6 -6 10 39 74107133147147136119101 89 8727 8 2ZF 3181551731148999999999999991029 -82245 8699999999999999
 95112133151161156137106 68 32  6 -6 -1 21 53 90122143150143126105 86 7527 8 3ZF 4121611759150999999999999991111 -72324 7499999999999999
 76 89111135154162155133101 64 31  9  3 14 40 74108135149148134112 88 7027 8 4ZF 5 31621826151999999999999991150  3999999999999999999999
 63 68 86110134152158148126 94 61 34 19 20 36 64 97126145151142122 96 7327 8 5ZF 552158185115199999999999999 0 4 631226 1799999999999999
 57 54 63 83107130145148138116 89 62 43 36 43 63 90118140150147132108 8227 8 6ZF 642149191615199999999999999 045 541258 3699999999999999
 61 49 50 61 81103123134135125107 86 67 56 57 68 88112134147149139120 9627 8 7ZF 734136194015099999999999999 128 481328 5599999999999999
 72 54 46 49 60 78 97113121121114101 87 77 73 79 9110912814214814313011027 8 8ZF 83112220 414899999999999999 215 461354 7399999999999999
 87 67 53 47 50 60 74 89101109110106100 93 89 90 9710912313514314313512127 8 9ZF 945110203214499999999999999 310 471418 8999999999999999
103 84 67 55 50 51 58 68 80 91 9910310410410210210411011812713513813612827 810ZF12 010421 713899999999999999 419 49143710299999999999999
116101 85 70 58 51 50 53 61 72 83 9410210811111211211311612012512913112927 811ZF22 5131999999999999999999999 547 50999999999999999999999
124115103 88 73 59 50 45 47 54 66 80 9410711612012111911611511611912212627 812ZF1538121999999999999999999999 713 4519 711599999999999999
127125118106 91 73 57 44 38 40 49 64 8210111612512812511911310910811111827 813ZF 0 0127155812899999999999999 817 38203910899999999999999
125130130123109 90 69 50 36 31 35 48 68 9011112613313212411410510010010727 814ZF 132130162013499999999999999 9 3 312123 9999999999999999
117128136136127109 86 61 40 27 25 34 53 78103123136138131118104 94 90 9527 815ZF 231137164213899999999999999 941 252156 9099999999999999
106121135143140127104 77 51 30 21 25 40 64 92117135141137124106 91 82 8327 816ZF 31614317 4141999999999999991014 212226 8199999999999999
 93110129143148141122 95 66 40 24 21 31 53 81110132143142130111 92 77 7327 817ZF 3551481724144999999999999991044 202254 7299999999999999
 79 96117137149149137113 84 55 33 23 27 45 72101127143146136118 95 76 6527 818ZF 4321511744146999999999999991111 232323 6499999999999999
 67 80101124143151146128101 72 47 31 29 42 65 93121140148142125102 78 6227 819ZF 5 715118 3148999999999999991138 282352 5799999999999999
 57 65 84108130145148138117 90 63 44 37 43 61 87115137148146132109 84 6327 820ZF 54314918221499999999999999912 3 37999999999999999999999
 52 53 67 89113133144142128105 81 60 48 49 62 83109132146149139118 93 6927 821ZF 620144184115099999999999999 023 511227 4799999999999999
 52 47 54 71 94116132138132117 97 77 63 59 66 83104126143149143127103 7827 822ZF 7 013819 114999999999999999 055 471251 5999999999999999
 58 46 46 56 74 95114127129122108 92 79 72 75 85102121137146145133114 9027 823ZF 744129192314799999999999999 132 441316 7299999999999999
 68 52 44 46 58 74 93108118119114104 94 87 86 9210311713114114413812310427 824ZF 841119194814499999999999999 215 441340 8699999999999999
 83 64 51 45 47 56 70 85 98107110109105101 9910110711612613513913813011727 825ZF1010110201814099999999999999 313 4514 2 9999999999999999
100 82 65 53 45 45 50 61 74 87 9710511011211211311411812212813213413212727 826ZF21 6134999999999999999999999 436 44999999999999999999999
117103 87 70 55 44 38 40 48 61 76 9210511612212412412212112112212512813027 827ZF1517124231213099999999999999 616 38183112199999999999999
129123112 95 76 56 39 29 28 35 50 71 9211112613313312912211611211311712427 828ZF1535134999999999999999999999 739 27202511299999999999999
132136134123104 79 53 32 18 17 26 46 72 99122137141137127114104 9910111027 829ZF 112136155914199999999999999 840 162112 9899999999999999
124138147146133110 80 49 24 10 11 25 51 82112135146145134116 99 86 83 9027 830ZF 225148162414799999999999999 928  92150 8399999999999999
106127146157155139111 77 44 19  8 14 34 65 99128147151142123 99 79 68 6927 831ZF 3221581648152999999999999991010  82226 6699999999999999
 82105131153164159140109 73 41 20 15 26 52 85119144155150132106 79 59 5127 9 1ZF 4131641712155999999999999991048 1423 2 5199999999999999
 58 78106135157165157135103 69 42 27 29 47 76109138155156142117 87 60 4327 9 2ZF 5 11651735157999999999999991123 262338 4099999999999999
 41 53 78108136155160149126 97 68 48 42 51 73102130151159150129 99 68 4527 9 3ZF 5481601758159999999999999991154 42999999999999999999999
 33 37 54 80109134148149137116 92 71 59 61 75 98124146158155139113 83 5527 9 4ZF 634151182115999999999999999 016 331223 5899999999999999
 37 31 39 57 82108128138136125108 90 77 74 82 98119139153156146126 99 7127 9 5ZF 722138184315699999999999999 054 311248 7499999999999999
 49 36 35 45 62 84104119125123114103 93 87 90100115132146152148134113 8927 9 6ZF 81412519 715299999999999999 136 341311 8799999999999999
 66 50 42 43 52 66 83 98108113113108103 99 9910411412613714414413712210427 9 7ZF 922113193214599999999999999 223 411329 9899999999999999
 85 68 56 50 50 57 67 79 90 9910410710810710710911412112813413613412611527 9 8ZF20 1136999999999999999999999 324 49999999999999999999999
101 87 74 63 57 55 57 64 73 83 9210110811211411511611812012312512612412027 9 9ZF2050126999999999999999999999 455 55999999999999999999999
113104 93 81 69 60 55 54 58 67 78 9110311312012212111811511411411511711927 910ZF15 8122234112099999999999999 638 54193211399999999999999
120117110100 86 71 58 50 48 52 63 78 9611112312812712211410710310310711327 911ZF1522129999999999999999999999 750 48203310299999999999999
120125124117104 87 68 52 43 42 50 65 85106123133134128116104 95 91 9310227 912ZF 126125154013499999999999999 837 4121 5 9199999999999999
114126133132122105 83 61 44 37 40 53 74 98120135140134121105 89 80 80 8827 913ZF 224134155814099999999999999 914 362133 7999999999999999
103121135142137123100 75 52 38 35 44 63 89115134144141128108 88 73 67 7327 914ZF 3 8142161714499999999999999 945 3422 0 6799999999999999
 88109130144148139119 92 66 45 36 39 56 80108132146147135114 90 69 57 5727 915ZF 3461481635148999999999999991014 352227 5599999999999999
 71 93118140151150135111 83 58 42 40 51 74101128146151143122 96 70 51 4527 916ZF 4221521653151999999999999991040 392255 4599999999999999
 53 74101128147154146127101 74 54 46 51 69 95122144153149131104 75 50 3727 917ZF 45815417111549999999999999911 6 462323 3699999999999999
 39 55 81110136150151139117 92 69 56 56 68 91117140153153139114 84 55 3627 918ZF 5341531730155999999999999991131 542353 3099999999999999
 30 39 61 89118139148144129107 86 70 64 71 88111134150155146125 96 66 4127 919ZF 6111491750155999999999999991156 64999999999999999999999
 28 30 44 68 96121137142135119101 85 76 78 89108128145153150134109 80 5327 920ZF 652142181215499999999999999 025 271221 7599999999999999
 34 27 33 50 74 98119130132124112 98 89 87 93106123139149150140120 95 6927 921ZF 738132183515199999999999999 1 1 271245 8799999999999999
 48 34 31 39 55 75 95111120121116109101 98100108119132142145141129110 8827 922ZF 83912219 014599999999999999 145 3113 8 9899999999999999
 67 50 39 37 43 55 71 8710110911311311110910911211812613313813813212110627 923ZF1026113193113899999999999999 245 37132810999999999999999
 89 72 57 47 42 44 51 63 77 9010211011511711811912012112412712812812511927 924ZF2027129999999999999999999999 413 42999999999999999999999
110 97 82 66 53 44 41 44 54 68 8410011312212612712412011611411411712012327 925ZF1431127233512499999999999999 559 41192311499999999999999
123119109 93 75 57 43 35 37 47 64 84105122132134130121111103 9810010611627 926ZF1451135999999999999999999999 721 352018 9899999999999999
126133132122104 81 58 39 30 32 46 67 92116134141138127111 95 83 80 85 9927 927ZF 123133151314199999999999999 819 302054 8099999999999999
116134144144132110 83 56 37 29 35 53 79107131145146135116 93 73 62 62 7427 928ZF 230146153514899999999999999 9 5 292129 6099999999999999
 95120142154153138112 82 55 37 34 45 68 97126146153145125 98 71 51 43 4927 929ZF 324155155815399999999999999 944 3322 4 4399999999999999
 69 97126150160156138110 80 55 43 45 62 89119143157154137109 77 49 31 2927 930ZF 4131611621158999999999999991020 422238 2899999999999999
 43 69101132154161153133105 78 60 54 63 84111138156160148123 90 57 31 192710 1ZF 4591611645161999999999999991053 542313 1999999999999999
 24 43 73106135153156145125100 79 67 69 83106131152162156136105 71 41 212710 2ZF 54315717 8162999999999999991123 662348 1699999999999999
 16 26 49 80110134147147135116 97 82 78 86103125145158159145120 89 57 322710 3ZF 6271481732160999999999999991151 78999999999999999999999
 19 20 35 58 86112130138135124109 96 89 91102119137151157150131105 76 492710 4ZF 712138175715799999999999999 024 181217 8899999999999999
 31 25 30 45 67 90110123127124115105 98 97102114129142149148137117 93 692710 5ZF 8 1127182215099999999999999 1 2 251242 9699999999999999
 49 37 35 42 55 73 91105114117115110105103105111121132139141136124106 872710 6ZF 9 3117184814299999999999999 144 3413 710399999999999999
 68 54 46 46 51 62 75 88 991071111121111091091111161221281311301241141012710 7ZF1048112191813199999999999999 236 45133610999999999999999
 87 73 63 56 54 57 64 73 84 941031091131151141141141151171191201191151092710 8ZF132111520 412099999999999999 353 54153511499999999999999
101 92 81 71 63 59 59 63 70 81 931041131191211191151111081061071081101122710 9ZF14 0121231011299999999999999 535 58191710699999999999999
111107 99 89 77 67 59 57 60 68 81 96110121126126120111102 96 93 95100107271010ZF1423127999999999999999999999 657 5720 6 9399999999999999
114117115107 95 80 66 56 54 59 71 87105121131133127115101 88 80 80 86 97271011ZF 1 8117144413399999999999999 752 542036 7999999999999999
110121126123113 96 78 63 53 53 62 78 99119133139134121103 84 70 65 69 82271012ZF 21012615 313999999999999999 833 5221 4 6599999999999999
100118131135130115 95 74 59 52 57 71 92114133143141129108 84 64 52 52 63271013ZF 255135152214499999999999999 9 7 522130 5099999999999999
 84108129141142132113 90 70 57 56 66 85109131145148137116 88 62 43 37 44271014ZF 335143154114999999999999999 938 552158 3799999999999999
 64 91118139149145130108 85 67 60 64 80103127146153146126 97 66 40 26 27271015ZF 41314916 11539999999999999910 7 602226 2599999999999999
 43 70101129147152143125102 81 68 67 78 98122143155153136108 75 44 23 16271016ZF 4511521622156999999999999991036 662256 1699999999999999
 25 47 79111136150150138118 96 80 73 79 94116138153157146122 89 55 27 12271017ZF 52915216441579999999999999911 4 732329 1099999999999999
 12 28 55 88118139148144130111 94 83 83 93111131149157152134105 72 40 18271018ZF 6 914817 9157999999999999991132 82999999999999999999999
  9 15 35 63 94120136141135122107 95 90 94107124141153154142120 90 59 33271019ZF 654141173515599999999999999 0 4  912 1 9099999999999999
 16 13 23 43 69 96117129132126116106 99 99106119133145150145131108 81 54271020ZF 74613218 415099999999999999 045 121230 9899999999999999
 33 21 21 31 49 71 93110120123120114108106108115124134141142135120100 78271021ZF 854123183614299999999999999 133 2013 410699999999999999
 57 40 31 30 38 52 70 88103113118118116113112113117123128131130125114 99271022ZF1035118191913299999999999999 233 29135811299999999999999
 82 65 51 41 39 43 53 67 83 98110117121120118115113112114116118119118113271023ZF122312121 111999999999999999 355 38164811299999999999999
104 92 77 63 51 45 45 52 65 81 98112122126125120112105100 98100104111116271024ZF1316126235211899999999999999 528 4419 1 9899999999999999
118114104 90 74 59 49 47 53 66 85104120130133127116103 90 81 78 83 93106271025ZF1348133999999999999999999999 646 471952 7899999999999999
119126126117101 82 64 53 50 57 73 94115131139137125106 86 69 59 59 69 86271026ZF 128127141513999999999999999 745 502031 5899999999999999
107125136137127108 87 68 56 56 66 85108129143145136116 90 65 47 39 44 60271027ZF 233138144214699999999999999 833 5521 7 3999999999999999
 85111133145145132112 89 71 62 65 79101125143152146128101 70 43 26 23 35271028ZF 32714715 815299999999999999 915 622143 2399999999999999
 58 88118141151148133111 90 74 70 77 95118140154155141116 83 50 25 12 15271029ZF 415152153415699999999999999 952 702218 1199999999999999
 33 62 95125146153146130109 90 79 80 91111134152159152131 99 64 33 12  6271030ZF 5 015316 1159999999999999991027 782253  699999999999999
 15 39 70103130146149140124105 90 85 91106126145157157142116 82 49 21  7271031ZF 5431501629159999999999999991059 852328  599999999999999
  7 22 48 80109132143142132116101 92 92102118137151157149129100 68 38 172711 1ZF 6251441656157999999999999991130 91999999999999999999999
  9 16 34 60 88113130136133123110 99 95 99111127142151150137115 86 58 342711 2ZF 7 8137172515299999999999999 0 3  912 0 9599999999999999
 20 18 27 46 70 94114126129124115106100 99106118131141145139124102 77 532711 3ZF 753129175514599999999999999 040 171232 9999999999999999
 35 27 29 40 57 78 97112120122118111105102103110120130135135127112 92 722711 4ZF 844122182613699999999999999 119 2613 910299999999999999
 54 42 37 41 51 66 82 98109116117115110106104106111117123126123115103 882711 5ZF 94811719 312699999999999999 2 3 3714 110499999999999999
 72 59 50 48 51 59 71 85 98108114116115112108105105107110113114112107 992711 6ZF11 6116195911499999999999999 259 48154210599999999999999
 88 77 67 60 57 58 64 74 86 99109116119118114108103 99 97 981001031051042711 7ZF1213119221310599999999999999 411 5618 5 9799999999999999
100 93 85 76 68 63 63 68 77 89102114121124121114104 94 87 83 84 89 961022711 8ZF1258124999999999999999999999 532 621916 8399999999999999
106106102 93 83 74 67 66 71 81 95110122128128121109 94 80 71 68 72 81 942711 9ZF 030107133012999999999999999 641 661956 6899999999999999
105113115111101 89 77 70 69 76 88104120131135130117 98 78 62 53 53 63 79271110ZF 148115135613599999999999999 736 692028 5299999999999999
 97113123125118106 91 79 72 73 83 98116131140138126105 81 58 41 36 42 59271111ZF 242125142114099999999999999 820 722058 3699999999999999
 82105124134133124108 92 80 75 80 93111129142145136116 89 60 36 23 23 36271112ZF 327135144614599999999999999 9 0 752129 2199999999999999
 60 89115134142138125108 91 81 80 89105125142150146129102 69 38 16  8 15271113ZF 4 8142151215099999999999999 936 7922 2  899999999999999
 36 66 98125142146139123106 91 84 88100119138151153142117 84 49 20  2  0271114ZF 4501461540154999999999999991011 842237 -199999999999999
 14 41 74107132145146136120103 92 89 97112131148156151133103 68 33  7 -5271115ZF 5321471610156999999999999991045 892315 -699999999999999
 -1 18 48 82113134144142130115101 94 96106123140153156145122 90 54 23  1271116ZF 6171451643156999999999999991119 942356 -699999999999999
 -6  3 25 55 87115133139135125111101 98102114130145153150136111 79 46 19271117ZF 7 51391718153999999999999991156 98999999999999999999999
  3  0 11 34 62 91114129133129119109102101107119132143147141125101 73 45271118ZF 758133175714799999999999999 041  0123610199999999999999
 23 11 11 22 43 68 92112124128124116108103103109118128135137130116 96 72271119ZF 856128184413799999999999999 130  9132910299999999999999
 50 32 23 23 34 51 73 94111121124121115108103102104110117123124120110 95271120ZF 958124194812499999999999999 225 22144610199999999999999
 77 59 45 37 37 45 60 78 97112121124121114106 99 95 94 97102108112112108271121ZF1058124213611399999999999999 329 361640 9499999999999999
 99 86 72 59 51 50 56 69 85102116124127122113102 91 82 79 80 85 94102108271122ZF1149127234811099999999999999 440 501817 7899999999999999
110106 97 85 73 64 62 66 77 93109122130130123110 94 78 66 60 61 69 82 97271123ZF1232131999999999999999999999 552 621919 5999999999999999
109116116109 97 85 75 72 76 87102118131136133122103 82 61 47 41 45 58 76271124ZF 128117131113699999999999999 658 7220 6 4199999999999999
 97114124126119107 93 83 80 84 96112128139142134117 93 66 43 29 25 33 52271125ZF 240126134714299999999999999 756 802048 2599999999999999
 76101121133134126112 98 88 86 92105122137146144131108 79 49 26 14 14 28271126ZF 336135142214799999999999999 846 862127 1299999999999999
 52 81108129139138128114 99 91 91100115132145150143124 96 63 34 12  4 10271127ZF 424140145615099999999999999 930 9022 4  499999999999999
 30 58 89117135143139127111 98 92 96107123140151151138113 82 48 21  4  1271128ZF 5 71431530152999999999999991010 922240  099999999999999
 13 37 67 98124139142135122107 96 94100114131146152147128100 67 36 12  1271129ZF 54714216 4152999999999999991047 942316  199999999999999
  4 21 48 78107128138138128114102 94 96105121137148149139116 87 55 27  9271130ZF 6251391638150999999999999991121 942351  499999999999999
  4 13 33 60 89114130135131120107 97 94 98110126139146143128103 74 46 232712 1ZF 7 21351711146999999999999991155 93999999999999999999999
 11 12 25 47 73 98118129130124112101 94 94101114128138140133115 91 65 412712 2ZF 739131174614099999999999999 026 101231 9399999999999999
 24 18 23 38 60 84105120126125117106 97 93 95103114125132131121103 81 592712 3ZF 817127182213299999999999999 1 2 181311 9399999999999999
 41 30 28 37 52 72 93110121124120112102 95 92 95102111119123119109 94 762712 4ZF 85612419 412399999999999999 138 2814 1 9299999999999999
 58 45 39 41 50 65 83100114121122117109100 93 90 92 97104110112109101 892712 5ZF 938122195811299999999999999 217 3915 8 9099999999999999
 75 62 54 50 54 63 76 92106117122121116107 97 90 85 85 88 93 98102101 962712 6ZF1022122212210299999999999999 3 0 501635 8499999999999999
 89 79 70 64 62 66 74 86 99111120124122115104 93 83 76 74 76 81 88 94 982712 7ZF11 81242325 9899999999999999 353 621759 7499999999999999
 98 94 88 81 75 73 76 83 93105116124126122113100 85 71 62 59 62 70 81 922712 8ZF1152126999999999999999999999 459 731859 5999999999999999
100104103 98 91 85 82 84 90100112122129129122109 91 72 56 46 43 50 62 792712 9ZF 117104123413099999999999999 613 821945 4399999999999999
 95107113114108101 93 89 89 96106118129134132121102 79 56 38 28 28 39 58271210ZF 231114131413499999999999999 722 882026 2799999999999999
 80101117124124117107 98 93 94101113126136139133117 92 64 38 19 11 16 33271211ZF 325125135314099999999999999 821 9221 5 1199999999999999
 58 86110127134131122110100 95 97107120134144144133110 80 48 20  2 -2  9271212ZF 412134143214599999999999999 911 952146 -299999999999999
 32 62 93119135140134123110100 96101113128143150146129101 67 32  4-11-10271213ZF 456140151115099999999999999 956 962228-1299999999999999
  6 34 68100126140142134121107 98 97105119136149154146124 92 55 20 -6-17271214ZF 5401421553154999999999999991037 962311-1799999999999999
-12  9 40 75107130141140130116103 96 98108124141153154142117 82 45 12-10271215ZF 6241421636155999999999999991119 952355-1799999999999999
-16 -7 17 49 83113132140136124109 98 93 98110126142152150135108 75 40 11271216ZF 7 714017211529999999999999912 1 93999999999999999999999
 -6 -9  4 29 60 92118133136129116102 92 90 96109125138145141126100 70 39271217ZF 74813618 914599999999999999 039-101247 9099999999999999
 16  3  5 20 44 73101122132132123109 95 87 86 92104118130134130116 94 69271218ZF 82813319 413599999999999999 123  21339 8599999999999999
 44 26 19 23 39 61 87109125131127116102 89 81 79 85 95107117121118108 91271219ZF 9 613120 912199999999999999 2 8 191442 7999999999999999
 72 54 42 38 44 58 78 99117127129123111 96 83 74 71 74 82 92102108108103271220ZF 943130213510999999999999999 253 381559 7199999999999999
 92 79 67 59 58 64 76 93109123129128120107 92 77 66 60 61 67 77 87 96101271221ZF1023130233210299999999999999 342 571724 6099999999999999
102 97 90 82 76 76 80 90104117127131128119104 87 70 56 48 47 52 63 76 90271222ZF11 7131999999999999999999999 439 751840 4699999999999999
100105106102 96 91 89 92100111121130133129118101 81 61 45 35 33 40 53 70271223ZF 134106115813399999999999999 552 891942 3399999999999999
 88103113116113107101 98 99105114124132135130117 98 74 51 33 22 22 31 48271224ZF 258116125313599999999999999 713 972033 2199999999999999
 70 92110121124121113105100101107116127136137131115 92 65 40 21 12 14 28271225ZF 354124134513899999999999999 8251002118 1199999999999999
 49 75100119129130124114104 99100107119131139140130110 83 54 28 10  4 11271226ZF 436131143314199999999999999 921 992157  499999999999999
 30 56 84110127135132122110100 95 98108122136143140126102 72 42 17  3  2271227ZF 51313515171439999999999999910 5 952234  099999999999999
 14 37 66 96119133136129116103 93 92 98112127140145138119 92 60 30  9 -1271228ZF 5451361556145999999999999991043 9123 9 -199999999999999
  4 22 49 79107127135133122108 94 88 90100116132143144132109 79 48 21  4271229ZF 6161361633145999999999999991116 872342  199999999999999
  2 13 35 64 93117131134127113 98 87 83 90104121136143139122 97 67 37 16271230ZF 64513417 9143999999999999991149 83999999999999999999999
  6 10 26 52 80106125133129118102 88 80 81 91107124135138130110 84 56 31271231ZF 711133174613999999999999999 0 5  61222 7999999999999999
