 80 73 68 68 73 83 97111123129127119105 90 74 60 51 48 50 56 65 74 81 8627 1 1ZM 9171292359 8799999999999999 239 6717 6 4899999999999999
 86 86 84 82 83 88 97109120128131127118104 88 70 54 43 37 38 44 54 66 7727 1 2ZM 955131999999999999999999999 311 821822 3799999999999999
 86 92 95 95 94 95 98105114123129131127117103 85 65 47 34 27 28 36 49 6427 1 3ZM 230 95104913199999999999999 420 941923 2799999999999999
 79 92101105105102101103108115123129131127118102 81 58 38 23 17 20 31 4827 1 4ZM 321105115313199999999999999 6 01012011 1799999999999999
 68 86101110113110106102102107114123130133129117 98 73 48 27 13  9 15 3127 1 5ZM 354113125613399999999999999 7281022053  999999999999999
 52 75 96111118117111104100100105114125134136130114 91 63 37 16  4  4 1527 1 6ZM 423118134913699999999999999 831 992130  299999999999999
 36 61 86106118121116108 99 95 96104116129138138129108 81 51 25  6 -2  427 1 7ZM 450121143413999999999999999 918 9422 4 -299999999999999
 21 46 73 97114121120112101 92 89 94105120134141138123 99 69 39 14 -1 -227 1 8ZM 517122151414299999999999999 956 892237 -399999999999999
 10 32 59 86107119121115104 92 85 85 93108125138142134114 86 55 27  7 -227 1 9ZM 5421221551142999999999999991031 8423 7 -299999999999999
  4 21 46 74 98115121118107 94 83 78 82 94112128138138125102 73 43 19  527 110ZM 6 712116281399999999999999911 5 782336  399999999999999
  4 16 37 64 90109120120111 98 84 75 73 81 96114128134129113 88 60 35 1727 111ZM 63012117 5134999999999999991139 73999999999999999999999
 10 16 33 57 82104118121115103 88 75 68 70 81 97113124127118100 76 52 3227 112ZM 652121174312799999999999999 0 2 101216 6899999999999999
 21 22 33 53 76 98115122119109 93 78 67 63 68 80 95109117116106 89 68 4927 113ZM 714122182611899999999999999 028 201255 6399999999999999
 36 32 38 53 73 94112122123115100 84 69 60 58 64 76 89101107105 96 81 6627 114ZM 735123191710799999999999999 053 321342 5899999999999999
 53 47 48 58 74 92109121125120108 92 75 62 54 53 58 68 80 90 96 95 89 7927 115ZM 7581252024 9699999999999999 118 461440 5299999999999999
 70 63 62 67 77 92106119125125116102 86 69 56 47 45 48 57 67 78 85 88 8727 116ZM 8241262210 8899999999999999 143 621554 4599999999999999
 83 80 78 80 85 94105116124127123114 99 82 65 50 39 34 35 42 53 65 76 8427 117ZM 856127999999999999999999999 2 5 781717 3399999999999999
 89 92 93 94 96100106114122127128123114100 82 62 44 29 20 19 26 39 55 7127 118ZM 9411289999999999999999999991835 19999999999999999999999
 85 96103106107107109112118123128129126118103 83 60 36 17  5  3 11 27 4827 119ZM10541299999999999999999999991942  3999999999999999999999
 70 90105114116115113111112116122129133133125109 85 56 28  5 -9-10  0 2127 120ZM 4 5116122513499999999999999 7 51112038-1199999999999999
 47 74 97114121122117111107107112121131139140132113 85 52 20 -5-19-18 -427 121ZM 430122134014199999999999999 8301072127-2099999999999999
 22 52 82106121125121112103 98 98106120134145147137114 82 46 12-12-23-1827 122ZM 456125144214799999999999999 923 972211-2499999999999999
  1 31 64 94115125123114101 90 85 88101118136148149137111 77 40  8-14-2027 123ZM 52112515351509999999999999910 7 852251-2099999999999999
 -9 15 47 80106122125117102 86 75 72 79 96117136147146131104 70 35  7 -827 124ZM 5441251626149999999999999991048 712326 -999999999999999
 -7 10 37 69 98118126121107 88 71 60 60 72 91113132141137121 94 63 33 1327 125ZM 6 61261714141999999999999991129 592358  599999999999999
  5 13 34 63 92115127126114 95 74 57 49 53 67 87108123130124107 83 58 3627 126ZM 62712818 1130999999999999991211 49999999999999999999999
 24 25 39 61 88112127131123105 83 62 47 43 48 63 81 99112115108 94 75 5727 127ZM 648131185011599999999999999 026 231256 4299999999999999
 44 40 48 64 87109126134130116 96 74 55 43 40 47 59 75 89 98100 94 84 7227 128ZM 710134194310099999999999999 050 401346 4099999999999999
 61 56 59 70 87106123134134125109 88 68 52 42 40 45 55 67 78 85 86 84 7927 129ZM 7351352053 8699999999999999 110 561445 4099999999999999
 74 70 71 77 89103118129134130119102 84 67 52 43 40 43 49 58 67 74 78 8027 130ZM 8 3134999999999999999999999 123 7016 1 4099999999999999
 80 81 82 85 92101112122129129124113 99 83 68 54 44 38 38 42 49 58 67 7527 131ZM 8381309999999999999999999991735 37999999999999999999999
 82 87 91 94 96101107114120124124119111 99 85 69 54 41 33 30 33 41 52 6527 2 1ZM 9291249999999999999999999991858 30999999999999999999999
 78 89 97101103103104106110115119120118112102 87 69 51 35 25 22 26 36 5227 2 2ZM10581209999999999999999999991957 22999999999999999999999
 69 85 98106109107103101101104110116120121116104 86 65 43 26 15 14 21 3627 2 3ZM 357109123812199999999999999 7271012041 1399999999999999
 56 77 96108113111105 99 94 94 99107117124126119104 82 57 33 15  7  9 2227 2 4ZM 412113134312699999999999999 832 932118  699999999999999
 42 66 89106115115109 99 90 85 87 96109122130130120100 74 46 22  6  2 1027 2 5ZM 430116143113199999999999999 914 852150  299999999999999
 29 54 80101115118112101 88 79 76 82 96113128135132116 92 62 34 12  1  327 2 6ZM 450118151213599999999999999 948 762220  099999999999999
 18 42 70 95113120116104 89 75 67 69 81 99119133137128108 80 50 24  7  327 2 7ZM 5 81201550137999999999999991019 672247  399999999999999
 13 34 61 88109120120109 92 75 62 58 66 82104123135134120 96 67 39 18  927 2 8ZM 5271211628136999999999999991051 582313  899999999999999
 13 29 54 82105120123114 97 77 60 50 52 65 85107125132127109 84 57 33 1927 2 9ZM 54412317 5132999999999999991122 502336 1799999999999999
 18 30 51 77102119125120104 83 62 47 42 49 66 88108122125116 97 73 50 3427 210ZM 6 21251744126999999999999991155 422359 2899999999999999
 28 34 51 75 98117127125112 91 68 49 38 38 49 67 88106116115104 86 67 5027 211ZM 6191281827117999999999999991230 36999999999999999999999
 42 44 55 74 96115127129119100 78 56 39 32 36 48 66 85 99106104 94 80 6627 212ZM 638129191510699999999999999 020 411310 3299999999999999
 57 56 63 77 95113126131125110 89 67 47 34 30 34 46 62 77 89 94 93 87 7827 213ZM 6571312016 9599999999999999 040 551359 3099999999999999
 72 69 73 83 96111124130129119102 82 61 44 33 29 32 40 53 66 76 83 85 8427 214ZM 72013122 7 8599999999999999 054 6915 5 2999999999999999
 82 82 84 90 99110120127129124113 98 80 62 46 33 26 26 31 40 52 64 73 8127 215ZM 747129999999999999999999999 042 821636 2599999999999999
 87 91 95 99104110116122125125121112 99 84 67 49 33 22 17 19 26 39 54 6927 216ZM 8281269999999999999999999991815 17999999999999999999999
 83 94102106109110112114117120121120115106 92 74 52 31 15  6  6 14 30 5027 217ZM10 61219999999999999999999991932  5999999999999999999999
 71 89103111113112108106106108113119123123116101 79 53 27  7 -4 -4  8 2827 218ZM 357113123112499999999999999 7391052029 -599999999999999
 53 79 99113117114107 99 93 92 97107119129132126108 82 51 22  0-10 -7 1027 219ZM 4 3117135313299999999999999 839 922115-1199999999999999
 36 65 91111119118108 95 83 76 78 88104122135140132111 80 47 17 -3 -9  027 220ZM 419120145214099999999999999 920 762154-1099999999999999
 22 52 82106120122112 95 77 63 58 65 81103125140143131107 75 42 15  0  027 221ZM 436123154314399999999999999 957 582229 -299999999999999
 16 42 73101120126118100 78 58 45 44 55 77103126139139125100 69 39 17 1027 222ZM 4551261631141999999999999991035 422259 1099999999999999
 18 39 68 97119130126109 85 60 40 30 34 51 76102123134131114 90 62 39 2627 223ZM 5131301716134999999999999991112 302327 2499999999999999
 26 41 66 93118132133120 97 69 44 27 22 31 51 76100118124118102 80 59 4427 224ZM 53313418 0124999999999999991150 222351 3999999999999999
 39 48 67 91115132138129110 83 56 33 20 21 33 53 76 96108111104 90 74 6027 225ZM 5541381844111999999999999991229 19999999999999999999999
 53 56 69 90111129138136121 98 71 47 29 21 25 37 55 74 89 97 98 91 82 7227 226ZM 6161391932 9999999999999999 012 531310 2199999999999999
 65 66 74 89107124135137128110 87 63 43 30 26 31 42 56 70 81 86 87 83 7927 227ZM 6401372032 8799999999999999 030 651357 2699999999999999
 75 75 79 89102116127132129117100 80 61 46 36 33 36 44 53 64 72 77 80 8127 228ZM 7 7132999999999999999999999 038 741459 3399999999999999
 81 82 85 91 99109118124125119108 94 78 64 51 42 38 38 42 48 56 64 72 7827 3 1ZM 7381259999999999999999999991629 37999999999999999999999
 84 88 91 95 98103108113116115111103 93 81 69 57 46 38 35 36 41 50 60 7127 3 2ZM 8211169999999999999999999991815 35999999999999999999999
 82 91 97100100100101103105107108107103 97 87 74 59 45 34 29 29 35 47 6127 3 3ZM10 41089999999999999999999991928 28999999999999999999999
 76 90100105104101 96 94 93 96100105109108103 92 76 57 40 27 21 23 33 4927 3 4ZM 325105122610999999999999999 737 932015 2199999999999999
 68 86100108109103 95 87 82 83 89 98107114115108 93 73 51 32 19 15 21 3727 3 5ZM 335109133811699999999999999 826 822052 1599999999999999
 57 79 98110113107 96 84 74 70 74 85100114122121110 91 67 42 23 13 14 2727 3 6ZM 349113142712399999999999999 859 702124 1299999999999999
 47 72 94110116112 99 83 68 59 59 69 86105121128124108 84 58 34 17 13 2127 3 7ZM 4 411615 812899999999999999 930 582152 1399999999999999
 40 64 89109119117104 85 66 51 45 51 68 91112127131122102 75 49 28 18 2027 3 8ZM 420119154813299999999999999 959 452218 1799999999999999
 35 59 85107120121110 91 67 47 35 35 48 71 96118131130116 93 66 43 28 2527 3 9ZM 4351231626132999999999999991029 332243 2599999999999999
 35 56 81105121126118 98 73 48 30 23 30 49 75102121129124107 84 60 42 3527 310ZM 45112617 51299999999999999911 0 2323 7 3599999999999999
 39 56 79103121130125108 82 54 31 17 16 30 53 80104120123115 97 76 58 4727 311ZM 5 91301746124999999999999991132 152330 4699999999999999
 47 59 78100120131131117 94 65 38 18 10 15 32 57 82103114114104 89 73 6127 312ZM 52713318301159999999999999912 7 102350 5899999999999999
 58 65 79 99118131134125106 79 51 28 13  9 18 36 58 80 97104103 95 84 7427 313ZM 5461341920105999999999999991246  9999999999999999999999
 70 73 83 98115128134130116 94 68 44 24 13 13 22 37 56 74 87 93 93 89 8327 314ZM 6 81342027 9499999999999999 0 8 701333 1299999999999999
 80 81 88 99111123131131123107 86 64 43 27 18 17 24 35 50 64 75 82 86 8727 315ZM 632132999999999999999999999 018 801437 1799999999999999
 88 89 93100108117124127124115101 84 66 49 34 25 21 23 30 41 54 66 76 8427 316ZM 7 112799999999999999999999916 9 21999999999999999999999
 90 95 99102106110114117118115109100 88 74 58 43 30 21 19 23 32 46 61 7527 317ZM 7451189999999999999999999991753 19999999999999999999999
 88 97103105105104103103105107108108105 98 86 69 50 32 19 13 16 27 44 6327 318ZM 319105103010999999999999999 6151031910 1399999999999999
 82 97106109106100 93 89 87 91 97105112114109 96 76 53 32 16 10 14 28 4927 319ZM 257109125211499999999999999 747 8720 5 1099999999999999
 72 93107113110100 87 76 69 70 77 91106118124119104 80 54 30 15 11 19 3827 320ZM 3 711314 412499999999999999 828 682048 1099999999999999
 63 88107117116105 87 69 55 49 53 68 88109125131124106 80 52 29 17 18 3227 321ZM 323118145913199999999999999 9 4 492125 1699999999999999
 56 83106121123113 93 69 47 33 31 42 63 89113130134124103 76 50 32 25 3327 322ZM 340123154813499999999999999 940 312157 2599999999999999
 52 78104123129122103 76 49 27 16 20 37 63 92116130131119 97 72 50 38 3927 323ZM 4 01291633132999999999999991016 162227 3699999999999999
 52 75101123134132115 89 58 30 11  6 16 38 66 95116127124110 89 68 53 4827 324ZM 4201351716127999999999999991051  62254 4899999999999999
 56 74 98120135138127103 73 42 17  3  4 19 43 71 96114119114100 83 67 5927 325ZM 4421391758119999999999999991126  22319 5999999999999999
 61 74 94116133141135116 89 58 30 10  3  9 26 50 75 96108110103 91 79 7027 326ZM 5 514118411109999999999999912 2  32342 6799999999999999
 68 75 91110127138138125103 75 47 24 11  9 18 36 57 77 92100100 94 85 7827 327ZM 5301391927101999999999999991239  8999999999999999999999
 75 78 88103119131135129113 90 65 42 25 17 19 28 44 61 76 87 92 91 88 8427 328ZM 5561352025 9299999999999999 0 3 751320 1799999999999999
 81 82 87 97110121127127117101 81 60 43 31 26 28 36 48 61 72 80 85 87 8727 329ZM 624128999999999999999999999 021 811411 2699999999999999
 86 86 89 94102110117119115106 92 77 61 49 39 35 35 40 48 58 67 75 82 8627 330ZM 6561199999999999999999999991523 35999999999999999999999
 89 91 93 94 97101105108108105 98 89 78 67 56 47 40 38 40 45 54 64 74 8327 331ZM 73810899999999999999999999917 4 38999999999999999999999
 91 95 97 97 96 94 94 95 97 98 98 96 91 83 73 62 51 42 37 37 42 51 64 7727 4 1ZM 217 98 926 9999999999999999 533 941830 3699999999999999
 89 98102101 97 91 86 83 84 87 92 97 99 97 90 80 66 51 40 33 34 41 54 7027 4 2ZM 22210212 5 9999999999999999 720 831927 3299999999999999
 86 98106106101 91 80 72 69 72 80 90100106105 97 83 66 49 36 30 34 45 6227 4 3ZM 235107132410699999999999999 8 0 6920 8 3099999999999999
 81 97108111106 93 78 64 56 56 64 78 94107114112101 83 63 45 33 31 39 5527 4 4ZM 249111141711499999999999999 832 552043 3199999999999999
 75 95110116111 98 79 60 45 39 44 59 80101116122116101 80 59 43 35 38 5127 4 5ZM 3 511615 112299999999999999 9 2 392114 3499999999999999
 71 93111120118105 84 59 38 26 26 38 60 86109123126117 99 77 57 44 41 5027 4 6ZM 321121154412799999999999999 932 242143 4199999999999999
 68 90110123125114 92 65 38 18 10 17 36 64 93116128127114 94 73 57 49 5327 4 7ZM 33812616251299999999999999910 3 102211 4999999999999999
 67 88109125131123103 75 44 18  2  1 14 39 70 98119127123108 89 72 61 6027 4 8ZM 35713117 7127999999999999991036 -12237 5999999999999999
 69 86107125135132116 89 57 26  3 -7 -2 17 44 75101118122116102 86 73 6827 4 9ZM 4181351752122999999999999991111 -723 3 6899999999999999
 73 86104123135137127104 74 42 14 -4 -9  1 22 50 78100112114107 96 85 7827 410ZM 4411381840115999999999999991149 -92327 7799999999999999
 78 87102118132138134117 92 62 32  9 -4 -4  7 28 53 76 94104105100 93 8627 411ZM 5 61381938105999999999999991231 -62349 8599999999999999
 85 89 99113126134135126107 82 55 30 11  2  4 15 33 53 72 87 95 97 95 9227 412ZM 5341362058 97999999999999991321  2999999999999999999999
 90 92 98107117126130127116 99 77 55 35 20 12 13 21 35 51 67 80 89 93 9527 413ZM 6 6130999999999999999999999 0 9 901424 1199999999999999
 95 95 97101107114118120116107 94 78 61 44 31 22 21 25 35 49 63 77 87 9427 414ZM 6481209999999999999999999991547 20999999999999999999999
 98 99 98 98 98100103105107106102 95 84 71 56 42 31 26 28 36 48 64 78 9127 415ZM 1 3 99 81210799999999999999 3 3 981717 2699999999999999
 99103102 98 93 88 86 86 89 94 98101100 94 82 67 51 38 30 30 38 52 69 8627 416ZM 117103111410199999999999999 622 861830 2999999999999999
 99107108102 92 81 72 67 67 74 84 95104108104 93 76 58 42 34 35 45 61 8127 417ZM 13710813 210899999999999999 723 661924 3499999999999999
 98110114110 97 80 63 51 46 50 61 78 96110116113100 81 61 46 40 43 57 7627 418ZM 15711414 911699999999999999 8 5 4620 9 4099999999999999
 96113121119106 86 63 43 30 27 36 54 78100116123118103 83 64 51 48 55 7227 419ZM 21912115 412399999999999999 843 272047 4799999999999999
 93113126128118 98 71 44 22 12 14 29 53 81105121126119102 83 66 57 58 7027 420ZM 242128155212699999999999999 919 112122 5699999999999999
 90111127135129111 84 53 25  6  0  9 29 57 87110124125116 99 82 68 64 7127 421ZM 3 5135163612699999999999999 954  02154 6499999999999999
 86107126137138124100 68 36 10 -4 -4 10 35 65 93113123121110 95 80 72 7327 422ZM 3311391718123999999999999991030 -62224 7199999999999999
 84101121136141134114 85 53 23  1 -7 -1 18 44 73 97113118114103 90 80 7727 423ZM 35714118 01189999999999999911 4 -72254 7699999999999999
 82 96114130140139125101 71 40 15 -1 -3  8 29 54 80 99110112106 97 87 8127 424ZM 4251411841112999999999999991140 -32323 8099999999999999
 82 91105121134138131113 88 59 32 13  4  7 20 40 63 84 99105105100 92 8627 425ZM 4541381926106999999999999991216  32353 8399999999999999
 83 88 98111124132131120101 76 51 30 16 12 18 32 50 69 85 96100 99 95 9027 426ZM 5251332018100999999999999991255 12999999999999999999999
 87 87 92102113122125121108 90 69 49 33 24 23 29 41 56 71 84 93 96 96 9427 427ZM 5581252127 9799999999999999 027 861339 2299999999999999
 91 89 90 95102109114115109 98 82 66 51 39 33 32 38 47 60 72 83 91 95 9727 428ZM 6351152256 9799999999999999 111 891434 3299999999999999
 95 93 91 91 93 97102104104100 91 80 68 56 47 41 40 43 51 61 73 84 92 9827 429ZM 726105999999999999999999999 236 911546 4099999999999999
 99 98 95 91 88 87 88 91 93 95 94 90 82 73 64 54 48 45 47 53 64 76 88 9727 430ZM 0 5 99 9 8 9599999999999999 5 1 8717 6 4599999999999999
102103100 94 86 79 75 75 79 84 90 93 93 89 81 71 60 52 48 50 57 69 82 9527 5 1ZM 0441041128 9399999999999999 631 751813 4899999999999999
104108106 99 87 75 65 60 61 68 78 89 97100 97 89 77 65 55 51 54 63 77 9227 5 2ZM 11010813 110099999999999999 718 6019 6 5199999999999999
105112113105 91 74 58 46 43 48 61 77 93105109106 96 82 68 58 56 61 73 8927 5 3ZM 13211314 410999999999999999 754 431949 5699999999999999
104116119113 99 78 56 37 27 27 39 58 80100114118113100 84 70 63 63 72 8627 5 4ZM 154119145511899999999999999 828 262028 6299999999999999
103118125123109 87 60 35 16  9 15 33 59 86109122124116102 86 74 69 73 8527 5 5ZM 216126154212599999999999999 9 2  921 4 6999999999999999
101118130132122100 71 40 14 -2 -4  9 33 63 93115127126116102 87 78 77 8527 5 6ZM 240132162812899999999999999 938 -52138 7699999999999999
 99117131138133116 88 54 22 -2-14-10  8 36 68 98118127124114100 89 83 8627 5 7ZM 3 71381715127999999999999991016-142210 8399999999999999
 97113129140142130107 75 40  9-12-19-10 12 42 73100117123119110 99 91 8927 5 8ZM 33614318 4123999999999999991057-192242 8999999999999999
 95108124138144140123 96 63 30  2-14-17 -5 18 47 76 99113117113105 97 9327 5 9ZM 4 81441858117999999999999991140-172316 9299999999999999
 94103116130140142134115 87 56 26  3-10 -9  4 26 53 78 97108111108102 9627 510ZM 4441431956111999999999999991226-112354 9499999999999999
 94 98107118130136135125106 81 53 28  9  0  3 15 35 57 79 9510410710410027 511ZM 5241372058107999999999999991317  0999999999999999999999
 95 94 98105115123127125115 99 78 56 35 20 13 16 27 43 63 81 9410210510327 512ZM 612127215910599999999999999 044 941413 1399999999999999
 98 94 92 94 98105111114113107 95 79 62 46 33 27 29 38 52 69 85 9710410627 513ZM 718115224910699999999999999 2 2 921517 2799999999999999
103 97 91 86 84 86 90 95100102101 95 84 71 58 47 41 41 48 61 77 9210310927 514ZM 9 6102233011099999999999999 4 2 841626 4099999999999999
109104 95 85 76 70 69 72 79 87 95 98 98 92 82 70 59 52 52 59 72 8710111227 515ZM1122 99999999999999999999999 544 691730 5199999999999999
116113104 90 75 61 53 50 55 65 78 91100104101 92 80 69 62 63 70 83 9911227 516ZM 0 611613 410499999999999999 648 501828 6199999999999999
121122115101 82 61 44 34 33 41 56 74 92105111109100 88 77 71 72 81 9511027 517ZM 039122141511199999999999999 737 331918 7099999999999999
123129126114 94 69 45 27 18 20 32 52 75 96111118115105 92 82 78 81 9210727 518ZM 112129151111899999999999999 819 1720 4 7899999999999999
122132135127109 83 55 29 12  6 12 30 54 80103118123118107 95 85 83 8910227 519ZM 145135155912399999999999999 858  62047 8399999999999999
117132139137123100 70 40 15  1 -1 11 33 61 88110122124117106 94 88 88 9727 520ZM 218140164212499999999999999 936 -22126 8799999999999999
111127139143135116 88 56 27  5 -5 -1 16 41 70 96115123122114103 93 89 9227 521ZM 2511431722124999999999999991012 -522 4 8999999999999999
103119134143142129105 75 44 17  0 -4  5 25 52 80103117122118109 98 91 9027 522ZM 32514418 0122999999999999991048 -42240 8999999999999999
 96109125138143137119 93 63 34 12  0  2 15 37 63 88107117118112103 94 8927 523ZM 3591431838118999999999999991124 -12315 8999999999999999
 91100114128138138128108 81 53 28 11  5 11 27 50 73 94108114113106 98 9127 524ZM 43413919171159999999999999912 0  52352 8899999999999999
 89 93103117128134130117 96 71 46 27 15 14 23 40 61 82 98109112109102 9427 525ZM 5101341957112999999999999991236 13999999999999999999999
 89 89 94104116124126120106 86 64 44 29 22 25 36 52 71 88101108109105 9927 526ZM 548126203911099999999999999 033 881314 2299999999999999
 92 88 89 94102111117117110 96 79 61 45 35 32 37 47 62 79 9310410910810427 527ZM 630117212310999999999999999 124 881354 3299999999999999
 97 91 87 87 90 96103107106101 90 76 62 51 44 43 48 58 72 86 9810711010827 528ZM 72510722 711099999999999999 233 861441 4399999999999999
103 95 88 83 81 82 87 93 97 98 95 88 78 68 60 54 54 58 68 80 9310411111227 529ZM 848 98224811399999999999999 4 3 811537 5399999999999999
109102 92 82 74 70 70 75 82 89 93 94 91 85 77 70 65 64 68 77 8910111011627 530ZM1042 94232511699999999999999 525 691641 6499999999999999
115109 99 85 72 61 55 55 62 72 84 93 98 99 95 88 80 75 73 77 86 9810911827 531ZM1233 99999999999999999999999 623 541745 7399999999999999
121118108 93 74 56 43 37 40 51 66 83 97106108105 98 89 83 82 86 9610711827 6 1ZM 0 1121135410899999999999999 710 371843 8299999999999999
126126119104 83 59 38 24 20 26 42 63 85103115118114106 96 90 90 9510511827 6 2ZM 036127145511899999999999999 753 201936 8999999999999999
128134131119 97 70 43 19  6  5 16 37 63 90110123125120111101 96 9710311527 6 3ZM 112134154812599999999999999 836  42024 9599999999999999
128138141134116 89 57 26  3 -8 -6 10 36 66 9511612812912211310410010211127 6 4ZM 150141163812999999999999999 919 -921 910099999999999999
124137146146134111 79 45 13 -9-17-11  9 39 71 9911912912912111210410210627 6 5ZM 22914717271309999999999999910 4-17215210299999999999999
117131144151147132105 71 35  5-14-20 -9 14 44 7610312012712611810910210227 6 6ZM 3121511814128999999999999991050-20223510199999999999999
108121136148152145127 98 64 30  2-14-15 -2 22 52 82105120124121112104 9827 6 7ZM 35615219 0124999999999999991136-162320 9899999999999999
100108121136146148140120 92 60 29  5 -7 -5 10 34 62 89108119121115106 9727 6 8ZM 4431491941121999999999999991221 -7999999999999999999999
 93 96105118131139140131112 87 58 32 14  6 11 27 49 74 9711211911711010027 6 9ZM 535141201811999999999999999 0 9 9313 6  699999999999999
 91 87 90 98110121128129121105 83 60 40 26 23 29 45 66 8710511611911510527 610ZM 633130205111999999999999999 1 6 871351 2399999999999999
 94 84 80 81 88 98108115116111 99 83 66 51 42 41 49 63 8210011412112011327 611ZM 743116212412299999999999999 215 791436 4099999999999999
101 88 77 71 70 75 83 92100104103 96 86 74 64 58 59 67 80 9611212212512227 612ZM 914104215812599999999999999 337 701523 5899999999999999
112 98 83 70 61 58 60 68 78 88 95 98 97 92 85 78 74 75 83 9510912112812927 613ZM1113 99223713099999999999999 5 1 581616 7499999999999999
123111 95 77 61 49 44 46 54 66 80 91 99102101 96 90 87 88 9510611812813327 614ZM1311102232013499999999999999 613 441715 8799999999999999
132124110 91 70 51 37 31 34 44 59 77 92104110110105100 96 9710311312413327 615ZM1431111999999999999999999999 710 311819 9699999999999999
137135124107 85 60 39 25 20 25 39 58 79 9711111811711210510110210811712827 616ZM 0 8137152511899999999999999 759 20192210199999999999999
137140136123102 76 50 28 15 13 21 39 61 8510511912412111410710210311012127 617ZM 05714016 812499999999999999 843 12202010299999999999999
132141143136119 95 66 39 18  8  9 22 43 69 9411312512712211310510110311227 618ZM 144143164512799999999999999 923  7211010199999999999999
124137145144133113 85 55 29 11  4 10 28 52 79103120128126119109101 9810327 619ZM 22814617191289999999999999910 1  42153 9899999999999999
114128141147143128104 74 45 21  7  5 16 37 64 90111124127123113103 96 9627 620ZM 3 91471751127999999999999991037  42232 9599999999999999
103117132143146138119 93 63 36 16  7 11 26 50 76100117125124117106 96 9227 621ZM 3481461822126999999999999991112  623 9 9199999999999999
 94105120134143142130109 81 53 30 15 12 21 40 64 89109121125120110 99 9027 622ZM 4261441851125999999999999991145 112346 8899999999999999
 88 94107122134139135120 97 71 46 28 19 21 35 55 79100116123122114103 9227 623ZM 5 41391920124999999999999991216 18999999999999999999999
 86 86 94107121130132125108 86 63 43 30 28 35 51 72 93110121124118108 9627 624ZM 544132194812499999999999999 026 851247 2799999999999999
 87 82 85 93105116123123114 98 79 60 45 38 40 51 68 8710511812412211410227 625ZM 627124201512499999999999999 110 821317 3899999999999999
 90 82 79 81 89100109114113105 91 75 62 53 50 56 67 8310011512412512010927 626ZM 719115204312699999999999999 2 2 791348 5099999999999999
 97 85 76 73 75 82 91100105105 99 89 78 69 64 65 71 83 9711212212712511727 627ZM 826106211312799999999999999 3 5 731423 6499999999999999
105 91 78 69 64 66 72 81 90 97100 98 92 86 81 78 80 86 9710912012812912527 628ZM10 1100214613099999999999999 417 6415 7 7899999999999999
115101 85 70 59 52 53 59 70 82 92 99101100 97 94 92 94 9910811812713213227 629ZM1211101222713299999999999999 527 5216 7 9299999999999999
125113 97 78 60 45 38 38 45 59 74 8910110811111010710410510911612513213627 630ZM14 7111231813699999999999999 629 37172310499999999999999
135127113 93 70 48 31 22 22 32 50 70 9010711712112011611311211512113013727 7 1ZM1515121999999999999999999999 725 21184311299999999999999
142140131113 89 62 36 16  7  9 22 44 69 9411312512912712211711511812413427 7 2ZM 01614216 512999999999999999 819  6195611599999999999999
143148146135113 85 53 24  3 -6 -1 16 42 72 9912013113412912211611411712527 7 3ZM 116148164813499999999999999 9 9 -6205711499999999999999
137148154151137112 80 45 15 -6-13 -5 16 46 7810512513413412711811110911427 7 4ZM 213155172613599999999999999 958-13214810999999999999999
125140153159154137110 75 39  9 -9-13 -1 23 55 8711312913413012010910210127 7 5ZM 3 815918 1134999999999999991044-14223510199999999999999
109123140154159153134105 70 36  8 -6 -5 11 37 69 98120131132123111 98 9127 7 6ZM 4 01591831133999999999999991126 -82320 9199999999999999
 93103120137151155147128 99 66 35 13  4 10 29 56 86111127132127115 99 8727 7 7ZM 45315518581329999999999999912 6  4999999999999999999999
 81 85 97114131143146138119 93 64 40 24 21 31 52 78104123133132121105 8827 7 8ZM 546146192213499999999999999 0 7 811243 2099999999999999
 76 72 77 89105121132134126109 88 66 48 40 42 55 76 99120133136129115 9727 7 9ZM 642134194713699999999999999 058 721316 3999999999999999
 80 68 64 69 81 95109118120114101 86 71 61 58 65 79 9811713213913712610927 710ZM 744120201314099999999999999 154 641347 5899999999999999
 90 74 62 59 62 71 83 95104107104 97 89 80 76 78 86 9911513014014213512227 711ZM 9 1107204314299999999999999 3 0 591416 7699999999999999
105 86 70 58 53 55 61 72 83 92 98 99 98 95 92 91 9410211412613714314113327 712ZM11 4 99211914399999999999999 416 531448 9199999999999999
120103 85 68 55 47 47 52 61 73 84 9410010410510410410711312113113914214027 713ZM135310522 714299999999999999 536 46153710499999999999999
132119102 83 65 50 41 39 44 54 68 82 9610611211511411211311712313113714127 714ZM15 6115231214199999999999999 647 39171411299999999999999
139132119102 81 60 43 33 31 37 50 67 8510211512112211911611411612212913627 715ZM1540122999999999999999999999 745 31185711499999999999999
141140134120100 76 53 35 25 25 34 51 72 9311112312812612011411111311912827 716ZM 02614116 912899999999999999 833 24201311199999999999999
137143143135118 95 68 44 27 19 22 35 56 8010312113013112511710910610811727 717ZM 130144163613199999999999999 914 1821 510699999999999999
129140147146134113 86 59 35 19 15 23 41 66 92114128133129120109101 9910527 718ZM 22114817 213399999999999999 950 152146 9999999999999999
117132145150145130105 76 48 26 15 16 30 53 79104123133132124112100 93 9527 719ZM 3 41501726134999999999999991024 142222 9399999999999999
104120136148151142122 94 65 39 21 16 23 42 68 94117131134128116102 90 8627 720ZM 3441511749134999999999999991055 162256 8699999999999999
 92106123140149147134110 82 55 33 21 23 37 59 86110127134131120105 91 8227 721ZM 4221491811135999999999999991124 202331 8199999999999999
 82 91108126140145140123 98 71 48 32 28 36 55 79103123134134125110 94 8127 722ZM 5 01451832136999999999999991150 28999999999999999999999
 75 79 92109126137138129111 87 64 46 38 41 55 75 99119133137131117100 8427 723ZM 539139185313799999999999999 0 6 751215 3899999999999999
 73 71 78 92109123131129118100 80 62 51 50 58 75 96116131138135124107 8927 724ZM 620131191313999999999999999 043 711238 4999999999999999
 75 67 68 76 90105117122119108 93 78 67 62 66 78 95113129138139131116 9827 725ZM 7 8122193414099999999999999 125 6613 2 6299999999999999
 80 68 62 64 73 85 98109113110102 92 82 77 78 85 9711212713714113712510827 726ZM 8 7113195814199999999999999 215 621324 7799999999999999
 90 74 63 57 58 66 77 89 99104104101 96 92 91 9410211312513514114113312027 727ZM 934105202614299999999999999 318 571345 9199999999999999
104 86 70 57 50 50 55 65 77 89 9710210410510510611011612413213914214013227 728ZM21 5142999999999999999999999 435 49999999999999999999999
119103 85 67 52 42 38 42 52 66 80 9410411211611811912112412913514014214127 729ZM22 7142999999999999999999999 556 38999999999999999999999
134122106 85 64 44 31 25 28 39 56 76 9411012112712812712612612913413914327 730ZM1551128234314599999999999999 7 9 25181212699999999999999
144140129110 86 60 36 19 12 16 30 51 76 9911813013413312812412212413013827 731ZM1610134999999999999999999999 810 1220 012299999999999999
146151148136115 86 55 28  9  2  8 26 52 8110712713613713112311511311612527 8 1ZM 110151163413899999999999999 9 2  2205911399999999999999
138151158156142116 84 50 21  2 -2  8 31 61 9211813413913412311110210010727 8 2ZM 218158165813999999999999999 948 -3214510099999999999999
121139155163160143115 80 45 17  2  2 18 45 77107129139138126111 96 87 8727 8 3ZM 3151631720140999999999999991029  02227 8699999999999999
 98117138156164158139110 75 43 19  9 16 36 65 97123138141132115 95 79 7227 8 4ZM 4 716417421429999999999999911 6  923 9 7299999999999999
 76 91113136153159151131103 71 44 27 25 37 61 90117137144139123101 80 6527 8 5ZM 45815918 3144999999999999991139 242351 6099999999999999
 60 68 86108130145149140121 96 70 50 41 46 63 88114135147146133112 88 6727 8 6ZM 54814918241489999999999999912 9 41999999999999999999999
 55 53 64 82103122133135126110 91 73 61 60 71 89112134148151143125101 7827 8 7ZM 639136184715299999999999999 035 521235 5999999999999999
 59 50 51 61 78 96111120121114102 90 79 76 81 94112131146153150137116 9427 8 8ZM 734121191115399999999999999 124 491257 7699999999999999
 73 57 50 51 60 73 88100107108105 99 93 90 92 9911212714115115214413011027 8 9ZM 844109193915399999999999999 219 491314 9099999999999999
 90 72 59 52 52 58 68 79 89 9610010210110110210611312413514414914713812427 810ZM2013149999999999999999999999 328 51999999999999999999999
108 91 75 62 54 52 54 61 71 81 90 9810410811111311612112813514014314013327 811ZM21 2143999999999999999999999 456 52999999999999999999999
123109 94 78 64 53 48 49 55 65 77 9010111111712012012012212513013413713727 812ZM2227137999999999999999999999 624 48999999999999999999999
133125113 97 79 62 49 42 42 49 62 78 9410912012512612311911811912312813427 813ZM1531126999999999999999999999 730 4219 711899999999999999
137136129116 97 76 57 42 35 37 47 64 8410311912913112712011310911111712627 814ZM 016137154713199999999999999 819 35201610999999999999999
135141140132116 94 70 48 34 29 35 50 71 9411512913413112211210310010411427 815ZM 12914116 713499999999999999 858 29205910099999999999999
127139146144133112 86 60 39 27 27 38 58 83108126136135126113100 92 9110027 816ZM 220147162613799999999999999 932 262133 9099999999999999
115132145151145129104 76 50 32 25 31 49 73 99122135138131117100 87 81 8527 817ZM 3 215116451399999999999999910 2 2522 5 8199999999999999
 99118137150152142121 93 65 42 30 30 43 65 92116134140135121103 86 74 7327 818ZM 34015317 3140999999999999991030 282237 7299999999999999
 83102123142151149134109 82 57 40 34 42 61 86111132142140127108 88 71 6427 819ZM 4181521721142999999999999991055 3423 8 6499999999999999
 69 84106128143149141123 98 73 53 43 46 60 83107129142144134115 93 73 6027 820ZM 4551491738145999999999999991119 432340 5799999999999999
 58 68 87109129141142131111 89 69 56 54 63 82105127142147140123101 78 6027 821ZM 5331431756147999999999999991141 53999999999999999999999
 52 55 69 89111127135132120102 84 70 65 70 84104124141148145132111 87 6627 822ZM 614136181414999999999999999 013 5212 1 6599999999999999
 52 49 55 71 90109122126122111 97 84 78 79 89104122138148149139121 99 7627 823ZM 7 0126183315099999999999999 050 481221 7799999999999999
 59 49 48 56 70 87103113116113105 97 91 90 96107122136146150144131112 9127 824ZM 757116185515099999999999999 135 471236 9099999999999999
 71 56 48 48 54 66 80 9310210710710410210210511212213314214814713912510727 825ZM 929107192114899999999999999 233 47123510299999999999999
 89 71 57 48 46 49 58 69 81 9210010510811111411812413113714314514213512327 826ZM1958145999999999999999999999 355 46999999999999999999999
109 92 75 60 48 41 40 46 57 70 84 9710811612212512712913213513713913813527 827ZM2117139999999999999999999999 534 40999999999999999999999
127116100 81 62 45 33 30 34 46 63 8210011612613013112912612512612913413827 828ZM1533131235113999999999999999 657 3019 312599999999999999
139136126108 86 61 39 25 20 26 41 63 8710912513413513012211511211412013127 829ZM1536135999999999999999999999 758 20201111299999999999999
141147146136115 88 59 34 18 14 24 44 71 98121135138133121108 98 9510011327 830ZM 124148155113899999999999999 846 142054 9599999999999999
130146155155142118 87 55 30 16 17 31 57 86114133141137124106 89 79 78 8927 831ZM 22815716 914199999999999999 928 152133 7799999999999999
108130150161159143116 83 53 30 21 28 48 77107131144143130109 87 69 60 6427 9 1ZM 32216216271459999999999999910 4 212211 6099999999999999
 80105131152161157138111 80 53 36 35 48 72101128145149139118 92 67 50 4627 9 2ZM 4111621647150999999999999991037 332249 4599999999999999
 55 76104130149156149130104 77 57 48 54 73 98125146154149130104 75 51 3827 9 3ZM 45915617 71549999999999999911 6 482328 3699999999999999
 38 52 75103127142146137119 98 78 66 65 77 98123144157156143118 90 62 4127 9 4ZM 5461461728158999999999999991132 64999999999999999999999
 33 37 53 77101121132133124110 94 82 78 84100120141156160152132106 78 5427 9 5ZM 633134175216099999999999999 0 9 321155 7899999999999999
 39 34 42 58 78 98113121120114104 95 90 92102118135150158156143121 97 7327 9 6ZM 725121181715999999999999999 051 341214 9099999999999999
 54 42 41 48 62 78 93104110110107102 99100105116129142151153147132113 9227 9 7ZM 832110184515499999999999999 139 401227 9999999999999999
 73 58 50 49 54 64 75 87 9610110410510610710911512313314114514413612410827 9 8ZM1918146999999999999999999999 238 48999999999999999999999
 92 77 65 57 55 57 62 71 80 89 9710410911211511712012513013413613412912027 9 9ZM20 5136999999999999999999999 4 4 55999999999999999999999
109 97 84 72 62 56 55 58 65 76 87 9810811612012112011912012112412612712527 910ZM1454121215412799999999999999 547 55171311999999999999999
121113103 89 75 62 53 50 53 62 75 9010511712412612311811311011111411912527 911ZM1450126999999999999999999999 7 1 50192111099999999999999
127126120108 91 73 58 47 45 50 62 79 98115126130127119110102 9810010711827 912ZM 01512815 513099999999999999 751 4420 8 9899999999999999
127133133124109 89 68 51 41 41 51 68 90110126134132123110 97 88 86 9310527 913ZM 126134152113499999999999999 830 402042 8699999999999999
121134140138126106 82 60 45 39 44 59 81104124135137128113 95 81 74 77 8927 914ZM 215141153813799999999999999 9 2 392113 7399999999999999
108127141146140123 99 74 54 42 42 53 74 98121136141134118 97 77 64 62 7127 915ZM 257146155414199999999999999 931 402142 6199999999999999
 90113134147148137116 91 67 50 45 52 69 93117136144139124101 78 59 50 5427 916ZM 335149161014499999999999999 957 452212 5099999999999999
 71 95120140149146130107 83 63 53 54 68 90114135146145132109 83 59 44 4127 917ZM 4131501626147999999999999991022 522241 4099999999999999
 52 74101126143147139121 99 78 64 61 70 88111133147150140118 91 64 43 3327 918ZM 4511481643150999999999999991045 612313 3399999999999999
 37 54 79107129141141130112 93 78 71 75 89110131147153147129102 74 49 3327 919ZM 53014317 11539999999999999911 8 712346 2999999999999999
 29 39 59 85109127135132120105 91 83 83 92109128144153152138115 87 60 4027 920ZM 6121351721154999999999999991128 82999999999999999999999
 29 30 43 64 87108121126122113102 94 92 97110126141151153145127103 77 5327 921ZM 7 0126174215499999999999999 023 281146 9299999999999999
 37 31 35 47 66 85102112116114108103101104112124136147151148136117 95 7227 922ZM 8 311618 615199999999999999 1 7 31115910199999999999999
 53 41 36 39 49 63 79 92102107109109109110115123132140145145139128111 9327 923ZM1834146999999999999999999999 2 4 36999999999999999999999
 75 59 47 41 41 47 57 70 83 9410210911311611912312713113513713613212311227 924ZM1913137999999999999999999999 328 41999999999999999999999
 98 83 68 54 45 41 42 50 62 76 9110311412012412412412312312412612712712427 925ZM1455124213012799999999999999 513 40172912399999999999999
118108 94 77 60 46 37 37 44 58 76 9411012212712712311711110810911312012627 926ZM1427128999999999999999999999 635 36192010899999999999999
130129120105 84 63 45 34 34 43 61 82104121131132125114101 92 88 9210211627 927ZM 018130143813299999999999999 733 3320 2 8899999999999999
129139140131112 88 63 44 34 36 50 72 96118133137131116 97 80 70 68 77 9427 928ZM 137140145313799999999999999 819 332039 6899999999999999
115134147148137115 88 63 45 39 46 64 89115134143139123101 77 57 48 51 6727 929ZM 236149151114399999999999999 858 392115 4899999999999999
 91117140152151137114 87 64 50 50 63 85111134147148134110 82 55 37 31 4127 930ZM 327153153114999999999999999 932 482151 3199999999999999
 62 91120142153149133110 86 68 60 66 84108132150155146124 94 62 36 22 222710 1ZM 41415315521559999999999999910 4 602228 2099999999999999
 37 63 94122142148142126105 86 74 74 85106129149159155138110 77 46 24 152710 2ZM 5 01481615160999999999999991032 7223 5 1599999999999999
 21 40 68 97122137140132118101 88 83 89104125145159161149126 95 63 36 192710 3ZM 5451401639161999999999999991058 832343 1699999999999999
 16 27 48 74100119130130122111 99 92 93103120138153160155138112 82 54 332710 4ZM 63113117 6160999999999999991123 91999999999999999999999
 22 24 37 57 79100114121120114106100 98103115130144154154144125100 74 522710 5ZM 720121173415599999999999999 022 221147 9899999999999999
 37 31 35 47 64 82 98108112112109105103105111122134143147144132113 92 722710 6ZM 82311318 414799999999999999 1 4 3112 910399999999999999
 56 45 42 46 56 68 82 94102107108108108108110116123131136137131120106 902710 7ZM1025109183813799999999999999 155 42122610899999999999999
 75 63 55 52 54 60 69 80 90 981051091111121121131151191221251251211131042710 8ZM1925125999999999999999999999 3 5 52999999999999999999999
 93 81 71 63 58 57 60 68 77 88 991081141171171151121101101111131141141122710 9ZM1328117212611599999999999999 441 57173810999999999999999
106 99 89 78 67 60 57 59 66 77 91104114120122119112105 99 97 98103108113271010ZM1347122235911599999999999999 6 5 5719 5 9799999999999999
115113106 95 81 68 58 55 58 67 82 98112123127124115103 92 84 83 87 97108271011ZM14 5127999999999999999999999 7 3 551945 8399999999999999
117122120112 98 81 66 56 54 60 74 91109123131129120105 88 75 68 70 80 96271012ZM 116122142213199999999999999 746 542016 6899999999999999
112124130126115 97 79 63 56 57 68 85105122133135126109 89 69 56 53 61 78271013ZM 2 7130143913599999999999999 821 552046 5399999999999999
 99119133137130114 94 76 63 59 65 81101121135140133116 92 68 48 39 42 58271014ZM 251137145514099999999999999 852 592115 3999999999999999
 81107128140140129111 91 74 65 67 79 98119136144141125100 72 46 30 26 37271015ZM 331142151314599999999999999 921 652145 2699999999999999
 59 87115135144140126106 88 75 72 80 96116136147148135111 81 51 27 16 19271016ZM 410144153214999999999999999 948 722217 1599999999999999
 37 64 95121138143135120102 87 80 83 95114134148153145124 94 62 33 14  9271017ZM 4511431553153999999999999991014 802250  999999999999999
 19 42 71101124137137128114 99 90 89 96112130146155152136110 78 46 22  8271018ZM 5331391616155999999999999991039 882326  799999999999999
  9 24 48 77104123131130121109 99 95 99110126142153155145124 96 65 37 18271019ZM 61913216401559999999999999911 3 95999999999999999999999
 10 15 31 55 80102117123121115107102103110121135147152149135113 86 58 35271020ZM 71312317 815299999999999999 0 6 10112610299999999999999
 21 16 23 38 59 80 98110115115112108107110117128138145146139124104 81 59271021ZM 825115173914699999999999999 053 16114910799999999999999
 40 29 26 31 43 60 77 92103110112112111112115120127133136135128116100 83271022ZM1024112181713699999999999999 150 25121411199999999999999
 65 50 39 35 38 46 59 74 89100108113115114114114116118121123123119112102271023ZM1218115192512399999999999999 3 6 35141311499999999999999
 90 75 61 50 43 42 48 59 74 89102112118119116112107104103104108111114113271024ZM1244119222411499999999999999 436 42175210399999999999999
109100 87 73 59 49 46 51 63 78 95110120124121113103 93 85 83 86 93103113271025ZM13 5124999999999999999999999 553 461857 8399999999999999
118119112 98 82 66 55 51 57 70 88106121129128120105 88 72 63 62 69 82 99271026ZM 031119132713099999999999999 652 511940 6199999999999999
115126128121107 88 71 60 58 67 83102121133137129113 91 68 50 41 43 56 76271027ZM 146129134913799999999999999 740 582019 4099999999999999
100120133136128111 92 75 67 68 80 99119136144140125101 72 46 28 23 30 49271028ZM 244136141314499999999999999 821 662056 2399999999999999
 76103126139140130112 94 80 75 81 96116135148150139116 85 53 27 12 11 25271029ZM 334141143815199999999999999 857 752133 1099999999999999
 49 80109131141139127111 94 84 84 94112132149156150131102 68 36 13  3  8271030ZM 42014215 515699999999999999 931 832210  299999999999999
 27 55 86114132139135123107 95 90 94108126145156157144119 87 53 24  5  1271031ZM 5 513915331589999999999999910 3 902246  199999999999999
 12 34 64 93117131134128116104 96 95104119137152158152134105 73 42 18  52711 1ZM 54813416 3158999999999999991034 942323  499999999999999
  7 22 45 73 98117127127120111102 97101112127143153153142121 92 62 36 182711 2ZM 63012816341549999999999999911 6 97999999999999999999999
 12 18 34 57 81102115121120114106100100105117131143148144130107 81 56 362711 3ZM 71612117 614899999999999999 0 0 121138 9999999999999999
 24 22 31 47 67 86102112116114109104101102109119130137138132117 97 75 552711 4ZM 8 7116174113999999999999999 039 22121610199999999999999
 40 33 34 43 57 73 89102109112111108104102104109116123128126119106 90 732711 5ZM 910112181912899999999999999 121 3213 610299999999999999
 58 48 43 45 53 64 78 91101108111111109105103103105109113116114109 99 882711 6ZM1024112191011699999999999999 212 43143510399999999999999
 75 65 57 53 54 60 69 81 93103110113113111106101 98 97 98101104104102 972711 7ZM1128114205110499999999999999 318 531652 9799999999999999
 90 81 73 65 60 60 64 73 84 96107114117116111103 94 87 84 85 88 94 991012711 8ZM1212118231710299999999999999 436 601821 8499999999999999
101 96 89 81 72 66 65 69 78 90103114120122117107 95 82 72 68 71 78 88 982711 9ZM1242122999999999999999999999 546 6419 7 6899999999999999
106108105 97 87 77 70 69 74 85 98112122127124114 98 80 64 54 52 59 72 88271110ZM 05610813 712799999999999999 641 681942 5299999999999999
103113117113104 91 80 74 74 82 94110123131131122105 83 61 44 36 38 51 71271111ZM 158117133013299999999999999 726 732015 3599999999999999
 92111123125119107 94 83 78 82 92107123134138131115 91 63 39 24 20 29 48271112ZM 247125135313899999999999999 8 6 782048 1999999999999999
 74100120131131122109 95 86 85 91104121135143141127103 73 43 19  7  9 25271113ZM 331132141814499999999999999 842 842122  699999999999999
 50 80108127135133122108 96 90 92102118134146149140118 88 54 24  3 -4  4271114ZM 414136144514999999999999999 915 902158 -499999999999999
 26 55 87114131136131120107 98 95101114131145153150134106 73 38 10 -7 -8271115ZM 458136151415399999999999999 948 952236 -999999999999999
  5 31 62 93117130133126116106100101110125140152155146125 94 60 27  3 -9271116ZM 5441331546155999999999999991020 992317-1099999999999999
 -6 11 38 68 96116126127121112104102106117132145153151138114 83 51 22  3271117ZM 6331281620154999999999999991053102999999999999999999999
 -5  2 20 46 73 97114121121116109104104110121134144148143128104 76 48 24271118ZM 727122165814899999999999999 0 1 -5113010399999999999999
  9  5 13 31 54 77 98111117116112106103104110120130137138132118 97 73 50271119ZM 824117174313999999999999999 048  5121710399999999999999
 31 19 18 26 41 61 82 99110115114110104101101105112119124125120109 94 75271120ZM 920115184012699999999999999 139 17132610199999999999999
 57 42 33 32 39 52 70 87102112115114109102 97 94 95 99104109111110104 94271121ZM1010115201211199999999999999 237 321515 9499999999999999
 81 67 55 48 46 52 63 79 95108116118115107 98 89 82 79 81 86 92 99103103271122ZM1053118223310399999999999999 342 461711 7999999999999999
 99 90 80 69 62 60 64 75 89104116122123116105 91 77 66 60 61 68 78 90100271123ZM1131123999999999999999999999 450 591823 6099999999999999
106106101 92 82 74 71 76 86100114125130127116100 80 61 47 40 43 53 68 86271124ZM 03610712 713099999999999999 552 711915 4099999999999999
101111115111102 91 83 81 86 97112125135136129113 91 66 43 28 23 28 43 64271125ZM 158115124313799999999999999 648 8120 0 2399999999999999
 87106119123119109 98 90 89 95108122135143141128107 79 50 26 12 10 20 40271126ZM 258123131914399999999999999 739 892041  999999999999999
 66 92113126129123112101 94 95103117132144148142124 97 65 35 12  1  3 18271127ZM 348129135514899999999999999 824 942120  099999999999999
 43 72 99119130130123111101 97100110125140150150138115 84 51 22  2 -5  3271128ZM 431131143115199999999999999 9 7 972158 -599999999999999
 23 51 80106124131128119108100 98104116132146153148131104 71 39 13 -2 -3271129ZM 51213115 715399999999999999 946 972234 -599999999999999
  9 33 61 90112126129124114103 97 98107121137149151141120 91 59 30  8 -1271130ZM 5491291543151999999999999991024 972310 -199999999999999
  3 20 45 73 98116125124117107 98 95 99110125139147145131108 79 49 24  92712 1ZM 62612616191489999999999999911 1 952346  599999999999999
  5 14 34 58 84104118122119111101 94 93100112126137141135119 95 68 43 232712 2ZM 7 11221656141999999999999991139 93999999999999999999999
 14 16 28 48 71 92109117118113105 97 92 93100112124132132123106 84 61 412712 3ZM 737119173313399999999999999 020 131220 9199999999999999
 27 23 29 43 62 82 99111117115109101 93 90 92 99109117122120111 95 76 582712 4ZM 815117181412299999999999999 055 2313 9 9099999999999999
 43 35 35 43 57 74 91105114116113106 98 91 88 89 94102108111108100 87 732712 5ZM 85311619 411199999999999999 131 341413 8899999999999999
 59 50 45 48 56 69 84 98109115116111104 95 88 84 83 86 91 96 99 98 93 842712 6ZM 9331162017 9999999999999999 2 9 451540 8399999999999999
 75 66 60 58 60 68 80 93105114118116110101 91 82 75 72 74 78 85 90 92 912712 7ZM10131182212 9299999999999999 256 5817 8 7299999999999999
 87 81 75 71 69 72 79 89101111118120117109 98 84 72 62 58 59 66 75 84 912712 8ZM1053120999999999999999999999 355 691813 5899999999999999
 95 94 91 87 82 80 82 88 98108118123123118106 91 73 57 45 41 45 55 69 832712 9ZM 025 95113212499999999999999 5 5 8019 1 4199999999999999
 95102104102 97 91 89 90 96106116125129127117101 80 58 39 27 24 32 47 67271210ZM 156105121112999999999999999 612 881943 2499999999999999
 87102112115111105 98 95 97103113124132135129115 93 66 40 20  9 10 23 44271211ZM 255115125013599999999999999 711 952024  899999999999999
 69 92111121123118110103100102110121133140140130110 82 51 23  2 -6  0 18271212ZM 343123133014199999999999999 8 310021 6 -699999999999999
 44 73 99118127127120111104102107117129141147144129104 71 37  8-11-16 -5271213ZM 427128141114899999999999999 8501022148-1699999999999999
 17 48 79105123129127119110104104110122137148152145125 95 60 25 -3-19-19271214ZM 511130145315299999999999999 9331032231-2199999999999999
 -4 22 54 86110125128124115106101103112126141152153142119 87 50 17 -8-19271215ZM 55412815371549999999999999910151012314-2099999999999999
-15  3 31 63 92113124125118109100 97101113128142151149135111 79 44 14 -6271216ZM 6351261622151999999999999991058 972357-1399999999999999
-13 -5 15 44 73 99116122120112101 94 92 98110125138144141126102 72 42 17271217ZM 7121231710145999999999999991144 92999999999999999999999
  2  0 11 32 59 85106118120115104 94 86 86 92104118129133129115 94 69 44271218ZM 74612018 313399999999999999 039 -11235 8599999999999999
 25 15 17 30 51 75 97113120118110 98 86 79 78 84 94106115119116105 88 69271219ZM 81812019 411999999999999999 119 151336 7899999999999999
 51 38 33 38 51 70 91108119122116105 92 80 71 69 73 81 90 99104103 97 86271220ZM 848122202310499999999999999 159 331452 6999999999999999
 73 62 54 53 59 71 88105118124123115102 87 73 63 58 59 65 74 83 90 93 93271221ZM 9211252218 9399999999999999 240 521621 5899999999999999
 88 82 75 71 71 77 88102115125128125115100 83 67 54 46 44 49 58 69 80 88271222ZM 958128999999999999999999999 326 701744 4499999999999999
 93 95 93 89 86 86 91100112123130131126115 98 79 59 43 33 30 35 46 60 76271223ZM 050 95104213299999999999999 425 851851 3099999999999999
 89 99104104100 97 97100108118127133134128115 96 73 50 31 20 17 24 38 57271224ZM 229104113513599999999999999 538 961945 1799999999999999
 77 94107113112108104102104111121130137137129114 92 65 40 20  9  8 18 37271225ZM 325113123313899999999999999 6551022032  799999999999999
 60 83103115120117111105102105112123133140139130111 84 55 28  9  0  4 18271226ZM 4 5120132714199999999999999 8 31022113  099999999999999
 41 68 92111122123118109102100103112125137143141127104 75 44 18  1 -4  4271227ZM 439124141514399999999999999 8571002152 -499999999999999
 24 50 78102119125122114104 97 95101114128140145139122 95 63 33  9 -4 -3271228ZM 511125145914599999999999999 942 952227 -599999999999999
 11 34 63 90111123124118107 96 90 91101116132143144134112 83 51 23  4 -3271229ZM 5391251539145999999999999991020 9023 0 -399999999999999
  4 22 49 77101117124120111 98 88 84 89102119134142139125100 70 41 17  3271230ZM 6 71241617142999999999999991057 842332  199999999999999
  3 16 38 65 91111121121114101 89 80 80 88104120133137130112 87 59 33 16271231ZM 6321221654137999999999999991133 79999999999999999999999
