 15 12 10  8  7  7  9 11 12 14 14 14 14 13 13 13 14 15 17 19 21 22 21 2027 1 1ZN1020 142111 2299999999999999 4 7  71423 1399999999999999
 17 15 11  9  6  5  5  6  8 10 12 14 15 15 16 16 17 18 19 21 22 23 24 2327 1 2ZN2139 24999999999999999999999 528  5999999999999999999999
 21 18 14 11  8  5  4  4  5  7 10 12 14 16 17 18 19 20 21 22 23 24 25 2527 1 3ZN2215 25999999999999999999999 632  3999999999999999999999
 23 21 17 14 10  6  4  2  3  4  7 10 13 16 18 19 20 21 22 22 23 25 26 2627 1 4ZN2259 26999999999999999999999 721  2999999999999999999999
 25 24 21 17 13  8  5  2  2  2  5  8 12 15 18 19 20 21 21 22 23 24 25 2627 1 5ZN2349 27999999999999999999999 8 2  2999999999999999999999
 27 26 24 20 16 11  7  3  1  1  2  6 10 14 17 19 20 20 21 21 22 23 24 2627 1 6ZN9999999999999999999999999999 838  1999999999999999999999
 27 27 26 23 19 14  9  4  1  0  0  3  7 11 15 17 19 19 19 19 20 21 22 2427 1 7ZN 040 27999999999999999999999 914  0999999999999999999999
 26 27 27 25 22 17 11  6  2 -1 -1  0  3  8 12 15 17 18 18 18 18 18 19 2127 1 8ZN 127 271720 1899999999999999 949 -11943 1899999999999999
 23 25 27 26 23 19 14  8  3  0 -2 -2  0  4  9 13 15 17 17 16 16 16 16 1827 1 9ZN 211 271736 17999999999999991024 -22030 1599999999999999
 20 22 25 25 24 21 16 11  5  1 -2 -3 -2  1  6 10 13 15 16 15 14 14 14 1527 110ZN 251 251757 16999999999999991058 -32116 1499999999999999
 16 19 21 23 23 21 18 13  7  3 -1 -3 -3 -1  3  8 11 14 15 14 13 12 12 1227 111ZN 330 241818 15999999999999991129 -322 8 1299999999999999
 13 15 18 20 21 21 18 14 10  5  1 -1 -2 -1  2  6 10 13 14 14 13 12 11 1027 112ZN 4 8 211837 14999999999999991157 -22311 1099999999999999
 10 11 13 16 18 19 18 15 11  7  4  1  0  0  2  6  9 12 14 15 14 12 10  927 113ZN 448 191853 15999999999999991221  0999999999999999999999
  8  9 10 12 14 16 16 15 13 10  6  4  3  3  4  6 10 13 15 16 15 13 11  927 114ZN 537 1619 6 1699999999999999 023  81237  399999999999999
  8  7  7  8 10 12 14 14 13 11  9  7  6  6  7  8 11 14 16 17 17 16 13 1127 115ZN 642 141922 1799999999999999 131  71242  699999999999999
  8  6  5  5  6  8 10 11 12 12 11 10 10  9 10 11 13 15 18 19 19 19 16 1327 116ZN 824 121946 1999999999999999 239  51237  999999999999999
 10  7  5  3  3  4  5  8 10 11 12 12 12 13 13 14 15 17 19 21 22 22 20 1727 117ZN2021 22999999999999999999999 352  3999999999999999999999
 14 10  6  3  1  0  1  3  5  8 11 13 14 15 16 17 18 19 20 22 23 24 23 2227 118ZN2112 24999999999999999999999 5 7  0999999999999999999999
 19 14 10  5  2 -1 -3 -2  0  3  7 11 14 16 17 18 19 20 20 22 23 25 26 2527 119ZN2220 26999999999999999999999 617 -3999999999999999999999
 24 20 15 10  5  0 -4 -5 -5 -2  2  7 11 15 17 18 19 19 20 21 22 24 26 2727 120ZN2334 27999999999999999999999 719 -6999999999999999999999
 27 25 21 16 10  3 -2 -6 -8 -8 -4  1  6 11 15 17 18 18 18 18 19 21 23 2627 121ZN9999999999999999999999999999 817 -8999999999999999999999
 28 28 27 22 17  9  2 -4 -8-10 -9 -5  1  7 12 15 17 17 16 16 16 17 18 2127 122ZN 044 291641 1799999999999999 910-101928 1699999999999999
 25 28 29 27 23 16  8  1 -6-10-11-10 -5  2  8 12 15 16 15 13 13 12 13 1527 123ZN 147 291657 169999999999999910 0-112036 1299999999999999
 19 24 27 28 26 21 15  7 -1 -6-10-11 -8 -2  4  9 13 15 14 12 10  9  9 1027 124ZN 246 281718 15999999999999991045-112148  999999999999999
 12 17 22 25 26 23 19 12  5 -1 -6 -8 -8 -5  1  7 11 14 14 13 10  8  6  627 125ZN 343 261742 14999999999999991127 -923 0  699999999999999
  6  9 14 19 21 22 20 16 10  4 -1 -4 -5 -4  0  6 10 13 15 14 11  8  6  427 126ZN 440 2218 7 159999999999999912 4 -5999999999999999999999
  3  4  7 11 15 17 18 16 13  8  4  1  0 -1  2  6 10 13 15 15 14 10  7  427 127ZN 541 181832 1599999999999999 0 7  31235 -199999999999999
  2  1  2  5  8 11 13 13 12 10  8  6  4  4  5  7 11 14 16 17 16 13 10  727 128ZN 651 131856 1799999999999999 110  11255  499999999999999
  4  2  1  1  3  5  8  9 10 10  9  8  8  8  8 10 12 15 17 18 18 16 13 1027 129ZN 819 101920 1899999999999999 216  11224  899999999999999
  7  4  2  0  0  2  3  5  7  8  9  9 10 11 12 13 14 16 18 19 19 18 16 1427 130ZN1945 19999999999999999999999 329  0999999999999999999999
 10  7  4  2  0  0  0  2  4  6  8  9 11 12 13 15 16 17 18 19 20 20 18 1627 131ZN2016 20999999999999999999999 454  0999999999999999999999
 14 11  8  4  2  0 -1  0  1  3  6  8 10 12 14 15 16 17 18 19 20 20 20 1927 2 1ZN21 7 20999999999999999999999 611 -1999999999999999999999
 17 14 11  7  4  1 -1 -1 -1  1  3  6  9 12 14 15 16 17 17 18 19 20 20 2027 2 2ZN2223 20999999999999999999999 7 6 -1999999999999999999999
 19 17 14 10  7  3  0 -2 -2 -1  1  4  8 10 13 14 15 15 16 16 17 18 19 2027 2 3ZN2335 20999999999999999999999 750 -3999999999999999999999
 20 19 17 13  9  5  1 -2 -4 -4 -2  1  5  9 11 13 14 14 14 14 15 16 17 1927 2 4ZN9999999999999999999999999999 828 -4999999999999999999999
 20 20 19 16 12  7  2 -2 -4 -5 -4 -2  2  6  9 11 12 12 12 12 12 13 14 1627 2 5ZN 034 201631 1299999999999999 9 2 -519 4 1299999999999999
 19 20 20 18 14 10  4 -1 -4 -6 -6 -4 -1  4  7 10 11 11 10  9  9 10 11 1327 2 6ZN 123 201633 1199999999999999 934 -71957  999999999999999
 16 18 19 19 16 12  7  1 -3 -6 -7 -6 -3  1  5  8 10 10  9  8  7  7  7  927 2 7ZN 2 7 191644 109999999999999910 5 -72046  799999999999999
 12 15 18 18 17 14  9  4 -1 -5 -7 -7 -5 -1  4  7  9 10  9  7  5  4  4  527 2 8ZN 247 181657 10999999999999991033 -72135  499999999999999
  8 11 15 17 16 15 11  6  1 -3 -6 -6 -5 -2  3  7  9 10 10  8  5  3  2  227 2 9ZN 327 171711 10999999999999991059 -62227  299999999999999
  4  7 11 14 15 14 12  8  4  0 -3 -4 -4 -2  2  7 10 11 11  9  6  3  1  127 210ZN 4 9 151722 11999999999999991121 -42318  199999999999999
  1  3  6 10 13 13 12 10  7  3  0 -1 -1  0  3  7 10 12 12 11  8  5  2  027 211ZN 455 131733 12999999999999991138 -1999999999999999999999
 -1  0  2  5  9 11 12 11  9  6  4  2  2  3  5  8 12 14 14 13 11  7  4  127 212ZN 553 121748 1499999999999999 010 -11142  299999999999999
 -1 -2 -1  1  4  7  9 10 10  8  7  6  6  6  8 10 13 15 16 16 14 11  7  327 213ZN 7 9 101810 1699999999999999 1 5 -21132  699999999999999
  0 -2 -3 -2  0  3  5  7  8  9  9  8  9  9 10 12 14 16 18 18 17 15 11  727 214ZN1841 18999999999999999999999 2 7 -3999999999999999999999
  3  0 -2 -4 -3 -2  1  3  5  7  9 10 10 11 13 14 15 17 18 19 19 18 15 1227 215ZN1925 19999999999999999999999 321 -4999999999999999999999
  8  4  0 -3 -5 -5 -4 -2  1  4  7  9 11 12 13 14 16 17 18 19 20 20 19 1727 216ZN2036 20999999999999999999999 448 -5999999999999999999999
 13  9  4  0 -4 -6 -7 -7 -5 -1  3  6  9 11 13 14 15 15 16 17 19 20 21 2027 217ZN2213 21999999999999999999999 6 9 -7999999999999999999999
 18 15 10  5  0 -5 -8-10 -9 -7 -2  2  6 10 12 13 13 13 14 14 15 17 19 2127 218ZN2340 21999999999999999999999 715-10999999999999999999999
 21 20 16 11  5 -1 -6-10-12-11 -8 -2  3  7 10 11 12 11 10 10 11 12 15 1827 219ZN1544 12999999999999999999999 810-121845 1099999999999999
 21 22 20 17 11  4 -2 -8-11-13-11 -7 -1  4  8 10 10  9  8  7  6  7  9 1327 220ZN 051 221545 1199999999999999 859-131955  699999999999999
 17 21 22 20 16 10  3 -3 -8-12-12-10 -4  2  6  9 10  9  7  4  3  2  3  627 221ZN 153 221559 1099999999999999 942-1221 0  299999999999999
 10 16 19 20 19 15  9  2 -4 -8-10-10 -6  0  5  9 11 10  8  4  1 -1 -1 -127 222ZN 252 201618 11999999999999991021-1022 1 -199999999999999
  3  8 14 17 18 16 12  7  1 -3 -6 -7 -5 -1  5  9 11 12 10  6  2 -1 -3 -427 223ZN 351 181639 12999999999999991056 -72257 -499999999999999
 -3  1  7 11 14 15 14 10  5  1 -1 -3 -3  0  5  9 12 13 12  9  5  0 -3 -527 224ZN 451 1517 1 13999999999999991125 -32351 -699999999999999
 -6 -4  0  5  9 11 12 11  8  5  3  2  1  3  6 10 13 15 14 12  8  4  0 -327 225ZN 554 121723 15999999999999991146  1999999999999999999999
 -5 -6 -4  0  3  6  8  9  9  7  6  5  5  6  8 11 14 15 16 15 12  8  4  027 226ZN 7 3  91743 1699999999999999 044 -61134  599999999999999
 -3 -5 -5 -3 -1  2  4  6  7  7  7  7  8  9 10 12 14 16 17 16 14 11  7  427 227ZN18 3 17999999999999999999999 138 -5999999999999999999999
  1 -2 -4 -4 -3 -1  1  3  5  6  7  8  9 11 12 13 15 16 17 17 16 14 11  727 228ZN1823 17999999999999999999999 241 -4999999999999999999999
  4  1 -1 -3 -3 -3 -2  0  2  4  6  8  9 11 12 13 15 16 16 16 16 15 13 1127 3 1ZN1850 16999999999999999999999 4 1 -3999999999999999999999
  8  5  2  0 -2 -3 -3 -2  0  2  4  6  9 10 12 13 14 14 15 15 15 15 14 1327 3 2ZN1952 15999999999999999999999 530 -3999999999999999999999
 11  8  5  2 -1 -3 -4 -4 -3 -1  2  5  7  9 11 12 12 13 13 13 14 14 14 1427 3 3ZN2153 14999999999999999999999 636 -4999999999999999999999
 13 11  8  5  1 -2 -4 -5 -5 -3 -1  2  5  8  9 10 10 10 10 11 11 12 13 1427 3 4ZN2323 14999999999999999999999 723 -5999999999999999999999
 14 13 10  7  4  0 -3 -6 -6 -6 -3  0  3  6  8  9  9  8  8  8  8  9 11 1327 3 5ZN1533  9999999999999999999999 8 1 -61834  899999999999999
 14 14 12  9  6  2 -2 -5 -7 -7 -6 -2  1  5  7  8  8  7  6  5  5  6  7 1027 3 6ZN 026 141525  899999999999999 833 -71927  599999999999999
 12 14 13 11  8  4 -1 -4 -7 -8 -7 -4  0  3  6  7  7  6  4  2  2  2  4  627 3 7ZN 116 141527  799999999999999 9 3 -82013  299999999999999
 10 12 13 13 10  6  2 -3 -6 -8 -7 -5 -2  3  6  7  7  6  4  1  0 -1  0  227 3 8ZN 2 2 131534  799999999999999 930 -82057 -199999999999999
  6 10 12 13 12  9  5  0 -4 -6 -7 -5 -2  2  6  8  8  7  4  1 -2 -3 -3 -227 3 9ZN 247 131543  899999999999999 956 -72141 -399999999999999
  1  6 10 12 12 11  7  3 -1 -3 -4 -4 -2  3  7  9 10  9  6  2 -1 -4 -5 -527 310ZN 333 121553 10999999999999991020 -42224 -599999999999999
 -3  1  6 10 12 12 10  7  3  0 -1 -1  0  3  8 11 12 11  9  5  0 -3 -6 -727 311ZN 424 1216 6 12999999999999991040 -123 8 -799999999999999
 -6 -3  2  7 10 11 11  9  6  4  2  2  3  5  9 12 14 14 12  8  4 -1 -5 -727 312ZN 522 111624 14999999999999991050  22355 -899999999999999
 -8 -6 -3  2  6  9 10 10  9  7  6  5  6  7 10 13 15 16 15 12  8  3 -2 -527 313ZN 628 101648 16999999999999991041  5999999999999999999999
 -7 -8 -6 -3  1  5  7  9  9  8  8  8  9 10 11 14 16 17 17 15 12  7  2 -227 314ZN 747  91718 1799999999999999 047 -81024  899999999999999
 -5 -7 -8 -6 -4  0  3  5  7  8  9  9 10 11 12 14 16 17 18 17 15 12  8  327 315ZN1757 18999999999999999999999 149 -8999999999999999999999
 -1 -4 -7 -8 -7 -5 -2  1  4  6  8  9 10 11 13 14 15 16 17 18 17 15 12  827 316ZN1857 18999999999999999999999 3 5 -8999999999999999999999
  4  0 -3 -6 -8 -8 -7 -4 -1  2  5  7  9 11 12 13 13 14 15 16 16 17 15 1327 317ZN2035 17999999999999999999999 435 -8999999999999999999999
 10  6  1 -3 -6 -9 -9 -8 -6 -2  2  5  7  9 10 11 11 11 11 12 13 15 16 1627 318ZN2223 16999999999999999999999 556 -9999999999999999999999
 14 11  7  2 -3 -7 -9-10 -9 -6 -2  2  6  8  9  9  8  8  7  8  9 11 13 1627 319ZN1435  92349 1699999999999999 659-101811  799999999999999
 16 15 12  7  2 -3 -7-10-10 -9 -5  0  4  7  8  8  7  5  4  3  3  5  8 1227 320ZN1427  8999999999999999999999 750-101917  399999999999999
 15 16 15 12  8  2 -3 -7 -9 -9 -7 -2  3  7  8  9  7  4  2  0 -1 -1  2  627 321ZN 1 0 161435  999999999999999 833 -92014 -199999999999999
 11 14 16 15 12  7  2 -3 -6 -7 -6 -3  2  7  9 10  9  6  2 -2 -4 -5 -4 -127 322ZN 2 4 161450 1099999999999999 912 -721 7 -599999999999999
  4 10 13 15 14 11  6  2 -2 -4 -4 -2  2  7 10 12 11  8  4 -1 -5 -7 -8 -627 323ZN 3 6 151510 1299999999999999 946 -42156 -899999999999999
 -2  4  9 12 14 13 10  6  3  1 -1  0  3  7 11 14 14 12  8  2 -3 -6 -9 -927 324ZN 4 8 141531 14999999999999991015 -12243 -999999999999999
 -7 -2  3  8 11 12 11  9  6  4  3  3  5  8 12 15 16 14 11  6  1 -4 -7 -927 325ZN 5 8 121554 16999999999999991037  32329 -999999999999999
 -9 -6 -2  3  7 10 11 10  9  7  7  7  7  9 13 15 17 16 14 10  5  0 -4 -727 326ZN 6 8 111616 17999999999999991035  7999999999999999999999
 -8 -8 -5 -1  3  6  9 10 10  9  9  9 10 11 13 16 17 17 16 13  9  4  0 -427 327ZN 716 101637 1799999999999999 013 -8 945  999999999999999
 -6 -7 -6 -3  0  3  6  8  9  9 10 10 11 12 14 15 17 17 17 15 12  8  4  027 328ZN1657 17999999999999999999999 1 0 -7999999999999999999999
 -3 -5 -5 -4 -2  0  3  5  7  8  9 10 11 12 14 15 16 17 16 15 13 11  7  427 329ZN1718 17999999999999999999999 153 -5999999999999999999999
  1 -2 -3 -4 -3 -2  0  2  4  6  8  9 11 12 13 14 14 15 15 15 14 12 10  727 330ZN1745 15999999999999999999999 3 0 -4999999999999999999999
  4  1 -1 -3 -3 -3 -2 -1  2  4  6  8  9 11 11 12 12 13 13 13 13 12 11  927 331ZN1848 13999999999999999999999 424 -3999999999999999999999
  7  4  2 -1 -3 -4 -4 -3 -1  1  4  6  8  9 10 10 10 10 10 11 11 11 11 1027 4 1ZN2117 11999999999999999999999 537 -4999999999999999999999
  9  7  4  1 -1 -3 -4 -4 -3 -1  2  4  7  8  8  8  8  7  7  7  8  9 10 1027 4 2ZN1423  923 2 1099999999999999 630 -418 8  799999999999999
 10  9  6  4  1 -2 -4 -5 -4 -2  0  3  6  7  8  7  6  5  4  4  5  6  8  927 4 3ZN14 5  8999999999999999999999 7 9 -51853  499999999999999
 10 10  8  6  3  0 -3 -4 -4 -3 -1  3  5  7  8  7  6  4  2  1  1  2  4  727 4 4ZN 013 1014 0  899999999999999 742 -41932  199999999999999
 10 11 10  8  6  3  0 -3 -4 -3 -1  2  6  8  9  8  6  3  1 -1 -2 -2  0  427 4 5ZN 112 1114 2  999999999999999 812 -42010 -299999999999999
  8 10 11 11  9  6  2  0 -2 -2  0  3  6  9 10 10  8  4  1 -3 -4 -5 -4  027 4 6ZN 2 5 111410 1099999999999999 839 -22049 -599999999999999
  5  9 11 12 11  9  6  3  1  0  1  3  7 11 12 12 10  7  2 -2 -5 -7 -7 -527 4 7ZN 259 121422 1299999999999999 9 6  02128 -799999999999999
  0  6 10 12 13 12  9  7  5  4  4  5  8 12 15 15 13 10  5  0 -5 -8 -9 -827 4 8ZN 354 131441 1599999999999999 930  32210 -999999999999999
 -5  1  7 11 13 13 12 10  8  7  7  7  9 13 16 17 17 14 10  4 -2 -6 -9-1027 4 9ZN 451 1315 6 1899999999999999 947  72254-1099999999999999
 -8 -4  2  7 11 13 13 12 11 10  9 10 11 14 17 19 19 17 14  9  3 -3 -7-1027 410ZN 551 131535 1999999999999999 947  92343-1099999999999999
-10 -8 -3  2  7 10 12 13 12 11 11 12 13 14 17 19 21 20 18 14  8  2 -3 -727 411ZN 657 131610 2199999999999999 938 11999999999999999999999
 -9-10 -7 -3  1  5  9 11 12 12 12 13 14 15 16 18 20 21 20 17 13  8  2 -227 412ZN1652 21999999999999999999999 038-10999999999999999999999
 -6 -8 -9 -7 -4  0  4  7  9 11 12 12 13 14 15 16 18 19 20 19 16 13  8  327 413ZN1747 20999999999999999999999 141 -9999999999999999999999
 -1 -5 -7 -8 -7 -4 -1  3  6  8 10 11 12 13 14 14 15 16 17 18 17 15 12  927 414ZN19 6 18999999999999999999999 254 -8999999999999999999999
  4  0 -3 -6 -7 -6 -4 -1  2  5  8 10 11 11 12 12 12 12 13 14 15 16 15 1327 415ZN2051 16999999999999999999999 414 -7999999999999999999999
 10  6  2 -2 -4 -6 -6 -4 -1  3  6  8 10 10 10  9  8  8  8  9 11 13 14 1427 416ZN13 6 102235 1499999999999999 526 -61724  899999999999999
 13 10  7  3  0 -3 -5 -4 -2  1  5  8 10 10 10  8  6  5  4  4  5  8 11 1327 417ZN1258 10999999999999999999999 624 -51830  499999999999999
 14 13 11  8  4  1 -2 -3 -2  0  4  8 10 11 11  9  6  3  1  0  0  2  5  927 418ZN 0 3 1413 6 1199999999999999 711 -31925 -199999999999999
 12 14 14 12  9  5  2  1  0  1  4  8 11 13 13 11  7  3  0 -3 -4 -3 -1  427 419ZN 118 141321 1399999999999999 752  02014 -499999999999999
  9 12 14 14 12  9  7  4  3  3  5  9 13 15 15 14 11  6  1 -3 -6 -7 -5 -127 420ZN 228 141341 1699999999999999 827  321 0 -799999999999999
  4  9 13 14 14 13 10  8  7  7  7 10 14 17 18 17 14 10  4 -1 -5 -7 -8 -627 421ZN 331 1514 5 1899999999999999 856  72143 -899999999999999
 -1  5 10 13 15 15 13 11 10 10 10 11 14 18 20 20 18 14  9  3 -2 -6 -8 -827 422ZN 429 151430 2099999999999999 916 102224 -899999999999999
 -5  1  6 10 13 15 15 14 13 12 12 13 15 18 20 21 20 17 13  7  1 -3 -6 -727 423ZN 524 151457 2199999999999999 915 1223 4 -799999999999999
 -6 -3  2  7 11 14 15 15 14 14 14 15 16 18 20 22 22 20 16 11  6  1 -3 -527 424ZN 621 151523 2299999999999999 858 142344 -699999999999999
 -6 -4 -1  4  8 11 13 14 14 14 15 15 16 18 20 21 22 21 18 15 10  5  0 -327 425ZN1550 229999999999999999999999999999999999999999999999999
 -4 -4 -2  1  5  8 11 13 14 14 15 15 16 17 19 20 21 20 19 16 13  8  4  127 426ZN1618 21999999999999999999999 027 -4999999999999999999999
 -2 -3 -2 -1  2  5  8 10 12 13 14 14 15 16 17 18 19 19 18 17 14 11  7  427 427ZN1648 19999999999999999999999 114 -3999999999999999999999
  1 -1 -2 -1  0  2  5  7  9 11 12 13 14 15 15 16 16 17 17 16 15 12  9  727 428ZN1727 17999999999999999999999 2 8 -2999999999999999999999
  4  2  0 -1  0  1  3  5  7  9 11 12 13 13 13 13 14 14 14 14 14 13 11  927 429ZN1836 14999999999999999999999 310 -1999999999999999999999
  6  4  2  1  0  0  1  3  6  8 10 11 12 12 12 11 11 11 11 11 12 12 11 1027 430ZN1256 122037 1299999999999999 412  01659 1199999999999999
  8  6  4  3  1  1  1  3  5  7  9 11 11 11 11 10  9  8  8  8  9 10 11 1127 5 1ZN1230 112236 1199999999999999 5 5  11756  899999999999999
 10  9  7  5  3  2  2  3  4  7  9 11 12 12 11  9  7  6  5  5  6  7  9 1127 5 2ZN1222 12999999999999999999999 548  21835  599999999999999
 11 11 10  8  6  5  4  4  5  7 10 12 13 13 12 10  7  4  2  2  2  4  7 1027 5 3ZN 0 5 111224 1499999999999999 624  41912  199999999999999
 12 13 12 11  9  8  7  6  7  9 11 14 16 16 14 12  8  4  1 -1 -1  0  3  727 5 4ZN 117 131234 1699999999999999 657  61949 -199999999999999
 11 13 15 14 13 11 10  9  9 10 13 16 18 19 17 15 11  6  1 -2 -4 -4 -1  327 5 5ZN 221 151252 1999999999999999 729  92028 -499999999999999
  8 13 15 17 16 15 13 12 12 12 14 17 20 22 21 19 15  9  4 -1 -5 -6 -5 -227 5 6ZN 320 171318 2299999999999999 758 122110 -699999999999999
  4 10 14 17 18 18 17 15 15 15 16 18 21 24 24 23 19 14  8  2 -3 -7 -8 -627 5 7ZN 417 181350 2499999999999999 821 152155 -899999999999999
 -1  5 11 15 18 19 19 18 17 17 17 19 21 24 26 26 24 20 14  7  0 -5 -7 -827 5 8ZN 513 191427 2699999999999999 837 172244 -899999999999999
 -6 -1  5 11 15 18 19 19 18 18 18 19 21 23 26 28 27 24 19 13  6  0 -5 -727 5 9ZN 612 191510 2899999999999999 848 182337 -899999999999999
 -8 -5  0  6 11 15 17 18 18 18 18 19 20 22 24 27 27 26 23 19 12  6  0 -427 510ZN1559 279999999999999999999999999999999999999999999999999
 -7 -7 -4  0  5 10 14 16 17 17 18 18 19 20 21 24 25 26 25 22 18 12  6  127 511ZN1655 26999999999999999999999 034 -7999999999999999999999
 -3 -5 -5 -3  1  5  9 13 15 16 16 17 17 17 18 19 21 23 24 23 21 17 12  727 512ZN18 3 24999999999999999999999 134 -5999999999999999999999
  3 -1 -3 -3 -1  2  6  9 12 14 15 16 16 15 15 15 16 18 19 20 20 19 16 1227 513ZN1924 20999999999999999999999 238 -3999999999999999999999
  8  5  2  0 -1  1  4  7 11 13 15 15 15 14 13 12 12 12 14 16 17 18 17 1527 514ZN11 8 1521 5 1899999999999999 341 -116 2 1299999999999999
 13 10  7  4  3  2  4  6 10 13 15 16 16 14 13 11  9  8  8 10 12 14 16 1627 515ZN1117 162253 1699999999999999 438  21722  899999999999999
 15 14 11  9  7  6  6  7 10 13 16 17 17 16 14 11  8  6  4  5  6  9 12 1527 516ZN1133 17999999999999999999999 529  61825  499999999999999
 16 16 15 13 12 10  9 10 12 14 17 19 20 19 16 13  9  6  3  1  2  4  8 1227 517ZN 030 161152 2099999999999999 612  91918  199999999999999
 15 17 17 17 15 14 13 13 14 16 18 21 22 22 20 16 12  7  3  1 -1  0  3  827 518ZN 156 171215 2299999999999999 646 1320 4 -199999999999999
 12 16 18 19 18 17 17 16 16 17 20 22 24 25 23 20 16 10  5  2 -1 -2  0  427 519ZN 3 7 191242 2599999999999999 711 162046 -299999999999999
  9 14 17 19 20 20 19 19 19 19 21 23 26 27 26 24 20 15  9  4  0 -2 -1  127 520ZN 4 6 201312 2799999999999999 723 192126 -299999999999999
  6 11 16 19 21 21 21 20 20 21 22 24 26 28 28 27 24 19 13  8  3  0 -1  027 521ZN 456 211345 2899999999999999 734 2022 4 -199999999999999
  3  8 13 17 20 22 22 21 21 22 22 23 25 28 29 28 26 23 17 12  6  2  0 -127 522ZN1419 299999999999999999999992242 -1999999999999999999999
  1  5 10 14 18 20 22 22 21 22 22 23 25 26 28 29 28 25 21 16 10  5  2  027 523ZN1454 299999999999999999999992321  0999999999999999999999
  1  3  7 11 15 18 20 21 21 21 21 22 23 25 26 28 28 26 23 19 14  9  5  227 524ZN1531 289999999999999999999999999999999999999999999999999
  1  2  5  8 12 16 18 19 20 20 20 21 22 23 24 26 26 26 24 21 16 12  8  527 525ZN16 8 26999999999999999999999 0 2  1999999999999999999999
  3  2  3  6  9 13 15 17 18 19 19 19 20 21 22 23 24 24 23 21 18 14 10  727 526ZN1647 24999999999999999999999 044  2999999999999999999999
  5  4  4  5  7 10 13 16 17 18 18 18 18 19 19 20 21 21 21 20 19 16 13 1027 527ZN1733 21999999999999999999999 127  3999999999999999999999
  7  6  5  5  7  9 12 14 16 17 18 18 17 17 17 17 17 18 19 19 18 16 14 1227 528ZN1034 181834 1999999999999999 2 8  51424 1799999999999999
 10  8  7  7  8  9 11 14 16 17 18 18 17 16 16 15 15 15 15 16 17 16 15 1427 529ZN1025 182011 1799999999999999 246  716 5 1599999999999999
 12 11 10  9  9 10 12 14 16 18 19 19 18 17 15 13 12 12 12 13 14 15 16 1627 530ZN1028 192216 1699999999999999 322  917 8 1299999999999999
 15 14 13 12 12 12 14 15 18 20 21 21 20 18 16 13 11  9  9 10 11 13 15 1727 531ZN1036 21999999999999999999999 355 121756  999999999999999
 17 17 16 16 15 15 16 17 19 21 23 24 23 21 18 14 11  8  7  6  8 10 14 1727 6 1ZN 0 9 171053 2499999999999999 429 151839  699999999999999
 19 20 20 19 19 18 19 19 21 23 25 27 26 24 21 17 12  8  5  4  4  6 10 1527 6 2ZN 139 201118 2799999999999999 5 7 181922  499999999999999
 18 21 22 23 22 22 21 22 23 25 27 29 30 29 26 21 16 10  6  2  1  2  5 1127 6 3ZN 249 231153 3099999999999999 549 2120 7  199999999999999
 16 20 23 25 25 24 24 24 24 26 28 30 32 32 30 27 21 15  9  3  0 -1  1  527 6 4ZN 347 251234 3399999999999999 631 242055 -199999999999999
 11 17 21 24 26 26 26 25 26 26 28 30 33 35 34 32 27 21 14  7  2 -1 -2  027 6 5ZN 439 261321 3599999999999999 710 252146 -299999999999999
  5 11 17 22 25 26 26 26 26 26 27 29 32 35 36 35 32 27 21 13  6  1 -2 -327 6 6ZN 529 271413 3699999999999999 747 262239 -399999999999999
  0  6 12 18 22 25 26 26 25 25 26 27 29 32 35 36 35 32 27 20 12  6  1 -227 6 7ZN15 8 369999999999999999999992333 -2999999999999999999999
 -2  1  6 12 18 22 24 25 24 24 24 25 26 28 31 34 35 34 31 26 19 12  6  227 6 8ZN16 6 359999999999999999999999999999999999999999999999999
 -1  0  3  8 13 18 21 23 23 23 22 22 23 24 26 29 31 32 32 29 24 18 13  827 6 9ZN 749 2317 8 3399999999999999 027 -11041 2299999999999999
  4  2  2  5 10 15 19 21 22 22 22 21 20 20 21 23 25 28 29 29 26 23 18 1327 610ZN 826 221816 2999999999999999 119  21253 2099999999999999
 10  7  5  6  9 13 17 20 22 23 22 21 20 18 18 18 19 21 24 25 25 24 21 1827 611ZN 858 231938 2599999999999999 210  51426 1799999999999999
 15 12 10 10 11 13 17 20 22 23 23 22 20 18 16 15 14 15 17 19 21 22 22 2127 612ZN 926 242123 2299999999999999 256 101549 1499999999999999
 19 17 16 14 14 15 18 21 23 25 25 25 23 20 17 14 12 12 12 14 16 19 20 2127 613ZN 952 252327 2199999999999999 337 1417 6 1299999999999999
 21 21 20 19 19 19 20 22 25 27 28 27 26 23 20 16 13 10  9 10 12 15 18 2027 614ZN1019 28999999999999999999999 410 191812  999999999999999
 22 23 23 23 23 23 23 24 26 28 30 30 29 27 23 19 15 12  9  8  9 11 14 1827 615ZN1048 3099999999999999999999919 6  8999999999999999999999
 21 23 25 25 25 25 26 27 28 30 31 32 32 30 27 23 19 14 10  8  7  9 12 1627 616ZN1121 329999999999999999999991952  7999999999999999999999
 20 23 25 27 27 27 28 28 29 30 32 34 34 33 31 27 23 18 13  9  7  7  9 1327 617ZN1158 349999999999999999999992033  7999999999999999999999
 18 22 25 27 28 28 29 29 30 31 32 34 35 35 34 31 27 21 16 12  9  7  8 1127 618ZN1239 369999999999999999999992111  7999999999999999999999
 15 20 24 27 28 29 29 29 29 30 31 33 35 36 36 34 30 25 20 15 10  8  7  927 619ZN1322 369999999999999999999992148  7999999999999999999999
 12 17 22 25 27 29 29 28 29 29 30 32 34 35 36 35 33 29 24 18 13  9  8  827 620ZN14 5 369999999999999999999992226  7999999999999999999999
 10 14 19 23 26 27 28 28 27 28 28 30 31 33 35 36 34 31 27 21 16 11  9  727 621ZN1446 3699999999999999999999923 4  7999999999999999999999
  8 11 15 20 23 26 27 27 26 26 27 27 29 31 33 34 34 32 29 24 19 14 10  827 622ZN 632 271527 3499999999999999 851 262341  899999999999999
  8 10 13 17 21 24 25 26 25 25 25 25 26 28 30 31 32 32 29 26 21 17 13 1027 623ZN 7 2 2616 6 3299999999999999 938 25999999999999999999999
  9  9 12 15 19 22 24 25 25 24 24 24 24 25 26 28 30 30 29 27 23 19 15 1327 624ZN 731 251646 3099999999999999 016  91043 2499999999999999
 11 11 12 14 18 21 23 24 25 24 24 23 23 23 23 25 26 27 27 26 24 21 18 1527 625ZN 755 251731 2799999999999999 047 111223 2399999999999999
 14 13 13 15 18 20 23 25 25 25 24 23 22 21 21 22 23 24 25 25 24 22 20 1827 626ZN 813 251831 2599999999999999 113 131353 2199999999999999
 17 16 16 17 19 21 24 26 27 27 26 24 22 21 20 19 20 21 22 23 24 23 22 2127 627ZN 828 2720 4 2499999999999999 132 1615 6 1999999999999999
 20 19 19 20 21 23 25 27 28 29 28 26 24 21 19 18 17 18 19 20 22 23 24 2327 628ZN 843 292217 2499999999999999 141 191612 1799999999999999
 23 23 22 23 24 25 27 29 31 31 31 29 27 23 20 18 16 15 15 17 19 22 24 2527 629ZN 9 5 31999999999999999999999 142 221711 1599999999999999
 26 26 26 26 27 28 29 31 33 34 34 33 30 27 23 19 16 13 13 13 15 19 22 2527 630ZN 937 3499999999999999999999918 6 13999999999999999999999
 27 28 29 29 30 30 31 32 34 36 37 37 35 32 27 22 18 14 11 10 11 14 18 2327 7 1ZN1021 3799999999999999999999919 0 10999999999999999999999
 26 29 31 31 32 32 32 33 35 37 39 40 39 37 33 28 22 16 12  9  8  9 13 1827 7 2ZN1114 409999999999999999999991953  8999999999999999999999
 23 28 31 32 33 33 33 34 34 36 38 41 42 41 39 34 28 21 15 10  6  6  8 1227 7 3ZN1214 429999999999999999999992047  6999999999999999999999
 18 24 28 31 33 33 33 33 33 34 36 39 42 43 43 40 35 28 20 13  8  5  4  727 7 4ZN1315 439999999999999999999992140  4999999999999999999999
 12 19 24 29 31 32 32 31 31 32 33 35 39 42 44 43 40 35 27 20 13  7  4  427 7 5ZN 516 321415 4499999999999999 742 312233  499999999999999
  7 13 19 25 29 31 31 30 29 29 30 31 34 38 41 43 43 39 34 26 19 12  8  527 7 6ZN 544 311514 4399999999999999 847 292323  599999999999999
  6  9 15 21 26 29 30 30 28 27 27 27 28 31 35 39 41 40 37 32 25 19 13  927 7 7ZN 612 301614 419999999999999910 4 27999999999999999999999
  7  8 13 18 23 27 29 29 28 26 25 24 24 25 28 32 36 38 37 35 30 24 19 1527 7 8ZN 642 301716 3899999999999999 010  71137 2499999999999999
 12 11 13 17 22 26 29 30 29 27 25 23 22 22 23 25 29 32 33 33 32 28 24 2127 7 9ZN 711 301827 3499999999999999 053 111257 2299999999999999
 18 16 16 18 22 26 29 31 31 30 27 25 22 21 20 20 22 25 28 29 30 29 27 2527 710ZN 739 311954 3099999999999999 132 161411 1999999999999999
 23 22 21 22 24 27 30 32 33 32 30 28 25 22 19 18 18 20 22 24 26 28 28 2727 711ZN 8 8 332149 2899999999999999 2 4 211526 1899999999999999
 27 26 26 26 27 29 31 34 35 35 34 31 28 25 22 19 17 17 18 20 22 25 27 2827 712ZN 838 35999999999999999999999 217 261644 1799999999999999
 29 29 30 30 30 32 33 35 36 37 37 35 32 29 25 22 19 17 16 17 19 22 24 2727 713ZN 912 379999999999999999999991756 16999999999999999999999
 29 31 32 32 33 34 35 36 37 38 39 38 36 33 29 25 22 18 16 16 17 19 22 2627 714ZN 953 399999999999999999999991854 16999999999999999999999
 29 31 32 34 34 35 36 37 38 39 40 40 39 37 33 29 25 21 18 16 16 17 20 2427 715ZN1041 409999999999999999999991941 16999999999999999999999
 27 30 32 34 35 35 36 36 37 38 40 41 41 39 37 33 29 24 20 17 15 16 18 2127 716ZN1135 419999999999999999999992022 15999999999999999999999
 25 29 32 34 34 35 35 35 36 37 39 40 41 41 40 36 32 27 23 19 16 15 16 1927 717ZN1227 4199999999999999999999921 0 15999999999999999999999
 23 27 30 33 34 34 34 34 34 35 37 39 40 42 41 39 35 31 25 20 17 15 15 1627 718ZN1316 429999999999999999999992136 14999999999999999999999
 20 24 28 31 33 33 33 32 32 33 34 36 38 40 41 40 38 33 28 23 18 15 14 1527 719ZN 458 3314 1 4199999999999999 731 322211 1499999999999999
 17 21 26 29 31 32 32 31 30 31 31 33 35 38 40 40 39 36 31 25 20 17 14 1427 720ZN 513 321442 4099999999999999 818 302244 1499999999999999
 15 19 23 27 30 31 31 30 29 29 29 30 32 34 37 39 39 36 33 28 23 19 16 1427 721ZN 533 311521 3999999999999999 9 6 292315 1499999999999999
 15 17 21 25 29 30 31 30 29 28 27 27 29 31 34 36 37 36 34 30 25 21 18 1627 722ZN 554 3116 1 379999999999999910 1 272342 1699999999999999
 16 17 21 25 28 30 31 30 29 27 26 26 26 27 30 33 34 35 34 31 28 24 21 1927 723ZN 612 311642 359999999999999911 6 26999999999999999999999
 18 19 21 25 28 30 31 31 30 28 26 25 25 25 26 29 31 33 33 32 29 26 24 2227 724ZN 628 321731 3399999999999999 0 4 181214 2599999999999999
 21 21 23 26 29 31 33 33 32 30 28 26 24 24 24 25 28 30 31 31 30 29 27 2527 725ZN 640 331838 3199999999999999 019 211316 2499999999999999
 25 25 26 28 30 33 35 35 34 33 30 27 25 23 22 23 24 26 28 30 30 30 29 2827 726ZN 655 352018 3099999999999999 019 251418 2299999999999999
 28 28 29 30 32 35 36 37 37 36 33 30 27 24 22 21 21 23 25 27 29 30 31 3127 727ZN 717 37999999999999999999999 0 7 281524 2199999999999999
 31 31 32 33 34 36 38 39 40 39 37 34 30 27 24 21 20 20 21 23 26 28 30 3227 728ZN 751 409999999999999999999991634 20999999999999999999999
 33 34 35 35 36 38 39 41 42 42 41 38 35 31 27 23 20 18 17 19 21 25 28 3127 729ZN 839 429999999999999999999991744 17999999999999999999999
 33 35 36 37 38 38 39 41 42 43 44 43 40 36 32 27 22 18 16 15 16 20 24 2827 730ZN 946 449999999999999999999991848 15999999999999999999999
 32 35 36 37 38 38 39 40 41 43 45 45 45 42 38 32 26 21 16 13 13 14 18 2327 731ZN11 3 459999999999999999999991946 13999999999999999999999
 28 32 35 37 37 37 37 38 39 41 43 45 47 46 43 39 33 26 19 14 11 11 13 1827 8 1ZN1215 479999999999999999999992041 11999999999999999999999
 24 29 33 35 36 36 35 35 35 37 39 42 46 48 47 44 39 32 25 18 13 10 10 1327 8 2ZN 413 361320 4899999999999999 653 352132 1099999999999999
 19 25 30 33 35 35 34 32 32 32 34 37 41 45 48 47 44 39 31 24 17 13 10 1127 8 3ZN 426 351420 4899999999999999 8 0 322219 1099999999999999
 15 21 27 31 34 34 33 31 29 28 29 30 34 39 44 46 46 43 37 30 23 18 14 1327 8 4ZN 447 341519 4699999999999999 910 2823 2 1399999999999999
 14 19 25 30 33 34 34 31 29 26 25 26 27 31 37 41 43 43 40 35 29 24 19 1727 8 5ZN 510 341620 43999999999999991027 252342 1699999999999999
 16 19 24 29 33 35 35 33 30 27 24 23 23 25 29 34 38 40 40 37 33 29 25 2227 8 6ZN 535 351727 40999999999999991137 23999999999999999999999
 21 22 25 29 33 36 37 36 33 29 26 23 22 21 23 27 31 34 36 36 35 32 30 2827 8 7ZN 6 1 371841 3699999999999999 017 211242 2199999999999999
 26 26 27 30 34 37 38 38 37 33 29 26 23 21 21 22 25 28 31 33 34 33 32 3127 8 8ZN 628 392010 3499999999999999 046 261347 2199999999999999
 31 31 31 33 35 38 40 40 39 37 34 30 27 24 21 21 22 24 26 29 31 32 33 3327 8 9ZN 656 40999999999999999999999 054 311457 2199999999999999
 34 34 35 36 37 39 41 41 41 40 38 34 31 28 25 22 21 21 23 25 27 30 32 3327 810ZN 727 419999999999999999999991617 21999999999999999999999
 35 36 37 38 39 40 41 42 42 42 41 38 35 32 29 25 23 21 21 22 24 27 30 3327 811ZN 8 7 429999999999999999999991737 21999999999999999999999
 35 36 38 39 39 40 41 42 42 43 42 41 39 36 32 29 26 23 21 21 22 25 28 3127 812ZN 9 5 439999999999999999999991839 21999999999999999999999
 34 36 37 38 39 39 40 41 41 42 43 43 41 39 36 32 28 25 22 21 21 23 25 2927 813ZN1019 439999999999999999999991927 21999999999999999999999
 32 35 36 38 38 38 38 39 40 41 42 43 43 41 39 35 31 27 24 21 20 21 23 2627 814ZN1128 4399999999999999999999920 8 20999999999999999999999
 30 33 35 36 37 37 36 37 37 38 40 42 43 43 41 38 34 30 25 22 20 19 21 2427 815ZN1224 439999999999999999999992043 19999999999999999999999
 28 31 34 35 36 35 34 34 35 36 37 39 42 43 42 40 37 32 27 23 20 18 19 2127 816ZN 353 361312 4399999999999999 654 342116 1899999999999999
 25 29 32 34 35 34 33 32 32 32 34 36 39 42 42 41 39 34 29 25 21 19 18 2027 817ZN 359 351355 4299999999999999 741 322146 1899999999999999
 23 27 31 33 34 34 32 31 30 30 30 32 36 39 41 41 40 36 32 27 23 20 19 1927 818ZN 412 341436 4199999999999999 829 292214 1899999999999999
 22 26 30 32 34 34 32 30 28 27 28 29 32 35 38 40 40 38 34 29 25 22 20 2027 819ZN 426 341517 4099999999999999 918 272239 2099999999999999
 22 25 29 32 34 34 33 31 28 26 26 26 28 31 35 38 39 38 36 32 28 25 23 2227 820ZN 439 341559 399999999999999910 9 2623 1 2299999999999999
 23 26 29 33 35 35 34 32 29 27 25 24 25 27 31 35 37 37 36 34 31 28 26 2527 821ZN 450 351647 379999999999999911 1 242316 2599999999999999
 25 27 30 34 36 37 36 34 31 28 25 24 24 25 27 31 34 36 36 35 33 31 29 2827 822ZN 5 1 371746 36999999999999991152 242316 2899999999999999
 29 30 32 35 38 39 39 37 34 31 27 25 23 23 24 27 30 33 34 35 34 33 32 3227 823ZN 516 3919 3 35999999999999991245 2323 3 3299999999999999
 32 33 34 36 39 41 41 40 37 34 30 27 24 23 23 24 26 29 32 33 34 34 34 3427 824ZN 538 419999999999999999999991343 23999999999999999999999
 34 35 36 38 40 42 43 42 40 38 34 30 27 24 22 22 23 25 28 30 32 34 35 3527 825ZN 6 9 439999999999999999999991451 22999999999999999999999
 36 37 38 39 41 42 43 44 43 41 38 35 31 27 24 22 21 21 23 25 28 31 33 3527 826ZN 653 449999999999999999999991612 21999999999999999999999
 37 38 39 40 41 42 43 44 44 44 42 40 36 32 27 24 21 19 19 21 23 27 30 3327 827ZN 8 4 449999999999999999999991732 19999999999999999999999
 36 37 38 39 40 41 41 43 44 45 45 44 41 37 33 28 23 19 17 17 19 22 26 3027 828ZN 940 459999999999999999999991840 17999999999999999999999
 34 36 37 38 38 38 39 40 41 43 45 46 45 43 38 33 27 22 18 15 15 17 21 2627 829ZN11 9 469999999999999999999991937 15999999999999999999999
 31 34 36 37 36 36 35 35 37 39 42 45 47 46 44 39 33 27 21 17 14 14 17 2227 830ZN 3 8 371221 4799999999999999 6 9 352027 1499999999999999
 28 32 35 36 35 34 32 31 32 33 36 40 44 47 47 44 39 33 26 20 16 15 15 1927 831ZN 3 8 361325 4799999999999999 717 312112 1599999999999999
 25 30 34 35 35 33 31 28 27 28 29 33 39 43 46 46 43 38 32 26 21 18 17 1827 9 1ZN 321 351426 4699999999999999 821 272154 1799999999999999
 23 29 33 36 36 34 31 28 25 24 24 26 31 37 42 44 44 42 37 31 26 22 20 2027 9 2ZN 340 361528 4499999999999999 925 242231 2099999999999999
 23 28 33 37 38 37 34 29 25 22 21 21 24 29 35 39 42 42 40 36 31 28 25 2427 9 3ZN 4 2 381633 42999999999999991027 2123 5 2499999999999999
 25 29 34 37 39 39 37 33 28 24 21 19 20 23 28 33 37 39 39 38 35 32 30 2927 9 4ZN 426 401741 39999999999999991125 192332 2999999999999999
 29 31 34 38 41 41 40 37 32 28 24 21 19 20 22 27 31 34 36 37 36 35 34 3327 9 5ZN 451 411854 37999999999999991221 192342 3399999999999999
 33 34 36 39 41 43 42 40 37 32 28 24 21 20 20 23 26 29 32 34 35 35 35 3627 9 6ZN 517 439999999999999999999991318 20999999999999999999999
 36 37 38 40 42 43 43 42 40 37 33 29 25 23 21 22 23 26 28 31 33 34 36 3627 9 7ZN 544 439999999999999999999991422 21999999999999999999999
 37 38 39 40 42 43 43 43 42 40 36 33 30 27 24 23 23 23 25 27 30 32 34 3627 9 8ZN 615 439999999999999999999991541 23999999999999999999999
 38 39 40 40 41 42 42 43 42 41 39 37 34 31 28 25 24 23 23 25 27 30 32 3527 9 9ZN 659 4399999999999999999999917 7 23999999999999999999999
 37 38 39 40 40 40 41 41 41 41 41 39 37 34 31 28 25 23 23 23 25 27 30 3327 910ZN 823 419999999999999999999991813 23999999999999999999999
 35 37 38 38 38 38 39 39 40 40 41 40 39 37 34 31 27 24 23 22 23 25 28 3127 911ZN10 2 4199999999999999999999919 1 22999999999999999999999
 33 35 36 36 36 36 36 36 37 38 39 40 40 39 36 33 29 26 23 21 21 22 25 2827 912ZN1119 409999999999999999999991940 21999999999999999999999
 31 34 35 35 35 34 33 33 34 35 37 39 40 40 38 35 31 27 24 21 20 21 23 2627 913ZN 247 351217 4099999999999999 629 332012 2099999999999999
 30 32 34 34 33 32 31 30 30 32 34 36 39 40 39 37 34 30 26 22 21 20 22 2527 914ZN 245 3413 6 4099999999999999 711 302041 2099999999999999
 29 32 33 34 33 31 29 28 27 28 30 33 36 39 39 38 36 32 28 24 22 21 22 2427 915ZN 250 341351 3999999999999999 754 2721 7 2199999999999999
 28 31 33 34 33 31 29 26 25 25 26 29 33 36 38 39 37 34 30 27 24 22 22 2427 916ZN 258 341435 3999999999999999 836 252131 2299999999999999
 28 31 34 35 35 33 29 26 24 23 23 25 29 33 37 38 38 36 33 29 26 25 24 2527 917ZN 3 8 351521 3899999999999999 919 232153 2499999999999999
 28 32 35 37 36 34 31 27 24 22 21 22 25 29 34 37 38 37 35 32 29 28 27 2727 918ZN 319 371612 389999999999999910 2 212211 2799999999999999
 29 33 36 38 38 37 34 30 25 22 20 20 21 25 30 34 36 37 37 35 32 31 30 3027 919ZN 333 3817 8 37999999999999991045 202216 3099999999999999
 31 34 37 40 40 39 37 33 28 24 21 19 19 22 26 30 34 36 36 36 35 33 33 3327 920ZN 352 401812 36999999999999991131 1922 7 3399999999999999
 34 35 38 41 42 42 40 36 32 27 23 21 19 20 22 26 29 32 34 35 35 35 35 3527 921ZN 416 421928 36999999999999991223 192156 3599999999999999
 36 37 39 41 43 43 42 40 36 31 27 23 21 19 20 22 25 28 31 33 34 35 35 3627 922ZN 446 439999999999999999999991322 19999999999999999999999
 37 38 39 41 42 43 43 42 39 36 31 27 24 21 19 19 21 23 26 29 31 33 35 3627 923ZN 525 439999999999999999999991434 19999999999999999999999
 37 38 39 40 41 42 43 43 42 39 36 32 28 24 21 19 19 19 21 24 27 30 33 3427 924ZN 624 439999999999999999999991558 19999999999999999999999
 36 37 38 38 39 40 41 42 42 42 40 37 33 29 25 21 19 17 18 20 23 26 30 3227 925ZN 8 1 429999999999999999999991719 17999999999999999999999
 34 35 36 36 36 37 37 38 40 41 42 40 38 34 30 25 21 18 16 17 19 22 26 3027 926ZN 949 429999999999999999999991823 16999999999999999999999
 33 34 34 34 33 33 33 34 35 38 40 42 41 39 35 30 25 21 18 16 17 19 24 2827 927ZN 158 341117 4299999999999999 533 331916 1699999999999999
 31 33 34 33 31 30 28 28 29 32 36 39 42 42 39 36 31 25 21 18 17 18 22 2627 928ZN 148 341230 4299999999999999 638 2820 1 1799999999999999
 31 33 34 33 31 28 25 24 24 25 29 34 39 41 41 39 36 31 26 22 20 19 21 2627 929ZN 156 341336 4299999999999999 736 242041 1999999999999999
 30 34 35 35 32 29 25 22 20 20 22 27 33 38 40 41 39 35 31 27 24 22 23 2627 930ZN 212 351440 4199999999999999 831 202118 2299999999999999
 30 35 37 37 35 31 26 22 19 17 17 20 25 32 37 39 40 38 35 31 28 27 26 272710 1ZN 233 371545 4099999999999999 925 172150 2699999999999999
 31 35 39 40 38 35 30 25 20 17 15 16 19 25 31 35 38 38 37 35 32 30 30 302710 2ZN 257 401650 39999999999999991016 152217 3099999999999999
 32 36 39 41 41 39 35 29 24 19 16 15 16 20 25 30 34 36 37 36 35 33 33 332710 3ZN 323 411754 379999999999999911 6 152225 3399999999999999
 34 36 40 42 43 41 39 34 28 23 19 17 16 17 21 25 30 33 35 36 36 35 35 352710 4ZN 351 4319 6 36999999999999991155 162132 3599999999999999
 36 37 39 42 43 43 41 37 33 28 23 20 18 17 19 22 25 29 32 34 35 35 36 362710 5ZN 418 439999999999999999999991247 17999999999999999999999
 37 38 39 41 42 42 41 39 36 32 28 24 21 19 19 20 22 25 28 31 33 34 35 362710 6ZN 446 429999999999999999999991344 19999999999999999999999
 37 38 39 40 40 41 41 40 38 35 31 28 25 22 21 20 21 23 25 27 30 32 33 352710 7ZN 516 419999999999999999999991453 20999999999999999999999
 36 37 37 38 38 39 39 39 38 36 34 31 28 26 23 22 21 21 22 24 27 29 31 332710 8ZN 6 0 399999999999999999999991614 21999999999999999999999
 34 35 36 36 36 36 36 37 37 36 35 33 31 28 26 23 21 21 21 22 24 27 29 312710 9ZN 735 379999999999999999999991722 21999999999999999999999
 33 33 34 34 33 33 33 34 34 35 35 34 32 30 28 25 23 21 20 21 22 24 27 30271010ZN 2 3 34 930 3599999999999999 515 331812 2099999999999999
 31 32 32 32 31 30 30 30 31 32 33 34 33 32 30 27 24 22 20 20 21 23 26 28271011ZN 136 3211 1 3499999999999999 6 1 301849 2099999999999999
 30 31 31 30 29 28 27 27 27 29 31 33 33 33 32 29 26 24 21 20 21 22 25 28271012ZN 127 3112 8 3399999999999999 638 271920 2099999999999999
 30 31 31 30 28 26 24 23 24 25 28 31 33 34 33 31 29 26 23 22 21 22 25 28271013ZN 126 3113 4 3499999999999999 714 231947 2199999999999999
 31 32 32 31 28 25 23 21 20 21 24 28 31 33 34 33 31 28 26 24 23 23 25 28271014ZN 130 321356 3499999999999999 751 202012 2399999999999999
 31 33 34 32 30 26 22 20 18 18 20 24 28 32 34 34 33 31 28 26 25 25 26 29271015ZN 139 341447 3499999999999999 828 182036 2599999999999999
 32 35 36 35 32 28 24 20 17 16 17 20 25 29 33 35 35 34 31 29 28 27 28 30271016ZN 153 361540 3599999999999999 9 7 162056 2799999999999999
 33 36 38 37 35 31 26 21 17 15 14 16 20 26 30 34 35 35 34 32 30 30 30 31271017ZN 213 381633 3599999999999999 947 1421 9 3099999999999999
 34 37 39 40 38 35 30 24 19 15 13 13 16 21 26 31 34 35 35 34 32 32 32 33271018ZN 237 401730 35999999999999991030 132111 3299999999999999
 34 37 40 41 40 38 34 28 23 18 14 13 13 16 21 26 30 33 34 34 34 33 33 34271019ZN 3 7 411832 34999999999999991118 132111 3399999999999999
 35 37 40 42 42 40 37 33 27 22 17 14 13 14 17 21 25 29 31 33 33 33 34 34271020ZN 341 429999999999999999999991211 13999999999999999999999
 35 36 38 40 42 41 40 36 32 26 21 17 15 13 14 16 20 24 27 30 31 32 33 34271021ZN 422 429999999999999999999991312 13999999999999999999999
 35 35 37 38 40 40 40 39 35 31 26 22 18 15 14 14 16 19 22 25 28 30 31 32271022ZN 516 409999999999999999999991422 14999999999999999999999
 33 34 34 35 36 37 38 38 37 35 31 27 23 19 16 14 14 15 18 21 25 27 29 31271023ZN 632 389999999999999999999991538 14999999999999999999999
 31 32 32 32 32 33 34 35 36 36 34 31 28 24 20 17 15 14 15 18 21 25 27 29271024ZN 813 369999999999999999999991649 14999999999999999999999
 30 30 30 29 28 28 29 30 32 34 35 34 32 29 25 21 18 16 15 17 19 23 26 29271025ZN 032 30 958 3599999999999999 440 281749 1599999999999999
 30 30 29 27 25 24 24 24 27 30 32 34 34 32 29 26 22 19 18 17 19 22 26 29271026ZN 023 301129 3499999999999999 551 241838 1799999999999999
 31 31 29 27 24 21 20 19 20 23 27 31 33 34 33 30 27 24 21 20 20 22 26 30271027ZN 031 311248 3499999999999999 648 191921 2099999999999999
 32 33 31 28 25 21 17 15 15 17 21 26 30 33 34 33 31 28 25 24 23 24 27 30271028ZN 047 3314 0 3499999999999999 741 151958 2399999999999999
 34 35 34 32 28 22 18 14 12 12 15 20 25 30 33 34 34 32 29 27 26 27 28 31271029ZN 1 9 3515 7 3499999999999999 830 122029 2699999999999999
 35 37 37 35 32 26 21 16 12 10 11 14 20 26 30 33 34 34 32 30 29 29 30 32271030ZN 135 3716 9 3499999999999999 917 102053 2999999999999999
 35 38 39 38 36 31 25 19 14 11 10 11 15 21 26 30 33 34 34 33 32 31 32 33271031ZN 2 5 3917 7 349999999999999910 2 1021 1 3199999999999999
 35 38 40 40 39 35 30 23 18 13 11 10 12 16 22 27 30 33 34 33 33 32 33 332711 1ZN 236 4018 5 34999999999999991047 102049 3299999999999999
 35 37 39 41 40 38 33 28 22 17 14 11 11 14 18 23 27 30 32 33 33 33 33 342711 2ZN 3 9 419999999999999999999991131 11999999999999999999999
 35 36 38 39 40 39 36 31 26 21 17 14 13 13 15 19 23 26 29 31 31 32 32 332711 3ZN 342 409999999999999999999991217 13999999999999999999999
 34 35 36 37 38 38 36 33 29 25 21 17 15 14 15 17 20 23 26 28 29 30 31 312711 4ZN 416 3899999999999999999999913 7 14999999999999999999999
 32 33 34 35 35 36 35 34 31 27 24 20 17 16 15 16 17 20 22 25 27 28 29 302711 5ZN 453 3699999999999999999999914 1 15999999999999999999999
 30 31 31 32 32 33 33 32 31 28 26 23 20 18 16 16 16 18 20 22 24 26 27 282711 6ZN 539 3399999999999999999999915 0 16999999999999999999999
 29 29 29 29 29 29 30 30 29 28 27 24 22 20 18 17 16 17 18 20 22 25 26 272711 7ZN 650 309999999999999999999991558 16999999999999999999999
 27 27 27 26 26 26 26 27 27 27 27 25 24 22 20 18 17 17 18 19 21 24 25 272711 8ZN 013 27 838 272357 279999999 449 261647 1799999999999999
 27 27 26 24 23 23 22 23 24 25 26 26 25 24 22 21 19 18 18 19 21 23 26 272711 9ZN1034 262354 2799999999999999 542 221727 1899999999999999
 27 27 25 23 21 20 19 19 20 22 24 25 26 25 24 23 21 20 20 20 22 24 26 28271110ZN12 3 262358 2999999999999999 622 1918 0 2099999999999999
 29 28 26 24 21 18 17 16 17 19 22 24 26 27 26 25 24 23 22 22 23 25 27 29271111ZN1314 27999999999999999999999 657 161830 2299999999999999
 30 30 28 25 21 18 15 13 13 15 18 22 25 27 28 28 27 25 24 24 25 26 28 31271112ZN 0 9 301415 2899999999999999 733 131859 2499999999999999
 33 33 31 28 23 19 15 12 11 11 14 19 23 27 29 30 29 28 27 26 26 27 29 32271113ZN 028 331510 3099999999999999 811 111925 2699999999999999
 34 35 34 31 27 21 16 12  9  8 10 14 19 24 28 30 31 30 29 28 28 29 30 32271114ZN 054 3516 1 3199999999999999 851  81948 2899999999999999
 35 37 37 35 31 26 19 14  9  7  7  9 14 20 25 29 31 31 31 30 29 30 30 32271115ZN 126 371653 3199999999999999 934  720 7 2999999999999999
 35 38 39 38 35 30 24 17 12  8  6  6  9 15 21 25 29 31 31 30 30 30 31 32271116ZN 2 3 391747 31999999999999991021  62023 3099999999999999
 34 37 39 39 38 34 29 23 16 10  7  5  6  9 15 20 25 28 30 30 30 29 30 31271117ZN 246 409999999999999999999991112  5999999999999999999999
 32 34 37 39 39 37 33 28 21 15 10  7  5  6 10 15 19 23 26 28 28 28 29 29271118ZN 334 3999999999999999999999912 7  5999999999999999999999
 30 31 34 36 37 37 35 32 26 20 15 10  7  6  7 10 14 19 22 25 26 27 27 27271119ZN 428 3899999999999999999999913 4  6999999999999999999999
 28 28 30 31 33 35 35 33 30 25 20 15 11  8  7  8 11 15 18 22 24 25 25 26271120ZN 531 3599999999999999999999914 5  7999999999999999999999
 26 26 26 26 28 30 31 32 31 28 24 20 16 13 10  9 10 12 16 19 22 24 25 25271121ZN 646 322225 259999999999999915 5  9999999999999999999999
 24 23 23 22 23 24 26 27 28 28 27 24 21 18 15 13 12 13 15 18 21 24 25 25271122ZN 821 282239 2599999999999999 311 2216 2 1299999999999999
 24 23 21 19 18 18 19 21 23 25 26 26 24 22 19 17 16 15 16 18 21 24 26 26271123ZN1010 262258 2699999999999999 439 181654 1599999999999999
 26 24 21 19 16 14 14 15 17 20 23 25 25 25 23 22 20 19 19 20 22 25 27 29271124ZN1155 252320 2999999999999999 549 141740 1999999999999999
 28 26 23 20 16 13 11 10 12 15 19 22 25 26 26 25 24 23 22 22 24 26 29 31271125ZN1329 262346 3199999999999999 647 101819 2299999999999999
 31 30 27 23 18 14 10  8  8 10 13 18 22 25 27 27 27 26 25 25 25 27 29 32271126ZN1448 27999999999999999999999 739  81850 2599999999999999
 33 33 31 27 22 16 12  8  6  6  9 14 19 23 26 28 28 28 27 27 27 28 30 32271127ZN 017 331551 2899999999999999 825  61912 2799999999999999
 35 35 34 31 26 21 15 10  7  5  6 10 15 20 24 27 29 29 29 28 28 29 30 32271128ZN 052 351642 2999999999999999 9 9  51928 2899999999999999
 34 36 36 34 30 25 19 13  9  6  5  7 11 16 21 25 28 29 29 29 28 29 30 31271129ZN 130 361726 2999999999999999 950  51948 2899999999999999
 33 35 36 36 33 29 23 17 12  8  6  6  8 12 17 22 26 28 28 28 28 28 29 30271130ZN 2 9 369999999999999999999991031  5999999999999999999999
 31 33 35 36 34 31 27 21 15 11  7  6  6  9 14 18 22 25 27 27 27 27 27 282712 1ZN 249 369999999999999999999991112  6999999999999999999999
 29 31 33 34 34 32 29 24 19 13 10  7  6  8 11 15 19 22 24 25 25 25 25 262712 2ZN 329 349999999999999999999991153  6999999999999999999999
 27 28 30 31 32 31 29 26 21 16 12  9  7  7  9 12 15 19 21 23 24 24 24 242712 3ZN 4 8 329999999999999999999991233  7999999999999999999999
 24 25 26 28 29 29 28 26 22 18 14 11  9  8  8 10 13 16 19 21 22 22 22 222712 4ZN 447 299999999999999999999991313  8999999999999999999999
 22 23 23 24 25 26 26 25 23 20 16 13 11 10  9 10 12 15 17 19 21 22 22 212712 5ZN 529 262135 22999999999999991349  9999999999999999999999
 21 21 20 21 21 22 22 22 21 20 18 15 13 12 11 11 12 14 17 19 20 21 22 212712 6ZN 622 232147 2299999999999999 2 3 201421 1199999999999999
 20 19 18 18 18 18 19 19 20 19 18 17 15 14 13 13 14 15 17 19 21 22 22 222712 7ZN 747 202156 2299999999999999 343 181448 1399999999999999
 21 19 18 16 15 15 15 16 17 18 18 18 17 17 16 16 16 17 18 20 22 23 24 232712 8ZN10 2 1822 8 2499999999999999 454 1515 8 1699999999999999
 22 20 18 15 13 12 12 13 14 16 17 18 19 19 19 18 18 19 20 21 23 25 26 262712 9ZN1218 192226 2699999999999999 545 121525 1899999999999999
 24 22 19 16 13 10  9  9 11 13 16 18 20 21 21 21 21 21 22 23 24 26 28 28271210ZN2253 28999999999999999999999 629  9999999999999999999999
 27 25 22 18 14 10  7  6  7  9 13 16 20 22 23 23 23 23 23 24 25 27 29 31271211ZN2329 31999999999999999999999 711  6999999999999999999999
 31 29 26 21 16 11  7  4  4  5  8 13 18 21 24 25 25 25 25 25 26 27 30 32271212ZN9999999999999999999999999999 754  4999999999999999999999
 33 32 30 26 20 14  9  4  2  1  4  8 13 18 22 25 26 26 26 26 26 27 29 31271213ZN 011 33999999999999999999999 839  1999999999999999999999
 34 35 34 30 25 19 12  6  2 -1 -1  2  8 14 19 23 25 26 26 25 25 26 27 29271214ZN 1 0 35999999999999999999999 927 -1999999999999999999999
 32 35 36 34 30 25 18 10  4  0 -2 -2  2  8 14 19 22 24 25 24 24 24 25 27271215ZN 152 361753 25999999999999991017 -220 9 2499999999999999
 29 32 35 35 34 30 24 16  9  3 -1 -3 -2  2  8 14 18 21 23 23 22 22 22 23271216ZN 246 361832 239999999999999911 9 -32059 2299999999999999
 25 28 31 34 34 32 28 22 15  8  2 -1 -3 -1  3  9 14 18 20 21 21 20 20 20271217ZN 342 3419 9 219999999999999912 0 -322 6 2099999999999999
 21 23 26 29 31 32 30 26 20 13  7  3  0 -1  1  5 10 15 18 20 20 19 18 18271218ZN 439 321943 20999999999999991249 -12355 1899999999999999
 18 18 20 22 25 28 28 26 23 18 13  8  5  2  2  4  8 13 16 19 20 19 18 17271219ZN 542 282014 20999999999999991336  2999999999999999999999
 16 15 15 16 18 21 23 24 23 20 17 13 10  7  6  6  9 12 16 18 20 20 19 18271220ZN 655 242043 2099999999999999 136 151420  699999999999999
 16 14 12 12 12 14 17 19 20 20 19 17 14 12 11 10 11 13 16 19 21 22 21 20271221ZN 831 202112 2299999999999999 3 2 1215 0 1099999999999999
 17 15 12 10  9  9 10 12 15 17 18 18 17 16 15 15 15 16 18 20 22 24 24 23271222ZN1036 182142 2499999999999999 424  81530 1599999999999999
 20 17 14 11  8  6  6  7  9 12 15 17 18 19 19 19 19 19 20 21 23 25 26 26271223ZN2216 26999999999999999999999 540  6999999999999999999999
 24 21 17 13  9  6  4  4  5  8 11 15 17 19 20 21 21 21 22 23 24 26 28 28271224ZN2256 28999999999999999999999 643  3999999999999999999999
 27 25 21 17 12  8  5  2  2  4  7 12 15 19 21 22 23 23 23 24 25 26 28 29271225ZN2340 30999999999999999999999 736  2999999999999999999999
 29 28 25 21 16 11  7  3  1  2  4  8 13 17 20 22 23 23 24 24 25 26 27 29271226ZN9999999999999999999999999999 822  1999999999999999999999
 30 30 28 25 20 15 10  5  2  1  2  5 10 14 18 21 23 23 23 23 24 24 26 27271227ZN 028 30999999999999999999999 9 3  1999999999999999999999
 29 31 30 28 24 19 13  8  3  1  0  2  6 11 16 19 21 22 22 22 22 23 24 25271228ZN 115 31999999999999999999999 943  0999999999999999999999
 27 29 30 29 26 22 16 10  5  2  0  0  3  7 12 17 19 21 21 21 20 20 21 22271229ZN 2 1 301743 21999999999999991020  02015 2099999999999999
 24 27 29 29 28 24 19 13  8  3  0  0  1  4  9 13 17 19 20 19 19 18 19 20271230ZN 243 2918 7 20999999999999991056  02059 1899999999999999
 21 23 26 27 27 25 21 16 10  5  2  0  0  2  6 10 14 17 18 18 17 16 16 17271231ZN 324 271830 18999999999999991130  02149 1699999999999999
