125132130121107 93 84 82 89103122141155162159147128105 84 67 59 59 68 8227 1 1ZO 116132131216299999999999999 643 822027 5899999999999999
 99114125128125116106 99 96101112127143155161157145125101 78 59 48 47 5527 1 2ZO 25912814 816199999999999999 751 962137 4699999999999999
 71 91111126134134127117107103104113127142155161157144122 95 69 48 36 3527 1 3ZO 42813515 916199999999999999 9151022232 3499999999999999
 46 66 91115134143143135122109102103112127144158163158142116 86 57 34 2327 1 4ZO 52814516 41639999999999999910251012317 2399999999999999
 26 43 68 98125145153150137120105 97 99111130149164168159138107 73 42 2027 1 5ZO 6111531652168999999999999991117 972356 1399999999999999
 14 23 45 77111139156160151133112 97 91 97114137158171172158130 94 57 2627 1 6ZO 6451601733174999999999999991158 91999999999999999999999
  9  9 26 55 92127153165161145123101 88 87 99122147168179173152117 77 4027 1 7ZO 716165181017999999999999999 030  71233 8699999999999999
 13  2 11 36 72110143163168156134109 89 81 87106132159178182169140101 5927 1 8ZO 745168184518399999999999999 1 3  213 6 8199999999999999
 24  4  3 21 53 92129157169165146120 95 80 78 91116145170183180159124 8227 1 9ZO 813170191918499999999999999 134  11337 7799999999999999
 43 14  3 12 37 74114147167170157132105 83 73 79 9812615517618317214410627 110ZO 840171195318399999999999999 2 4  314 9 7399999999999999
 65 30 11 10 28 59 98134160171165145118 92 74 71 8310713616117717615812727 111ZO 9 7171202817899999999999999 233  81443 7099999999999999
 88 51 25 15 24 49 84121151168170156131103 81 69 72 8811314116217116414227 112ZO 93417121 517199999999999999 3 2 151519 6899999999999999
110 75 45 28 28 44 73107139162170164144118 92 73 66 73 9111614015716115027 113ZO10 3170214616199999999999999 331 261559 6699999999999999
127 98 69 47 39 46 66 95126151166167155133106 82 67 64 73 9111413414714827 114ZO1035168223614999999999999999 4 3 391646 6399999999999999
137117 93 71 57 55 66 87113138157165161146123 98 76 63 60 69 8510512313527 115ZO1111165234213799999999999999 439 541743 6099999999999999
136129114 96 81 72 74 85103124144158162156140118 93 72 58 54 60 74 9210927 116ZO1155162999999999999999999999 523 721854 5499999999999999
123129127118107 96 90 90 98112129145156159154139117 92 68 51 43 45 57 7527 117ZO 115129125416099999999999999 625 892016 4399999999999999
 96114127132129122112104101105114128143155161157143120 92 64 41 28 27 3827 118ZO 3 813214 816199999999999999 7591012134 2699999999999999
 59 85111131143144137126113105104111124142158167166152126 92 57 27  9  727 119ZO 439145152416899999999999999 9391032239  699999999999999
 20 47 81114142157160150133114101 97104121143164178178162131 91 48 12 -927 120ZO 5401601631180999999999999991052 972334-1299999999999999
-10  8 41 83124156172171156132108 91 87 97119148175191191171134 85 36 -327 121ZO 6271741729194999999999999991148 86999999999999999999999
-24-21  4 45 93138171184177154124 96 78 76 92120155186203200174131 77 2527 122ZO 7 9184182220499999999999999 024-251236 7599999999999999
-14-31-22 10 58110155183190175145110 80 65 68 89124162194209201171122 6627 123ZO 747190191120999999999999999 1 9-311320 6499999999999999
 16-18-28-11 28 79130171191189166131 94 65 54 63 9012816719620719415911027 124ZO 824193195820799999999999999 151-2814 3 5499999999999999
 57 12-13-13 11 53104150182193181152114 78 54 48 63 9313116719119617914427 125ZO 858193204419799999999999999 231-161446 4899999999999999
 97 51 16  2 10 39 82128166187187168135 97 65 47 47 65 9513016117817816027 126ZO 931190213018199999999999999 3 8  11530 4599999999999999
127 87 51 28 24 40 71110147174184176152118 84 58 46 50 68 9612514916015727 127ZO10 2185221716199999999999999 343 231615 4699999999999999
140112 83 59 47 51 69 99131158175176162136106 77 57 49 54 70 9311513314127 128ZO1034177231214199999999999999 415 4617 5 4999999999999999
137124105 86 72 68 77 95119142160168163148124 98 75 59 53 57 69 8610311627 129ZO11 8168999999999999999999999 448 6818 4 5399999999999999
123123116105 95 88 89 97111128144155158152137118 96 77 63 56 57 64 76 8927 130ZO 026124114915899999999999999 526 881924 5699999999999999
102111116116112108104104109118128139146148144133117 99 80 65 55 51 55 6527 131ZO 228117125014899999999999999 6281042059 5199999999999999
 79 94108118123124120115112112115122131139144143135121102 81 62 48 42 4427 2 1ZO 432124142014499999999999999 8361112213 4199999999999999
 55 73 93113128135135129119111106108115126137146147140125102 77 54 37 3027 2 2ZO 529136154314899999999999999101710623 4 3099999999999999
 35 51 75101125141147142130115103 96 99110126143154156146126 98 67 40 2327 2 3ZO 6 31471641156999999999999991112 962344 1999999999999999
 20 31 54 85115140154154143124104 90 87 94112133153165164149121 86 52 2527 2 4ZO 6321561726166999999999999991150 86999999999999999999999
 12 15 35 66102134156163155135111 90 78 80 95120146167176168145109 70 3427 2 5ZO 65716318 317699999999999999 017 111222 7799999999999999
 11  6 19 48 85123153168165148121 94 74 69 79102132161179181165133 92 5127 2 6ZO 722169183718399999999999999 048  51252 6999999999999999
 19  4  9 32 69110146168173160134103 76 62 64 83114147174186180155116 7227 2 7ZO 745174191018799999999999999 116  31321 6199999999999999
 34 10  6 22 54 96136165177170147115 82 60 54 65 92127160182186171138 9627 2 8ZO 8 8178194318799999999999999 143  51351 5399999999999999
 55 23 10 17 43 82123158178178160129 94 64 48 51 7110313916818317915611927 2 9ZO 831180201718499999999999999 2 9 101422 4799999999999999
 78 43 21 19 37 70110148173181170144108 74 50 42 53 7911314617017716513827 210ZO 855182205317799999999999999 235 181455 4299999999999999
102 66 39 29 38 63 98135165180176156124 89 59 41 41 58 8611914716416514927 211ZO 920181213316799999999999999 3 3 291531 3999999999999999
122 90 62 46 46 61 89122152172177165140107 74 50 39 43 62 9011814115315027 212ZO 947177221915399999999999999 331 441611 3899999999999999
135111 87 68 61 67 85111138160171168152125 95 67 47 40 46 63 8711112913827 213ZO1018172231813999999999999999 4 3 6117 1 4099999999999999
136125108 92 81 80 88105125145159164158141117 91 66 49 42 46 59 77 9711427 214ZO1057164999999999999999999999 440 7918 8 4299999999999999
124127122114105 99 98104115129143153156151138118 95 72 53 42 40 47 62 8027 215ZO 050127115515699999999999999 534 981942 4099999999999999
 99114124128126121116112112116124135144151151143128105 80 56 38 29 31 4427 216ZO 3 8128133215299999999999999 7301112118 2899999999999999
 64 89112130141143137127116109108113125139152159156142118 86 54 28 13 1327 217ZO 442143151615999999999999999 9421072231 1199999999999999
 27 54 87119144158158147130111 97 93100116138160173173158127 88 47 14 -327 218ZO 5331601631175999999999999991053 932325 -599999999999999
 -2 19 53 95134162174169149122 96 79 76 88113144172189189169131 83 37  127 219ZO 6111741729192999999999999991143 75999999999999999999999
-15 -7 21 64112154180185171142107 76 59 61 80114152185203198171127 74 2527 220ZO 646186181920499999999999999 011-151226 5899999999999999
 -7-17 -1 36 85135174193188163125 85 55 42 51 79119162195208198165116 6327 221ZO 71919419 520999999999999999 052-1713 6 4299999999999999
 18 -8 -8 17 61112159190198182147104 63 37 31 48 8212616819720518815110227 222ZO 750198194920599999999999999 130-111345 3199999999999999
 53 17  2 12 45 91140178198193167126 82 45 26 28 51 8913217019219217113327 223ZO 819199203219599999999999999 2 5  21423 2499999999999999
 89 49 24 21 41 77121162189195180146104 63 33 23 32 59 9713516517917315027 224ZO 847196211317999999999999999 237 2015 1 2299999999999999
116 80 52 40 47 72108145175189184160124 85 51 30 27 41 6810213215416115227 225ZO 914189215616199999999999999 3 7 401540 2699999999999999
131104 78 62 61 74100131158176179166140106 73 47 35 37 52 7610212513914127 226ZO 941180224314299999999999999 336 591621 3499999999999999
133117 98 84 78 83 98120143161169164148123 95 69 51 44 48 61 79 9811412327 227ZO10 9169234512599999999999999 4 3 7817 8 4499999999999999
125120111101 95 94101114129144153155148133113 92 73 60 54 56 64 76 8910127 228ZO1043156999999999999999999999 433 941815 5499999999999999
110115116114110108109113120128136142142137126112 96 81 69 61 58 61 68 7927 3 1ZO 141116113514299999999999999 52110820 0 5899999999999999
 91103113120123122119117115116120125130133133128118105 89 74 61 53 52 5827 3 2ZO 416123132613499999999999999 8 71152139 5299999999999999
 71 87105120131135132125117109106108115124133138137128113 93 72 54 43 4227 3 3ZO 5 613515211389999999999999910 71062238 4199999999999999
 51 68 91114133144145137123108 97 93 98110125140149148137116 90 63 42 3127 3 4ZO 5351461627150999999999999991057 932319 3199999999999999
 34 49 75104131150156150134113 93 82 81 93112135153162158140112 79 49 2927 3 5ZO 6 01561712163999999999999991131 802351 2399999999999999
 23 33 57 90124150164162146121 95 75 67 75 95122150169174162136100 63 3427 3 6ZO 62316517491749999999999999912 1 67999999999999999999999
 19 22 42 75113147168173160134102 73 57 57 74103137166182179159124 84 4727 3 7ZO 645174182318399999999999999 020 181229 5599999999999999
 22 16 31 61101140169180173148113 78 52 43 53 80117153180189177148108 6627 3 8ZO 7 6181185718999999999999999 048 161258 4399999999999999
 34 19 24 49 88129164184183163128 88 54 34 35 56 91132167188188168132 9027 3 9ZO 728186193119199999999999999 114 181327 3299999999999999
 52 29 25 42 76117156182190176144103 62 33 23 35 6410414517518818015311527 310ZO 75119020 618899999999999999 141 241358 2399999999999999
 76 46 33 41 67104144175190185160121 78 42 21 20 40 7511615317618116613727 311ZO 814191204418199999999999999 2 8 331431 1899999999999999
101 68 49 47 63 94130163184188172139 98 58 29 16 24 49 8512315316916815027 312ZO 840189212517199999999999999 236 4515 7 1699999999999999
122 93 70 60 67 88118149173183177154120 81 47 25 20 32 58 9012214615615227 313ZO 9 8184221215799999999999999 3 6 601547 1999999999999999
136114 92 79 77 88109134157172175163138106 73 45 29 28 40 62 8911513314127 314ZO 940175231414299999999999999 338 761637 2699999999999999
139128113100 93 95106122140156164162150129102 75 53 39 36 44 60 8110111827 315ZO1021165999999999999999999999 417 931745 3699999999999999
128131127120113109110116125136146152152144129109 86 65 49 41 42 51 67 8727 316ZO 053131112715399999999999999 5221091924 4099999999999999
106122132135133128122117115118124133141146146138123101 77 55 40 34 39 5427 317ZO 3 7135132814799999999999999 75411521 3 3499999999999999
 76101124141149148139126113104102107119135149157154140116 86 56 33 22 2627 318ZO 422150151815799999999999999 9471012214 2299999999999999
 45 73106136157165159143120 99 84 81 91110135158172172156125 88 51 23 1227 319ZO 5 51651629174999999999999991045 8123 6 1299999999999999
 20 45 81121154175178163136105 77 61 62 78107141171188186164127 83 42 1527 320ZO 5391791724189999999999999991129 602349  899999999999999
  8 23 56 99142175189183158121 82 53 40 47 73111151184199192164122 74 3527 321ZO 61119018121999999999999999912 9 40999999999999999999999
 13 14 37 78124166192196178142 98 57 30 24 40 75119162192202189156111 6527 322ZO 641198185720299999999999999 028 101246 2499999999999999
 32 19 30 61105151186201193164120 73 35 15 17 42 82128169194197178142 9827 323ZO 710201193919999999999999999 1 3 191323 1399999999999999
 59 36 33 53 90133173197200180142 95 50 19  8 20 51 9313717118918516212627 324ZO 737201201919099999999999999 136 321358  899999999999999
 88 59 47 55 81118156186197188159117 72 34 12 11 30 6410414216817716714327 325ZO 8 4197205917799999999999999 2 7 471433  999999999999999
112 83 65 63 79107140170188188169136 95 56 27 15 22 44 7711214115916114927 326ZO 830190213916299999999999999 236 6215 8 1599999999999999
128103 84 76 82101127154174181172148115 79 49 29 25 36 59 8711513614614527 327ZO 857181222314799999999999999 3 5 761545 2599999999999999
134117101 91 90100117138157168167153130101 73 50 39 39 51 70 9211212713427 328ZO 926169231813499999999999999 334 891627 3899999999999999
132124114105101103112126140151156151138118 95 75 59 51 52 61 75 9110611727 329ZO10 0156999999999999999999999 4 91001722 5199999999999999
124125122118113111113118126134140142138128114 98 83 70 63 61 65 73 85 9827 330ZO 048125104914299999999999999 5 61111849 6199999999999999
110120126128126122118116115118123128131131127119107 93 80 69 62 62 68 7927 331ZO 259128123413299999999999999 7331152035 6199999999999999
 94110124134137135128119111106106110118127133134129118102 84 68 58 55 6227 4 1ZO 4 8138144313499999999999999 9311052147 5599999999999999
 76 96117135146148141128112 99 91 92101115130142146140126105 82 62 50 4927 4 2ZO 4431491557146999999999999991024 912234 4899999999999999
 60 80106132151159155140119 97 81 75 81 97119141155159149129101 73 52 4227 4 3ZO 5101591646159999999999999991059 752311 4299999999999999
 47 65 93125151167168154130101 75 61 61 75101130156170169153125 92 62 4327 4 4ZO 5341701727171999999999999991130 592342 3899999999999999
 39 53 80114148171179169144110 76 52 43 52 77111146171182174150115 79 5127 4 5ZO 55717918 41829999999999999912 0 43999999999999999999999
 39 44 67102139170186183161125 84 50 30 30 50 84125161184188172141103 6827 4 6ZO 620187184118999999999999999 012 381230 2799999999999999
 46 42 58 89128164188193177143 99 56 25 14 24 54 96140174191187164129 9127 4 7ZO 644194191919299999999999999 042 4113 1 1499999999999999
 61 48 54 78114153183197190162120 73 32  8  6 27 6411015218119118015211727 4 8ZO 710197195819199999999999999 112 471335  499999999999999
 83 61 57 72102138172194196178142 96 50 16  0  8 35 7612015818018316813927 4 9ZO 738198203918499999999999999 143 561411  099999999999999
107 81 68 73 93124157183194187161121 76 36  9  2 15 46 8612615717317115527 410ZO 8 8195212417499999999999999 215 681450  299999999999999
129104 86 81 90112140166184187173144106 65 32 12 11 26 56 9112515016115827 411ZO 842188221716199999999999999 250 801535  999999999999999
144124106 95 95106125147166177175159132 98 64 37 23 23 37 61 9111813914927 412ZO 921178232515099999999999999 330 931630 2199999999999999
148139126113106107116130145158165162149127100 72 50 36 34 43 62 8610912827 413ZO1013165999999999999999999999 4241061740 3399999999999999
140144140132123116114117124134145151152145130110 86 64 49 42 45 59 7910227 414ZO 058144113715399999999999999 55711419 9 4299999999999999
123139148148142131120111108110118129141148149141124102 77 57 45 44 54 7427 415ZO 233149133615099999999999999 8 61082036 4399999999999999
 99125146158159150134116100 91 91100116135151159155139115 86 60 44 41 5227 416ZO 337160151215999999999999999 930 902143 4099999999999999
 75105136159171169154130103 81 69 70 85108136159171169151122 89 59 42 4027 417ZO 4211721621172999999999999991024 682235 3999999999999999
 55 84119152176183174149116 83 58 47 53 75107142169183178157123 87 57 4227 418ZO 45718317151839999999999999911 8 472319 4199999999999999
 45 66100139171190190170136 96 59 34 29 43 73112151179191182155119 82 5527 419ZO 52919218 3191999999999999991147 282358 4699999999999999
 46 56 84122160188198188158116 72 35 16 18 41 78122161186192178148111 7727 420ZO 6 01981847193999999999999991225 14999999999999999999999
 57 56 74106145178198198177138 92 48 17  6 17 47 8913316818818816913710327 421ZO 629201192919199999999999999 034 5413 0  699999999999999
 75 63 70 94129164190200189158115 69 30  7  5 24 5910214217218417815612527 422ZO 65820020 918499999999999999 1 8 631335  399999999999999
 96 77 74 88115148177194193172137 93 51 19  6 13 38 7411414917017616414227 423ZO 727196204817699999999999999 140 7314 9  699999999999999
115 93 82 87105133161182189179153115 75 40 18 14 27 54 8912415116516415027 424ZO 756189212716699999999999999 212 821444 1399999999999999
130108 94 91100120145167179178162134 98 64 37 24 27 43 7010112814815615227 425ZO 82618122 815699999999999999 244 901520 2399999999999999
139122107 98100112130150165171164146119 88 61 42 35 41 58 8210712914214727 426ZO 9 0171225814799999999999999 320 9816 1 3599999999999999
142132119109105108119133148157159150133110 86 65 52 48 55 70 8910912613727 427ZO 939159999999999999999999999 4 21051649 4899999999999999
141138130121114111113120130140147147140126108 89 73 63 60 64 76 9110812327 428ZO 0 2141103114899999999999999 5 51111752 6099999999999999
134139139134126118113112115122130136138135126112 97 82 72 67 69 78 9110827 429ZO 125140115513899999999999999 6451121912 6799999999999999
124137144145140130119110104105110119128135136131120106 90 77 69 69 77 9227 430ZO 238145134413699999999999999 8261042030 6899999999999999
111130145153153144130113 99 91 90 98111126138144141130113 94 78 68 68 7827 5 1ZO 328154151014499999999999999 930 892129 6799999999999999
 97119141158164159144122 99 81 72 76 89109131148156152138116 93 75 66 6827 5 2ZO 4 41641611156999999999999991014 722216 6599999999999999
 83107134158172173160135105 78 59 54 63 85114141161168161142115 89 71 6427 5 3ZO 4341741659168999999999999991051 532256 6499999999999999
 73 94123152175184176153119 82 52 36 38 56 87123155175179166141111 84 6827 5 4ZO 5 31841743180999999999999991125 352333 6599999999999999
 67 82110142172190190172138 96 56 28 17 27 56 95136169186185167137105 8027 5 5ZO 53219218261889999999999999912 0 17999999999999999999999
 69 75 97129162188199189161118 72 31  7  5 24 61106149180192186162130 9927 5 6ZO 6 219919 819399999999999999 0 9 681237  399999999999999
 79 74 87114148179199201182145 97 49 13 -5  1 28 6911615818519218115512327 5 7ZO 635203195219399999999999999 046 741316 -699999999999999
 96 82 83102131164191203197170128 79 34  2 -8  4 36 7912516218418717214727 5 8ZO 710204203918899999999999999 124 801357 -899999999999999
118 97 88 95116145174195200187157113 67 26  1 -3 13 46 8812916217917816327 5 9ZO 749201212818199999999999999 2 3 881443 -499999999999999
140116100 96106126152176192192176145104 62 28  8  8 25 56 9413015817117027 510ZO 833194222417299999999999999 247 961533  699999999999999
156137117105103113131152172183181165137102 66 37 21 21 37 65 9812915316427 511ZO 923184232616599999999999999 3391031629 1999999999999999
164153137121110107114128145161170170157135105 75 50 36 35 48 7110012814927 512ZO1026171999999999999999999999 4461071733 3499999999999999
161162154139124112106108118132147157160154137114 88 65 51 48 57 7710212827 513ZO 035163115016099999999999999 6121061844 4799999999999999
150163165157142124108 98 96103116132146155155144125101 78 63 57 64 8210727 514ZO 142165132715699999999999999 744 961955 5799999999999999
133155169171161143120 99 84 79 85100120140155160153136112 89 71 65 71 8927 515ZO 240171145516099999999999999 858 7921 1 6599999999999999
115142165178177163139111 84 66 60 68 87113139159167162145120 95 77 70 7827 516ZO 32717916 716799999999999999 956 602157 7099999999999999
 98126154176186180160129 95 65 47 43 55 80112143166175169150123 97 80 7627 517ZO 4 818617 6175999999999999991044 422246 7699999999999999
 87110140168187191179151114 76 46 29 30 49 80117151174181172150122 97 8227 518ZO 4461921756181999999999999991126 272330 8099999999999999
 82 98124154181195192171137 95 56 28 17 25 50 87126160180183170146118 9527 519ZO 52119618411849999999999999912 5 17999999999999999999999
 85 90110139168190197186158118 75 38 16 12 28 59 9913816818318116413811227 520ZO 554197192218599999999999999 010 851241 1199999999999999
 94 89100124153179195194175141 99 57 25 10 15 37 7211314917418217515412927 521ZO 62819620 118299999999999999 047 891317  999999999999999
106 94 96112137164186194186160123 81 44 19 12 24 51 8812615717517716514327 522ZO 7 1194203817899999999999999 122 931352 1299999999999999
120102 96104123148172188189173144106 67 36 19 20 38 6810413716217316915427 523ZO 734190211417399999999999999 157 961427 1899999999999999
133113101100112133156176185179159128 92 59 35 26 33 54 8411714516316716027 524ZO 8 9185215216899999999999999 232 9915 3 2699999999999999
144125109102106119139160174177168146115 83 56 39 37 48 70 9912714916116227 525ZO 846178223316399999999999999 3101021541 3699999999999999
152137120108105110124142158168168156134107 80 59 48 49 63 8411013415115927 526ZO 928169231815999999999999999 3541051622 4799999999999999
157147133119109107113125139152159157145126103 81 65 58 62 76 9611813815227 527ZO1017160999999999999999999999 44810717 8 5899999999999999
158156146132119109106110120133144150149139124105 87 74 69 73 8610412414227 528ZO 010158112115099999999999999 55610618 2 6999999999999999
155160157146132117106100103111123135143145139127111 95 83 78 82 9311113027 529ZO 1 5160124414599999999999999 71310019 5 7899999999999999
148160165160147130111 97 89 90 99113128141146144134119103 90 85 88 9911727 530ZO 158165141214799999999999999 823 882010 8599999999999999
137156168171163145123100 81 72 74 86105126144153153144128110 95 89 9210427 531ZO 245171152915599999999999999 920 722112 8899999999999999
124147166177177164140111 82 61 53 58 76102129152164165153135114 98 91 9527 6 1ZO 32717916311669999999999999910 7 5322 7 9199999999999999
111134159178187181161130 94 61 39 33 44 69103136163177175161139115 98 9227 6 2ZO 4 71871725178999999999999991051 332256 9299999999999999
100119146172191195183155116 74 39 19 17 35 68108146174187183165139114 9827 6 3ZO 4471961814188999999999999991134 152342 9499999999999999
 95106130159185201201181145100 55 20  2  7 31 7111615618419418616413611127 6 4ZO 52820319 2194999999999999991218  1999999999999999999999
 97 98114140171196209202176135 86 39  6 -7  3 33 7712416419019618516013227 6 5ZO 611209195019799999999999999 027 9513 4 -799999999999999
108 97102121150181204212201170125 74 29 -1 -9  6 40 8613217019219518015427 6 6ZO 656212203719699999999999999 113 971351 -999999999999999
127106 98106128157186206210195162116 67 26  0 -3 15 51 9614017419119017327 6 7ZO 744211212619399999999999999 159 981439 -499999999999999
148122104 99109131159186203204187154110 65 29  9  9 29 6510714717618818427 6 8ZO 835206221518999999999999999 249 991529  699999999999999
167142118103100110130156180195194178147108 69 38 23 26 47 8011815317618527 6 9ZO 93019623 418599999999999999 344 991620 2299999999999999
179161137115101 98107125148169182182168142109 76 52 40 45 65 9512915817727 610ZO1031184235418399999999999999 445 971712 4099999999999999
183175157134112 98 93100116136155168170161141114 88 68 59 65 8310913816327 611ZO1142171999999999999999999999 553 9318 7 5999999999999999
178181172154131108 92 86 90103121140155161157142122101 84 77 82 9812014527 612ZO 04618213 516199999999999999 7 7 8619 6 7799999999999999
167180181171151127103 84 75 77 88107128146156157148132113 99 92 9510912927 613ZO 138182143315899999999999999 820 742010 9299999999999999
152171182182170148121 94 73 62 63 75 9612014215616115514112410910210411627 614ZO 229184155516199999999999999 926 61211510199999999999999
136158176185183168143113 83 60 49 51 66 9011814416216816214813011410610927 615ZO 31918617 1168999999999999991021 48221610699999999999999
122142164181189183164135101 70 46 37 42 62 9112315116917516715113111510727 616ZO 4 618917541759999999999999911 8 3723 810799999999999999
112127148170187191181158124 88 55 34 29 40 65 9813316117717916814812711127 617ZO 4501911838180999999999999991150 28235410699999999999999
107114132156178192192177148111 72 42 25 25 43 7311014517118318016414212027 618ZO 5311941916184999999999999991228 23999999999999999999999
107106118140165186196190169135 95 58 31 21 28 52 8712515817918517615513227 619ZO 610196195118599999999999999 03310513 4 2199999999999999
112103108125150175192197185157120 80 46 25 22 38 6710414116918318216714427 620ZO 647197202418599999999999999 1101031339 2199999999999999
121106102113134160183196194175143105 67 38 25 30 52 8512215517618317515627 621ZO 723197205618399999999999999 1441021413 2599999999999999
133112101104119143168188195186163128 90 57 36 31 44 7010413916618018016627 622ZO 759195212818299999999999999 2191011446 3199999999999999
145122106100108126150173188189175148114 80 53 40 43 61 9012315317418117427 623ZO 83519022 018199999999999999 2551001519 3999999999999999
157135114102101112131154174183179162135103 74 54 49 58 8010913916417717827 624ZO 914184223317999999999999999 3351001552 4999999999999999
167148126109100102114134154169175168150124 97 74 62 62 75 9912615217117927 625ZO 95817523 917999999999999999 419 991628 6099999999999999
175161141120104 98101114131149162165158141119 97 80 73 78 9311513916117427 626ZO1049165234917899999999999999 5 9 9717 7 7399999999999999
178171155135114100 93 97108125141153157151138120103 90 87 9210712714816627 627ZO1155157999999999999999999999 6 9 931754 8699999999999999
176177168151129109 93 86 88 9911513214515215014112711310310010511813515427 628ZO 035178131715299999999999999 715 851853 9999999999999999
170179178167148124101 83 73 75 8610312314115215514913812511411011312414027 629ZO 126179144815599999999999999 823 7320 611099999999999999
158174182181168146119 91 69 57 58 71 9211814115816516115013612311511712727 630ZO 22218316 916599999999999999 926 56212211599999999999999
143163180189186171145112 79 53 39 41 57 8411614616717717416114312611611727 7 1ZO 3181891714177999999999999991024 38222911599999999999999
127147169188198194175143103 65 35 21 25 46 8011915417918918416714512511427 7 2ZO 41419818 8189999999999999991117 20232611299999999999999
114128151177198208202178140 94 51 19  6 14 41 8112616519019818916814212027 7 3ZO 5 820918571989999999999999912 7  6999999999999999999999
108111129156186209218208179135 84 38  7 -3 10 43 8913617620020419016413527 7 4ZO 6 0218194220599999999999999 0171081256 -399999999999999
112102109130161193217224211177129 76 30  1 -4 14 5210114918720620518515627 7 5ZO 652224202520899999999999999 1 61021343 -599999999999999
125103 96106132165198221225208171121 69 27  3  4 27 6811716319620920117727 7 6ZO 74322621 720999999999999999 154 961429  099999999999999
145114 95 91105133167198218219200162114 67 31 14 20 47 8913617620120719327 7 7ZO 834221214720799999999999999 242 901514 1399999999999999
166133105 88 88104131164193209207187152109 69 41 32 43 7211215318520320127 7 8ZO 926211222620499999999999999 331 861557 3299999999999999
184155123 97 84 85102128157181194192173143108 77 58 55 70 9813316619120027 7 9ZO102019523 620099999999999999 424 831639 5499999999999999
194174145116 93 81 84 98121146166177175161138112 90 78 80 9512014917419127 710ZO1122178234719599999999999999 521 811722 7799999999999999
195185165138111 91 80 81 92111132150161162153138120105 9910211513515817727 711ZO1237163999999999999999999999 625 791811 9999999999999999
188189178158134109 89 78 76 84 9911813614915415214313112111611812814316027 712ZO 033190141115599999999999999 738 76191311699999999999999
175184184174155132107 87 73 69 75 8810712714415415715214313312712613314427 713ZO 128185155015799999999999999 855 69203612699999999999999
159173181181172154131105 82 66 60 65 8010112514616016516115214013012713127 714ZO 23318217 41659999999999999910 2 60215712799999999999999
142157172182183173154128 99 73 56 51 58 7610213015417017416815513912712327 715ZO 3371831754174999999999999991056 51225912399999999999999
128141158175186187175152121 89 62 45 43 55 7911014216618018016915113312027 716ZO 4331881832182999999999999991140 42234511699999999999999
117125142164183193191174146111 76 49 36 40 59 8912415617918718216414212227 717ZO 52019419 4187999999999999991218 36999999999999999999999
111113127149173192200192169135 96 62 38 32 43 6910514217218919017615412927 718ZO 6 1200193419199999999999999 0231101252 3299999999999999
111105113133159185201203188159120 80 49 32 34 54 8712516018519418616614027 719ZO 63820420 219499999999999999 0571051324 3099999999999999
115101102117142171195207202179144103 66 40 33 44 7110914717719419317715227 720ZO 712207202819699999999999999 1281001354 3299999999999999
124103 95103124153182202206193165126 87 55 39 41 61 9413316719019718716427 721ZO 746207205419799999999999999 2 0 951423 3799999999999999
136110 94 93108133163189203200180148110 75 51 45 57 8412015518319719417627 722ZO 821204212019899999999999999 233 921451 4599999999999999
149121 99 89 95114141170190197188164131 97 69 56 59 7810914317419319718627 723ZO 857197214619899999999999999 3 8 891519 5599999999999999
163134108 91 87 98119146171186187174149119 91 72 67 7810113216218519619227 724ZO 936189221519699999999999999 345 871548 6799999999999999
175149122 99 86 87100122146167177175161138113 93 82 84 9912315017419019327 725ZO1021178224619499999999999999 427 851620 8199999999999999
184164138112 93 83 86 99120141158166164152134116102 9710311813916117918927 726ZO1117167232519099999999999999 516 831658 9799999999999999
188176155131107 89 80 82 9411213114715615715013812511611311913114816517927 727ZO1235158999999999999999999999 617 80174911399999999999999
186183172152128105 86 75 75 83 9911813614915615414813913112713013815016527 728ZO 015186142015699999999999999 734 7419 812799999999999999
177184183173155130104 82 66 62 68 8310512814816116516215414313613313714727 729ZO 12518516 316599999999999999 856 62205413399999999999999
162176187189181162135104 75 53 45 50 68 9512515317218017616515013612913127 730ZO 24518917121809999999999999910 7 45221912899999999999999
142159179194200193172139101 64 38 27 34 57 9213016318619418817014812911927 731ZO 35920018 21949999999999999911 7 27232011899999999999999
121136159185206215206180140 94 52 22 12 24 54 9614117820120619316813911627 8 1ZO 5 22151844206999999999999991158 12999999999999999999999
106111132162195219228216184138 86 40 11  5 23 6110915819521421119015812527 8 2ZO 557228192321599999999999999 0101061245  499999999999999
101 93104131167204229236220182130 76 32  7  8 33 7712917721022121018114327 8 3ZO 648236195922199999999999999 055 931328  499999999999999
108 86 82 99132172210233236215174121 69 30 13 22 5410115219521922120116627 8 4ZO 737238203422399999999999999 140 8114 9 1399999999999999
126 92 74 76 98134175210229227203161112 66 37 29 46 8212917420822221418727 8 5ZO 82423121 822299999999999999 224 721448 2999999999999999
148109 80 67 75 99135173203217211186148106 71 52 54 7611215419121321720127 8 6ZO 912218214121899999999999999 3 8 671525 5099999999999999
170132 97 73 66 77102135167190199192169137105 82 73 8210613817219921120627 8 7ZO10 2200221321199999999999999 354 6616 0 7399999999999999
186155120 91 73 70 81103130156174180173155132111 98 9710913015718119820227 8 8ZO1057180224820299999999999999 443 691635 9699999999999999
192171143114 91 77 75 8410212214215616215814813412211611812914616518119027 8 9ZO12 7162232919199999999999999 539 74171511699999999999999
190180161138114 95 83 79 85 9611212814215015214914213613213414015116317427 810ZO1351152999999999999999999999 652 79181413299999999999999
180180172157138118100 86 80 81 8810211813314615415615314814314014214815627 811ZO 026181155415699999999999999 823 7920 914099999999999999
166173175171160143123103 86 75 73 79 9311313315016216616315514613813614027 812ZO 15217517 316699999999999999 945 72215513699999999999999
148160170176175165147124100 79 66 63 72 9111514016117417616915514013012627 813ZO 3211771742176999999999999991043 63225412699999999999999
131144160175184183171149120 91 68 55 56 70 9512615417618518116714812911827 814ZO 4251851813185999999999999991126 53233411699999999999999
117127146167186194190173144110 77 55 46 54 7610814317218919218015813411427 815ZO 51219518401939999999999999912 2 46999999999999999999999
106111129154180198204193168132 94 62 44 43 60 9112816318919819117114311727 816ZO 55120419 419899999999999999 0 71061232 4199999999999999
100 98112137167194209208189156115 77 50 40 49 7611315218420120118315512427 817ZO 625211192820399999999999999 038 9713 1 4099999999999999
 99 89 96118149182206215204177138 97 63 44 45 65 9914017620020719516813427 818ZO 658215195020799999999999999 1 7 891327 4299999999999999
104 85 83 99128163194212213194160119 81 55 47 59 8812716619620920418114827 819ZO 731215201321099999999999999 136 821353 4799999999999999
113 87 76 83106140175201212204178141102 71 56 60 8111615518820820919316227 820ZO 8 4212203521199999999999999 2 7 751419 5599999999999999
127 94 74 72 87116151182202205189160125 92 70 66 7910714317720121020117627 821ZO 839206205921099999999999999 238 711445 6599999999999999
142107 81 68 73 94125157183196192173144114 90 78 8310313316519120620418727 822ZO 916196212520799999999999999 312 681512 7899999999999999
158124 94 73 68 78101130158178185178159134111 96 9310412615317819620219327 823ZO 959185215420299999999999999 350 681542 9399999999999999
172143112 87 72 71 8210412915216717116515013211710911212414316518319319327 824ZO1053171222919599999999999999 435 69161610999999999999999
182161135108 87 74 73 8310012114015415915714913812912612913915216718018627 825ZO1211159232118799999999999999 535 7317 312699999999999999
185175157135112 91 78 73 78 9010712514115215715515114514114014415216217227 826ZO1416157999999999999999999999 7 0 73183714099999999999999
179181176163144120 97 78 67 66 74 9111213415216416916615915014314014315227 827ZO 04818116 516999999999999999 838 65205814099999999999999
164176184185176157131101 74 56 50 57 7710513516117818518016615013512712927 828ZO 23618617 218599999999999999 957 50222012799999999999999
140158179195201193171138100 65 41 34 44 7010614517719619918716514011910927 829ZO 3582011742200999999999999991055 34231310999999999999999
113131158187210218209181140 94 53 28 23 40 74119163196212208187155122 9827 830ZO 5 02181818213999999999999991143 222357 9099999999999999
 90100126162198224232218183135 84 42 20 22 47 9014018521422220817613610027 831ZO 5522321851223999999999999991226 18999999999999999999999
 77 74 91126169209234239218178126 75 37 22 32 6611416520622722419915911427 9 1ZO 640240192322999999999999999 039 7213 5 2299999999999999
 78 59 63 89130176215237235210166115 69 40 35 54 9414318922123121618213727 9 2ZO 727239195423199999999999999 120 581342 3399999999999999
 92 61 49 61 92135180214230223194152106 70 52 57 8312416920722722420016127 9 3ZO 812230202422999999999999999 2 0 491417 5199999999999999
115 76 51 47 65 98140179206215204176139103 78 71 8411415218921422221018027 9 4ZO 856215205322399999999999999 240 461450 7199999999999999
140 99 67 50 53 73105142173193196184159130105 92 9411214017119821221019127 9 5ZO 942197212321399999999999999 321 491522 9199999999999999
160124 90 66 57 64 8311113916217617616614812811411011713415717919620119327 9 6ZO1033178215420199999999999999 4 4 57155310999999999999999
173145116 90 73 68 75 9111113314915916015414413312612713414716317718618627 9 7ZO1138161223118799999999999999 454 68162912699999999999999
177160138115 96 84 79 83 9310812313714615115014714213913914315115916817327 9 8ZO1327151232717399999999999999 6 1 79172913999999999999999
172166154139122106 94 86 85 9010011312714015015515515314814514314514915527 9 9ZO1539156999999999999999999999 740 8520 014399999999999999
161164163157146131114 99 87 81 83 9210712514315716516616015114213513313727 910ZO 117164163816699999999999999 916 81214813399999999999999
145156164169166155138117 96 80 72 75 8710713115316917617316214613112212027 911ZO 3 71691711177999999999999991018 72223912099999999999999
128142158172179176162140113 88 70 63 70 8811514416918318517515513311510727 912ZO 41217917381869999999999999911 0 63231410699999999999999
110124146168185191184163134102 75 59 58 72 99132164186195187167140115 9727 913ZO 45819118 2195999999999999991133 562344 9399999999999999
 94105128157183199200185157121 87 62 52 60 84119155185200199181151119 9427 914ZO 53520218242029999999999999912 3 52999999999999999999999
 82 87107139172198209203179144105 72 54 54 73106144180202207193165129 9527 915ZO 6 9209184520899999999999999 013 811230 5199999999999999
 74 71 86116153187209213198166127 89 62 54 65 9413317120021320517914210327 916ZO 64221419 721399999999999999 041 701256 5499999999999999
 73 60 67 92129169200215209186149110 77 61 64 8612116019421321319215711627 917ZO 715215192921699999999999999 1 9 591321 5999999999999999
 79 56 53 70103144181206212199169132 97 74 68 8211114818420921620317313227 918ZO 749213195221699999999999999 139 511347 6799999999999999
 91 60 47 53 79116155188205203184153119 91 78 8310513717220021420918715127 919ZO 825207201621499999999999999 210 461414 7899999999999999
110 73 50 45 60 89126162187197189168139112 94 9110312815818720520919516727 920ZO 9 3197204320999999999999999 244 451442 9099999999999999
131 93 64 49 51 69 9913216118018417415513211410410812414717219220119718027 921ZO 948184211320299999999999999 322 48151310499999999999999
151118 87 64 54 59 7710313015316717016214813312211912513915717518819218527 922ZO1044170215219299999999999999 4 9 54155111999999999999999
167143115 89 71 63 66 8010012114115415915715014113513313814615817017818027 923ZO1211159225118099999999999999 511 63164713399999999999999
175163144122100 81 71 69 76 9010912814415516015915414814314114314915716527 924ZO1419160999999999999999999999 642 6819 014199999999999999
172173167154135113 91 74 65 66 77 9611914115917017216715614413513013314227 925ZO 043173154517399999999999999 823 6421 813099999999999999
155169178180171152125 96 71 56 54 66 8911814817218618617515613511811011327 926ZO 240180163218899999999999999 939 53221211099999999999999
128149173190197188165132 95 64 46 44 60 91128164191202196175146116 95 8727 927ZO 35719717 9202999999999999991035 432259 8799999999999999
 95118150182205213202173132 90 56 38 42 65104147185209213197165127 92 6927 928ZO 4552131741214999999999999991120 372340 6599999999999999
 66 83115155193219224208173127 82 50 38 49 81125171206222216188146102 6627 929ZO 54522518132239999999999999912 0 38999999999999999999999
 47 52 77118164203227227205165118 76 50 47 67105152194222227208170122 7627 930ZO 632230184322899999999999999 019 461238 4599999999999999
 44 33 46 79125172209227221194153109 74 58 64 92133177211228221192147 982710 1ZO 716228191322899999999999999 058 331313 5799999999999999
 55 30 28 49 87133177208219208179140103 78 73 871191581952192232061701232710 2ZO 759219194222599999999999999 136 261347 7299999999999999
 78 43 27 33 59 98141178201205190162130102 88 921121431772042172101851472710 3ZO 842205201121799999999999999 213 261419 8799999999999999
104 65 40 33 45 731091451731881871721491241071021111331601862022051911642710 4ZO 926190204020699999999999999 251 33145010299999999999999
128 92 62 46 46 61 861161441651741701581401251151171281471671841931891722710 5ZO1013174211119399999999999999 331 44152411599999999999999
147117 88 68 58 61 75 951191391541601581491391301261291381521661751781722710 6ZO1112160214817899999999999999 415 5816 412699999999999999
157136114 93 78 72 74 84 991161321441501511481431371351361411491571621632710 7ZO1242152224416499999999999999 513 72171213599999999999999
159149135118103 90 83 82 88 981111251381471531531501441391361351381441492710 8ZO1436153999999999999999999999 639 82193413599999999999999
153153149140127113 99 89 84 85 931061221391521601621571471371281241251312710 9ZO 034154154216299999999999999 818 83211712399999999999999
140149155156150137120103 88 79 80 89105126147163171170159143127114108111271010ZO 234157162017299999999999999 929 7822 810899999999999999
122138154164167160143122 99 81 73 75 89112138162177181173154131109 95 93271011ZO 3461671649181999999999999991016 722243 9299999999999999
102120143164177178166144117 91 73 67 76 97126156179190186168140111 88 77271012ZO 4341791713191999999999999991053 672314 7699999999999999
 81 99126155178190185167138107 80 66 68 85114148177195197182153118 86 65271013ZO 5141901736199999999999999991125 652343 6099999999999999
 61 75103138170193199187161127 95 72 65 76102136171196206196168130 91 60271014ZO 5501991759206999999999999991154 65999999999999999999999
 46 52 77113153186203202182150114 84 69 71 91124161193209207184147103 64271015ZO 625205182221199999999999999 012 461222 6799999999999999
 39 34 51 85128168197207198172137103 79 73 85113149184208213198165121 76271016ZO 7 1207184721499999999999999 042 331251 7299999999999999
 41 25 31 58 98142180202205188158124 95 81 84104136171200213208182142 96271017ZO 738206191321499999999999999 114 241320 7999999999999999
 54 27 21 36 68111153185200196175145115 95 89100124156186207210195163121271018ZO 816200194221199999999999999 148 201351 8899999999999999
 77 42 23 24 45 80121158183191183162136113100101117142170193205200179145271019ZO 859191201520599999999999999 225 211424 9999999999999999
105 67 39 27 34 57 90126156175179170152132116110115131153175191196187165271020ZO 948180205219699999999999999 3 8 2715 211099999999999999
133 98 66 45 37 45 66 94124149164168162149134124121126139155171181183174271021ZO1050168214018499999999999999 358 37155112199999999999999
155129100 74 56 49 55 70 93118140155161159151141133129131138148159168171271022ZO1214161225417199999999999999 5 3 49171212999999999999999
166153134110 87 69 59 60 70 89111133150161164159150139131126127133143154271023ZO1351164999999999999999999999 627 58192012699999999999999
162164159145125102 80 65 61 67 83106131153168173169156140123112109114126271024ZO 05016515 017399999999999999 756 61205410899999999999999
143159170170160140113 87 67 59 64 81108138164181185176156131107 91 86 93271025ZO 235171154818599999999999999 9 8 582153 8599999999999999
112137162180184174151120 89 66 57 64 86117152180196194177148114 84 65 63271026ZO 35018516261979999999999999910 4 562239 6299999999999999
 77104138170191197184157121 87 64 57 69 97134170197207197170131 91 58 42271027ZO 44819717 1207999999999999991051 572321 4099999999999999
 45 67103143179202205188156118 84 64 63 82115154189211212192155109 66 35271028ZO 5392061733214999999999999991133 61999999999999999999999
 24 35 65108152188207206185150112 82 69 75100136175204217208178133 85 43271029ZO 62520918 521799999999999999 0 0 241211 6899999999999999
 18 15 34 71117161194207200175141107 83 77 91120157191212214195158110 63271030ZO 7 9208183621699999999999999 038 131248 7799999999999999
 27 10 15 42 82128168194201189163131103 88 90109140173200212204177136 89271031ZO 75120219 721299999999999999 115  91322 8699999999999999
 47 19 12 25 56 96138171190190175150122102 951041261551832012031881561152711 1ZO 832192193920499999999999999 151 111356 9599999999999999
 73 39 21 22 40 721091441701811771611381171051041171391641841941891691372711 2ZO 913181201119599999999999999 228 19143110399999999999999
100 65 40 30 37 57 861181461651701641491311171101141271461661791831731522711 3ZO 957170204618399999999999999 3 6 3015 811099999999999999
122 91 64 48 44 53 72 981241451581601541421291191161211331471611691691582711 4ZO1046160212617099999999999999 347 43155311699999999999999
139114 90 70 59 58 67 841041251421511541491401311231211241321421511571552711 5ZO1148154221815799999999999999 435 57165712199999999999999
146132113 94 79 71 70 77 901071241391491521501431341261211201251321391452711 6ZO13 5152234214699999999999999 536 69183612099999999999999
146141131117102 89 80 78 82 931081241401511561541471361241151111121191282711 7ZO1416156999999999999999999999 652 78201411199999999999999
137142142136125111 97 86 81 84 94109128145158163160149133116103 96 971062711 8ZO 13314315 716499999999999999 810 812119 9699999999999999
120134145149145134118100 87 81 84 96115136156169172163145123100 84 78 832711 9ZO 3 1149154417299999999999999 912 8022 3 7899999999999999
 98118139154160155140120100 85 79 85101125150170180177160134104 78 63 61271110ZO 4 216016151819999999999999910 0 792239 6099999999999999
 73 96124149166171162143118 96 81 79 90112140167185188176150115 80 54 42271111ZO 4501711644189999999999999991040 782312 4199999999999999
 47 68100134163179180165141113 90 79 83100128159184196190167132 90 54 30271112ZO 5321811712196999999999999991116 782345 2599999999999999
 25 40 71110148177189184163134106 86 80 91115147177198201185152109 64 29271113ZO 6111891741202999999999999991151 80999999999999999999999
 12 16 40 79123162187194182157126 99 85 86103132165192206200174133 85 41271114ZO 651194181320699999999999999 019 111225 8399999999999999
 11  1 14 46 90135172192193176148118 96 87 95118149180202207192159114 65271115ZO 732195184720799999999999999 055  113 1 8799999999999999
 25  1 -1 20 57102145177191186167139113 96 94107132162189204202181144 98271116ZO 815192192420599999999999999 135 -31338 9399999999999999
 52 17  0  5 29 68111150176185178157132111 99102117142169191200192168131271117ZO 9 118520 520099999999999999 217 -11420 9999999999999999
 87 47 18  7 15 41 78117151172177169150129112104109124146169185190181157271118ZO 952178205219099999999999999 3 4  715 710499999999999999
122 84 50 26 19 28 52 85120149166170163147129115109112125143161174178169271119ZO1049171214917899999999999999 356 1916 710999999999999999
149120 88 59 39 33 42 62 91121146162167161147131117110110118132147160165271120ZO115416723 416599999999999999 455 33172610999999999999999
161146123 97 72 54 47 53 70 95122146162167162150133116105101105116131145271121ZO13 1167999999999999999999999 6 2 4719 010199999999999999
155156148131109 86 68 59 63 77100126149166172167152132110 94 85 86 97114271122ZO 04115714 217299999999999999 714 592023 8499999999999999
133149157155142122 99 79 69 70 83105132157174179171152126 99 77 65 65 78271123ZO 218157145417999999999999999 824 682127 6399999999999999
100125148162164153133108 87 75 76 90113142167183185173147114 81 56 43 46271124ZO 338165153918699999999999999 927 742219 4399999999999999
 64 92124152170173161139113 91 79 82 98124154179192189169137 98 61 35 25271125ZO 4431731620193999999999999991021 7823 4 2599999999999999
 33 56 91128159178180166141114 92 82 88108136166189197187160121 78 41 17271126ZO 53718116581979999999999999911 8 822345 1199999999999999
 12 26 57 97137168184182165138111 91 85 96119150178196198180146103 59 23271127ZO 6241861735199999999999999991151 85999999999999999999999
  5  7 29 65107147175187180159131105 90 90105132162187199193168129 83 41271128ZO 7 7187181119999999999999999 024  31231 8899999999999999
 11  0 10 38 78120157179184173149122100 90 96116144172191196182152110 66271129ZO 747185184619699999999999999 1 1  013 8 9099999999999999
 29  6  4 21 53 93133163179178162137113 96 93104127154178191188168134 93271130ZO 824180192119299999999999999 138  21343 9299999999999999
 53 22  9 14 36 70109143166175168149126106 95 981121361601791861761521172712 1ZO 9 1175195618699999999999999 213  81419 9499999999999999
 79 45 23 17 29 54 88122150166168157138117102 971031201421621751761621362712 2ZO 937169203317799999999999999 249 171457 9699999999999999
103 70 43 29 30 46 72103132153163160147129112101 991081241431591671631482712 3ZO1015163211216799999999999999 325 271539 9999999999999999
123 93 66 47 39 45 63 881151381541591531401241101011011101241391511561502712 4ZO1057159215815699999999999999 4 3 39163010099999999999999
135113 89 68 55 52 61 781001231421531561491371221091011001071181311411442712 5ZO1144156225614499999999999999 445 52173410099999999999999
139127110 91 75 66 65 74 90109129145154155148135120106 97 95 991081201292712 6ZO1237156999999999999999999999 533 641851 9599999999999999
135133125112 97 84 77 77 84 98116134148156157149134117100 88 83 86 961082712 7ZO 017135133115899999999999999 632 7620 7 8399999999999999
121130133129119106 94 86 85 91104121139153161160149131110 89 74 67 71 832712 8ZO 154133142216299999999999999 741 8421 8 6799999999999999
100118132139137129115102 92 89 95108127146161168163148124 97 72 55 49 552712 9ZO 31913915 716899999999999999 850 892157 4999999999999999
 73 97121140149148138122106 94 91 98114135156171175165144113 79 51 33 30271210ZO 424150154917599999999999999 949 912240 3099999999999999
 43 68 99129151162159145125106 93 92101121145168181181165135 97 58 28 13271211ZO 5161621629183999999999999991040 912321 1199999999999999
 15 35 68106141164173166148124103 91 92106130158180191185161123 79 37  7271212ZO 6 21731710191999999999999991126 90999999999999999999999
 -4  6 34 74117153175180168146120 98 89 94114141170191198185154110 61 19271213ZO 646180175119899999999999999 0 2 -412 9 8999999999999999
 -8-14  3 38 83128163183183166140113 94 88 98122152181199201182145 96 46271214ZO 730185183420299999999999999 045-151251 8899999999999999
  5-17-17  6 46 94139171186181160132106 90 88103129160188203199175134 85271215ZO 814186191920499999999999999 129-201335 8799999999999999
 36 -1-18-11 16 58106148176185175152124100 87 89107134164189200192166124271216ZO 85818520 720099999999999999 214-181421 8699999999999999
 76 32  1-10  1 31 73118155177181168144117 95 85 90108135163184191182155271217ZO 943182205819199999999999999 3 0-101511 8599999999999999
116 73 34 10  4 18 49 88128159176176161137111 92 83 89106130154173178169271218ZO1028178215417899999999999999 347  316 6 8399999999999999
145111 74 43 25 23 39 67103137162174170154131107 88 80 84 99120141157163271219ZO1116174225916399999999999999 435 211710 8099999999999999
156137110 81 57 43 44 59 85116144164172166150127103 84 75 76 87105124140271220ZO12 5172999999999999999999999 526 421823 7499999999999999
148146134114 92 73 63 65 78 99125148165170164147124 99 79 67 65 72 88107271221ZO 018149125817099999999999999 623 621942 6499999999999999
125137141135122105 90 81 81 91109131151165170163145121 94 71 55 50 56 72271222ZO 154141135317099999999999999 729 802057 5099999999999999
 93115132142142133118104 94 92 99114134154167171163144117 87 60 41 35 41271223ZO 328143145017199999999999999 843 9122 0 3599999999999999
 59 84111134148150143128112100 96102117137157171173163141110 76 46 27 21271224ZO 445151154417499999999999999 954 962253 2199999999999999
 30 53 83114141156159150133114100 96103119141162175176162135100 63 32 13271225ZO 5421601634177999999999999991053 962337 1099999999999999
 11 26 54 89124151165165151131110 96 93103123147169180177158126 86 47 18271226ZO 6271671718181999999999999991142 93999999999999999999999
  3  7 28 62101137162171165147123102 90 91106130156176184175150113 70 32271227ZO 7 6172175918499999999999999 017  21223 8999999999999999
  7 -1 10 38 76117150170173160137112 92 85 92112139165182184169138 96 54271228ZO 740174183718699999999999999 054 -113 0 8599999999999999
 20  1  1 21 54 95133161173168150124 99 84 83 97121150173185180157121 79271229ZO 812174191318699999999999999 128 -21334 8299999999999999
 40 12  2 11 37 75114148168171159136110 89 80 86104131159178183170142104271230ZO 842172194818399999999999999 2 1  214 7 8099999999999999
 63 30 11 10 28 59 97133159170165147121 97 81 78 90112140164177175156125271231ZO 910170202217899999999999999 232  81441 7799999999999999
